var	minCostFlow
30	0.295665
30	0.15735
30	0.16874
30	0.179395
30	0.103371
30	0.346741
30	0.151209
30	0.149246
30	0.275043
30	0.177465
30	0.170522
30	0.220728
30	0.216897
30	0.296944
30	0.199171
30	0.1771
30	0.206935
30	0.385296
30	0.147082
30	0.0982004
30	0.191546
30	0.181614
30	0.203549
30	0.176498
30	0.280241
30	0.218491
30	0.273176
30	0.208219
30	0.264103
30	0.338959
30	0.178928
30	0.262089
30	0.279478
30	0.339609
30	0.246697
30	0.235419
30	0.185913
30	0.155998
30	0.208132
30	0.152893
30	0.19058
30	0.212999
30	0.203708
30	0.222652
30	0.185974
30	0.167697
30	0.25444
30	0.164999
30	0.24939
30	0.203401
30	0.240083
30	0.181845
30	0.282887
30	0.128176
30	0.225045
30	0.25057
30	0.300537
30	0.223507
30	0.203519
30	0.206568
30	0.17882
30	0.182481
30	0.355716
30	0.222876
30	0.182687
30	0.105179
30	0.15492
30	0.188866
30	0.258813
30	0.229812
30	0.186597
30	0.166904
30	0.2851
30	0.216897
30	0.157157
30	0.221384
30	0.109459
30	0.217084
30	0.0978323
30	0.172403
30	0.23871
30	0.30063
30	0.298641
30	0.255223
30	0.265018
30	0.244524
30	0.311311
30	0.292751
30	0.278447
30	0.171532
30	0.245109
30	0.176089
30	0.15629
30	0.330413
30	0.287677
30	0.255684
30	0.295164
30	0.147959
30	0.225659
30	0.247204
32	0.306113
32	0.200924
32	0.202103
32	0.262257
32	0.237711
32	0.204533
32	0.266314
32	0.184993
32	0.197446
32	0.320116
32	0.274819
32	0.181783
32	0.12386
32	0.311064
32	0.214257
32	0.188771
32	0.210062
32	0.233425
32	0.207875
32	0.200493
32	0.175579
32	0.240656
32	0.0431585
32	0.216152
32	0.245359
32	0.263776
32	0.158365
32	0.281959
32	0.215615
32	0.146117
32	0.217234
32	0.233687
32	0.25681
32	0.243167
32	0.168325
32	0.260284
32	0.234179
32	0.123144
32	0.181983
32	0.185921
32	0.273646
32	0.208016
32	0.178766
32	0.394007
32	0.254567
32	0.198852
32	0.214536
32	0.243283
32	0.127022
32	0.274061
32	0.204132
32	0.215796
32	0.343796
32	0.2607
32	0.200107
32	0.240006
32	0.199349
32	0.276552
32	0.280861
32	0.283684
32	0.232385
32	0.253816
32	0.318174
32	0.247521
32	0.280433
32	0.235277
32	0.210801
32	0.33805
32	0.185527
32	0.208661
32	0.239843
32	0.194218
32	0.17734
32	0.297565
32	0.333552
32	0.217627
32	0.1375
32	0.176495
32	0.265811
32	0.175795
32	0.143688
32	0.237773
32	0.231155
32	0.131328
32	0.179522
32	0.159363
32	0.192672
32	0.172659
32	0.177633
32	0.123248
32	0.218741
32	0.217411
32	0.275515
32	0.163789
32	0.153836
32	0.226715
32	0.167855
32	0.171589
32	0.269807
32	0.16786
34	0.220927
34	0.241472
34	0.231134
34	0.395771
34	0.231852
34	0.256142
34	0.249961
34	0.213581
34	0.239186
34	0.176221
34	0.19444
34	0.200919
34	0.176464
34	0.176015
34	0.259844
34	0.221633
34	0.177948
34	0.105446
34	0.240645
34	0.314257
34	0.158219
34	0.313596
34	0.339648
34	0.208365
34	0.209547
34	0.195614
34	0.238381
34	0.349916
34	0.235648
34	0.262839
34	0.213431
34	0.265572
34	0.306015
34	0.272207
34	0.267256
34	0.134226
34	0.209209
34	0.292982
34	0.169862
34	0.263086
34	0.159788
34	0.216195
34	0.24165
34	0.248811
34	0.159479
34	0.221541
34	0.259878
34	0.141113
34	0.281595
34	0.215662
34	0.154147
34	0.181992
34	0.304908
34	0.184557
34	0.163821
34	0.207425
34	0.214118
34	0.280282
34	0.144635
34	0.242475
34	0.197242
34	0.258926
34	0.186881
34	0.355965
34	0.359058
34	0.131113
34	0.26047
34	0.139277
34	0.151042
34	0.177329
34	0.272686
34	0.135564
34	0.153107
34	0.195112
34	0.166377
34	0.310473
34	0.0654647
34	0.236828
34	0.196465
34	0.256612
34	0.257582
34	0.252908
34	0.301829
34	0.223758
34	0.253514
34	0.157633
34	0.24718
34	0.198803
34	0.211826
34	0.353605
34	0.272679
34	0.127215
34	0.179747
34	0.2623
34	0.23798
34	0.229675
34	0.224374
34	0.140711
34	0.218409
34	0.177637
36	0.200809
36	0.216084
36	0.331369
36	0.273746
36	0.200569
36	0.177597
36	0.180037
36	0.26753
36	0.193288
36	0.205885
36	0.188388
36	0.241137
36	0.31235
36	0.210594
36	0.221825
36	0.257964
36	0.154209
36	0.280391
36	0.182327
36	0.209516
36	0.217592
36	0.218034
36	0.0978192
36	0.132404
36	0.148927
36	0.171648
36	0.196878
36	0.192039
36	0.284612
36	0.133715
36	0.226627
36	0.345847
36	0.178353
36	0.291881
36	0.0792672
36	0.216065
36	0.232724
36	0.208663
36	0.265037
36	0.154267
36	0.169309
36	0.216646
36	0.260192
36	0.285598
36	0.297659
36	0.208077
36	0.326209
36	0.19549
36	0.324738
36	0.252363
36	0.24598
36	0.212971
36	0.180887
36	0.239316
36	0.261752
36	0.100294
36	0.218146
36	0.294817
36	0.233205
36	0.177827
36	0.176908
36	0.28445
36	0.218602
36	0.203985
36	0.255126
36	0.170282
36	0.217265
36	0.162518
36	0.157851
36	0.221052
36	0.24874
36	0.284225
36	0.249782
36	0.196626
36	0.298104
36	0.195029
36	0.307348
36	0.223699
36	0.227519
36	0.112602
36	0.316558
36	0.228241
36	0.213148
36	0.123815
36	0.302401
36	0.232887
36	0.247161
36	0.12881
36	0.173765
36	0.147031
36	0.249093
36	0.169983
36	0.24043
36	0.258013
36	0.215183
36	0.191261
36	0.251798
36	0.24181
36	0.180181
36	0.298617
38	0.193406
38	0.156859
38	0.102933
38	0.255812
38	0.217043
38	0.256211
38	0.210055
38	0.144145
38	0.184982
38	0.20105
38	0.207082
38	0.18053
38	0.185986
38	0.238148
38	0.296619
38	0.230327
38	0.226536
38	0.24615
38	0.147646
38	0.248854
38	0.242447
38	0.2193
38	0.183539
38	0.361145
38	0.140235
38	0.128643
38	0.317794
38	0.203246
38	0.214192
38	0.281255
38	0.298266
38	0.322962
38	0.24586
38	0.131871
38	0.280093
38	0.154172
38	0.256016
38	0.151337
38	0.250504
38	0.135544
38	0.248298
38	0.220732
38	0.198116
38	0.164865
38	0.188474
38	0.225105
38	0.168136
38	0.257866
38	0.320824
38	0.0748236
38	0.207851
38	0.261251
38	0.135191
38	0.242497
38	0.140132
38	0.210678
38	0.222297
38	0.216451
38	0.217873
38	0.176903
38	0.217482
38	0.242297
38	0.175623
38	0.259164
38	0.180605
38	0.261749
38	0.198472
38	0.157997
38	0.181986
38	0.218527
38	0.208301
38	0.145611
38	0.260827
38	0.174402
38	0.276942
38	0.204747
38	0.206493
38	0.228769
38	0.108018
38	0.223683
38	0.234525
38	0.173025
38	0.369139
38	0.312701
38	0.255553
38	0.338222
38	0.242283
38	0.274183
38	0.241582
38	0.185029
38	0.188264
38	0.162446
38	0.252457
38	0.144349
38	0.177779
38	0.265164
38	0.147116
38	0.210359
38	0.257429
38	0.193485
40	0.235774
40	0.124582
40	0.292975
40	0.236335
40	0.167934
40	0.151527
40	0.186632
40	0.121545
40	0.235337
40	0.186252
40	0.132207
40	0.175698
40	0.183951
40	0.226696
40	0.244591
40	0.267381
40	0.218879
40	0.229813
40	0.217551
40	0.289873
40	0.219096
40	0.205714
40	0.19768
40	0.190164
40	0.272949
40	0.225463
40	0.257561
40	0.261661
40	0.267408
40	0.0844447
40	0.149798
40	0.220561
40	0.185849
40	0.306013
40	0.184078
40	0.142885
40	0.317038
40	0.317486
40	0.199947
40	0.2181
40	0.144602
40	0.324663
40	0.123722
40	0.198051
40	0.0764877
40	0.172292
40	0.212827
40	0.250159
40	0.171076
40	0.140072
40	0.2828
40	0.107837
40	0.185899
40	0.205548
40	0.206113
40	0.209403
40	0.293517
40	0.206205
40	0.15166
40	0.332178
40	0.297037
40	0.224017
40	0.163152
40	0.275798
40	0.153069
40	0.228725
40	0.274641
40	0.189781
40	0.17644
40	0.250796
40	0.113048
40	0.209684
40	0.272601
40	0.192203
40	0.195
40	0.177384
40	0.18296
40	0.230741
40	0.215523
40	0.267652
40	0.15687
40	0.175184
40	0.22739
40	0.154841
40	0.270551
40	0.172374
40	0.198625
40	0.162658
40	0.205397
40	0.138558
40	0.236989
40	0.289356
40	0.241347
40	0.298335
40	0.253427
40	0.192869
40	0.275165
40	0.249165
40	0.0965357
40	0.210255
42	0.293514
42	0.260623
42	0.256191
42	0.221913
42	0.217938
42	0.0912368
42	0.235407
42	0.2887
42	0.159439
42	0.237753
42	0.306824
42	0.241002
42	0.166626
42	0.103796
42	0.32282
42	0.284023
42	0.224382
42	0.261593
42	0.251925
42	0.198081
42	0.195982
42	0.176647
42	0.182998
42	0.232252
42	0.171911
42	0.251893
42	0.248656
42	0.199893
42	0.170202
42	0.130646
42	0.176649
42	0.259893
42	0.299533
42	0.185746
42	0.202964
42	0.176114
42	0.171539
42	0.195422
42	0.210101
42	0.192003
42	0.210213
42	0.267282
42	0.194023
42	0.240457
42	0.15424
42	0.188894
42	0.174511
42	0.31135
42	0.161688
42	0.180447
42	0.146969
42	0.124346
42	0.20606
42	0.176109
42	0.109184
42	0.270344
42	0.187494
42	0.1138
42	0.188762
42	0.229946
42	0.14179
42	0.197816
42	0.260297
42	0.175296
42	0.0991056
42	0.143442
42	0.291869
42	0.142933
42	0.216457
42	0.211927
42	0.226205
42	0.172618
42	0.181151
42	0.201899
42	0.273345
42	0.202499
42	0.212955
42	0.101961
42	0.0894186
42	0.226936
42	0.16365
42	0.283453
42	0.141399
42	0.230046
42	0.179714
42	0.17738
42	0.174838
42	0.293138
42	0.180058
42	0.122003
42	0.142262
42	0.168692
42	0.12345
42	0.12151
42	0.211292
42	0.199218
42	0.177702
42	0.218064
42	0.253961
42	0.250866
44	0.162095
44	0.198158
44	0.212898
44	0.279576
44	0.200762
44	0.208816
44	0.103811
44	0.315289
44	0.105012
44	0.126444
44	0.182749
44	0.174829
44	0.265362
44	0.226963
44	0.254318
44	0.198748
44	0.174864
44	0.146489
44	0.24681
44	0.292045
44	0.273238
44	0.218614
44	0.282376
44	0.306849
44	0.246543
44	0.249136
44	0.201307
44	0.160063
44	0.205736
44	0.137885
44	0.152998
44	0.18321
44	0.197082
44	0.107221
44	0.216862
44	0.176089
44	0.143547
44	0.141423
44	0.201108
44	0.278618
44	0.346982
44	0.298043
44	0.250616
44	0.0813352
44	0.252361
44	0.170438
44	0.291339
44	0.137599
44	0.269974
44	0.268213
44	0.231949
44	0.173605
44	0.171882
44	0.189086
44	0.230378
44	0.240073
44	0.267155
44	0.190306
44	0.131116
44	0.282494
44	0.199073
44	0.239809
44	0.221929
44	0.238992
44	0.227972
44	0.209011
44	0.0969006
44	0.170397
44	0.195699
44	0.178699
44	0.25697
44	0.274328
44	0.279858
44	0.210473
44	0.211312
44	0.1712
44	0.191426
44	0.249224
44	0.181889
44	0.161751
44	0.166706
44	0.182555
44	0.167111
44	0.166352
44	0.257107
44	0.226175
44	0.134702
44	0.246607
44	0.163535
44	0.226282
44	0.217329
44	0.201437
44	0.0974873
44	0.1981
44	0.179083
44	0.261422
44	0.299931
44	0.0712
44	0.138984
44	0.205151
46	0.184553
46	0.218962
46	0.230568
46	0.156147
46	0.296306
46	0.219771
46	0.21844
46	0.26416
46	0.188345
46	0.240407
46	0.226965
46	0.186103
46	0.257867
46	0.0967405
46	0.262538
46	0.227399
46	0.229704
46	0.105596
46	0.181313
46	0.192239
46	0.228396
46	0.161438
46	0.211489
46	0.200568
46	0.22805
46	0.291175
46	0.155812
46	0.210668
46	0.251913
46	0.262975
46	0.202294
46	0.192104
46	0.102511
46	0.104695
46	0.228187
46	0.288258
46	0.222006
46	0.187076
46	0.223613
46	0.221732
46	0.134381
46	0.161906
46	0.245322
46	0.116879
46	0.198202
46	0.137691
46	0.178549
46	0.188813
46	0.277167
46	0.246785
46	0.220265
46	0.304689
46	0.219855
46	0.165821
46	0.295653
46	0.187973
46	0.0962758
46	0.186375
46	0.165852
46	0.181065
46	0.169731
46	0.164229
46	0.274026
46	0.180615
46	0.170808
46	0.199504
46	0.228983
46	0.18691
46	0.215755
46	0.16527
46	0.188365
46	0.0964957
46	0.209386
46	0.16804
46	0.283643
46	0.103377
46	0.239475
46	0.237288
46	0.202869
46	0.290618
46	0.0909091
46	0.167654
46	0.149002
46	0.209045
46	0.344632
46	0.0959226
46	0.158627
46	0.316505
46	0.245762
46	0.296289
46	0.254705
46	0.215781
46	0.185003
46	0.228535
46	0.287371
46	0.212365
46	0.145814
46	0.116303
46	0.144551
46	0.208528
48	0.193362
48	0.219615
48	0.189081
48	0.28997
48	0.480224
48	0.14033
48	0.272124
48	0.165698
48	0.282213
48	0.164862
48	0.172061
48	0.210908
48	0.269097
48	0.158109
48	0.230031
48	0.121368
48	0.0819946
48	0.190068
48	0.186421
48	0.273334
48	0.168887
48	0.233045
48	0.140069
48	0.208361
48	0.300682
48	0.237632
48	0.133081
48	0.101206
48	0.19748
48	0.166128
48	0.15518
48	0.112881
48	0.17157
48	0.268768
48	0.170804
48	0.147521
48	0.171701
48	0.243358
48	0.136804
48	0.263096
48	0.19661
48	0.207539
48	0.142955
48	0.217993
48	0.236782
48	0.268793
48	0.0918792
48	0.136189
48	0.212464
48	0.274792
48	0.281286
48	0.18609
48	0.191255
48	0.0552306
48	0.282194
48	0.130348
48	0.17622
48	0.15791
48	0.241246
48	0.189882
48	0.176054
48	0.0818473
48	0.301513
48	0.142142
48	0.169216
48	0.131205
48	0.237904
48	0.332501
48	0.23777
48	0.216872
48	0.146367
48	0.196336
48	0.150539
48	0.20933
48	0.0998642
48	0.106944
48	0.159685
48	0.159891
48	0.185553
48	0.233928
48	0.200463
48	0.184507
48	0.191894
48	0.202832
48	0.252201
48	0.262885
48	0.125282
48	0.0924339
48	0.206052
48	0.271853
48	0.229806
48	0.118616
48	0.246123
48	0.226826
48	0.0651597
48	0.212687
48	0.136219
48	0.228064
48	0.129033
48	0.217309
50	0.208983
50	0.130488
50	0.252344
50	0.337616
50	0.0894787
50	0.221066
50	0.179569
50	0.220919
50	0.18428
50	0.169854
50	0.239164
50	0.144753
50	0.289268
50	0.200446
50	0.189001
50	0.122802
50	0.171095
50	0.19561
50	0.137677
50	0.160892
50	0.256343
50	0.144554
50	0.15668
50	0.178399
50	0.279985
50	0.236275
50	0.189881
50	0.201691
50	0.196312
50	0.251651
50	0.371825
50	0.129835
50	0.263593
50	0.273817
50	0.237489
50	0.224567
50	0.176361
50	0.211101
50	0.162724
50	0.167741
50	0.0987544
50	0.228633
50	0.169509
50	0.133911
50	0.263374
50	0.134627
50	0.16018
50	0.111596
50	0.183771
50	0.153103
50	0.30114
50	0.170179
50	0.203678
50	0.270333
50	0.2489
50	0.139289
50	0.211907
50	0.225104
50	0.106918
50	0.15379
50	0.267017
50	0.242902
50	0.261611
50	0.154661
50	0.207853
50	0.216439
50	0.208071
50	0.135203
50	0.371353
50	0.167839
50	0.133235
50	0.123837
50	0.204324
50	0.187063
50	0.209457
50	0.184579
50	0.214665
50	0.147371
50	0.291196
50	0.21019
50	0.242861
50	0.125939
50	0.262449
50	0.0680024
50	0.144704
50	0.114451
50	0.225486
50	0.166858
50	0.147392
50	0.249867
50	0.24471
50	0.0970348
50	0.131972
50	0.261758
50	0.223746
50	0.265001
50	0.146635
50	0.259723
50	0.123297
50	0.241745
52	0.265826
52	0.151787
52	0.158437
52	0.26252
52	0.180275
52	0.170329
52	0.195257
52	0.188781
52	0.184737
52	0.133598
52	0.196262
52	0.203272
52	0.158394
52	0.217465
52	0.203827
52	0.118555
52	0.171343
52	0.167145
52	0.227098
52	0.133132
52	0.212299
52	0.163787
52	0.067984
52	0.214684
52	0.294475
52	0.281573
52	0.169708
52	0.242599
52	0.226562
52	0.154968
52	0.201866
52	0.205514
52	0.186717
52	0.32586
52	0.182497
52	0.215193
52	0.176346
52	0.167054
52	0.268207
52	0.143974
52	0.1695
52	0.18794
52	0.111293
52	0.215317
52	0.193512
52	0.108579
52	0.107061
52	0.147654
52	0.243354
52	0.179565
52	0.158778
52	0.151803
52	0.256516
52	0.0621554
52	0.23114
52	0.181334
52	0.219232
52	0.171614
52	0.157874
52	0.170561
52	0.161359
52	0.0746908
52	0.121145
52	0.22405
52	0.288805
52	0.14797
52	0.178654
52	0.183907
52	0.20978
52	0.20125
52	0.214468
52	0.228053
52	0.209968
52	0.221379
52	0.229226
52	0.23613
52	0.175434
52	0.0962838
52	0.296573
52	0.2294
52	0.143868
52	0.100413
52	0.0428743
52	0.233581
52	0.132758
52	0.165978
52	0.175825
52	0.131606
52	0.0884216
52	0.126357
52	0.305788
52	0.16094
52	0.133062
52	0.208334
52	0.166735
52	0.150747
52	0.183063
52	0.307661
52	0.130693
52	0.0981728
54	0.142246
54	0.168241
54	0.188661
54	0.235137
54	0.177265
54	0.309599
54	0.0967261
54	0.150925
54	0.202291
54	0.245429
54	0.142042
54	0.171423
54	0.170182
54	0.161628
54	0.33545
54	0.154941
54	0.170097
54	0.147257
54	0.17094
54	0.298061
54	0.195394
54	0.258823
54	0.254571
54	0.241244
54	0.187802
54	0.171601
54	0.166357
54	0.0647286
54	0.130976
54	0.188857
54	0.178351
54	0.211761
54	0.160368
54	0.238872
54	0.111075
54	0.158246
54	0.220349
54	0.199833
54	0.215005
54	0.0951664
54	0.0979363
54	0.307211
54	0.228484
54	0.2207
54	0.178085
54	0.151341
54	0.157159
54	0.258699
54	0.0888861
54	0.115009
54	0.162108
54	0.173525
54	0.241065
54	0.222413
54	0.135321
54	0.182788
54	0.276141
54	0.250847
54	0.263032
54	0.339157
54	0.0452829
54	0.254932
54	0.23496
54	0.263034
54	0.143062
54	0.204959
54	0.168715
54	0.148972
54	0.211109
54	0.235671
54	0.129173
54	0.224472
54	0.204595
54	0.162101
54	0.195251
54	0.120729
54	0.140174
54	0.237157
54	0.158492
54	0.199573
54	0.205683
54	0.278876
54	0.166348
54	0.138656
54	0.201377
54	0.132605
54	0.153648
54	0.304917
54	0.244635
54	0.201095
54	0.211828
54	0.139287
54	0.193325
54	0.225681
54	0.208004
54	0.13832
54	0.235677
54	0.072668
54	0.135764
54	0.241211
56	0.253181
56	0.194686
56	0.191081
56	0.191291
56	0.252047
56	0.123827
56	0.124276
56	0.152303
56	0.0937898
56	0.235641
56	0.167419
56	0.250633
56	0.194475
56	0.219264
56	0.115415
56	0.177551
56	0.193848
56	0.225634
56	0.18752
56	0.130794
56	0.115461
56	0.226834
56	0.170889
56	0.118869
56	0.124975
56	0.198924
56	0.149454
56	0.316614
56	0.105952
56	0.209135
56	0.188786
56	0.194864
56	0.160378
56	0.203073
56	0.214256
56	0.202464
56	0.115999
56	0.192457
56	0.18495
56	0.144675
56	0.225763
56	0.151291
56	0.0766876
56	0.254964
56	0.130698
56	0.150961
56	0.103161
56	0.30286
56	0.100139
56	0.18674
56	0.187211
56	0.183363
56	0.207534
56	0.158897
56	0.176033
56	0.138483
56	0.142842
56	0.171887
56	0.184112
56	0.14896
56	0.207468
56	0.168418
56	0.0141474
56	0.298677
56	0.13889
56	0.13097
56	0.229723
56	0.202248
56	0.176402
56	0.152298
56	0.108577
56	0.144811
56	0.211899
56	0.321424
56	0.219946
56	0.225044
56	0.101917
56	0.210524
56	0.182453
56	0.202253
56	0.204396
56	0.153933
56	0.172716
56	0.185069
56	0.13664
56	0.112049
56	0.194138
56	0.289682
56	0.16966
56	0.193412
56	0.0830332
56	0.161888
56	0.170053
56	0.174431
56	0.0869503
56	0.223517
56	0.106556
56	0.0604915
56	0.137301
56	0.220863
58	0.152477
58	0.182308
58	0.105181
58	0.223048
58	0.205795
58	0.439086
58	0.264538
58	0.202909
58	0.245545
58	0.273892
58	0.297213
58	0.205458
58	0.223865
58	0.1617
58	0.171839
58	0.191196
58	0.185936
58	0.277965
58	0.110375
58	0.0902849
58	0.116177
58	0.168933
58	0.205385
58	0.225196
58	0.244959
58	0.0814312
58	0.12046
58	0.180474
58	0.0968444
58	0.201693
58	0.153302
58	0.151092
58	0.122265
58	0.15967
58	0.197517
58	0.19397
58	0.164794
58	0.299749
58	0.202046
58	0.238493
58	0.150621
58	0.252881
58	0.0553277
58	0.148124
58	0.173358
58	0.198539
58	0.140203
58	0.13939
58	0.147474
58	0.225931
58	0.177003
58	0.178588
58	0.300205
58	0.265836
58	0.185342
58	0.16273
58	0.226414
58	0.193158
58	0.240207
58	0.264775
58	0.23487
58	0.263544
58	0.173319
58	0.0708827
58	0.25243
58	0.183758
58	0.164699
58	0.0980618
58	0.134928
58	0.12277
58	0.105263
58	0.109529
58	0.108111
58	0.125384
58	0.229487
58	0.219204
58	0.164214
58	0.245095
58	0.18981
58	0.231002
58	0.174592
58	0.221323
58	0.193309
58	0.128154
58	0.214176
58	0.249114
58	0.166858
58	0.156649
58	0.0658662
58	0.302482
58	0.0959505
58	0.223342
58	0.202876
58	0.263569
58	0.218721
58	0.107527
58	0.0927799
58	0.181943
58	0.210784
58	0.147091
60	0.191667
60	0.189076
60	0.16518
60	0.234986
60	0.156135
60	0.195829
60	0.23354
60	0.190487
60	0.0809365
60	0.136022
60	0.196046
60	0.160697
60	0.250198
60	0.0890509
60	0.297619
60	0.219136
60	0.159618
60	0.231643
60	0.26903
60	0.152487
60	0.186572
60	0.173232
60	0.095868
60	0.185085
60	0.2369
60	0.0964992
60	0.0550339
60	0.077541
60	0.256957
60	0.150557
60	0.161111
60	0.170691
60	0.167356
60	0.239015
60	0.168579
60	0.196916
60	0.192264
60	0.118142
60	0.219348
60	0.213109
60	0.19243
60	0.1228
60	0.139946
60	0.205491
60	0.0870704
60	0.261781
60	0.208755
60	0.138986
60	0.177579
60	0.0912805
60	0.17052
60	0.17683
60	0.15175
60	0.257958
60	0.160949
60	0.171816
60	0.23119
60	0.189665
60	0.244958
60	0.149956
60	0.0988426
60	0.146622
60	0.120934
60	0.199136
60	0.17117
60	0.234486
60	0.143875
60	0.201829
60	0.116988
60	0.115684
60	0.179269
60	0.132309
60	0.340865
60	0.151901
60	0.271688
60	0.165499
60	0.0769255
60	0.128599
60	0.111427
60	0.126384
60	0.260267
60	0.155268
60	0.136113
60	0.211607
60	0.1045
60	0.23114
60	0.251194
60	0.130311
60	0.101157
60	0.145204
60	0.243767
60	0.141421
60	0.102345
60	0.197099
60	0.0868671
60	0.224522
60	0.133471
60	0.179376
60	0.231039
60	0.248137
62	0.160065
62	0.118417
62	0.158249
62	0.151303
62	0.137901
62	0.169479
62	0.146361
62	0.103146
62	0.0890976
62	0.151651
62	0.150587
62	0.140401
62	0.114229
62	0.156475
62	0.296607
62	0.108503
62	0.107812
62	0.211734
62	0.269893
62	0.236986
62	0.25459
62	0.330505
62	0.217676
62	0.33848
62	0.195517
62	0.151979
62	0.0776479
62	0.165629
62	0.162138
62	0.197996
62	0.110218
62	0.169018
62	0.180028
62	0.131412
62	0.163521
62	0.133766
62	0.195719
62	0.181609
62	0.234262
62	0.125424
62	0.0975884
62	0.297629
62	0.207801
62	0.141696
62	0.0666604
62	0.280404
62	0.186094
62	0.230011
62	0.187323
62	0.221973
62	0.184837
62	0.204627
62	0.164029
62	0.094179
62	0.210867
62	0.156709
62	0.146735
62	0.114064
62	0.239645
62	0.184449
62	0.237752
62	0.125231
62	0.226796
62	0.159507
62	0.189104
62	0.0438954
62	0.21456
62	0.158734
62	0.110398
62	0.118648
62	0.222457
62	0.147692
62	0.28694
62	0.2217
62	0.0767946
62	0.125358
62	0.125146
62	0.222859
62	0.140387
62	0.126257
62	0.0976389
62	0.245155
62	0.157794
62	0.235836
62	0.184218
62	0.107387
62	0.129583
62	0.249944
62	0.292042
62	0.0913605
62	0.270373
62	0.128671
62	0.183076
62	0.124598
62	0.154898
62	0.207293
62	0.13771
62	0.229972
62	0.18272
62	0.061041
64	0.193973
64	0.132017
64	0.275627
64	0.185317
64	0.170956
64	0.0531305
64	0.108077
64	0.161647
64	0.100221
64	0.279718
64	0.233441
64	0.211297
64	0.107377
64	0.142508
64	0.168958
64	0.140315
64	0.164851
64	0.148928
64	0.116526
64	0.255096
64	0.235413
64	0.123196
64	0.240071
64	0.155702
64	0.229102
64	0.18168
64	0.161204
64	0.245582
64	0.212141
64	0.14833
64	0.117681
64	0.186353
64	0.120534
64	0.17513
64	0.217763
64	0.14212
64	0.115463
64	0.193323
64	0.139602
64	0.16666
64	0.0467117
64	0.178927
64	0.121373
64	0.0932559
64	0.10747
64	0.203003
64	0.129227
64	0.150236
64	0.231574
64	0.167422
64	0.181351
64	0.1782
64	0.262258
64	0.127417
64	0.222513
64	0.160367
64	0.220235
64	0.121437
64	0.177737
64	0.130122
64	0.196702
64	0.118458
64	0.236234
64	0.132533
64	0.154444
64	0.0956281
64	0.27447
64	0.14893
64	0.0470622
64	0.261532
64	0.194961
64	0.147684
64	0.104647
64	0.202813
64	0.210669
64	0.115367
64	0.145927
64	0.159978
64	0.117674
64	0.227097
64	0.16328
64	0.109981
64	0.151705
64	0.269475
64	0.102923
64	0.153726
64	0.12269
64	0.173953
64	0.0866298
64	0.210567
64	0.313785
64	0.0804464
64	0.169092
64	0.0945275
64	0.152402
64	0.214667
64	0.156984
64	0.136113
64	0.239297
64	0.163287
66	0.277131
66	0.115732
66	0.177764
66	0.156828
66	0.12104
66	0.137136
66	0.348985
66	0.182092
66	0.0689923
66	0.087725
66	0.136855
66	0.156148
66	0.255885
66	0.206449
66	0.153569
66	0.202116
66	0.36423
66	0.102688
66	0.112775
66	0.192798
66	0.0808235
66	0.17053
66	0.182923
66	0.134917
66	0.182807
66	0.0857048
66	0.142836
66	0.180787
66	0.11773
66	0.0706517
66	0.223555
66	0.187909
66	0.172963
66	0.235137
66	0.13898
66	0.134717
66	0.1735
66	0.125745
66	0.106071
66	0.159634
66	0.28058
66	0.118688
66	0.189584
66	0.180272
66	0.131493
66	0.170214
66	0.10932
66	0.174617
66	0.134196
66	0.177585
66	0.136544
66	0.146554
66	0.234553
66	0.237859
66	0.169894
66	0.196701
66	0.161574
66	0.246362
66	0.20979
66	0.292072
66	0.202832
66	0.153044
66	0.15301
66	0.0992442
66	0.28551
66	0.18827
66	0.164583
66	0.159013
66	0.102514
66	0.147378
66	0.148456
66	0.141781
66	0.161266
66	0.0838035
66	0.174415
66	0.184601
66	0.107315
66	0.122821
66	0.240917
66	0.140689
66	0.112244
66	0.149021
66	0.164072
66	0.0960916
66	0.186494
66	0.182269
66	0.168407
66	0.122712
66	0.224126
66	0.178722
66	0.227027
66	0.117988
66	0.15031
66	0.253794
66	0.104883
66	0.122449
66	0.0869145
66	0.137379
66	0.0770303
66	0.162413
68	0.0681016
68	0.159486
68	0.121639
68	0.183761
68	0.109167
68	0.130004
68	0.21797
68	0.177364
68	0.132962
68	0.211362
68	0.186704
68	0.0735119
68	0.0555067
68	0.0650267
68	0.161972
68	0.230086
68	0.105964
68	0.147915
68	0.218037
68	0.189309
68	0.210064
68	0.122208
68	0.139178
68	0.305821
68	0.140581
68	0.156581
68	0.153853
68	0.0873501
68	0.111443
68	0.0968672
68	0.0568096
68	0.100087
68	0.184326
68	0.131817
68	0.190502
68	0.0583299
68	0.317499
68	0.12233
68	0.134801
68	0.217416
68	0.22377
68	0.100055
68	0.175127
68	0.238257
68	0.193849
68	0.206934
68	0.138781
68	0.142646
68	0.123057
68	0.205878
68	0.211394
68	0.144269
68	0.0854892
68	0.360917
68	0.13543
68	0.141407
68	0.185589
68	0.265507
68	0.0910593
68	0.0494397
68	0.144085
68	0.043966
68	0.23388
68	0.197358
68	0.174231
68	0.152492
68	0.237047
68	0.159477
68	0.235408
68	0.0866023
68	0.165329
68	0.0902167
68	0.235565
68	0.235328
68	0.21745
68	0.167763
68	0.254821
68	0.135856
68	0.164169
68	0.0925531
68	0.0926035
68	0.158732
68	0.211484
68	0.0390562
68	0.116964
68	0.182329
68	0.126339
68	0.222841
68	0.0930091
68	0.116455
68	0.167675
68	0.256362
68	0.0728613
68	0.0701442
68	0.173032
68	0.161872
68	0.126478
68	0.108284
68	0.134539
68	0.137165
70	0.268929
70	0.168424
70	0.159111
70	0.16479
70	0.234833
70	0.183451
70	0.165401
70	0.195576
70	0.109198
70	0.274298
70	0.170378
70	0.14966
70	0.127679
70	0.179204
70	0.093969
70	0.148488
70	0.202689
70	0.161981
70	0.0886867
70	0.156629
70	0.213669
70	0.12501
70	0.0930168
70	0.201953
70	0.249431
70	0.104309
70	0.208861
70	0.193176
70	0.191515
70	0.0430033
70	0.116818
70	0.104955
70	0.142417
70	0.132153
70	0.166361
70	0.287716
70	0.227424
70	0.0648166
70	0.0936124
70	0.183976
70	0.102332
70	0.182826
70	0.120388
70	0.285171
70	0.0684975
70	0.17121
70	0.382128
70	0.159246
70	0.119498
70	0.214293
70	0.0342051
70	0.111796
70	0.224291
70	0.188651
70	0.20515
70	0.168262
70	0.121192
70	0.258878
70	0.291013
70	0.171207
70	0.212585
70	0.129648
70	0.113516
70	0.129369
70	0.186544
70	0.164539
70	0.165894
70	0.0815498
70	0.103678
70	0.140942
70	0.168539
70	0.199748
70	0.193228
70	0.14037
70	0.0769854
70	0.116926
70	0.183496
70	0.222468
70	0.12932
70	0.120783
70	0.183322
70	0.137827
70	0.180893
70	0.132165
70	0.180177
70	0.371947
70	0.0847766
70	0.195001
70	0.10587
70	0.125111
70	0.225832
70	0.126534
70	0.104537
70	0.174548
70	0.137463
70	0.15838
70	0.194172
70	0.127368
70	0.260204
70	0.181204
72	0.248394
72	0.169576
72	0.0761971
72	0.225859
72	0.161534
72	0.162475
72	0.219023
72	0.190259
72	0.272513
72	0.124104
72	0.223292
72	0.150061
72	0.213376
72	0.252597
72	0.154373
72	0.206448
72	0.142681
72	0.171111
72	0.239165
72	0.109793
72	0.177194
72	0.117097
72	0.12142
72	0.103787
72	0.14441
72	0.143043
72	0.178291
72	0.0981307
72	0.0958712
72	0.158488
72	0.125593
72	0.120388
72	0.112836
72	0.163692
72	0.222737
72	0.161973
72	0.159182
72	0.19094
72	0.0290672
72	0.232359
72	0.157445
72	0.130577
72	0.285271
72	0.0896659
72	0.210692
72	0.105149
72	0.17267
72	0.263567
72	0.175496
72	0.149458
72	0.0591156
72	0.0990312
72	0.214589
72	0.257838
72	0.180327
72	0.132439
72	0.154644
72	0.106752
72	0.146326
72	0.17601
72	0.186263
72	0.217541
72	0.188258
72	0.109637
72	0.171597
72	0.0526738
72	0.160146
72	0.161494
72	0.112496
72	0.138434
72	0.280049
72	0.181558
72	0.173739
72	0.220578
72	0.135236
72	0.25148
72	0.133921
72	0.25698
72	0.149567
72	0.156474
72	0.191421
72	0.16999
72	0.0622196
72	0.308675
72	0.130246
72	0.228363
72	0.102338
72	0.150404
72	0.289743
72	0.120154
72	0.144219
72	0.126245
72	0.147114
72	0.173189
72	0.0915779
72	0.164089
72	0.118208
72	0.234139
72	0.157318
72	0.239634
74	0.104742
74	0.104806
74	0.224524
74	0.124568
74	0.215237
74	0.224754
74	0.0471833
74	0.146053
74	0.188083
74	0.180128
74	0.14324
74	0.132908
74	0.122671
74	0.198955
74	0.124253
74	0.262264
74	0.117786
74	0.231908
74	0.169781
74	0.110016
74	0.069257
74	0.11901
74	0.144203
74	0.12945
74	0.104824
74	0.300928
74	0.12731
74	0.25298
74	0.078729
74	0.300707
74	0.243042
74	0.142148
74	0.184224
74	0.151046
74	0.0747915
74	0.16044
74	0.143107
74	0.120576
74	0.12176
74	0.114775
74	0.196591
74	0.11544
74	0.213507
74	0.145426
74	0.1915
74	0.119644
74	0.176056
74	0.164985
74	0.0445351
74	0.142409
74	0.0904678
74	0.119872
74	0.113956
74	0.147349
74	0.224505
74	0.131928
74	0.381766
74	0.179333
74	0.127393
74	0.239202
74	0.314528
74	0.173227
74	0.109303
74	0.20614
74	0.154595
74	0.132901
74	0.126009
74	0.194326
74	0.185201
74	0.209218
74	0.223384
74	0.23801
74	0.275456
74	0.128332
74	0.135626
74	0.167866
74	0.131149
74	0.163683
74	0.180627
74	0.183633
74	0.180177
74	0.13419
74	0.161781
74	0.150703
74	0.19468
74	0.183284
74	0.116559
74	0.115071
74	0.207757
74	0.150312
74	0.155466
74	0.146269
74	0.134016
74	0.256544
74	0.185453
74	0.229016
74	0.179129
74	0.259198
74	0.236772
74	0.227398
76	0.125783
76	0.309416
76	0.108158
76	0.119571
76	0.154115
76	0.177782
76	0.169614
76	0.210916
76	0.236205
76	0.1484
76	0.163947
76	0.120028
76	0.121531
76	0.175194
76	0.183479
76	0.155779
76	0.16494
76	0.249321
76	0.0914704
76	0.201733
76	0.182087
76	0.0992566
76	0.196071
76	0.11169
76	0.134593
76	0.215108
76	0.19355
76	0.287452
76	0.124503
76	0.189777
76	0.298868
76	0.0994195
76	0.13232
76	0.282663
76	0.153062
76	0.266839
76	0.0916525
76	0.0548114
76	0.0917123
76	0.191744
76	0.21096
76	0.16498
76	0.181142
76	0.203598
76	0.220735
76	0.114773
76	0.0820447
76	0.230888
76	0.18475
76	0.201751
76	0.132797
76	0.124069
76	0.123317
76	0.216508
76	0.211112
76	0.0878145
76	0.239781
76	0.192515
76	0.120148
76	0.240594
76	0.153291
76	0.160405
76	0.122128
76	0.236539
76	0.188663
76	0.148471
76	0.221985
76	0.0873109
76	0.226367
76	0.312848
76	0.138392
76	0.141476
76	0.0864325
76	0.1589
76	0.191049
76	0.0537949
76	0.0799945
76	0.0792944
76	0.198978
76	0.138485
76	0.146896
76	0.098955
76	0.20437
76	0.210104
76	0.193842
76	0.155723
76	0.192145
76	0.253938
76	0.104331
76	0.0935875
76	0.155251
76	0.0960937
76	0.227541
76	0.187611
76	0.157504
76	0.148098
76	0.1903
76	0.218158
76	0.195515
76	0.155745
78	0.241407
78	0.147998
78	0.218326
78	0.129186
78	0.0998335
78	0.0958531
78	0.222305
78	0.0879526
78	0.0793746
78	0.10793
78	0.230196
78	0.289991
78	0.108993
78	0.0929336
78	0.167131
78	0.148709
78	0.228414
78	0.334326
78	0.108741
78	0.131537
78	0.106621
78	0.0889113
78	0.0693661
78	0.138773
78	0.191665
78	0.135909
78	0.250281
78	0.124233
78	0.214583
78	0.242561
78	0.148004
78	0.256087
78	0.157547
78	0.171374
78	0.211965
78	0.224443
78	0.0824501
78	0.159167
78	0.181078
78	0.152084
78	0.212735
78	0.238111
78	0.110481
78	0.164314
78	0.12348
78	0.204983
78	0.192076
78	0.224756
78	0.137094
78	0.216873
78	0.198397
78	0.251982
78	0.171411
78	0.0198397
78	0.197109
78	0.0727784
78	0.14852
78	0.098838
78	0.142714
78	0.208954
78	0.188013
78	0.159108
78	0.148211
78	0.126819
78	0.121078
78	0.13168
78	0.143278
78	0.0447275
78	0.158285
78	0.137448
78	0.0886113
78	0.301168
78	0.167656
78	0.241528
78	0.0794687
78	0.218731
78	0.169862
78	0.230731
78	0.200146
78	0.139437
78	0.181122
78	0.221534
78	0.133367
78	0.157752
78	0.211756
78	0.136656
78	0.230491
78	0.12289
78	0.150922
78	0.115952
78	0.161804
78	0.203374
78	0.205677
78	0.195357
78	0.209161
78	0.102222
78	0.144233
78	0.0862562
78	0.183799
78	0.103121
80	0.246524
80	0.168832
80	0.177532
80	0.230179
80	0.169669
80	0.247896
80	0.163983
80	0.183485
80	0.185635
80	0.150437
80	0.191185
80	0.209552
80	0.135402
80	0.185838
80	0.134491
80	0.106703
80	0.092144
80	0.119372
80	0.251454
80	0.133167
80	0.158595
80	0.218327
80	0.164865
80	0.128522
80	0.133135
80	0.25252
80	0.2619
80	0.122731
80	0.0887714
80	0.141444
80	0.0652514
80	0.254167
80	0.164019
80	0.185753
80	0.253017
80	0.115442
80	0.161746
80	0.170303
80	0.0978563
80	0.106179
80	0.077569
80	0.213128
80	0.219763
80	0.180196
80	0.221815
80	0.165466
80	0.122856
80	0.229508
80	0.184857
80	0.16917
80	0.0958798
80	0.111102
80	0.0839039
80	0.0451367
80	0.193979
80	0.132942
80	0.068859
80	0.111089
80	0.152378
80	0.183313
80	0.160903
80	0.212349
80	0.173468
80	0.0935912
80	0.16043
80	0.222208
80	0.181858
80	0.179696
80	0.126299
80	0.191596
80	0.226035
80	0.154456
80	0.166661
80	0.0897232
80	0.119377
80	0.0658306
80	0.242104
80	0.199863
80	0.144632
80	0.175789
80	0.11496
80	0.0581482
80	0.23676
80	0.0532149
80	0.218912
80	0.134919
80	0.183892
80	0.294411
80	0.259652
80	0.156866
80	0.132581
80	0.155772
80	0.191973
80	0.177963
80	0.125466
80	0.235353
80	0.177899
80	0.209547
80	0.0652605
80	0.255397
82	0.223094
82	0.163325
82	0.125102
82	0.158755
82	0.189302
82	0.19655
82	0.176074
82	0.285324
82	0.16338
82	0.245513
82	0.102595
82	0.198616
82	0.227281
82	0.230339
82	0.15273
82	0.240258
82	0.0950258
82	0.137817
82	0.13842
82	0.0998247
82	0.104399
82	0.182087
82	0.150638
82	0.179323
82	0.160801
82	0.156702
82	0.178388
82	0.210742
82	0.21382
82	0.128147
82	0.15328
82	0.227502
82	0.147335
82	0.183759
82	0.122081
82	0.128677
82	0.232832
82	0.239332
82	0.121723
82	0.198074
82	0.125736
82	0.195846
82	0.0956925
82	0.243772
82	0.0615916
82	0.184363
82	0.0606416
82	0.0645484
82	0.175266
82	0.0943222
82	0.226758
82	0.179253
82	0.113404
82	0.181123
82	0.212579
82	0.0501705
82	0.171313
82	0.151155
82	0.0959391
82	0.108888
82	0.0858602
82	0.224224
82	0.187864
82	0.187447
82	0.212271
82	0.15753
82	0.244565
82	0.233078
82	0.230011
82	0.124457
82	0.164794
82	0.0848756
82	0.231648
82	0.143798
82	0.157615
82	0.090995
82	0.123761
82	0.0895009
82	0.0901759
82	0.229316
82	0.138424
82	0.177658
82	0.136974
82	0.164084
82	0.159614
82	0.11406
82	0.0940796
82	0.117164
82	0.193982
82	0.177057
82	0.236719
82	0.128169
82	0.185492
82	0.0971131
82	0.121998
82	0.133795
82	0.218272
82	0.191454
82	0.197928
82	0.245364
84	0.255906
84	0.214924
84	0.133556
84	0.0854952
84	0.200533
84	0.171945
84	0.202875
84	0.160785
84	0.168258
84	0.291266
84	0.0977082
84	0.140935
84	0.185633
84	0.327063
84	0.308575
84	0.188899
84	0.230753
84	0.165175
84	0.0993641
84	0.173752
84	0.268041
84	0.0823104
84	0.162852
84	0.117316
84	0.0964644
84	0.109677
84	0.276967
84	0.108471
84	0.256232
84	0.287283
84	0.0961533
84	0.147421
84	0.0641062
84	0.206557
84	0.125569
84	0.174255
84	0.202502
84	0.0353458
84	0.2131
84	0.212512
84	0.129899
84	0.206227
84	0.167613
84	0.155171
84	0.234261
84	0.26735
84	0.198876
84	0.240187
84	0.234122
84	0.12341
84	0.13711
84	0.124031
84	0.19245
84	0.15739
84	0.221858
84	0.111098
84	0.132256
84	0.212912
84	0.0608259
84	0.210126
84	0.240478
84	0.119375
84	0.175208
84	0.173378
84	0.244942
84	0.0981734
84	0.154475
84	0.189452
84	0.172693
84	0.136864
84	0.0893607
84	0.152714
84	0.157823
84	0.190589
84	0.127313
84	0.150962
84	0.111864
84	0.0543074
84	0.133422
84	0.231376
84	0.0814791
84	0.107433
84	0.138285
84	0.38182
84	0.20936
84	0.0668508
84	0.150041
84	0.154317
84	0.12628
84	0.131096
84	0.225771
84	0.158875
84	0.111615
84	0.124763
84	0.0882313
84	0.270286
84	0.123255
84	0.0810448
84	0.0807251
84	0.206817
86	0.143152
86	0.286941
86	0.171772
86	0.0918865
86	0.0467987
86	0.15987
86	0.172278
86	0.191541
86	0.220195
86	0.305028
86	0.178396
86	0.203343
86	0.177738
86	0.27057
86	0.0796207
86	0.222184
86	0.243563
86	0.0846863
86	0.127338
86	0.241114
86	0.156249
86	0.234515
86	0.109562
86	0.150806
86	0.136316
86	0.077659
86	0.120387
86	0.194844
86	0.167942
86	0.10468
86	0.1055
86	0.159833
86	0.171897
86	0.125336
86	0.156969
86	0.122911
86	0.283206
86	0.16994
86	0.183746
86	0.216892
86	0.178811
86	0.114904
86	0.22563
86	0.271749
86	0.0778239
86	0.227569
86	0.278674
86	0.133857
86	0.280375
86	0.167598
86	0.194454
86	0.237017
86	0.176773
86	0.16499
86	0.216162
86	0.136422
86	0.209252
86	0.118703
86	0.122615
86	0.172772
86	0.119982
86	0.139768
86	0.176251
86	0.173041
86	0.138
86	0.173843
86	0.225603
86	0.218752
86	0.157249
86	0.151422
86	0.240625
86	0.199947
86	0.240084
86	0.189361
86	0.253445
86	0.147092
86	0.0707154
86	0.0848188
86	0.131579
86	0.128797
86	0.129734
86	0.159913
86	0.201733
86	0.132699
86	0.135582
86	0.16084
86	0.158828
86	0.104738
86	0.192717
86	0.158655
86	0.130235
86	0.0887348
86	0.227154
86	0.117803
86	0.122364
86	0.110871
86	0.225219
86	0.139172
86	0.217694
86	0.0659007
88	0.190557
88	0.264334
88	0.15658
88	0.146234
88	0.144949
88	0.134403
88	0.12479
88	0.172644
88	0.168395
88	0.246585
88	0.127452
88	0.102812
88	0.146108
88	0.221229
88	0.142795
88	0.114227
88	0.178499
88	0.142563
88	0.0906705
88	0.197962
88	0.227044
88	0.134812
88	0.11492
88	0.193226
88	0.218536
88	0.168886
88	0.0931298
88	0.147075
88	0.145311
88	0.190552
88	0.196401
88	0.293925
88	0.105497
88	0.224359
88	0.210049
88	0.0793993
88	0.155005
88	0.108663
88	0.120462
88	0.202726
88	0.235252
88	0.125416
88	0.274306
88	0.108794
88	0.166435
88	0.175316
88	0.103569
88	0.186898
88	0.243757
88	0.0561442
88	0.15561
88	0.127216
88	0.0494398
88	0.121806
88	0.201905
88	0.182723
88	0.168209
88	0.178556
88	0.253693
88	0.0690136
88	0.238974
88	0.0937381
88	0.148111
88	0.129838
88	0.115669
88	0.189703
88	0.155336
88	0.0981032
88	0.169289
88	0.128529
88	0.160221
88	0.113143
88	0.195205
88	0.116708
88	0.0997673
88	0.235877
88	0.177178
88	0.0915194
88	0.213419
88	0.11083
88	0.150338
88	0.170642
88	0.185092
88	0.16929
88	0.151892
88	0.227903
88	0.290538
88	0.134639
88	0.173817
88	0.115819
88	0.08057
88	0.170819
88	0.223336
88	0.129743
88	0.111703
88	0.165879
88	0.180436
88	0.0852138
88	0.240134
88	0.233497
90	0.105659
90	0.184189
90	0.199649
90	0.189765
90	0.188121
90	0.190463
90	0.132855
90	0.164892
90	0.179014
90	0.148712
90	0.19766
90	0.101295
90	0.0824406
90	0.207492
90	0.195276
90	0.175172
90	0.132481
90	0.162543
90	0.201805
90	0.22447
90	0.169251
90	0.223119
90	0.163603
90	0.152139
90	0.0490207
90	0.272905
90	0.14851
90	0.176575
90	0.117518
90	0.242512
90	0.175857
90	0.176033
90	0.149071
90	0.147977
90	0.136799
90	0.0751397
90	0.136005
90	0.256159
90	0.169813
90	0.14187
90	0.172241
90	0.175566
90	0.0763025
90	0.208665
90	0.0906744
90	0.19356
90	0.159829
90	0.211715
90	0.180151
90	0.133855
90	0.111389
90	0.147728
90	0.154513
90	0.0818618
90	0.142175
90	0.24249
90	0.0801637
90	0.254863
90	0.0550121
90	0.153387
90	0.0940507
90	0.129052
90	0.154464
90	0.235509
90	0.152468
90	0.305352
90	0.06635
90	0.176614
90	0.245342
90	0.227859
90	0.179935
90	0.143837
90	0.184165
90	0.158589
90	0.102849
90	0.0902864
90	0.152286
90	0.166585
90	0.0504304
90	0.0868081
90	0.0972417
90	0.156656
90	0.131705
90	0.182515
90	0.176795
90	0.223466
90	0.0593237
90	0.205951
90	0.169742
90	0.211562
90	0.198401
90	0.0622475
90	0.124145
90	0.176569
90	0.187773
90	0.142385
90	0.197585
90	0.167935
90	0.249994
90	0.158589
92	0.136181
92	0.103936
92	0.083725
92	0.290296
92	0.200058
92	0.229751
92	0.123889
92	0.233163
92	0.138363
92	0.252084
92	0.0869984
92	0.175786
92	0.108109
92	0.169754
92	0.149769
92	0.110203
92	0.192645
92	0.0611764
92	0.152283
92	0.122895
92	0.123942
92	0.171986
92	0.112882
92	0.220026
92	0.168809
92	0.18443
92	0.294556
92	0.19515
92	0.183769
92	0.262503
92	0.209787
92	0.105841
92	0.123507
92	0.134392
92	0.0457379
92	0.0650229
92	0.210274
92	0.162415
92	0.232035
92	0.237587
92	0.12974
92	0.139898
92	0.122454
92	0.111267
92	0.249445
92	0.0814247
92	0.153463
92	0.177278
92	0.2176
92	0.141626
92	0.0981279
92	0.118368
92	0.194715
92	0.246034
92	0.231251
92	0.256929
92	0.180848
92	0.114932
92	0.217041
92	0.204781
92	0.0999429
92	0.161283
92	0.171146
92	0.135818
92	0.0820092
92	0.0586497
92	0.250137
92	0.0406989
92	0.0818299
92	0.173039
92	0.139779
92	0.104458
92	0.119391
92	0.142569
92	0.0984248
92	0.102114
92	0.294839
92	0.132063
92	0.049091
92	0.145392
92	0.206467
92	0.170956
92	0.259687
92	0.183641
92	0.243556
92	0.114928
92	0.165727
92	0.19629
92	0.165572
92	0.118216
92	0.235183
92	0.207311
92	0.176833
92	0.259098
92	0.240158
92	0.149812
92	0.0974878
92	0.119648
92	0.148735
92	0.160293
94	0.0942424
94	0.152929
94	0.188004
94	0.131801
94	0.124456
94	0.199571
94	0.202524
94	0.176167
94	0.192046
94	0.170555
94	0.130637
94	0.1163
94	0.249397
94	0.103834
94	0.195033
94	0.120547
94	0.0597411
94	0.250075
94	0.160079
94	0.192062
94	0.173352
94	0.181404
94	0.189846
94	0.237986
94	0.214472
94	0.142909
94	0.271663
94	0.221902
94	0.27538
94	0.154862
94	0.175892
94	0.131945
94	0.0648091
94	0.0991539
94	0.146955
94	0.162337
94	0.20793
94	0.164736
94	0.229547
94	0.201133
94	0.159694
94	0.145991
94	0.126517
94	0.193687
94	0.103528
94	0.141084
94	0.173493
94	0.16926
94	0.113463
94	0.183321
94	0.223563
94	0.152514
94	0.106468
94	0.167249
94	0.103311
94	0.155747
94	0.127018
94	0.144138
94	0.0860521
94	0.131915
94	0.0628991
94	0.174197
94	0.20816
94	0.126474
94	0.139115
94	0.158107
94	0.171335
94	0.206212
94	0.102433
94	0.0930931
94	0.207967
94	0.181082
94	0.192536
94	0.0506781
94	0.17028
94	0.142557
94	0.122744
94	0.162572
94	0.13642
94	0.180108
94	0.12602
94	0.175191
94	0.273038
94	0.14429
94	0.122708
94	0.206298
94	0.106839
94	0.219814
94	0.234244
94	0.15668
94	0.0761308
94	0.261962
94	0.141943
94	0.122591
94	0.148285
94	0.186588
94	0.220118
94	0.108994
94	0.209056
94	0.143201
96	0.151044
96	0.0177268
96	0.244968
96	0.193655
96	0.204928
96	0.130428
96	0.14231
96	0.214396
96	0.161716
96	0.0805791
96	0.12141
96	0.124678
96	0.143519
96	0.144446
96	0.20594
96	0.161524
96	0.184334
96	0.230467
96	0.152968
96	0.207061
96	0.108545
96	0.18159
96	0.233722
96	0.153671
96	0.104696
96	0.171431
96	0.0715227
96	0.171858
96	0.0858796
96	0.258113
96	0.0858133
96	0.309546
96	0.139879
96	0.207737
96	0.0743424
96	0.158558
96	0.080784
96	0.0588732
96	0.137869
96	0.13203
96	0.168154
96	0.182629
96	0.137618
96	0.148209
96	0.239032
96	0.151569
96	0.231556
96	0.231259
96	0.260964
96	0.184956
96	0.0977998
96	0.158907
96	0.158083
96	0.113716
96	0.145469
96	0.14607
96	0.123069
96	0.197735
96	0.158204
96	0.127817
96	0.2157
96	0.0789167
96	0.154135
96	0.121037
96	0.168226
96	0.174652
96	0.183735
96	0.113478
96	0.152195
96	0.0815741
96	0.0524752
96	0.169253
96	0.206648
96	0.204309
96	0.242149
96	0.0968843
96	0.206039
96	0.268606
96	0.22026
96	0.138786
96	0.224218
96	0.165467
96	0.14362
96	0.190354
96	0.208874
96	0.0934712
96	0.217614
96	0.161063
96	0.188528
96	0.0854283
96	0.241954
96	0.1271
96	0.256536
96	0.239537
96	0.166686
96	0.155859
96	0.106079
96	0.182788
96	0.19198
96	0.104116
98	0.200726
98	0.116238
98	0.249249
98	0.250787
98	0.10851
98	0.246875
98	0.198931
98	0.141095
98	0.188669
98	0.164174
98	0.187023
98	0.232643
98	0.25262
98	0.148367
98	0.207722
98	0.135831
98	0.110177
98	0.22177
98	0.118987
98	0.118027
98	0.187489
98	0.178981
98	0.176298
98	0.191333
98	0.127442
98	0.142047
98	0.202256
98	0.207073
98	0.104235
98	0.292445
98	0.144107
98	0.0759903
98	0.182164
98	0.192463
98	0.173755
98	0.0455892
98	0.110988
98	0.319408
98	0.110604
98	0.223657
98	0.228801
98	0.131262
98	0.0997621
98	0.10763
98	0.179436
98	0.157008
98	0.177417
98	0.100666
98	0.132161
98	0.193385
98	0.143443
98	0.196165
98	0.17778
98	0.217887
98	0.290769
98	0.0545422
98	0.147511
98	0.234615
98	0.222725
98	0.142437
98	0.177487
98	0.274896
98	0.120215
98	0.090993
98	0.268951
98	0.195815
98	0.124489
98	0.242539
98	0.136984
98	0.204866
98	0.13088
98	0.118153
98	0.223665
98	0.0883413
98	0.0904795
98	0.181454
98	0.15768
98	0.148541
98	0.146854
98	0.171715
98	0.248952
98	0.124802
98	0.155954
98	0.0683738
98	0.25681
98	0.249925
98	0.192604
98	0.189188
98	0.2948
98	0.0510407
98	0.227367
98	0.288916
98	0.121946
98	0.148939
98	0.281209
98	0.0497531
98	0.132913
98	0.202632
98	0.0792501
98	0.22273
100	0.217132
100	0.22158
100	0.146131
100	0.139196
100	0.22535
100	0.108119
100	0.171063
100	0.273656
100	0.241804
100	0.139671
100	0.328443
100	0.194634
100	0.154354
100	0.163749
100	0.173407
100	0.163873
100	0.166807
100	0.122853
100	0.15894
100	0.158868
100	0.206849
100	0.254247
100	0.110318
100	0.127351
100	0.192667
100	0.0861791
100	0.181232
100	0.10155
100	0.177305
100	0.111306
100	0.221189
100	0.144438
100	0.153807
100	0.180389
100	0.11827
100	0.16428
100	0.22591
100	0.164066
100	0.0798829
100	0.161019
100	0.0887359
100	0.221927
100	0.151018
100	0.299605
100	0.126996
100	0.17492
100	0.204748
100	0.133889
100	0.223158
100	0.0655661
100	0.161504
100	0.200486
100	0.140526
100	0.139736
100	0.0616359
100	0.116578
100	0.168557
100	0.238187
100	0.209159
100	0.242457
100	0.11641
100	0.230187
100	0.163017
100	0.286109
100	0.0868604
100	0.282622
100	0.222567
100	0.0315288
100	0.0590267
100	0.109946
100	0.144016
100	0.168779
100	0.0891994
100	0.121793
100	0.0805936
100	0.269114
100	0.222325
100	0.173785
100	0.140416
100	0.0914775
100	0.159669
100	0.143121
100	0.123379
100	0.104447
100	0.101611
100	0.129569
100	0.132609
100	0.110511
100	0.191216
100	0.066721
100	0.181513
100	0.103141
100	0.224763
100	0.260253
100	0.126856
100	0.298336
100	0.119164
100	0.160501
100	0.119111
100	0.178351
102	0.0944087
102	0.0779624
102	0.0948405
102	0.152276
102	0.0566025
102	0.181374
102	0.0704245
102	0.172001
102	0.130006
102	0.162126
102	0.266455
102	0.214497
102	0.129393
102	0.0831143
102	0.271524
102	0.208973
102	0.217029
102	0.159093
102	0.26058
102	0.152909
102	0.114991
102	0.150442
102	0.0691256
102	0.248877
102	0.201901
102	0.187984
102	0.177088
102	0.167342
102	0.254758
102	0.130286
102	0.253379
102	0.201425
102	0.128642
102	0.27462
102	0.132295
102	0.234127
102	0.12963
102	0.1506
102	0.112673
102	0.132645
102	0.107794
102	0.192299
102	0.16026
102	0.0923718
102	0.183963
102	0.252435
102	0.196496
102	0.209757
102	0.0614755
102	0.297214
102	0.13764
102	0.25882
102	0.0985987
102	0.182514
102	0.101043
102	0.0697998
102	0.219116
102	0.24015
102	0.198316
102	0.155589
102	0.254952
102	0.104312
102	0.16025
102	0.182113
102	0.226502
102	0.193437
102	0.246631
102	0.105396
102	0.117134
102	0.112214
102	0.247331
102	0.0624937
102	0.138948
102	0.148951
102	0.150262
102	0.174984
102	0.154918
102	0.115921
102	0.222105
102	0.0702186
102	0.188797
102	0.100109
102	0.139887
102	0.156263
102	0.119216
102	0.197357
102	0.212733
102	0.214665
102	0.117008
102	0.175871
102	0.12033
102	0.176149
102	0.243485
102	0.196743
102	0.15542
102	0.243479
102	0.137649
102	0.198301
102	0.138614
102	0.195971
104	0.135625
104	0.141897
104	0.0975826
104	0.125642
104	0.141283
104	0.157091
104	0.0962721
104	0.188841
104	0.137806
104	0.105945
104	0.127753
104	0.0787422
104	0.048454
104	0.135319
104	0.246355
104	0.121295
104	0.173676
104	0.160876
104	0.108162
104	0.0945213
104	0.149439
104	0.20628
104	0.257298
104	0.164907
104	0.145249
104	0.148381
104	0.0616226
104	0.141126
104	0.149597
104	0.207966
104	0.142844
104	0.0952368
104	0.129794
104	0.194508
104	0.164653
104	0.201354
104	0.196729
104	0.197194
104	0.228804
104	0.173698
104	0.127737
104	0.17186
104	0.1979
104	0.132781
104	0.0742376
104	0.113902
104	0.265068
104	0.127613
104	0.125322
104	0.0867416
104	0.15129
104	0.121658
104	0.235561
104	0.152889
104	0.214582
104	0.0554299
104	0.185638
104	0.178946
104	0.141404
104	0.157068
104	0.140944
104	0.0695
104	0.12292
104	0.140156
104	0.215301
104	0.212275
104	0.264718
104	0.0759545
104	0.114746
104	0.153433
104	0.0650108
104	0.0950017
104	0.171604
104	0.164439
104	0.195946
104	0.24999
104	0.138741
104	0.178773
104	0.150191
104	0.201867
104	0.274624
104	0.188799
104	0.0571703
104	0.198351
104	0.0849575
104	0.129108
104	0.0995808
104	0.126801
104	0.165521
104	0.0799733
104	0.154341
104	0.261298
104	0.135386
104	0.23052
104	0.166956
104	0.241115
104	0.133861
104	0.0986886
104	0.137917
104	0.175229
106	0.256094
106	0.124594
106	0.191487
106	0.167186
106	0.189204
106	0.212206
106	0.132481
106	0.212142
106	0.0912954
106	0.264799
106	0.0994325
106	0.225382
106	0.128158
106	0.150313
106	0.149915
106	0.147645
106	0.0461266
106	0.19056
106	0.114169
106	0.160773
106	0.158179
106	0.124949
106	0.163783
106	0.16522
106	0.151558
106	0.193514
106	0.247827
106	0.176303
106	0.0987491
106	0.0802201
106	0.150644
106	0.184952
106	0.17331
106	0.17603
106	0.151989
106	0.203035
106	0.139993
106	0.212322
106	0.113022
106	0.30535
106	0.226163
106	0.137469
106	0.0695165
106	0.142062
106	0.133024
106	0.21693
106	0.0869244
106	0.134584
106	0.112356
106	0.12247
106	0.254774
106	0.158754
106	0.174677
106	0.133449
106	0.104317
106	0.129082
106	0.131024
106	0.22747
106	0.158749
106	0.0796147
106	0.155418
106	0.217013
106	0.11479
106	0.137449
106	0.113106
106	0.0355905
106	0.196186
106	0.125727
106	0.210286
106	0.142433
106	0.178291
106	0.117148
106	0.190929
106	0.177908
106	0.181444
106	0.0751759
106	0.121223
106	0.199485
106	0.199861
106	0.143527
106	0.159293
106	0.163085
106	0.202021
106	0.203711
106	0.242887
106	0.204286
106	0.167792
106	0.0767508
106	0.176048
106	0.210731
106	0.18371
106	0.289069
106	0.126496
106	0.0863641
106	0.157646
106	0.115004
106	0.153935
106	0.116005
106	0.0969369
106	0.131156
108	0.239176
108	0.116272
108	0.14932
108	0.14025
108	0.106142
108	0.154785
108	0.154788
108	0.139991
108	0.119034
108	0.151561
108	0.116178
108	0.174918
108	0.168654
108	0.217719
108	0.186288
108	0.21171
108	0.107391
108	0.232531
108	0.196898
108	0.113753
108	0.105032
108	0.125521
108	0.225721
108	0.121742
108	0.170897
108	0.188899
108	0.181634
108	0.137508
108	0.221759
108	0.0483324
108	0.200465
108	0.154689
108	0.143653
108	0.252887
108	0.253163
108	0.247337
108	0.212184
108	0.161705
108	0.145576
108	0.179758
108	0.157901
108	0.20111
108	0.213253
108	0.192053
108	0.0632252
108	0.22731
108	0.159662
108	0.208853
108	0.203005
108	0.171702
108	0.141872
108	0.184842
108	0.17447
108	0.188048
108	0.102806
108	0.1984
108	0.146914
108	0.260566
108	0.155609
108	0.196836
108	0.207965
108	0.20522
108	0.144938
108	0.16773
108	0.176221
108	0.206847
108	0.305695
108	0.130777
108	0.118084
108	0.13807
108	0.120039
108	0.165987
108	0.180811
108	0.21976
108	0.165538
108	0.12728
108	0.11243
108	0.147794
108	0.125988
108	0.101901
108	0.142242
108	0.225793
108	0.221702
108	0.158461
108	0.0644886
108	0.173026
108	0.176475
108	0.101939
108	0.169112
108	0.0371226
108	0.162576
108	0.206127
108	0.161488
108	0.197619
108	0.217712
108	0.195031
108	0.0772135
108	0.110255
108	0.0900449
108	0.178269
110	0.206721
110	0.246652
110	0.154459
110	0.179739
110	0.115907
110	0.215569
110	0.119707
110	0.327152
110	0.191626
110	0.172763
110	0.130567
110	0.127979
110	0.12032
110	0.195421
110	0.333147
110	0.136406
110	0.23828
110	0.143344
110	0.249463
110	0.171618
110	0.301997
110	0.158817
110	0.0863072
110	0.213078
110	0.253887
110	0.134273
110	0.112509
110	0.127062
110	0.114041
110	0.155138
110	0.237907
110	0.0430922
110	0.210113
110	0.177936
110	0.147674
110	0.243775
110	0.212791
110	0.112452
110	0.108113
110	0.203647
110	0.154923
110	0.215373
110	0.125311
110	0.0833434
110	0.0944515
110	0.143327
110	0.222922
110	0.164475
110	0.3107
110	0.207074
110	0.206965
110	0.178626
110	0.091746
110	0.247544
110	0.0644662
110	0.137199
110	0.141718
110	0.193511
110	0.113612
110	0.224481
110	0.200607
110	0.185274
110	0.125826
110	0.175424
110	0.192433
110	0.190479
110	0.183598
110	0.132717
110	0.180407
110	0.217831
110	0.1145
110	0.139849
110	0.158981
110	0.279523
110	0.205004
110	0.196948
110	0.204443
110	0.0627361
110	0.103623
110	0.150543
110	0.0673834
110	0.140782
110	0.187342
110	0.249388
110	0.0920678
110	0.175258
110	0.145219
110	0.187553
110	0.139108
110	0.0862198
110	0.313739
110	0.135383
110	0.226184
110	0.248336
110	0.160397
110	0.19842
110	0.0815093
110	0.154177
110	0.181391
110	0.144152
112	0.172935
112	0.281037
112	0.241203
112	0.146977
112	0.239343
112	0.173959
112	0.297609
112	0.242992
112	0.115313
112	0.144539
112	0.117452
112	0.134234
112	0.143169
112	0.211952
112	0.140609
112	0.180764
112	0.169277
112	0.118561
112	0.179425
112	0.0948426
112	0.0955265
112	0.21467
112	0.192469
112	0.199774
112	0.136546
112	0.257581
112	0.271069
112	0.116855
112	0.207218
112	0.192617
112	0.0540045
112	0.208419
112	0.163787
112	0.211959
112	0.146707
112	0.15597
112	0.0964501
112	0.22852
112	0.0707619
112	0.203225
112	0.116881
112	0.149008
112	0.117561
112	0.0809267
112	0.125351
112	0.151549
112	0.172463
112	0.184294
112	0.111816
112	0.175264
112	0.194932
112	0.15339
112	0.212548
112	0.182032
112	0.119313
112	0.108919
112	0.234609
112	0.274312
112	0.198859
112	0.0719214
112	0.216925
112	0.204048
112	0.15037
112	0.159815
112	0.0986563
112	0.0439653
112	0.138888
112	0.254726
112	0.199797
112	0.288846
112	0.0502116
112	0.187672
112	0.202454
112	0.271634
112	0.069951
112	0.206074
112	0.197154
112	0.212633
112	0.214734
112	0.156987
112	0.0793679
112	0.171248
112	0.126456
112	0.14015
112	0.16141
112	0.183475
112	0.126277
112	0.164338
112	0.0854357
112	0.236872
112	0.251746
112	0.246254
112	0.215907
112	0.212062
112	0.0662453
112	0.226236
112	0.135573
112	0.0989353
112	0.175731
112	0.113277
114	0.201618
114	0.132428
114	0.184625
114	0.136577
114	0.25919
114	0.157002
114	0.230265
114	0.180035
114	0.189171
114	0.189462
114	0.153728
114	0.142834
114	0.0548368
114	0.293741
114	0.265813
114	0.0901905
114	0.115575
114	0.162727
114	0.220043
114	0.200546
114	0.137514
114	0.167398
114	0.211345
114	0.119412
114	0.132069
114	0.11806
114	0.119939
114	0.23184
114	0.135883
114	0.0921884
114	0.0952416
114	0.17631
114	0.0822338
114	0.208682
114	0.1462
114	0.15421
114	0.154248
114	0.146381
114	0.159132
114	0.187607
114	0.0863258
114	0.271242
114	0.20419
114	0.18302
114	0.144729
114	0.117338
114	0.159897
114	0.157063
114	0.169238
114	0.255013
114	0.324778
114	0.113333
114	0.101783
114	0.1259
114	0.0595307
114	0.146037
114	0.122664
114	0.225798
114	0.180462
114	0.121781
114	0.192868
114	0.116224
114	0.197003
114	0.0841077
114	0.156804
114	0.135372
114	0.33476
114	0.111048
114	0.141264
114	0.115316
114	0.0682962
114	0.274201
114	0.182551
114	0.231086
114	0.233266
114	0.299349
114	0.167869
114	0.170637
114	0.21867
114	0.0792679
114	0.109138
114	0.19478
114	0.217782
114	0.118877
114	0.266264
114	0.280748
114	0.140212
114	0.162115
114	0.256112
114	0.0546664
114	0.0868
114	0.102911
114	0.214773
114	0.106714
114	0.312842
114	0.153993
114	0.139418
114	0.133932
114	0.120129
114	0.106764
116	0.197303
116	0.0747286
116	0.18124
116	0.0883013
116	0.213382
116	0.0659116
116	0.196368
116	0.196736
116	0.243248
116	0.119835
116	0.210244
116	0.14004
116	0.224161
116	0.301802
116	0.231546
116	0.186471
116	0.131462
116	0.0949824
116	0.203397
116	0.213729
116	0.241942
116	0.147142
116	0.223959
116	0.200876
116	0.1244
116	0.133547
116	0.118375
116	0.293105
116	0.172177
116	0.185097
116	0.228996
116	0.0937389
116	0.178621
116	0.166833
116	0.147447
116	0.198326
116	0.101736
116	0.184071
116	0.0544454
116	0.126683
116	0.0956392
116	0.150256
116	0.0908242
116	0.260812
116	0.228367
116	0.145329
116	0.260785
116	0.127118
116	0.0775611
116	0.0660794
116	0.0987629
116	0.197681
116	0.15203
116	0.130473
116	0.138485
116	0.134369
116	0.357246
116	0.173839
116	0.197448
116	0.086087
116	0.120374
116	0.252087
116	0.149837
116	0.133184
116	0.246543
116	0.212637
116	0.235989
116	0.134287
116	0.213889
116	0.140098
116	0.105922
116	0.141406
116	0.237126
116	0.170393
116	0.108
116	0.165752
116	0.188545
116	0.161709
116	0.253482
116	0.234319
116	0.147962
116	0.147904
116	0.112515
116	0.151221
116	0.170207
116	0.218237
116	0.147163
116	0.117736
116	0.225977
116	0.181791
116	0.109256
116	0.183195
116	0.0965102
116	0.0502326
116	0.195564
116	0.120884
116	0.312997
116	0.244326
116	0.228604
116	0.164998
118	0.129777
118	0.222553
118	0.183255
118	0.280996
118	0.181209
118	0.0569034
118	0.159533
118	0.275511
118	0.076558
118	0.163806
118	0.237546
118	0.165774
118	0.133785
118	0.233818
118	0.159747
118	0.206472
118	0.143392
118	0.18473
118	0.153332
118	0.169508
118	0.175826
118	0.0529995
118	0.121659
118	0.225669
118	0.113315
118	0.174064
118	0.248281
118	0.0894546
118	0.243313
118	0.149141
118	0.105292
118	0.168077
118	0.18529
118	0.138273
118	0.0930812
118	0.17252
118	0.288997
118	0.167574
118	0.0729489
118	0.172415
118	0.265419
118	0.185062
118	0.167241
118	0.244967
118	0.216764
118	0.137431
118	0.13312
118	0.109678
118	0.225422
118	0.168063
118	0.130462
118	0.170564
118	0.130198
118	0.202864
118	0.173996
118	0.259297
118	0.185289
118	0.148445
118	0.210808
118	0.16117
118	0.173972
118	0.16862
118	0.257121
118	0.216543
118	0.204241
118	0.191943
118	0.160019
118	0.11787
118	0.225544
118	0.130501
118	0.0235151
118	0.107938
118	0.253777
118	0.169088
118	0.10155
118	0.171372
118	0.117996
118	0.129649
118	0.200498
118	0.223586
118	0.164589
118	0.123596
118	0.203344
118	0.165695
118	0.0844491
118	0.187148
118	0.131559
118	0.135184
118	0.153418
118	0.223996
118	0.195936
118	0.290847
118	0.174747
118	0.0629324
118	0.127393
118	0.0348683
118	0.175084
118	0.140074
118	0.241796
118	0.0817124
120	0.192331
120	0.150907
120	0.123977
120	0.162593
120	0.157045
120	0.0615592
120	0.197225
120	0.171997
120	0.150108
120	0.133392
120	0.173566
120	0.148304
120	0.182211
120	0.242402
120	0.0834605
120	0.232939
120	0.200244
120	0.215023
120	0.146466
120	0.311815
120	0.18151
120	0.180042
120	0.115663
120	0.132492
120	0.102137
120	0.0672875
120	0.191414
120	0.215325
120	0.306337
120	0.22589
120	0.167828
120	0.156548
120	0.150155
120	0.166117
120	0.150489
120	0.117992
120	0.248753
120	0.167419
120	0.0792168
120	0.131966
120	0.246231
120	0.145812
120	0.233474
120	0.179121
120	0.347963
120	0.235713
120	0.0356627
120	0.117511
120	0.141754
120	0.103177
120	0.133115
120	0.142159
120	0.226739
120	0.127324
120	0.0764845
120	0.137786
120	0.122603
120	0.2975
120	0.231108
120	0.142501
120	0.186941
120	0.199729
120	0.213997
120	0.181537
120	0.0627874
120	0.201406
120	0.0934116
120	0.233517
120	0.128342
120	0.0946508
120	0.152474
120	0.126322
120	0.135205
120	0.229086
120	0.153248
120	0.0759479
120	0.189991
120	0.220881
120	0.168672
120	0.243847
120	0.233959
120	0.288337
120	0.234123
120	0.203187
120	0.213432
120	0.338872
120	0.0849987
120	0.229119
120	0.220743
120	0.117876
120	0.15151
120	0.143827
120	0.255498
120	0.162095
120	0.109771
120	0.18625
120	0.117756
120	0.169428
120	0.158566
120	0.0900204
