var	minCostFlow
30	0.171805
30	0.243871
30	0.229589
30	0.181215
30	0.251806
30	0.304375
30	0.239519
30	0.175584
30	0.171346
30	0.214908
30	0.146011
30	0.197208
30	0.280021
30	0.248925
30	0.21284
30	0.152505
30	0.255709
30	0.125106
30	0.246808
30	0.222644
30	0.146992
30	0.219215
30	0.28779
30	0.167937
30	0.151233
30	0.122057
30	0.287624
30	0.269087
30	0.147457
30	0.14673
30	0.218691
30	0.247909
30	0.380599
30	0.285368
30	0.200241
30	0.187239
30	0.242747
30	0.206931
30	0.275679
30	0.144303
30	0.282971
30	0.254177
30	0.302365
30	0.308115
30	0.157667
30	0.240371
30	0.189014
30	0.177672
30	0.264998
30	0.297254
30	0.150484
30	0.262889
30	0.251362
30	0.158217
30	0.267411
30	0.300584
30	0.136542
30	0.194265
30	0.280922
30	0.229569
30	0.309379
30	0.151485
30	0.183342
30	0.205879
30	0.224522
30	0.142861
30	0.296461
30	0.150136
30	0.308051
30	0.193531
30	0.243101
30	0.189748
30	0.246107
30	0.237269
30	0.242265
30	0.302084
30	0.240133
30	0.304404
30	0.206175
30	0.251806
30	0.315071
30	0.272901
30	0.223604
30	0.229487
30	0.253844
30	0.266942
30	0.212488
30	0.196291
30	0.225774
30	0.174548
30	0.174486
30	0.197986
30	0.231687
30	0.155807
30	0.239175
30	0.277731
30	0.263453
30	0.181833
30	0.305583
30	0.292838
32	0.221231
32	0.321517
32	0.0770561
32	0.211334
32	0.131593
32	0.251875
32	0.276964
32	0.31665
32	0.294428
32	0.287596
32	0.203025
32	0.113137
32	0.259779
32	0.136331
32	0.235597
32	0.125669
32	0.237852
32	0.131331
32	0.203012
32	0.211543
32	0.199535
32	0.252385
32	0.271936
32	0.19926
32	0.172528
32	0.143337
32	0.138997
32	0.110373
32	0.188372
32	0.242368
32	0.339715
32	0.216359
32	0.252313
32	0.116836
32	0.336826
32	0.238782
32	0.231387
32	0.241751
32	0.264488
32	0.267871
32	0.342967
32	0.201384
32	0.263357
32	0.316299
32	0.238521
32	0.238009
32	0.190968
32	0.255429
32	0.245055
32	0.347525
32	0.25148
32	0.195887
32	0.203046
32	0.225826
32	0.317525
32	0.326057
32	0.187711
32	0.250515
32	0.205292
32	0.187626
32	0.173749
32	0.173682
32	0.241311
32	0.243997
32	0.298813
32	0.224161
32	0.130272
32	0.17305
32	0.246536
32	0.204599
32	0.238524
32	0.182797
32	0.216291
32	0.204498
32	0.259449
32	0.283368
32	0.150872
32	0.194813
32	0.242321
32	0.239973
32	0.230962
32	0.194222
32	0.249745
32	0.14828
32	0.228316
32	0.208465
32	0.227857
32	0.235556
32	0.195335
32	0.256413
32	0.183341
32	0.15298
32	0.275331
32	0.239319
32	0.171383
32	0.28785
32	0.29591
32	0.271824
32	0.19766
32	0.261239
34	0.233838
34	0.263207
34	0.228634
34	0.320409
34	0.28701
34	0.180436
34	0.231955
34	0.276048
34	0.257347
34	0.273563
34	0.17994
34	0.232708
34	0.274569
34	0.114577
34	0.293491
34	0.159415
34	0.209995
34	0.231655
34	0.231089
34	0.234011
34	0.141486
34	0.294577
34	0.227048
34	0.206201
34	0.251793
34	0.174041
34	0.210644
34	0.335313
34	0.263866
34	0.256876
34	0.237098
34	0.344811
34	0.24726
34	0.133827
34	0.159011
34	0.205956
34	0.200453
34	0.225553
34	0.240905
34	0.165857
34	0.232358
34	0.20454
34	0.246793
34	0.204849
34	0.241964
34	0.241881
34	0.228394
34	0.120741
34	0.130434
34	0.211148
34	0.238698
34	0.260037
34	0.307341
34	0.161278
34	0.179892
34	0.251417
34	0.24889
34	0.2412
34	0.257448
34	0.172654
34	0.126704
34	0.299605
34	0.283399
34	0.233534
34	0.140971
34	0.226981
34	0.303467
34	0.226683
34	0.289691
34	0.281575
34	0.207294
34	0.14649
34	0.134676
34	0.263155
34	0.24122
34	0.263844
34	0.26095
34	0.245421
34	0.217182
34	0.219101
34	0.149484
34	0.228191
34	0.334393
34	0.285194
34	0.211073
34	0.245957
34	0.210026
34	0.134415
34	0.167732
34	0.203355
34	0.263749
34	0.166625
34	0.221677
34	0.191717
34	0.169907
34	0.209609
34	0.11456
34	0.29033
34	0.285364
34	0.255282
36	0.246397
36	0.271473
36	0.257435
36	0.20187
36	0.221683
36	0.184536
36	0.191986
36	0.240577
36	0.251622
36	0.2857
36	0.289379
36	0.279327
36	0.202842
36	0.147762
36	0.159499
36	0.230034
36	0.248658
36	0.245498
36	0.242392
36	0.195476
36	0.282394
36	0.23663
36	0.111908
36	0.189043
36	0.336286
36	0.189278
36	0.085462
36	0.189011
36	0.254877
36	0.172164
36	0.241081
36	0.280268
36	0.200612
36	0.241306
36	0.212103
36	0.193796
36	0.236475
36	0.261779
36	0.238364
36	0.219901
36	0.264972
36	0.289071
36	0.200982
36	0.26409
36	0.215849
36	0.215978
36	0.219635
36	0.185831
36	0.123433
36	0.157691
36	0.283417
36	0.268134
36	0.26982
36	0.247762
36	0.17054
36	0.216574
36	0.124932
36	0.257279
36	0.232126
36	0.178365
36	0.244641
36	0.277127
36	0.191135
36	0.178976
36	0.278939
36	0.310702
36	0.217995
36	0.302454
36	0.282512
36	0.260999
36	0.139953
36	0.2553
36	0.274674
36	0.244089
36	0.283576
36	0.304032
36	0.261175
36	0.229686
36	0.270357
36	0.283853
36	0.19976
36	0.231382
36	0.215716
36	0.179559
36	0.178369
36	0.201698
36	0.249447
36	0.16204
36	0.322673
36	0.28805
36	0.238584
36	0.167278
36	0.185643
36	0.220856
36	0.190905
36	0.215337
36	0.207882
36	0.222477
36	0.234586
36	0.286391
38	0.260874
38	0.225836
38	0.262861
38	0.218508
38	0.229854
38	0.112152
38	0.257381
38	0.166877
38	0.158037
38	0.309626
38	0.143603
38	0.132157
38	0.279693
38	0.2241
38	0.150755
38	0.193453
38	0.208635
38	0.179461
38	0.16559
38	0.180535
38	0.14713
38	0.23111
38	0.249476
38	0.182434
38	0.271483
38	0.351449
38	0.221457
38	0.314857
38	0.161441
38	0.306499
38	0.219645
38	0.211159
38	0.314644
38	0.339298
38	0.170057
38	0.309741
38	0.270944
38	0.158277
38	0.242506
38	0.132868
38	0.255175
38	0.235365
38	0.28205
38	0.282988
38	0.209011
38	0.246475
38	0.209828
38	0.187325
38	0.288775
38	0.140185
38	0.212365
38	0.265918
38	0.173797
38	0.157231
38	0.21545
38	0.334523
38	0.216238
38	0.184712
38	0.32075
38	0.174397
38	0.23466
38	0.153353
38	0.19124
38	0.248479
38	0.201697
38	0.201389
38	0.207579
38	0.213696
38	0.222068
38	0.235734
38	0.241839
38	0.186589
38	0.150035
38	0.26437
38	0.246433
38	0.163084
38	0.281589
38	0.117805
38	0.201978
38	0.211919
38	0.170729
38	0.223336
38	0.124463
38	0.190695
38	0.270594
38	0.241526
38	0.209256
38	0.262419
38	0.216098
38	0.259271
38	0.129821
38	0.183079
38	0.266532
38	0.160096
38	0.246466
38	0.291982
38	0.263134
38	0.184351
38	0.180188
38	0.164208
40	0.12413
40	0.159395
40	0.178248
40	0.183606
40	0.161896
40	0.219848
40	0.229484
40	0.217032
40	0.251088
40	0.173906
40	0.275404
40	0.190835
40	0.231831
40	0.284337
40	0.183163
40	0.212107
40	0.278784
40	0.222396
40	0.194855
40	0.160053
40	0.187763
40	0.111869
40	0.191471
40	0.255225
40	0.208192
40	0.204463
40	0.204058
40	0.139242
40	0.228918
40	0.243
40	0.260951
40	0.162588
40	0.220935
40	0.190302
40	0.183352
40	0.293498
40	0.150409
40	0.182524
40	0.309332
40	0.214
40	0.104115
40	0.202271
40	0.214547
40	0.131476
40	0.162968
40	0.288045
40	0.272679
40	0.167758
40	0.214243
40	0.316095
40	0.173164
40	0.220221
40	0.335924
40	0.191469
40	0.249571
40	0.225466
40	0.27086
40	0.246201
40	0.272046
40	0.352598
40	0.255021
40	0.242307
40	0.193992
40	0.0773389
40	0.176087
40	0.22164
40	0.183936
40	0.169626
40	0.122281
40	0.205402
40	0.216393
40	0.265798
40	0.380402
40	0.165096
40	0.211537
40	0.216713
40	0.23201
40	0.197254
40	0.155598
40	0.163949
40	0.23854
40	0.212882
40	0.282152
40	0.20736
40	0.182249
40	0.27469
40	0.253688
40	0.191844
40	0.331638
40	0.157556
40	0.187663
40	0.230734
40	0.224608
40	0.238194
40	0.214754
40	0.240059
40	0.195289
40	0.160367
40	0.245161
40	0.172555
42	0.214747
42	0.178862
42	0.25742
42	0.0352546
42	0.14467
42	0.165214
42	0.266317
42	0.254253
42	0.224446
42	0.179635
42	0.218085
42	0.1074
42	0.184099
42	0.303717
42	0.205671
42	0.241271
42	0.210436
42	0.290998
42	0.150369
42	0.172734
42	0.234561
42	0.101212
42	0.0778712
42	0.164836
42	0.212655
42	0.299004
42	0.17342
42	0.191575
42	0.187871
42	0.211845
42	0.18841
42	0.192401
42	0.200036
42	0.153918
42	0.238892
42	0.236764
42	0.248297
42	0.280527
42	0.295522
42	0.184353
42	0.301061
42	0.26201
42	0.286479
42	0.279651
42	0.228766
42	0.263221
42	0.128616
42	0.263208
42	0.0985004
42	0.198368
42	0.228597
42	0.116968
42	0.266715
42	0.239313
42	0.259553
42	0.229799
42	0.223517
42	0.189146
42	0.315947
42	0.202782
42	0.216454
42	0.244525
42	0.250957
42	0.276771
42	0.108905
42	0.0908914
42	0.158145
42	0.160317
42	0.223666
42	0.212671
42	0.232731
42	0.227833
42	0.311533
42	0.218151
42	0.244471
42	0.217558
42	0.154937
42	0.270248
42	0.280437
42	0.181658
42	0.201618
42	0.160868
42	0.270729
42	0.19876
42	0.23711
42	0.247854
42	0.216549
42	0.207564
42	0.259943
42	0.260505
42	0.199464
42	0.262887
42	0.296441
42	0.154911
42	0.122187
42	0.224673
42	0.17813
42	0.234236
42	0.184091
42	0.228179
44	0.234452
44	0.128256
44	0.192699
44	0.231645
44	0.191584
44	0.224836
44	0.206494
44	0.174483
44	0.237701
44	0.185854
44	0.21033
44	0.205997
44	0.211599
44	0.239235
44	0.222684
44	0.248203
44	0.151597
44	0.177696
44	0.197039
44	0.212906
44	0.206603
44	0.111897
44	0.200237
44	0.252878
44	0.25124
44	0.165559
44	0.199616
44	0.18769
44	0.243775
44	0.24949
44	0.214341
44	0.274952
44	0.25898
44	0.252782
44	0.264298
44	0.279809
44	0.215499
44	0.167836
44	0.303169
44	0.233312
44	0.225134
44	0.259003
44	0.209737
44	0.13958
44	0.12014
44	0.259202
44	0.183928
44	0.14975
44	0.239399
44	0.136901
44	0.30024
44	0.285315
44	0.130701
44	0.225722
44	0.263949
44	0.191913
44	0.162665
44	0.27043
44	0.179977
44	0.269786
44	0.293347
44	0.31096
44	0.20284
44	0.197641
44	0.257902
44	0.146435
44	0.269935
44	0.264892
44	0.115323
44	0.206655
44	0.271829
44	0.187775
44	0.265542
44	0.155393
44	0.23902
44	0.191716
44	0.146688
44	0.246073
44	0.290671
44	0.201824
44	0.189375
44	0.198292
44	0.284854
44	0.207889
44	0.201836
44	0.250108
44	0.156107
44	0.208366
44	0.109955
44	0.193005
44	0.183847
44	0.233771
44	0.153761
44	0.186572
44	0.196048
44	0.214568
44	0.127806
44	0.194597
44	0.219413
44	0.241951
46	0.265074
46	0.170209
46	0.140243
46	0.19274
46	0.228405
46	0.188095
46	0.260173
46	0.300588
46	0.194029
46	0.283377
46	0.102301
46	0.153308
46	0.21799
46	0.218908
46	0.143904
46	0.156754
46	0.271207
46	0.247411
46	0.235286
46	0.256246
46	0.245415
46	0.198421
46	0.148011
46	0.167225
46	0.169323
46	0.202581
46	0.191875
46	0.16362
46	0.269141
46	0.171003
46	0.20817
46	0.215918
46	0.163061
46	0.231966
46	0.21468
46	0.263555
46	0.188825
46	0.217244
46	0.143168
46	0.231032
46	0.270997
46	0.325959
46	0.192631
46	0.257132
46	0.249155
46	0.147846
46	0.206548
46	0.209995
46	0.130037
46	0.156912
46	0.238525
46	0.265932
46	0.289949
46	0.294596
46	0.105684
46	0.305033
46	0.1398
46	0.142228
46	0.130888
46	0.180163
46	0.194557
46	0.172771
46	0.20586
46	0.219148
46	0.264527
46	0.31085
46	0.122719
46	0.19315
46	0.240111
46	0.214777
46	0.202509
46	0.305989
46	0.170802
46	0.216913
46	0.176437
46	0.31303
46	0.234519
46	0.192736
46	0.258812
46	0.22668
46	0.168607
46	0.219168
46	0.11093
46	0.208525
46	0.11609
46	0.298838
46	0.16472
46	0.206648
46	0.198342
46	0.0771853
46	0.196319
46	0.163078
46	0.255465
46	0.245295
46	0.269928
46	0.0916886
46	0.26351
46	0.169434
46	0.247531
46	0.304374
48	0.19894
48	0.192794
48	0.274744
48	0.124998
48	0.229913
48	0.0858288
48	0.219978
48	0.232969
48	0.286685
48	0.218227
48	0.300664
48	0.244845
48	0.181424
48	0.176047
48	0.217611
48	0.178359
48	0.195498
48	0.212473
48	0.223999
48	0.119964
48	0.255798
48	0.105249
48	0.263767
48	0.0633729
48	0.240772
48	0.216645
48	0.174689
48	0.20592
48	0.311946
48	0.247684
48	0.279923
48	0.131063
48	0.264325
48	0.240527
48	0.194813
48	0.208477
48	0.211575
48	0.145734
48	0.302468
48	0.216373
48	0.131562
48	0.0666544
48	0.253972
48	0.163961
48	0.229719
48	0.163229
48	0.177199
48	0.193748
48	0.252662
48	0.311887
48	0.214645
48	0.279592
48	0.287897
48	0.202307
48	0.13553
48	0.174405
48	0.112952
48	0.147679
48	0.145487
48	0.231393
48	0.235886
48	0.221309
48	0.273968
48	0.279821
48	0.162149
48	0.179857
48	0.20812
48	0.0981631
48	0.144638
48	0.163708
48	0.232618
48	0.128238
48	0.188386
48	0.276485
48	0.269676
48	0.153014
48	0.144013
48	0.360989
48	0.203532
48	0.23147
48	0.144962
48	0.202673
48	0.265297
48	0.273136
48	0.157724
48	0.143142
48	0.135134
48	0.290685
48	0.215711
48	0.174764
48	0.150614
48	0.230952
48	0.169519
48	0.106795
48	0.218766
48	0.195221
48	0.197678
48	0.19238
48	0.251155
48	0.105409
50	0.346264
50	0.165053
50	0.138162
50	0.222263
50	0.282267
50	0.194022
50	0.216183
50	0.137084
50	0.253621
50	0.188717
50	0.139899
50	0.254795
50	0.253703
50	0.231998
50	0.227346
50	0.134277
50	0.308239
50	0.130564
50	0.176052
50	0.247122
50	0.13632
50	0.137346
50	0.266851
50	0.309661
50	0.228675
50	0.199083
50	0.201936
50	0.299571
50	0.267389
50	0.187336
50	0.175626
50	0.200508
50	0.149577
50	0.190014
50	0.168764
50	0.213521
50	0.27411
50	0.285443
50	0.206383
50	0.231535
50	0.200242
50	0.153464
50	0.192455
50	0.235261
50	0.211706
50	0.23832
50	0.16872
50	0.172166
50	0.204964
50	0.361839
50	0.128428
50	0.163195
50	0.0999158
50	0.175522
50	0.199369
50	0.168885
50	0.27696
50	0.227144
50	0.0875312
50	0.249735
50	0.150727
50	0.189721
50	0.195744
50	0.202653
50	0.210615
50	0.147018
50	0.402457
50	0.188456
50	0.237584
50	0.188262
50	0.203017
50	0.182023
50	0.299669
50	0.188711
50	0.177304
50	0.149276
50	0.16631
50	0.1348
50	0.162399
50	0.157572
50	0.205259
50	0.128885
50	0.204815
50	0.197161
50	0.195681
50	0.216726
50	0.195687
50	0.211479
50	0.123573
50	0.132268
50	0.246029
50	0.176065
50	0.132642
50	0.215415
50	0.174947
50	0.269881
50	0.139155
50	0.172187
50	0.169849
50	0.302992
52	0.134802
52	0.0808157
52	0.292367
52	0.219245
52	0.268353
52	0.268278
52	0.212096
52	0.154591
52	0.169584
52	0.216858
52	0.120645
52	0.137642
52	0.268989
52	0.199942
52	0.209713
52	0.115702
52	0.108547
52	0.164242
52	0.198341
52	0.117604
52	0.186337
52	0.249874
52	0.175084
52	0.211813
52	0.250386
52	0.18706
52	0.140642
52	0.132211
52	0.114984
52	0.186844
52	0.171853
52	0.217285
52	0.311224
52	0.162051
52	0.254393
52	0.117093
52	0.132246
52	0.28862
52	0.212146
52	0.137142
52	0.129716
52	0.238249
52	0.221774
52	0.200525
52	0.215609
52	0.257534
52	0.193455
52	0.190122
52	0.149144
52	0.156775
52	0.214179
52	0.114393
52	0.169283
52	0.214868
52	0.259963
52	0.20032
52	0.22792
52	0.20325
52	0.191023
52	0.140058
52	0.174053
52	0.176345
52	0.265405
52	0.219172
52	0.158938
52	0.270456
52	0.264906
52	0.265173
52	0.208105
52	0.0549182
52	0.158
52	0.234435
52	0.0696075
52	0.114024
52	0.236799
52	0.164912
52	0.173196
52	0.300522
52	0.233118
52	0.220924
52	0.220426
52	0.11426
52	0.181634
52	0.145291
52	0.205955
52	0.176841
52	0.217353
52	0.240752
52	0.156784
52	0.0865681
52	0.134307
52	0.186926
52	0.208124
52	0.239585
52	0.0984305
52	0.0974716
52	0.256812
52	0.166325
52	0.112239
52	0.20446
54	0.264216
54	0.233704
54	0.193358
54	0.216015
54	0.11135
54	0.16009
54	0.121208
54	0.163628
54	0.185833
54	0.13135
54	0.192948
54	0.21952
54	0.178337
54	0.190173
54	0.130085
54	0.203727
54	0.159782
54	0.183117
54	0.155906
54	0.197402
54	0.186688
54	0.322014
54	0.261537
54	0.146095
54	0.196858
54	0.119128
54	0.112997
54	0.169374
54	0.264894
54	0.205627
54	0.250815
54	0.18162
54	0.219954
54	0.160567
54	0.218227
54	0.113363
54	0.283839
54	0.187299
54	0.134537
54	0.225695
54	0.154622
54	0.216339
54	0.207839
54	0.218157
54	0.128988
54	0.271631
54	0.164517
54	0.162392
54	0.125358
54	0.170714
54	0.267202
54	0.159996
54	0.241465
54	0.203902
54	0.192735
54	0.171868
54	0.0899101
54	0.0727073
54	0.171363
54	0.182468
54	0.27543
54	0.321784
54	0.194753
54	0.256583
54	0.090998
54	0.185695
54	0.376675
54	0.142995
54	0.213913
54	0.106332
54	0.156557
54	0.223638
54	0.0824609
54	0.144871
54	0.291108
54	0.128722
54	0.216198
54	0.149367
54	0.0726539
54	0.210715
54	0.281094
54	0.155999
54	0.159583
54	0.204832
54	0.141589
54	0.208977
54	0.185895
54	0.222759
54	0.235228
54	0.208546
54	0.224521
54	0.209152
54	0.161465
54	0.121578
54	0.147041
54	0.150467
54	0.171314
54	0.13402
54	0.250428
54	0.173968
56	0.176161
56	0.0910201
56	0.182196
56	0.208867
56	0.350884
56	0.193212
56	0.181527
56	0.103843
56	0.087098
56	0.168968
56	0.181281
56	0.084887
56	0.203508
56	0.187142
56	0.212536
56	0.232372
56	0.165456
56	0.232973
56	0.225496
56	0.230875
56	0.202307
56	0.179752
56	0.206463
56	0.152821
56	0.105095
56	0.208562
56	0.157877
56	0.2524
56	0.20186
56	0.172981
56	0.212341
56	0.142241
56	0.140553
56	0.202407
56	0.20641
56	0.220669
56	0.185351
56	0.108702
56	0.204966
56	0.30713
56	0.194039
56	0.112411
56	0.154835
56	0.0809746
56	0.166657
56	0.149562
56	0.151538
56	0.232684
56	0.248683
56	0.204779
56	0.240212
56	0.190213
56	0.174592
56	0.245852
56	0.21098
56	0.217476
56	0.208179
56	0.160567
56	0.192888
56	0.237777
56	0.249961
56	0.0897679
56	0.181745
56	0.247001
56	0.154669
56	0.234647
56	0.0814279
56	0.17279
56	0.149887
56	0.122253
56	0.151408
56	0.13894
56	0.169424
56	0.234265
56	0.131313
56	0.148446
56	0.182099
56	0.190696
56	0.162951
56	0.2694
56	0.169379
56	0.156755
56	0.110034
56	0.174927
56	0.164584
56	0.191543
56	0.0381877
56	0.203038
56	0.281197
56	0.161914
56	0.144336
56	0.203842
56	0.178126
56	0.238569
56	0.188086
56	0.279497
56	0.104552
56	0.305277
56	0.16804
56	0.220969
58	0.130229
58	0.224814
58	0.111681
58	0.183502
58	0.210518
58	0.236468
58	0.184398
58	0.160811
58	0.143039
58	0.198977
58	0.195817
58	0.222741
58	0.168146
58	0.11197
58	0.161106
58	0.181927
58	0.242242
58	0.162617
58	0.196294
58	0.096697
58	0.200493
58	0.217242
58	0.210637
58	0.149478
58	0.180554
58	0.0959989
58	0.171084
58	0.141222
58	0.189917
58	0.24823
58	0.203832
58	0.16438
58	0.150307
58	0.111977
58	0.144807
58	0.297646
58	0.141225
58	0.325973
58	0.16381
58	0.191348
58	0.107001
58	0.228643
58	0.183091
58	0.0984892
58	0.228987
58	0.131971
58	0.165799
58	0.174426
58	0.219624
58	0.1727
58	0.119027
58	0.186374
58	0.330011
58	0.180913
58	0.153492
58	0.199418
58	0.140386
58	0.183131
58	0.284032
58	0.117421
58	0.205374
58	0.161402
58	0.156397
58	0.238134
58	0.115125
58	0.175016
58	0.319416
58	0.191084
58	0.299757
58	0.165518
58	0.200605
58	0.278108
58	0.225454
58	0.12017
58	0.162172
58	0.300741
58	0.177734
58	0.132973
58	0.184262
58	0.223418
58	0.0949982
58	0.241279
58	0.23064
58	0.196972
58	0.143771
58	0.180026
58	0.216297
58	0.231435
58	0.199103
58	0.250451
58	0.16762
58	0.207599
58	0.188564
58	0.198609
58	0.129989
58	0.223101
58	0.237038
58	0.188219
58	0.147645
58	0.109216
60	0.133286
60	0.164278
60	0.123338
60	0.169859
60	0.234878
60	0.143791
60	0.259537
60	0.107865
60	0.177145
60	0.319844
60	0.180541
60	0.202539
60	0.157644
60	0.246208
60	0.166995
60	0.152831
60	0.120743
60	0.258112
60	0.190192
60	0.13657
60	0.241039
60	0.220265
60	0.240684
60	0.20997
60	0.138631
60	0.196413
60	0.111759
60	0.191955
60	0.205137
60	0.191516
60	0.222132
60	0.176316
60	0.157544
60	0.259534
60	0.15873
60	0.125609
60	0.194591
60	0.110548
60	0.126905
60	0.172283
60	0.187971
60	0.227518
60	0.181928
60	0.122736
60	0.214008
60	0.159927
60	0.196554
60	0.23123
60	0.258277
60	0.13407
60	0.314482
60	0.070167
60	0.228349
60	0.231265
60	0.234597
60	0.245218
60	0.15094
60	0.229238
60	0.165037
60	0.105556
60	0.182432
60	0.119735
60	0.157969
60	0.165894
60	0.245507
60	0.242856
60	0.165982
60	0.167172
60	0.137804
60	0.157741
60	0.108203
60	0.117944
60	0.262289
60	0.213687
60	0.0934487
60	0.193184
60	0.186133
60	0.221105
60	0.14309
60	0.108438
60	0.201782
60	0.243259
60	0.184851
60	0.152311
60	0.199866
60	0.127654
60	0.179136
60	0.148527
60	0.0880391
60	0.192161
60	0.332319
60	0.125006
60	0.118799
60	0.179198
60	0.207526
60	0.207358
60	0.128579
60	0.210844
60	0.204577
60	0.129095
62	0.181636
62	0.284921
62	0.139659
62	0.244603
62	0.167928
62	0.207279
62	0.199148
62	0.155204
62	0.16063
62	0.36108
62	0.20821
62	0.185727
62	0.194344
62	0.083624
62	0.247256
62	0.134863
62	0.197981
62	0.166387
62	0.220348
62	0.202218
62	0.192778
62	0.201495
62	0.193294
62	0.173937
62	0.161046
62	0.230314
62	0.0871164
62	0.224745
62	0.129894
62	0.183253
62	0.163005
62	0.24563
62	0.186826
62	0.159559
62	0.136763
62	0.108513
62	0.289049
62	0.10308
62	0.168746
62	0.183345
62	0.143206
62	0.146015
62	0.115215
62	0.243259
62	0.236939
62	0.111107
62	0.258517
62	0.1853
62	0.175671
62	0.236258
62	0.183999
62	0.119526
62	0.245842
62	0.130086
62	0.13794
62	0.143723
62	0.0955838
62	0.260781
62	0.215516
62	0.152037
62	0.12972
62	0.158272
62	0.170231
62	0.237803
62	0.186561
62	0.156954
62	0.0851363
62	0.166227
62	0.122113
62	0.146666
62	0.179792
62	0.27069
62	0.373204
62	0.229796
62	0.24837
62	0.112806
62	0.324028
62	0.139622
62	0.216761
62	0.213368
62	0.136859
62	0.152803
62	0.188531
62	0.206456
62	0.142251
62	0.186384
62	0.307538
62	0.105726
62	0.122164
62	0.219054
62	0.157726
62	0.166916
62	0.261564
62	0.305016
62	0.190823
62	0.246007
62	0.0921439
62	0.150333
62	0.164184
62	0.220589
64	0.219064
64	0.128174
64	0.126597
64	0.173414
64	0.127417
64	0.225968
64	0.136954
64	0.231145
64	0.261457
64	0.177556
64	0.221907
64	0.122341
64	0.130471
64	0.118264
64	0.168469
64	0.200223
64	0.256
64	0.177482
64	0.114538
64	0.180163
64	0.219526
64	0.230822
64	0.130083
64	0.174576
64	0.106736
64	0.199349
64	0.130844
64	0.137777
64	0.143727
64	0.320628
64	0.281685
64	0.185649
64	0.196889
64	0.189737
64	0.0736803
64	0.24694
64	0.117119
64	0.115277
64	0.0755671
64	0.128029
64	0.175168
64	0.151423
64	0.225536
64	0.137335
64	0.153745
64	0.260555
64	0.182506
64	0.132062
64	0.246533
64	0.141202
64	0.165741
64	0.240172
64	0.16667
64	0.174879
64	0.133145
64	0.142759
64	0.188054
64	0.226609
64	0.109686
64	0.108278
64	0.235688
64	0.13096
64	0.164401
64	0.164672
64	0.25404
64	0.106805
64	0.234492
64	0.174668
64	0.182682
64	0.100957
64	0.181589
64	0.181145
64	0.2151
64	0.266062
64	0.171406
64	0.176643
64	0.190253
64	0.135812
64	0.107923
64	0.218242
64	0.106989
64	0.240721
64	0.176682
64	0.153262
64	0.110248
64	0.20889
64	0.233637
64	0.188521
64	0.219677
64	0.120611
64	0.223961
64	0.0928509
64	0.218638
64	0.136229
64	0.146729
64	0.191592
64	0.246038
64	0.234057
64	0.197678
64	0.277213
66	0.174665
66	0.196075
66	0.311079
66	0.149498
66	0.27134
66	0.161256
66	0.138689
66	0.197682
66	0.208583
66	0.143511
66	0.134766
66	0.183158
66	0.280949
66	0.136047
66	0.233042
66	0.169978
66	0.190815
66	0.157666
66	0.195516
66	0.24379
66	0.229978
66	0.19084
66	0.1808
66	0.21044
66	0.221838
66	0.215776
66	0.174151
66	0.228496
66	0.190934
66	0.211136
66	0.203678
66	0.218739
66	0.134171
66	0.139694
66	0.141656
66	0.0972876
66	0.123844
66	0.17744
66	0.0738572
66	0.135123
66	0.231986
66	0.15318
66	0.149982
66	0.274264
66	0.215823
66	0.146688
66	0.163051
66	0.2779
66	0.0967124
66	0.158766
66	0.17658
66	0.104531
66	0.133136
66	0.18346
66	0.221935
66	0.164788
66	0.199715
66	0.276369
66	0.164233
66	0.123608
66	0.121906
66	0.229536
66	0.177208
66	0.168681
66	0.199009
66	0.100994
66	0.238368
66	0.127652
66	0.24635
66	0.207195
66	0.254627
66	0.218112
66	0.212821
66	0.116873
66	0.120064
66	0.148574
66	0.210385
66	0.155299
66	0.144447
66	0.234549
66	0.155931
66	0.120073
66	0.200853
66	0.272229
66	0.109564
66	0.152224
66	0.115279
66	0.186867
66	0.212421
66	0.179654
66	0.145273
66	0.153836
66	0.144308
66	0.207155
66	0.1752
66	0.143557
66	0.153388
66	0.179777
66	0.157903
66	0.156511
68	0.0934725
68	0.134885
68	0.085148
68	0.25962
68	0.138055
68	0.152734
68	0.18346
68	0.182122
68	0.171356
68	0.237127
68	0.233427
68	0.120791
68	0.211417
68	0.190887
68	0.222604
68	0.309422
68	0.115465
68	0.179417
68	0.217938
68	0.127485
68	0.230205
68	0.199001
68	0.181602
68	0.106038
68	0.19688
68	0.200425
68	0.219102
68	0.248045
68	0.163893
68	0.198356
68	0.120533
68	0.0967957
68	0.152913
68	0.137014
68	0.0673792
68	0.140811
68	0.161303
68	0.126172
68	0.0819563
68	0.220906
68	0.216168
68	0.234819
68	0.175749
68	0.213415
68	0.162947
68	0.168449
68	0.14946
68	0.306371
68	0.171894
68	0.196187
68	0.304121
68	0.123419
68	0.215271
68	0.204747
68	0.147022
68	0.177557
68	0.237685
68	0.140437
68	0.215138
68	0.171039
68	0.122151
68	0.113608
68	0.160127
68	0.218307
68	0.130859
68	0.152281
68	0.221336
68	0.13975
68	0.0964431
68	0.0557041
68	0.150417
68	0.163956
68	0.155304
68	0.0788148
68	0.142464
68	0.153998
68	0.175994
68	0.132646
68	0.259228
68	0.165587
68	0.221934
68	0.260347
68	0.190199
68	0.191771
68	0.100091
68	0.180008
68	0.173323
68	0.147341
68	0.198059
68	0.228129
68	0.210901
68	0.230954
68	0.12261
68	0.192571
68	0.242389
68	0.173382
68	0.100713
68	0.158933
68	0.170028
68	0.127983
70	0.167683
70	0.21282
70	0.0901824
70	0.208196
70	0.143369
70	0.207433
70	0.214151
70	0.166091
70	0.0582945
70	0.183451
70	0.155737
70	0.114293
70	0.182955
70	0.183
70	0.119851
70	0.121136
70	0.178977
70	0.215326
70	0.142787
70	0.145653
70	0.0800615
70	0.215156
70	0.189206
70	0.181728
70	0.247217
70	0.148605
70	0.201323
70	0.144018
70	0.201201
70	0.154249
70	0.148003
70	0.181814
70	0.117151
70	0.149212
70	0.210079
70	0.193606
70	0.151454
70	0.112511
70	0.0719083
70	0.166107
70	0.24021
70	0.326367
70	0.193319
70	0.132574
70	0.191221
70	0.165172
70	0.170378
70	0.238225
70	0.146154
70	0.154969
70	0.143396
70	0.105655
70	0.293417
70	0.201325
70	0.132812
70	0.270586
70	0.126859
70	0.129619
70	0.211595
70	0.177451
70	0.237049
70	0.155564
70	0.22065
70	0.247322
70	0.203334
70	0.161478
70	0.10406
70	0.190719
70	0.200478
70	0.220364
70	0.168431
70	0.182572
70	0.075953
70	0.136537
70	0.168569
70	0.274059
70	0.130124
70	0.169983
70	0.135318
70	0.171721
70	0.189972
70	0.141642
70	0.113129
70	0.201484
70	0.207591
70	0.0912188
70	0.259531
70	0.192913
70	0.255309
70	0.23551
70	0.19624
70	0.204459
70	0.156412
70	0.141825
70	0.194408
70	0.29792
70	0.236405
70	0.169022
70	0.157305
70	0.1389
72	0.180155
72	0.228726
72	0.272205
72	0.173882
72	0.147437
72	0.0876999
72	0.207153
72	0.203127
72	0.222504
72	0.206559
72	0.108861
72	0.143445
72	0.199159
72	0.160156
72	0.0938126
72	0.209486
72	0.243704
72	0.0863002
72	0.103688
72	0.121486
72	0.252433
72	0.0911939
72	0.103875
72	0.217745
72	0.164734
72	0.213835
72	0.134276
72	0.117591
72	0.209809
72	0.105474
72	0.199524
72	0.164167
72	0.19982
72	0.19657
72	0.151858
72	0.132668
72	0.216162
72	0.118073
72	0.198402
72	0.136641
72	0.313013
72	0.1955
72	0.179063
72	0.153453
72	0.300837
72	0.0989951
72	0.159964
72	0.167564
72	0.347963
72	0.155254
72	0.208287
72	0.205358
72	0.185616
72	0.197727
72	0.182984
72	0.0820551
72	0.0419355
72	0.245118
72	0.173881
72	0.167951
72	0.119831
72	0.162384
72	0.149152
72	0.115473
72	0.247767
72	0.0629218
72	0.103604
72	0.0480775
72	0.136988
72	0.167019
72	0.123773
72	0.15185
72	0.216871
72	0.144761
72	0.0694601
72	0.172749
72	0.228651
72	0.139007
72	0.200992
72	0.240056
72	0.11558
72	0.107452
72	0.130937
72	0.142536
72	0.210151
72	0.150857
72	0.119934
72	0.1739
72	0.137406
72	0.13976
72	0.199638
72	0.150234
72	0.149066
72	0.12039
72	0.099776
72	0.181095
72	0.226693
72	0.253209
72	0.103648
72	0.181496
74	0.175629
74	0.327332
74	0.176361
74	0.0969601
74	0.191506
74	0.169665
74	0.235799
74	0.102302
74	0.181858
74	0.115888
74	0.166865
74	0.140025
74	0.185753
74	0.150117
74	0.203936
74	0.198768
74	0.0669869
74	0.206323
74	0.242258
74	0.245313
74	0.163389
74	0.168926
74	0.150226
74	0.298508
74	0.22948
74	0.16836
74	0.184312
74	0.146256
74	0.1347
74	0.314096
74	0.142633
74	0.199384
74	0.0942696
74	0.155981
74	0.170486
74	0.121301
74	0.218835
74	0.0868247
74	0.194223
74	0.154655
74	0.115212
74	0.168651
74	0.238796
74	0.185945
74	0.239897
74	0.190733
74	0.157989
74	0.240872
74	0.242538
74	0.162463
74	0.236326
74	0.127571
74	0.112622
74	0.11073
74	0.199603
74	0.126811
74	0.266492
74	0.145365
74	0.0773095
74	0.27356
74	0.2815
74	0.131989
74	0.108449
74	0.122811
74	0.150963
74	0.167403
74	0.19241
74	0.160265
74	0.130647
74	0.118986
74	0.0966102
74	0.128302
74	0.175488
74	0.170296
74	0.170043
74	0.168336
74	0.054587
74	0.270288
74	0.161189
74	0.156952
74	0.135085
74	0.250507
74	0.196021
74	0.177506
74	0.14666
74	0.16199
74	0.0704525
74	0.27408
74	0.0742644
74	0.151154
74	0.0609
74	0.219204
74	0.131807
74	0.235982
74	0.193781
74	0.139978
74	0.114732
74	0.126756
74	0.134468
74	0.154534
76	0.0795762
76	0.247598
76	0.163333
76	0.202652
76	0.10871
76	0.202807
76	0.208554
76	0.159668
76	0.235275
76	0.119425
76	0.107273
76	0.158287
76	0.162607
76	0.149041
76	0.0791031
76	0.179934
76	0.156307
76	0.10539
76	0.191796
76	0.118925
76	0.113165
76	0.104343
76	0.253504
76	0.12948
76	0.257802
76	0.128939
76	0.263011
76	0.205328
76	0.183532
76	0.22225
76	0.161946
76	0.096256
76	0.181089
76	0.120517
76	0.165328
76	0.166782
76	0.125753
76	0.10778
76	0.287899
76	0.22572
76	0.219221
76	0.121358
76	0.146802
76	0.0842573
76	0.149051
76	0.104131
76	0.149799
76	0.134668
76	0.183151
76	0.156077
76	0.128883
76	0.131047
76	0.194929
76	0.16099
76	0.18236
76	0.251191
76	0.22365
76	0.127593
76	0.155856
76	0.143317
76	0.103865
76	0.063938
76	0.144376
76	0.28154
76	0.210041
76	0.111327
76	0.184308
76	0.125056
76	0.0900915
76	0.185165
76	0.138094
76	0.187522
76	0.195538
76	0.221933
76	0.230736
76	0.192114
76	0.172463
76	0.18342
76	0.126781
76	0.148633
76	0.224377
76	0.196832
76	0.184191
76	0.118261
76	0.171789
76	0.150485
76	0.153653
76	0.294371
76	0.169865
76	0.13412
76	0.209936
76	0.200345
76	0.210303
76	0.173454
76	0.181403
76	0.140363
76	0.0668877
76	0.0848835
76	0.170819
76	0.180465
78	0.0594994
78	0.218003
78	0.150251
78	0.262247
78	0.187749
78	0.0797929
78	0.174039
78	0.098245
78	0.244791
78	0.238123
78	0.145997
78	0.157564
78	0.306828
78	0.148149
78	0.165755
78	0.221072
78	0.256799
78	0.2065
78	0.280857
78	0.0440217
78	0.197571
78	0.153159
78	0.222658
78	0.175873
78	0.157439
78	0.143206
78	0.111025
78	0.175416
78	0.162317
78	0.251695
78	0.0657936
78	0.171914
78	0.152015
78	0.205869
78	0.273313
78	0.0764799
78	0.233222
78	0.16372
78	0.171375
78	0.122625
78	0.112435
78	0.133079
78	0.174199
78	0.151317
78	0.178073
78	0.182224
78	0.237404
78	0.277783
78	0.100479
78	0.165449
78	0.142787
78	0.151831
78	0.196305
78	0.132714
78	0.129072
78	0.185712
78	0.241855
78	0.22731
78	0.198583
78	0.193321
78	0.231783
78	0.177666
78	0.115697
78	0.144795
78	0.231433
78	0.140051
78	0.145415
78	0.187
78	0.152307
78	0.0883883
78	0.106285
78	0.118491
78	0.0893351
78	0.182116
78	0.195676
78	0.205535
78	0.104454
78	0.239197
78	0.142772
78	0.212583
78	0.244294
78	0.170016
78	0.102111
78	0.204546
78	0.184908
78	0.164088
78	0.195461
78	0.128325
78	0.144112
78	0.226056
78	0.177974
78	0.202918
78	0.179435
78	0.108559
78	0.193089
78	0.13961
78	0.182212
78	0.155644
78	0.23267
78	0.162197
80	0.105694
80	0.209868
80	0.181626
80	0.215416
80	0.117297
80	0.12858
80	0.152579
80	0.162015
80	0.190093
80	0.172903
80	0.153839
80	0.180875
80	0.21744
80	0.150709
80	0.101876
80	0.165842
80	0.129963
80	0.145835
80	0.20045
80	0.131696
80	0.0642469
80	0.13438
80	0.164735
80	0.143085
80	0.125947
80	0.251469
80	0.23024
80	0.11661
80	0.188444
80	0.263053
80	0.182686
80	0.225443
80	0.23222
80	0.243089
80	0.326109
80	0.0717581
80	0.118375
80	0.133361
80	0.253479
80	0.173252
80	0.0946097
80	0.169752
80	0.162197
80	0.179234
80	0.162636
80	0.165706
80	0.143198
80	0.148616
80	0.295108
80	0.109817
80	0.162575
80	0.116735
80	0.176847
80	0.192913
80	0.178393
80	0.138371
80	0.200966
80	0.161884
80	0.133406
80	0.141255
80	0.191837
80	0.133552
80	0.196618
80	0.158789
80	0.118696
80	0.191587
80	0.172027
80	0.100215
80	0.219072
80	0.144442
80	0.12448
80	0.25729
80	0.133296
80	0.263494
80	0.224597
80	0.217451
80	0.251039
80	0.182399
80	0.266341
80	0.17906
80	0.197325
80	0.290863
80	0.180239
80	0.158447
80	0.138548
80	0.183467
80	0.100997
80	0.178395
80	0.0898618
80	0.243506
80	0.220319
80	0.175519
80	0.164247
80	0.167505
80	0.162502
80	0.200713
80	0.194393
80	0.108534
80	0.128082
80	0.175067
82	0.231297
82	0.273786
82	0.216011
82	0.176604
82	0.229724
82	0.155845
82	0.19339
82	0.151271
82	0.172181
82	0.209867
82	0.121278
82	0.203231
82	0.0702087
82	0.198695
82	0.199942
82	0.120593
82	0.259783
82	0.225585
82	0.159321
82	0.135416
82	0.215006
82	0.213631
82	0.148545
82	0.287839
82	0.156844
82	0.217234
82	0.206655
82	0.162306
82	0.191588
82	0.177051
82	0.266769
82	0.171541
82	0.206702
82	0.120278
82	0.143117
82	0.207847
82	0.22187
82	0.205117
82	0.254501
82	0.24464
82	0.200844
82	0.248081
82	0.147422
82	0.150638
82	0.106969
82	0.15265
82	0.0835355
82	0.110537
82	0.165554
82	0.12121
82	0.199059
82	0.121084
82	0.169868
82	0.145442
82	0.214004
82	0.124089
82	0.226156
82	0.315298
82	0.175343
82	0.296771
82	0.183156
82	0.187416
82	0.111601
82	0.147506
82	0.19905
82	0.167383
82	0.199885
82	0.0971569
82	0.209702
82	0.161892
82	0.146285
82	0.216012
82	0.22584
82	0.109654
82	0.121275
82	0.165771
82	0.0945535
82	0.218686
82	0.0780834
82	0.0663102
82	0.284386
82	0.113388
82	0.293856
82	0.158243
82	0.172459
82	0.196489
82	0.149873
82	0.297791
82	0.22507
82	0.269226
82	0.193482
82	0.24299
82	0.199492
82	0.255991
82	0.128361
82	0.17008
82	0.155932
82	0.147577
82	0.221012
82	0.21529
84	0.182367
84	0.171851
84	0.163042
84	0.132747
84	0.152892
84	0.128408
84	0.154725
84	0.137108
84	0.118355
84	0.204529
84	0.132329
84	0.106732
84	0.178308
84	0.217294
84	0.101448
84	0.0952146
84	0.104157
84	0.273507
84	0.0686812
84	0.143133
84	0.178289
84	0.104479
84	0.180687
84	0.140534
84	0.107772
84	0.217589
84	0.195598
84	0.0873662
84	0.106763
84	0.144691
84	0.17197
84	0.275094
84	0.283401
84	0.30033
84	0.110869
84	0.160228
84	0.221509
84	0.14571
84	0.312575
84	0.0457733
84	0.0775142
84	0.109702
84	0.171672
84	0.163141
84	0.190236
84	0.255202
84	0.133545
84	0.123697
84	0.122854
84	0.148954
84	0.163565
84	0.100198
84	0.201944
84	0.170286
84	0.139946
84	0.2809
84	0.18145
84	0.181862
84	0.133036
84	0.237851
84	0.143492
84	0.230068
84	0.259892
84	0.110078
84	0.127476
84	0.163809
84	0.198151
84	0.129996
84	0.17567
84	0.251352
84	0.122985
84	0.164218
84	0.0633027
84	0.29793
84	0.239414
84	0.194658
84	0.175323
84	0.337892
84	0.113106
84	0.154454
84	0.0893121
84	0.190881
84	0.182076
84	0.107646
84	0.246721
84	0.252393
84	0.220699
84	0.128013
84	0.103329
84	0.204892
84	0.117271
84	0.191002
84	0.100557
84	0.242557
84	0.297579
84	0.28776
84	0.0962383
84	0.150528
84	0.230019
84	0.183781
86	0.198157
86	0.222129
86	0.147152
86	0.308017
86	0.13324
86	0.0776746
86	0.0790675
86	0.164137
86	0.206797
86	0.0741029
86	0.242777
86	0.204368
86	0.303703
86	0.131939
86	0.216909
86	0.127626
86	0.0610326
86	0.178901
86	0.117066
86	0.17567
86	0.201691
86	0.230663
86	0.23975
86	0.149566
86	0.130158
86	0.190562
86	0.107737
86	0.129168
86	0.164326
86	0.234613
86	0.13179
86	0.149168
86	0.156865
86	0.161863
86	0.13026
86	0.155394
86	0.123123
86	0.281455
86	0.0674521
86	0.177821
86	0.138755
86	0.110168
86	0.212265
86	0.222752
86	0.105713
86	0.199092
86	0.212445
86	0.178686
86	0.185225
86	0.131601
86	0.188871
86	0.183608
86	0.109764
86	0.151025
86	0.069803
86	0.18551
86	0.127025
86	0.168058
86	0.264527
86	0.212874
86	0.244593
86	0.169017
86	0.174698
86	0.174746
86	0.21763
86	0.06986
86	0.191956
86	0.0945954
86	0.120317
86	0.190237
86	0.227635
86	0.152448
86	0.192848
86	0.164751
86	0.11367
86	0.266234
86	0.235901
86	0.330884
86	0.214191
86	0.182731
86	0.192386
86	0.231242
86	0.179943
86	0.137474
86	0.245171
86	0.160188
86	0.0630243
86	0.218769
86	0.202563
86	0.187226
86	0.15219
86	0.210026
86	0.172459
86	0.143921
86	0.171737
86	0.181425
86	0.0739793
86	0.162176
86	0.185803
86	0.19941
88	0.199119
88	0.236249
88	0.144611
88	0.184913
88	0.304896
88	0.25841
88	0.235157
88	0.228962
88	0.239037
88	0.214395
88	0.187531
88	0.108234
88	0.261563
88	0.21498
88	0.204161
88	0.135503
88	0.132366
88	0.112241
88	0.152782
88	0.178749
88	0.0954147
88	0.189844
88	0.141476
88	0.133493
88	0.13669
88	0.163195
88	0.131774
88	0.157086
88	0.214915
88	0.197952
88	0.165137
88	0.0998952
88	0.0870562
88	0.239429
88	0.192948
88	0.168685
88	0.171188
88	0.118227
88	0.172539
88	0.180589
88	0.224681
88	0.167435
88	0.138241
88	0.231845
88	0.184801
88	0.142457
88	0.266808
88	0.177381
88	0.177141
88	0.139578
88	0.134899
88	0.0842247
88	0.113544
88	0.0952515
88	0.138037
88	0.184862
88	0.113325
88	0.0688629
88	0.174534
88	0.225112
88	0.180884
88	0.305038
88	0.116011
88	0.10539
88	0.210972
88	0.134828
88	0.109864
88	0.196276
88	0.236892
88	0.148364
88	0.169084
88	0.117594
88	0.110755
88	0.135289
88	0.142078
88	0.236712
88	0.22943
88	0.0655098
88	0.212056
88	0.245434
88	0.204761
88	0.231771
88	0.138953
88	0.152099
88	0.145985
88	0.181362
88	0.182889
88	0.142514
88	0.238058
88	0.16234
88	0.197908
88	0.0885867
88	0.136847
88	0.222456
88	0.164671
88	0.154057
88	0.226618
88	0.260096
88	0.177021
88	0.138327
90	0.218802
90	0.169544
90	0.115669
90	0.15983
90	0.194348
90	0.227577
90	0.207041
90	0.170698
90	0.0969096
90	0.0987293
90	0.163733
90	0.164998
90	0.12421
90	0.252377
90	0.160778
90	0.190216
90	0.25791
90	0.107107
90	0.239948
90	0.183358
90	0.255563
90	0.181957
90	0.144669
90	0.156897
90	0.222364
90	0.151424
90	0.142672
90	0.157316
90	0.264237
90	0.226315
90	0.211252
90	0.149601
90	0.216926
90	0.160498
90	0.177449
90	0.149411
90	0.164618
90	0.192862
90	0.0938738
90	0.162155
90	0.165908
90	0.167056
90	0.301427
90	0.17982
90	0.115275
90	0.0931599
90	0.115493
90	0.184612
90	0.28262
90	0.154651
90	0.169094
90	0.177937
90	0.182711
90	0.258707
90	0.158184
90	0.200565
90	0.156392
90	0.200434
90	0.145964
90	0.17661
90	0.143834
90	0.115358
90	0.201673
90	0.202254
90	0.209697
90	0.154432
90	0.207176
90	0.205329
90	0.158244
90	0.198238
90	0.181127
90	0.23064
90	0.145074
90	0.142724
90	0.226417
90	0.220349
90	0.185039
90	0.161487
90	0.155497
90	0.206512
90	0.090908
90	0.160767
90	0.193727
90	0.14341
90	0.220542
90	0.13763
90	0.157906
90	0.277403
90	0.112153
90	0.0870577
90	0.156897
90	0.120118
90	0.185497
90	0.220887
90	0.152167
90	0.146423
90	0.186004
90	0.287253
90	0.13756
90	0.225933
92	0.187434
92	0.236214
92	0.108187
92	0.172536
92	0.146359
92	0.254477
92	0.143678
92	0.233063
92	0.155267
92	0.29334
92	0.248267
92	0.198804
92	0.183291
92	0.0919111
92	0.0552775
92	0.186553
92	0.129001
92	0.216066
92	0.219449
92	0.157813
92	0.195329
92	0.102629
92	0.209648
92	0.161254
92	0.121642
92	0.131128
92	0.142836
92	0.132455
92	0.196473
92	0.224603
92	0.26403
92	0.183267
92	0.212742
92	0.148448
92	0.285023
92	0.136759
92	0.147343
92	0.17462
92	0.245496
92	0.108782
92	0.15933
92	0.30171
92	0.149783
92	0.18891
92	0.144266
92	0.283371
92	0.192662
92	0.161281
92	0.114528
92	0.302792
92	0.191915
92	0.175343
92	0.110426
92	0.230925
92	0.0490392
92	0.168946
92	0.151592
92	0.107146
92	0.206111
92	0.188007
92	0.0882136
92	0.192643
92	0.13726
92	0.18211
92	0.229094
92	0.185599
92	0.211977
92	0.185762
92	0.264095
92	0.104821
92	0.180727
92	0.195399
92	0.410897
92	0.18743
92	0.263043
92	0.302969
92	0.194693
92	0.251872
92	0.232748
92	0.136674
92	0.150236
92	0.180532
92	0.0950798
92	0.182065
92	0.157414
92	0.112216
92	0.230887
92	0.191077
92	0.119346
92	0.25294
92	0.152192
92	0.163046
92	0.104579
92	0.109115
92	0.224766
92	0.218896
92	0.152736
92	0.102438
92	0.202891
92	0.131367
94	0.218927
94	0.0700412
94	0.169734
94	0.162697
94	0.206427
94	0.19196
94	0.154475
94	0.326437
94	0.149237
94	0.0693081
94	0.130139
94	0.134764
94	0.159942
94	0.232452
94	0.192867
94	0.224194
94	0.145738
94	0.184967
94	0.0838628
94	0.16365
94	0.138548
94	0.320363
94	0.177595
94	0.115509
94	0.150039
94	0.198431
94	0.236556
94	0.202052
94	0.244599
94	0.264044
94	0.30723
94	0.247758
94	0.0817436
94	0.236756
94	0.188354
94	0.164717
94	0.165148
94	0.311284
94	0.126708
94	0.0929354
94	0.167288
94	0.152118
94	0.290706
94	0.138903
94	0.188444
94	0.171075
94	0.262327
94	0.124504
94	0.17442
94	0.224622
94	0.1155
94	0.2147
94	0.141748
94	0.27805
94	0.174157
94	0.108784
94	0.137699
94	0.186297
94	0.186207
94	0.235204
94	0.153624
94	0.312412
94	0.185556
94	0.249173
94	0.235636
94	0.277954
94	0.101934
94	0.234085
94	0.174017
94	0.147857
94	0.185181
94	0.152616
94	0.16321
94	0.155595
94	0.136884
94	0.176794
94	0.148293
94	0.106191
94	0.197313
94	0.185975
94	0.183521
94	0.170565
94	0.170821
94	0.187232
94	0.132175
94	0.11149
94	0.157942
94	0.268247
94	0.183357
94	0.132394
94	0.212074
94	0.146478
94	0.0804143
94	0.123833
94	0.183458
94	0.265011
94	0.217971
94	0.153385
94	0.211076
94	0.171922
96	0.156863
96	0.235821
96	0.130126
96	0.209461
96	0.080157
96	0.0919446
96	0.161325
96	0.266225
96	0.159535
96	0.18516
96	0.120218
96	0.17491
96	0.200426
96	0.143031
96	0.100146
96	0.255567
96	0.150142
96	0.0584259
96	0.27079
96	0.159413
96	0.184398
96	0.141089
96	0.206331
96	0.151769
96	0.219935
96	0.250424
96	0.242477
96	0.0971558
96	0.193658
96	0.171427
96	0.19848
96	0.258366
96	0.130173
96	0.213383
96	0.115968
96	0.0898186
96	0.146137
96	0.186305
96	0.202217
96	0.159503
96	0.101224
96	0.125275
96	0.191097
96	0.240544
96	0.124231
96	0.195516
96	0.130792
96	0.226412
96	0.187744
96	0.178036
96	0.177468
96	0.175919
96	0.0728068
96	0.197529
96	0.104523
96	0.166431
96	0.166535
96	0.216724
96	0.25816
96	0.257888
96	0.211726
96	0.221241
96	0.104498
96	0.195179
96	0.11554
96	0.260546
96	0.259352
96	0.203991
96	0.23536
96	0.138014
96	0.161275
96	0.142176
96	0.178213
96	0.186773
96	0.148593
96	0.111429
96	0.189631
96	0.182605
96	0.163008
96	0.0470094
96	0.122376
96	0.103182
96	0.133041
96	0.175623
96	0.118032
96	0.139447
96	0.192835
96	0.159223
96	0.0758418
96	0.200603
96	0.199184
96	0.147403
96	0.20716
96	0.172064
96	0.246871
96	0.300504
96	0.186028
96	0.0957607
96	0.124712
96	0.0681715
98	0.0916543
98	0.211508
98	0.278747
98	0.0940189
98	0.181128
98	0.172448
98	0.0756519
98	0.16387
98	0.148369
98	0.13236
98	0.130546
98	0.201312
98	0.269086
98	0.222859
98	0.228934
98	0.215715
98	0.192331
98	0.169534
98	0.195899
98	0.210848
98	0.0870871
98	0.260244
98	0.223956
98	0.168788
98	0.145252
98	0.195186
98	0.131329
98	0.251672
98	0.108259
98	0.124975
98	0.214963
98	0.0891619
98	0.183034
98	0.200822
98	0.213341
98	0.218236
98	0.186189
98	0.147467
98	0.165678
98	0.193714
98	0.170952
98	0.244465
98	0.190254
98	0.227029
98	0.141006
98	0.0952249
98	0.213098
98	0.143087
98	0.25985
98	0.147908
98	0.151084
98	0.190631
98	0.197491
98	0.155667
98	0.157106
98	0.196049
98	0.156182
98	0.144338
98	0.175337
98	0.102888
98	0.162537
98	0.160624
98	0.151568
98	0.161197
98	0.135913
98	0.16938
98	0.192393
98	0.172481
98	0.152475
98	0.195318
98	0.0976057
98	0.230961
98	0.166913
98	0.129209
98	0.214408
98	0.222508
98	0.0962494
98	0.0950704
98	0.165966
98	0.14713
98	0.142024
98	0.280823
98	0.160307
98	0.258586
98	0.193193
98	0.125822
98	0.171907
98	0.065915
98	0.0931702
98	0.0904276
98	0.169943
98	0.214451
98	0.2184
98	0.176363
98	0.137495
98	0.253048
98	0.232649
98	0.197639
98	0.114535
98	0.0368419
100	0.0657365
100	0.12519
100	0.138571
100	0.182292
100	0.198621
100	0.177009
100	0.141678
100	0.131281
100	0.251603
100	0.213188
100	0.196319
100	0.210059
100	0.156316
100	0.201108
100	0.0684827
100	0.190107
100	0.145592
100	0.220184
100	0.20831
100	0.261115
100	0.124744
100	0.198497
100	0.198367
100	0.0705173
100	0.120171
100	0.169423
100	0.186939
100	0.186292
100	0.230556
100	0.140155
100	0.194469
100	0.193655
100	0.145737
100	0.166847
100	0.109274
100	0.15642
100	0.159391
100	0.188095
100	0.224716
100	0.196607
100	0.0801457
100	0.2158
100	0.197616
100	0.0977844
100	0.23942
100	0.0583008
100	0.280119
100	0.240475
100	0.0622479
100	0.170297
100	0.234233
100	0.140479
100	0.103586
100	0.162839
100	0.202975
100	0.143535
100	0.172072
100	0.150076
100	0.136686
100	0.194461
100	0.19256
100	0.151301
100	0.155067
100	0.229893
100	0.155356
100	0.199044
100	0.187958
100	0.112321
100	0.16695
100	0.249517
100	0.184886
100	0.131435
100	0.231435
100	0.134833
100	0.198737
100	0.205217
100	0.149803
100	0.220962
100	0.126897
100	0.077071
100	0.161598
100	0.15018
100	0.142385
100	0.211706
100	0.176579
100	0.0977621
100	0.111206
100	0.100766
100	0.13653
100	0.165236
100	0.152552
100	0.182845
100	0.117101
100	0.181086
100	0.124606
100	0.171639
100	0.2518
100	0.219879
100	0.209587
100	0.167168
102	0.225063
102	0.178633
102	0.144285
102	0.179858
102	0.393449
102	0.10718
102	0.200397
102	0.2012
102	0.268214
102	0.178279
102	0.262401
102	0.233698
102	0.1391
102	0.197422
102	0.154893
102	0.252394
102	0.155908
102	0.198471
102	0.152691
102	0.169023
102	0.192538
102	0.160925
102	0.211794
102	0.225405
102	0.193074
102	0.206595
102	0.189024
102	0.169156
102	0.145833
102	0.148698
102	0.189373
102	0.174759
102	0.163076
102	0.127217
102	0.177773
102	0.228681
102	0.237432
102	0.0952713
102	0.226272
102	0.316828
102	0.143066
102	0.079554
102	0.228921
102	0.256011
102	0.150825
102	0.20785
102	0.190248
102	0.097274
102	0.109802
102	0.273204
102	0.171511
102	0.268423
102	0.189026
102	0.201964
102	0.187791
102	0.141434
102	0.145749
102	0.111679
102	0.17556
102	0.229217
102	0.0850805
102	0.203535
102	0.112645
102	0.151722
102	0.170079
102	0.124419
102	0.134394
102	0.205501
102	0.0740753
102	0.124515
102	0.193823
102	0.202015
102	0.195396
102	0.147032
102	0.103142
102	0.253163
102	0.156935
102	0.15365
102	0.285214
102	0.278613
102	0.213042
102	0.139314
102	0.209422
102	0.236116
102	0.166767
102	0.135363
102	0.207019
102	0.257994
102	0.169498
102	0.20587
102	0.10095
102	0.24789
102	0.170894
102	0.186213
102	0.188086
102	0.227546
102	0.28923
102	0.0906531
102	0.168432
102	0.0755925
104	0.198249
104	0.159111
104	0.16472
104	0.180257
104	0.152052
104	0.187167
104	0.124083
104	0.245276
104	0.167925
104	0.166451
104	0.231667
104	0.150767
104	0.0930444
104	0.13737
104	0.176959
104	0.303166
104	0.203946
104	0.109186
104	0.154234
104	0.221492
104	0.0875701
104	0.170264
104	0.181357
104	0.232568
104	0.182705
104	0.145633
104	0.198605
104	0.283929
104	0.163878
104	0.110598
104	0.180555
104	0.112327
104	0.244245
104	0.149596
104	0.162295
104	0.243887
104	0.213342
104	0.262332
104	0.185501
104	0.177722
104	0.240264
104	0.158018
104	0.193512
104	0.196654
104	0.133369
104	0.25727
104	0.235272
104	0.128735
104	0.150436
104	0.0845652
104	0.163925
104	0.216216
104	0.128139
104	0.248851
104	0.2507
104	0.245685
104	0.257718
104	0.191212
104	0.11979
104	0.2399
104	0.182786
104	0.171241
104	0.162434
104	0.182915
104	0.134589
104	0.193031
104	0.201872
104	0.241678
104	0.210357
104	0.199682
104	0.0876559
104	0.126519
104	0.220505
104	0.238626
104	0.21567
104	0.138315
104	0.20684
104	0.106854
104	0.0595758
104	0.137104
104	0.082869
104	0.130245
104	0.119753
104	0.261215
104	0.18226
104	0.166544
104	0.1513
104	0.15951
104	0.177496
104	0.179385
104	0.1609
104	0.141697
104	0.166648
104	0.24542
104	0.185715
104	0.0612347
104	0.1906
104	0.137148
104	0.257115
104	0.269303
106	0.181213
106	0.278513
106	0.144771
106	0.226676
106	0.229325
106	0.163756
106	0.134278
106	0.130961
106	0.167302
106	0.143555
106	0.0813438
106	0.259167
106	0.185108
106	0.080873
106	0.141612
106	0.124545
106	0.141589
106	0.209359
106	0.164626
106	0.238118
106	0.170502
106	0.115409
106	0.217415
106	0.13363
106	0.213761
106	0.0906173
106	0.171896
106	0.148667
106	0.0925319
106	0.166534
106	0.0827671
106	0.145467
106	0.232079
106	0.252229
106	0.132953
106	0.14968
106	0.160643
106	0.220755
106	0.165638
106	0.0983509
106	0.194364
106	0.194471
106	0.207162
106	0.114256
106	0.181815
106	0.249866
106	0.115624
106	0.270939
106	0.208482
106	0.0578764
106	0.137501
106	0.123202
106	0.173124
106	0.202407
106	0.150842
106	0.231174
106	0.184639
106	0.174434
106	0.1146
106	0.0700673
106	0.204285
106	0.196103
106	0.167472
106	0.0653301
106	0.171909
106	0.205868
106	0.103142
106	0.187488
106	0.106921
106	0.105458
106	0.167916
106	0.261804
106	0.153126
106	0.117657
106	0.171845
106	0.212387
106	0.0692762
106	0.229109
106	0.178649
106	0.231868
106	0.18423
106	0.221122
106	0.248193
106	0.311775
106	0.23589
106	0.171773
106	0.120581
106	0.0803448
106	0.161305
106	0.23974
106	0.16595
106	0.133946
106	0.220618
106	0.191258
106	0.196339
106	0.116083
106	0.155559
106	0.144066
106	0.176783
106	0.202801
108	0.164468
108	0.173433
108	0.188968
108	0.117114
108	0.167289
108	0.264247
108	0.189028
108	0.189588
108	0.135422
108	0.215541
108	0.0623882
108	0.305661
108	0.164131
108	0.177212
108	0.102605
108	0.142766
108	0.312771
108	0.126303
108	0.140148
108	0.129727
108	0.233522
108	0.165877
108	0.142376
108	0.210333
108	0.12352
108	0.210701
108	0.180111
108	0.236544
108	0.315963
108	0.268452
108	0.186733
108	0.265217
108	0.199533
108	0.143612
108	0.216116
108	0.1764
108	0.215599
108	0.327465
108	0.219554
108	0.129902
108	0.126655
108	0.342599
108	0.140874
108	0.177571
108	0.161975
108	0.119743
108	0.216527
108	0.188369
108	0.181793
108	0.0765159
108	0.125437
108	0.192075
108	0.149165
108	0.254363
108	0.106495
108	0.151936
108	0.169719
108	0.19132
108	0.19627
108	0.154995
108	0.194297
108	0.15932
108	0.202887
108	0.344335
108	0.136113
108	0.243474
108	0.132158
108	0.20625
108	0.159164
108	0.221017
108	0.215663
108	0.219396
108	0.157011
108	0.1791
108	0.103333
108	0.149143
108	0.244216
108	0.210606
108	0.151559
108	0.153209
108	0.194013
108	0.259754
108	0.167212
108	0.269927
108	0.148378
108	0.122619
108	0.208512
108	0.197808
108	0.127215
108	0.175286
108	0.381853
108	0.120838
108	0.248893
108	0.21545
108	0.18527
108	0.105781
108	0.133235
108	0.228559
108	0.106963
108	0.243006
110	0.157798
110	0.17051
110	0.218681
110	0.258804
110	0.325562
110	0.0898714
110	0.263268
110	0.155597
110	0.144944
110	0.116721
110	0.0938667
110	0.363785
110	0.0995749
110	0.20407
110	0.157215
110	0.228206
110	0.15757
110	0.281801
110	0.168839
110	0.246155
110	0.162685
110	0.189825
110	0.235139
110	0.253971
110	0.108289
110	0.219273
110	0.171421
110	0.197568
110	0.174461
110	0.144044
110	0.223092
110	0.145609
110	0.107338
110	0.185462
110	0.129039
110	0.0850717
110	0.080599
110	0.144076
110	0.254179
110	0.23199
110	0.0543152
110	0.0784943
110	0.253767
110	0.135283
110	0.177819
110	0.327889
110	0.150165
110	0.188738
110	0.24833
110	0.104526
110	0.167072
110	0.235842
110	0.228788
110	0.289472
110	0.178342
110	0.158145
110	0.170246
110	0.212185
110	0.162702
110	0.21076
110	0.254923
110	0.120762
110	0.190962
110	0.16919
110	0.144595
110	0.156158
110	0.157992
110	0.251213
110	0.0971613
110	0.126375
110	0.234157
110	0.0528097
110	0.110664
110	0.158792
110	0.205106
110	0.185634
110	0.161168
110	0.10914
110	0.0998491
110	0.1195
110	0.0575523
110	0.196901
110	0.219042
110	0.16957
110	0.24805
110	0.276529
110	0.207967
110	0.121292
110	0.226177
110	0.145609
110	0.153088
110	0.238542
110	0.244941
110	0.171601
110	0.153384
110	0.247026
110	0.222754
110	0.139747
110	0.0440316
110	0.161736
112	0.20315
112	0.10486
112	0.195841
112	0.16701
112	0.217525
112	0.244193
112	0.10815
112	0.213046
112	0.204182
112	0.232321
112	0.144331
112	0.155606
112	0.164711
112	0.189827
112	0.137989
112	0.184581
112	0.277838
112	0.234842
112	0.212115
112	0.281698
112	0.257145
112	0.233992
112	0.152842
112	0.13499
112	0.130974
112	0.199086
112	0.222113
112	0.228042
112	0.233405
112	0.167878
112	0.256139
112	0.210322
112	0.201505
112	0.216352
112	0.193665
112	0.230074
112	0.122047
112	0.219498
112	0.176449
112	0.225619
112	0.173805
112	0.0570939
112	0.209613
112	0.1751
112	0.289707
112	0.11968
112	0.282432
112	0.143497
112	0.174934
112	0.187889
112	0.19444
112	0.209321
112	0.0852592
112	0.187325
112	0.216779
112	0.309538
112	0.179713
112	0.201799
112	0.166365
112	0.194289
112	0.0930338
112	0.19071
112	0.118822
112	0.328834
112	0.196484
112	0.223745
112	0.163431
112	0.177327
112	0.18481
112	0.193463
112	0.100396
112	0.21226
112	0.123814
112	0.167848
112	0.162038
112	0.183561
112	0.0882084
112	0.147172
112	0.161864
112	0.217669
112	0.228023
112	0.113259
112	0.127188
112	0.135352
112	0.170596
112	0.165778
112	0.158707
112	0.119768
112	0.206921
112	0.177199
112	0.199817
112	0.223044
112	0.27313
112	0.106293
112	0.155646
112	0.209812
112	0.217433
112	0.233269
112	0.108346
112	0.135131
114	0.19512
114	0.153914
114	0.175096
114	0.258348
114	0.110354
114	0.181507
114	0.188046
114	0.110669
114	0.163088
114	0.289613
114	0.19638
114	0.172645
114	0.210511
114	0.200841
114	0.160713
114	0.153799
114	0.22229
114	0.186323
114	0.205094
114	0.228239
114	0.244046
114	0.139025
114	0.163654
114	0.193043
114	0.19649
114	0.199385
114	0.183661
114	0.134675
114	0.195598
114	0.179687
114	0.187283
114	0.117822
114	0.164204
114	0.121629
114	0.17413
114	0.163343
114	0.162622
114	0.180712
114	0.171112
114	0.210431
114	0.291221
114	0.201641
114	0.157307
114	0.2665
114	0.120153
114	0.143753
114	0.145214
114	0.236746
114	0.107621
114	0.216557
114	0.16114
114	0.203695
114	0.133602
114	0.0779368
114	0.0696076
114	0.134384
114	0.250467
114	0.229451
114	0.194446
114	0.231249
114	0.172472
114	0.170925
114	0.202855
114	0.0771775
114	0.232318
114	0.193902
114	0.155641
114	0.157343
114	0.152902
114	0.185351
114	0.207442
114	0.205618
114	0.129113
114	0.155883
114	0.139324
114	0.131328
114	0.151424
114	0.0994676
114	0.16068
114	0.196849
114	0.147766
114	0.19728
114	0.197782
114	0.106792
114	0.244704
114	0.159887
114	0.269563
114	0.204234
114	0.192527
114	0.154903
114	0.169458
114	0.0734312
114	0.129989
114	0.149634
114	0.187027
114	0.186705
114	0.251405
114	0.125246
114	0.105018
114	0.134144
116	0.159808
116	0.23493
116	0.235038
116	0.119573
116	0.201935
116	0.247292
116	0.21626
116	0.202944
116	0.166751
116	0.20671
116	0.156209
116	0.135999
116	0.102563
116	0.136568
116	0.147053
116	0.169002
116	0.317582
116	0.208316
116	0.121521
116	0.243579
116	0.138142
116	0.290334
116	0.220857
116	0.234976
116	0.188974
116	0.100837
116	0.0732356
116	0.164206
116	0.220936
116	0.182412
116	0.214329
116	0.0672281
116	0.180123
116	0.186465
116	0.184138
116	0.141875
116	0.0981257
116	0.245484
116	0.116881
116	0.0739948
116	0.169196
116	0.252263
116	0.156423
116	0.247633
116	0.193917
116	0.188813
116	0.107431
116	0.152636
116	0.224212
116	0.163018
116	0.152406
116	0.126267
116	0.180938
116	0.0669797
116	0.18802
116	0.146794
116	0.125825
116	0.205653
116	0.202085
116	0.119826
116	0.195349
116	0.170185
116	0.0862838
116	0.16356
116	0.169962
116	0.197588
116	0.188275
116	0.0909633
116	0.143798
116	0.248914
116	0.173794
116	0.245064
116	0.219955
116	0.244916
116	0.26808
116	0.256908
116	0.149953
116	0.17725
116	0.277381
116	0.201739
116	0.186692
116	0.260075
116	0.1597
116	0.14833
116	0.228859
116	0.170134
116	0.192991
116	0.144356
116	0.130563
116	0.144977
116	0.216594
116	0.205347
116	0.240816
116	0.111236
116	0.219877
116	0.19821
116	0.0846967
116	0.155714
116	0.189958
116	0.275233
118	0.165593
118	0.147057
118	0.228433
118	0.239072
118	0.196093
118	0.263669
118	0.124884
118	0.140322
118	0.18522
118	0.174191
118	0.173226
118	0.205952
118	0.215465
118	0.203166
118	0.113786
118	0.178246
118	0.171405
118	0.133682
118	0.17386
118	0.132274
118	0.180365
118	0.189834
118	0.248935
118	0.0614293
118	0.12621
118	0.198075
118	0.192708
118	0.131422
118	0.161955
118	0.0888572
118	0.202817
118	0.170193
118	0.151998
118	0.167403
118	0.1395
118	0.101786
118	0.274774
118	0.169218
118	0.266951
118	0.171299
118	0.245638
118	0.205648
118	0.0845384
118	0.191136
118	0.138195
118	0.178803
118	0.132266
118	0.07963
118	0.0756657
118	0.237865
118	0.175949
118	0.202321
118	0.140361
118	0.246847
118	0.203296
118	0.134934
118	0.200765
118	0.205974
118	0.2368
118	0.139867
118	0.112973
118	0.18355
118	0.209556
118	0.204601
118	0.174552
118	0.199503
118	0.112524
118	0.191303
118	0.194338
118	0.251718
118	0.165176
118	0.223742
118	0.200859
118	0.160551
118	0.107955
118	0.207858
118	0.122641
118	0.161384
118	0.169292
118	0.158025
118	0.11836
118	0.160602
118	0.153492
118	0.243181
118	0.2128
118	0.237798
118	0.106043
118	0.164588
118	0.167093
118	0.179274
118	0.178575
118	0.1544
118	0.281515
118	0.216809
118	0.168199
118	0.201541
118	0.18849
118	0.154382
118	0.257635
118	0.227379
120	0.189107
120	0.152072
120	0.173314
120	0.170664
120	0.243761
120	0.268421
120	0.11963
120	0.21202
120	0.19785
120	0.117673
120	0.154185
120	0.238025
120	0.143314
120	0.257576
120	0.112855
120	0.162703
120	0.155377
120	0.194307
120	0.144476
120	0.155095
120	0.262151
120	0.194768
120	0.155119
120	0.175532
120	0.133467
120	0.246249
120	0.169555
120	0.0971345
120	0.210091
120	0.244465
120	0.140532
120	0.22239
120	0.0495583
120	0.148056
120	0.281749
120	0.110399
120	0.103453
120	0.198588
120	0.186087
120	0.188085
120	0.166662
120	0.139843
120	0.0887843
120	0.167927
120	0.200153
120	0.164606
120	0.140998
120	0.173364
120	0.170847
120	0.327375
120	0.192914
120	0.172921
120	0.287602
120	0.285295
120	0.101553
120	0.168715
120	0.124247
120	0.0669822
120	0.123163
120	0.227719
120	0.19835
120	0.244138
120	0.260342
120	0.126312
120	0.159931
120	0.239314
120	0.193271
120	0.149891
120	0.233524
120	0.104053
120	0.157333
120	0.219508
120	0.109333
120	0.285948
120	0.199348
120	0.0812783
120	0.144294
120	0.137502
120	0.201841
120	0.109559
120	0.190938
120	0.191288
120	0.179969
120	0.184282
120	0.160726
120	0.178424
120	0.128118
120	0.179131
120	0.17198
120	0.137052
120	0.154508
120	0.214424
120	0.0870047
120	0.208108
120	0.213715
120	0.117252
120	0.113657
120	0.247608
120	0.178591
120	0.168226
