var	minCostFlow
30	0.238559
30	0.116678
30	0.267509
30	0.285923
30	0.36172
30	0.206731
30	0.309834
30	0.213494
30	0.320764
30	0.257697
30	0.0540532
30	0.280773
30	0.184102
30	0.134145
30	0.241347
30	0.156015
30	0.204747
30	0.161932
30	0.0566115
30	0.102791
30	0.112641
30	0.0828371
30	0.198749
30	0.0986611
30	0.140407
30	0.146705
30	0.194935
30	0.191977
30	0.141596
30	0.167835
30	0.276385
30	0.287243
30	0.198329
30	0.0990644
30	0.210615
30	0.270737
30	0.175095
30	0.157416
30	0.0898006
30	0.258407
30	0.276224
30	0.120321
30	0.257434
30	0.122516
30	0.304452
30	0.109683
30	0.168138
30	0.152444
30	0.223321
30	0.184281
30	0.116522
30	0.299992
30	0.321306
30	0.236198
30	0.270344
30	0.208151
30	0.19599
30	0.155331
30	0.121921
30	0.186736
30	0.144254
30	0.259639
30	0.0936755
30	0.212036
30	0.227273
30	0.185522
30	0.144761
30	0.169533
30	0.23317
30	0.093519
30	0.111688
30	0.154014
30	0.168272
30	0.115041
30	0.246377
30	0.138578
30	0.116083
30	0.146271
30	0.0977443
30	0.158928
30	0.18568
30	0.0537558
30	0.114122
30	0.103661
30	0.135415
30	0.189146
30	0.197666
30	0.295577
30	0.100538
30	0.157084
30	0.159275
30	0.141155
30	0.103047
30	0.0976432
30	0.271611
30	0.194707
30	0.192323
30	0.178474
30	0.0724591
30	0.200931
32	0.225099
32	0.103318
32	0.117944
32	0.189971
32	0.156503
32	0.106785
32	0.217582
32	0.0286847
32	0.0938889
32	0.158994
32	0.142022
32	0.139477
32	0.119714
32	0.273275
32	0.144669
32	0.149548
32	0.247978
32	0.151144
32	0.111554
32	0.177826
32	0.232567
32	0.222415
32	0.200111
32	0.135615
32	0.183368
32	0.168614
32	0.11946
32	0.176538
32	0.0887587
32	0.204398
32	0.255184
32	0.168417
32	0.227733
32	0.145123
32	0.17223
32	0.217912
32	0.221072
32	0.102564
32	0.170841
32	0.129649
32	0.325652
32	0.147023
32	0.2347
32	0.158153
32	0.177706
32	0.174264
32	0.131447
32	0.192563
32	0.14137
32	0.161245
32	0.355071
32	0.182274
32	0.103953
32	0.119108
32	0.129702
32	0.167657
32	0.116121
32	0.175122
32	0.0451209
32	0.124943
32	0.115662
32	0.171591
32	0.162194
32	0.146359
32	0.14974
32	0.0951578
32	0.289415
32	0.197559
32	0.217883
32	0.257617
32	0.195285
32	0.102864
32	0.148404
32	0.256542
32	0.146144
32	0.207868
32	0.196905
32	0.244968
32	0.251282
32	0.228268
32	0.0577271
32	0.22551
32	0.0726231
32	0.221683
32	0.191173
32	0.241716
32	0.188597
32	0.292094
32	0.148834
32	0.0290054
32	0.285444
32	0.0796741
32	0.161868
32	0.229725
32	0.122021
32	0.265353
32	0.129342
32	0.173704
32	0.268071
32	0.210284
34	0.21282
34	0.176532
34	0.260491
34	0.306191
34	0.104121
34	0.179449
34	0.137029
34	0.128095
34	0.115941
34	0.104758
34	0.140916
34	0.0326063
34	0.190963
34	0.216818
34	0.309206
34	0.154479
34	0.120101
34	0.177552
34	0.13828
34	0.22712
34	0.190386
34	0.263774
34	0.230867
34	0.144317
34	0.0935788
34	0.197681
34	0.191489
34	0.157597
34	0.0516211
34	0.133245
34	0.154419
34	0.0990664
34	0.217422
34	0.170312
34	0.189753
34	0.254348
34	0.263546
34	0.218441
34	0.160674
34	0.183358
34	0.178214
34	0.153009
34	0.301555
34	0.109739
34	0.200306
34	0.226022
34	0.108012
34	0.160927
34	0.223048
34	0.215037
34	0.232715
34	0.1271
34	0.170351
34	0.23481
34	0.273022
34	0.2021
34	0.199703
34	0.100739
34	0.227346
34	0.221678
34	0.142566
34	0.158472
34	0.140399
34	0.168318
34	0.0735119
34	0.165515
34	0.336731
34	0.144438
34	0.144217
34	0.188202
34	0.161478
34	0.134251
34	0.12145
34	0.176175
34	0.249477
34	0.0843171
34	0.118416
34	0.101834
34	0.306961
34	0.146914
34	0.104424
34	0.138046
34	0.344584
34	0.207865
34	0.166643
34	0.220492
34	0.136863
34	0.232392
34	0.176158
34	0.231099
34	0.237358
34	0.246936
34	0.276654
34	0.202954
34	0.14489
34	0.0884439
34	0.0866928
34	0.0857099
34	0.130703
34	0.183036
36	0.127743
36	0.110121
36	0.223314
36	0.115996
36	0.204992
36	0.113877
36	0.125251
36	0.0919002
36	0.228396
36	0.198014
36	0.12268
36	0.268086
36	0.182905
36	0.11374
36	0.265669
36	0.1749
36	0.118537
36	0.12917
36	0.196221
36	0.178346
36	0.148746
36	0.177599
36	0.166701
36	0.237919
36	0.181216
36	0.206061
36	0.137581
36	0.171118
36	0.121039
36	0.289464
36	0.255684
36	0.153846
36	0.192297
36	0.176001
36	0.124249
36	0.148318
36	0.0744686
36	0.288287
36	0.110509
36	0.215654
36	0.182436
36	0.0607133
36	0.108411
36	0.144991
36	0.158712
36	0.0981669
36	0.131368
36	0.102166
36	0.202894
36	0.120562
36	0.191899
36	0.144281
36	0.28257
36	0.242649
36	0.230904
36	0.224525
36	0.15148
36	0.151236
36	0.0824176
36	0.212063
36	0.291621
36	0.11884
36	0.141029
36	0.20867
36	0.0852294
36	0.105638
36	0.173558
36	0.145094
36	0.266382
36	0.276442
36	0.101174
36	0.191718
36	0.150803
36	0.225136
36	0.203575
36	0.150069
36	0.231932
36	0.262445
36	0.165712
36	0.15269
36	0.183727
36	0.152699
36	0.119178
36	0.19363
36	0.0481634
36	0.132543
36	0.128851
36	0.0856791
36	0.0901864
36	0.254575
36	0.109746
36	0.203476
36	0.174737
36	0.298332
36	0.233164
36	0.164934
36	0.109107
36	0.102803
36	0.239318
36	0.180849
38	0.225746
38	0.181727
38	0.321894
38	0.0880086
38	0.136185
38	0.209918
38	0.213056
38	0.124965
38	0.102519
38	0.218761
38	0.172415
38	0.261157
38	0.106335
38	0.20683
38	0.271637
38	0.117857
38	0.187079
38	0.216839
38	0.174718
38	0.219587
38	0.194442
38	0.173807
38	0.209264
38	0.221909
38	0.325239
38	0.0904243
38	0.254142
38	0.158086
38	0.132534
38	0.195581
38	0.154453
38	0.111927
38	0.207607
38	0.322098
38	0.00360249
38	0.243693
38	0.191797
38	0.18062
38	0.0845878
38	0.0617866
38	0.105179
38	0.138326
38	0.246133
38	0.176556
38	0.216624
38	0.221508
38	0.161265
38	0.0757099
38	0.221429
38	0.308175
38	0.238916
38	0.105476
38	0.099178
38	0.130293
38	0.187246
38	0.142413
38	0.139404
38	0.109888
38	0.239779
38	0.168594
38	0.160824
38	0.387726
38	0.19685
38	0.196374
38	0.208317
38	0.188904
38	0.215033
38	0.208381
38	0.157279
38	0.262097
38	0.0840222
38	0.221728
38	0.237572
38	0.22866
38	0.0853978
38	0.204693
38	0.225646
38	0.1085
38	0.218941
38	0.165585
38	0.13406
38	0.168378
38	0.215076
38	0.244106
38	0.253986
38	0.0928088
38	0.161992
38	0.110676
38	0.372242
38	0.177805
38	0.0999405
38	0.285813
38	0.268713
38	0.130396
38	0.162899
38	0.24445
38	0.234398
38	0.264961
38	0.143384
38	0.146226
40	0.28202
40	0.0896172
40	0.160061
40	0.0948261
40	0.160334
40	0.175797
40	0.107049
40	0.0552543
40	0.274613
40	0.150301
40	0.176371
40	0.214767
40	0.198959
40	0.202722
40	0.155855
40	0.260286
40	0.130756
40	0.0858428
40	0.0699587
40	0.20461
40	0.172974
40	0.233501
40	0.194276
40	0.176469
40	0.11566
40	0.165235
40	0.291866
40	0.177181
40	0.0770049
40	0.0845926
40	0.236077
40	0.20737
40	0.0970692
40	0.135614
40	0.212715
40	0.117398
40	0.26212
40	0.045915
40	0.14627
40	0.105014
40	0.16676
40	0.20541
40	0.108944
40	0.218161
40	0.128211
40	0.0286803
40	0.125014
40	0.196958
40	0.239303
40	0.184028
40	0.18417
40	0.20138
40	0.0678766
40	0.117752
40	0.0815968
40	0.211302
40	0.13181
40	0.0342901
40	0.119749
40	0.125852
40	0.0727307
40	0.0399669
40	0.279759
40	0.143004
40	0.193084
40	0.2955
40	0.0908705
40	0.178555
40	0.1163
40	0.211277
40	0.237177
40	0.0177789
40	0.205159
40	0.103307
40	0.294908
40	0.0870851
40	0.122621
40	0.152009
40	0.110375
40	0.207496
40	0.0731527
40	0.186847
40	0.101918
40	0.214484
40	0.14326
40	0.130309
40	0.186018
40	0.0840755
40	0.174017
40	0.266212
40	0.189497
40	0.281539
40	0.218118
40	0.257175
40	0.302637
40	0.23729
40	0.171998
40	0.211959
40	0.196635
40	0.0906769
42	0.245387
42	0.196231
42	0.165164
42	0.0851918
42	0.127275
42	0.138726
42	0.143497
42	0.138487
42	0.245026
42	0.198386
42	0.118195
42	0.0769546
42	0.0898685
42	0.147877
42	0.211472
42	0.150702
42	0.255949
42	0.135343
42	0.104969
42	0.303381
42	0.136545
42	0.142844
42	0.108012
42	0.153637
42	0.207832
42	0.215762
42	0.0814288
42	0.134251
42	0.127313
42	0.0433254
42	0.0834614
42	0.252083
42	0.209083
42	0.122607
42	0.259638
42	0.299418
42	0.116482
42	0.163098
42	0.128262
42	0.061896
42	0.127411
42	0.200493
42	0.183498
42	0.0908367
42	0.191204
42	0.272052
42	0.234391
42	0.180178
42	0.238704
42	0.294674
42	0.197828
42	0.120152
42	0.128974
42	0.225049
42	0.137537
42	0.189539
42	0.225488
42	0.113908
42	0.0881714
42	0.173322
42	0.071574
42	0.139354
42	0.0640627
42	0.122254
42	0.194759
42	0.228291
42	0.202759
42	0.10438
42	0.0217246
42	0.0825507
42	0.0888533
42	0.260599
42	0.132488
42	0.232991
42	0.216189
42	0.129899
42	0.355246
42	0.16487
42	0.173946
42	0.110286
42	0.170555
42	0.176665
42	0.185443
42	0.215144
42	0.138831
42	0.111507
42	0.0572694
42	0.127924
42	0.131752
42	0.194686
42	0.122269
42	0.1484
42	0.193334
42	0.192745
42	0.0438381
42	0.193746
42	0.098179
42	0.140978
42	0.205788
42	0.191322
44	0.244137
44	0.416002
44	0.271518
44	0.188127
44	0.122739
44	0.141514
44	0.193121
44	0.211033
44	0.100703
44	0.32504
44	0.0965895
44	0.343767
44	0.21514
44	0.239002
44	0.0998531
44	0.107628
44	0.246952
44	0.226871
44	0.170018
44	0.0590618
44	0.189631
44	0.225553
44	0.170214
44	0.114764
44	0.182274
44	0.102942
44	0.120097
44	0.134694
44	0.212564
44	0.284023
44	0.226196
44	0.164715
44	0.109429
44	0.20433
44	0.190697
44	0.0815221
44	0.188607
44	0.133596
44	0.080645
44	0.176314
44	0.112858
44	0.103974
44	0.0863956
44	0.326457
44	0.100449
44	0.158728
44	0.223144
44	0.114424
44	0.0955311
44	0.22751
44	0.256764
44	0.17031
44	0.174375
44	0.22559
44	0.141079
44	0.0857377
44	0.15394
44	0.213444
44	0.334456
44	0.0265685
44	0.199505
44	0.283018
44	0.067986
44	0.22971
44	0.238108
44	0.149217
44	0.156193
44	0.288509
44	0.0666718
44	0.192551
44	0.182421
44	0.126254
44	0.174924
44	0.101979
44	0.169041
44	0.152466
44	0.205868
44	0.167682
44	0.190547
44	0.153659
44	0.288359
44	0.251009
44	0.0558032
44	0.147479
44	0.113895
44	0.0388301
44	0.166814
44	0.236557
44	0.0987802
44	0.216244
44	0.157491
44	0.189528
44	0.180479
44	0.172758
44	0.181242
44	0.165404
44	0.0661814
44	0.0928643
44	0.198479
44	0.215709
46	0.163768
46	0.156983
46	0.158758
46	0.0671066
46	0.160153
46	0.284146
46	0.116241
46	0.0694403
46	0.158954
46	0.154636
46	0.112383
46	0.125626
46	0.132634
46	0.213437
46	0.221116
46	0.120969
46	0.0996115
46	0.187078
46	0.291246
46	0.151656
46	0.154062
46	0.127287
46	0.0598562
46	0.183135
46	0.177307
46	0.242977
46	0.214936
46	0.188316
46	0.151323
46	0.187321
46	0.113293
46	0.150652
46	0.161012
46	0.185881
46	0.193655
46	0.302261
46	0.185749
46	0.0962482
46	0.20636
46	0.124586
46	0.220261
46	0.258235
46	0.044739
46	0.20663
46	0.140777
46	0.151616
46	0.0654466
46	0.164198
46	0.225002
46	0.104467
46	0.140751
46	0.142012
46	0.107719
46	0.22422
46	0.16
46	0.214203
46	0.107892
46	0.0766686
46	0.206532
46	0.18085
46	0.160677
46	0.186927
46	0.229004
46	0.0769635
46	0.0674701
46	0.117597
46	0.298577
46	0.233351
46	0.157569
46	0.179705
46	0.24349
46	0.131258
46	0.180406
46	0.129399
46	0.110042
46	0.191571
46	0.0993102
46	0.389855
46	0.154221
46	0.174966
46	0.0545654
46	0.191762
46	0.17539
46	0.204464
46	0.196446
46	0.224435
46	0.163697
46	0.194503
46	0.172061
46	0.278175
46	0.299231
46	0.281037
46	0.265147
46	0.10988
46	0.0996872
46	0.104001
46	0.161613
46	0.177817
46	0.16991
46	0.156399
48	0.0998727
48	0.188172
48	0.129652
48	0.131565
48	0.233908
48	0.126975
48	0.2416
48	0.054958
48	0.0685954
48	0.265716
48	0.177294
48	0.157484
48	0.187663
48	0.222337
48	0.104548
48	0.127464
48	0.083526
48	0.124303
48	0.175504
48	0.150807
48	0.200457
48	0.240817
48	0.316406
48	0.0951462
48	0.160513
48	0.283692
48	0.185293
48	0.163983
48	0.116765
48	0.178585
48	0.158267
48	0.320134
48	0.133739
48	0.179528
48	0.0718178
48	0.0926498
48	0.19641
48	0.21105
48	0.143935
48	0.0573213
48	0.166025
48	0.139585
48	0.177398
48	0.129132
48	0.161913
48	0.254689
48	0.183212
48	0.07114
48	0.274754
48	0.128451
48	0.0995617
48	0.221983
48	0.138883
48	0.201074
48	0.0963825
48	0.131088
48	0.123178
48	0.094956
48	0.200013
48	0.163104
48	0.115874
48	0.234752
48	0.213452
48	0.265393
48	0.132379
48	0.142478
48	0.205877
48	0.134648
48	0.213642
48	0.122112
48	0.117114
48	0.174572
48	0.107168
48	0.169057
48	0.174157
48	0.198267
48	0.280463
48	0.16022
48	0.213397
48	0.114582
48	0.095602
48	0.138022
48	0.351033
48	0.217719
48	0.0695235
48	0.163682
48	0.249179
48	0.152641
48	0.143599
48	0.110794
48	0.154871
48	0.149022
48	0.223047
48	0.223383
48	0.095148
48	0.0953603
48	0.190386
48	0.309425
48	0.0998808
48	0.192775
50	0.0885262
50	0.264348
50	0.156503
50	0.0617941
50	0.261346
50	0.272562
50	0.162305
50	0.218902
50	0.134266
50	0.224904
50	0.129237
50	0.166492
50	0.207442
50	0.112814
50	0.185878
50	0.0416067
50	0.049004
50	0.170055
50	0.179259
50	0.232807
50	0.104806
50	0.0915447
50	0.0955599
50	0.103762
50	0.254832
50	0.0511253
50	0.216182
50	0.0909949
50	0.111776
50	0.184589
50	0.221993
50	0.181301
50	0.0890494
50	0.165245
50	0.126978
50	0.203736
50	0.10814
50	0.203277
50	0.226457
50	0.117226
50	0.1505
50	0.172865
50	0.348655
50	0.321886
50	0.0753401
50	0.147186
50	0.0723626
50	0.0751869
50	0.19873
50	0.143372
50	0.221493
50	0.227196
50	0.222109
50	0.195414
50	0.182867
50	0.138568
50	0.148262
50	0.0539038
50	0.284019
50	0.110768
50	0.228212
50	0.188603
50	0.201394
50	0.239778
50	0.108618
50	0.147487
50	0.187226
50	0.147494
50	0.210102
50	0.149793
50	0.155377
50	0.0936728
50	0.259098
50	0.293005
50	0.193129
50	0.174993
50	0.145142
50	0.234756
50	0.142396
50	0.165277
50	0.173812
50	0.123215
50	0.248844
50	0.169117
50	0.16202
50	0.191849
50	0.110425
50	0.148353
50	0.190034
50	0.0711405
50	0.17709
50	0.138302
50	0.155302
50	0.186779
50	0.140638
50	0.193132
50	0.103003
50	0.227333
50	0.22062
50	0.23035
52	0.0935473
52	0.233214
52	0.210843
52	0.18692
52	0.163115
52	0.161068
52	0.141463
52	0.206681
52	0.197668
52	0.256032
52	0.163682
52	0.10009
52	0.217703
52	0.158301
52	0.173951
52	0.11543
52	0.269866
52	0.247463
52	0.0554121
52	0.184033
52	0.247322
52	0.10464
52	0.167979
52	0.188069
52	0.182616
52	0.199958
52	0.251719
52	0.287213
52	0.104615
52	0.182976
52	0.225215
52	0.171886
52	0.134711
52	0.163767
52	0.175478
52	0.173017
52	0.117384
52	0.142217
52	0.0923255
52	0.115448
52	0.105042
52	0.242689
52	0.107138
52	0.0770966
52	0.341527
52	0.178827
52	0.144951
52	0.15321
52	0.079479
52	0.1125
52	0.148401
52	0.303601
52	0.238169
52	0.173283
52	0.183458
52	0.2586
52	0.203445
52	0.145726
52	0.0737768
52	0.240864
52	0.191465
52	0.0776866
52	0.186364
52	0.246002
52	0.0975655
52	0.102476
52	0.0938308
52	0.14552
52	0.14181
52	0.162167
52	0.201649
52	0.252443
52	0.0624495
52	0.121124
52	0.199086
52	0.344646
52	0.228977
52	0.124951
52	0.158376
52	0.192205
52	0.26289
52	0.194771
52	0.189859
52	0.466025
52	0.153196
52	0.158134
52	0.17488
52	0.140917
52	0.0992096
52	0.0810027
52	0.0724087
52	0.143189
52	0.136264
52	0.149167
52	0.181562
52	0.128238
52	0.0831605
52	0.148033
52	0.139143
52	0.0580331
54	0.054472
54	0.0626536
54	0.1374
54	0.170055
54	0.231383
54	0.295673
54	0.103614
54	0.208544
54	0.128679
54	0.245457
54	0.269712
54	0.166326
54	0.320643
54	0.153775
54	0.216166
54	0.144104
54	0.155951
54	0.0681597
54	0.112918
54	0.0338283
54	0.114158
54	0.117067
54	0.25606
54	0.0942258
54	0.119184
54	0.11945
54	0.257276
54	0.146143
54	0.0356995
54	0.142318
54	0.111267
54	0.092972
54	0.21929
54	0.136884
54	0.127441
54	0.27845
54	0.154547
54	0.0796873
54	0.149362
54	0.104495
54	0.0686654
54	0.137042
54	0.0988791
54	0.141677
54	0.294243
54	0.0283784
54	0.190451
54	0.24902
54	0.258029
54	0.167823
54	0.0975679
54	0.0348237
54	0.245282
54	0.13788
54	0.18939
54	0.251734
54	0.175719
54	0.27808
54	0.16644
54	0.0969855
54	0.281829
54	0.263038
54	0.209229
54	0.188776
54	0.0722679
54	0.109264
54	0.292068
54	0.162379
54	0.153191
54	0.146188
54	0.321452
54	0.287349
54	0.10195
54	0.18326
54	0.176538
54	0.168028
54	0.0870692
54	0.139833
54	0.166707
54	0.155908
54	0.11185
54	0.203325
54	0.100124
54	0.123099
54	0.24375
54	0.134602
54	0.16655
54	0.121226
54	0.209151
54	0.187497
54	0.12701
54	0.222509
54	0.172708
54	0.0912941
54	0.119772
54	0.171198
54	0.178602
54	0.141746
54	0.0237971
54	0.152386
56	0.129957
56	0.254477
56	0.0885325
56	0.163213
56	0.154426
56	0.251471
56	0.200032
56	0.236487
56	0.201634
56	0.147107
56	0.039579
56	0.137508
56	0.186534
56	0.108073
56	0.103774
56	0.0280096
56	0.138195
56	0.0829996
56	0.230201
56	0.135698
56	0.0845797
56	0.252253
56	0.260429
56	0.16965
56	0.116994
56	0.205841
56	0.128517
56	0.0711439
56	0.257516
56	0.127072
56	0.200592
56	0.13221
56	0.177443
56	0.0743051
56	0.283444
56	0.0423994
56	0.181163
56	0.167412
56	0.207546
56	0.214105
56	0.106785
56	0.0451766
56	0.0966405
56	0.224675
56	0.164626
56	0.161882
56	0.208401
56	0.0615401
56	0.163905
56	0.116286
56	0.19648
56	0.072258
56	0.312599
56	0.176346
56	0.226581
56	0.143422
56	0.108155
56	0.265767
56	0.185945
56	0.0831257
56	0.223139
56	0.281731
56	0.135015
56	0.206596
56	0.205236
56	0.157208
56	0.110655
56	0.127158
56	0.275494
56	0.187244
56	0.116008
56	0.37171
56	0.0749346
56	0.130296
56	0.128112
56	0.198572
56	0.143922
56	0.290653
56	0.065802
56	0.116102
56	0.138852
56	0.305144
56	0.18438
56	0.281123
56	0.176879
56	0.140614
56	0.160603
56	0.138281
56	0.10047
56	0.210469
56	0.176508
56	0.305877
56	0.317938
56	0.111456
56	0.267273
56	0.185106
56	0.129641
56	0.229788
56	0.0829068
56	0.236908
58	0.246469
58	0.237305
58	0.121141
58	0.153108
58	0.140045
58	0.106704
58	0.202853
58	0.195641
58	0.181344
58	0.162328
58	0.308412
58	0.294205
58	0.164806
58	0.133722
58	0.141061
58	0.184261
58	0.224257
58	0.163621
58	0.145403
58	0.155436
58	0.0166623
58	0.0356172
58	0.170025
58	0.122998
58	0.264438
58	0.213166
58	0.0828445
58	0.183504
58	0.160915
58	0.178025
58	0.133091
58	0.126777
58	0.187263
58	0.0809737
58	0.194978
58	0.216576
58	0.198496
58	0.16427
58	0.0827384
58	0.230032
58	0.104779
58	0.108944
58	0.261309
58	0.10658
58	0.160817
58	0.150855
58	0.107502
58	0.146477
58	0.302792
58	0.176032
58	0.237563
58	0.218332
58	0.261603
58	0.0647841
58	0.0508071
58	0.0939628
58	0.200475
58	0.127778
58	0.140548
58	0.161228
58	0.266889
58	0.156971
58	0.213161
58	0.0750053
58	0.0752875
58	0.217286
58	0.256528
58	0.148431
58	0.0669398
58	0.108943
58	0.201756
58	0.270687
58	0.187185
58	0.107127
58	0.104297
58	0.19197
58	0.0980063
58	0.242594
58	0.172511
58	0.15112
58	0.135144
58	0.2385
58	0.173101
58	0.202871
58	0.188191
58	0.263509
58	0.251951
58	0.0739511
58	0.0926451
58	0.053516
58	0.115221
58	0.111688
58	0.0225473
58	0.157854
58	0.205113
58	0.0766455
58	0.0896922
58	0.254954
58	0.249235
58	0.147642
60	0.124312
60	0.154619
60	0.0729381
60	0.188112
60	0.213289
60	0.0758972
60	0.151401
60	0.06449
60	0.0492815
60	0.0251938
60	0.14083
60	0.178935
60	0.0967958
60	0.204045
60	0.238387
60	0.150463
60	0.102562
60	0.148063
60	0.13356
60	0.115051
60	0.168049
60	0.239345
60	0.107533
60	0.139059
60	0.196913
60	0.114219
60	0.0550222
60	0.216147
60	0.180346
60	0.219781
60	0.191159
60	0.0782416
60	0.183276
60	0.152038
60	0.267689
60	0.151517
60	0.0429414
60	0.244098
60	0.1837
60	0.233124
60	0.266512
60	0.0740916
60	0.150488
60	0.220904
60	0.0884716
60	0.0937248
60	0.0744711
60	0.225871
60	0.383176
60	0.213802
60	0.0869792
60	0.218127
60	0.237457
60	0.0673733
60	0.0791154
60	0.0346363
60	0.091742
60	0.0628899
60	0.153727
60	0.124128
60	0.245569
60	0.167271
60	0.265165
60	0.242167
60	0.22591
60	0.185461
60	0.141406
60	0.111831
60	0.142708
60	0.272145
60	0.316254
60	0.0892757
60	0.124842
60	0.21221
60	0.252857
60	0.136837
60	0.127617
60	0.130223
60	0.130315
60	0.259066
60	0.144243
60	0.13481
60	0.204297
60	0.228382
60	0.211287
60	0.118978
60	0.172491
60	0.196068
60	0.264801
60	0.139076
60	0.148734
60	0.138542
60	0.113077
60	0.0831369
60	0.109945
60	0.149049
60	0.237093
60	0.224456
60	0.106078
60	0.16435
62	0.13272
62	0.240029
62	0.196831
62	0.155984
62	0.2827
62	0.250905
62	0.0824766
62	0.111661
62	0.138138
62	0.113771
62	0.0619545
62	0.0921333
62	0.0834194
62	0.191649
62	0.106494
62	0.0848818
62	0.23146
62	0.191619
62	0.207746
62	0.0996826
62	0.0800226
62	0.138673
62	0.0875691
62	0.202903
62	0.0553429
62	0.227062
62	0.0346005
62	0.123981
62	0.166317
62	0.0837918
62	0.270246
62	0.303347
62	0.117783
62	0.191518
62	0.125656
62	0.164332
62	0.175081
62	0.290815
62	0.277494
62	0.207374
62	0.153992
62	0.195635
62	0.148219
62	0.276975
62	0.14182
62	0.193038
62	0.213287
62	0.0321147
62	0.0919749
62	0.0160186
62	0.139495
62	0.103072
62	0.0869725
62	0.176247
62	0.16585
62	0.20839
62	0.210962
62	0.169372
62	0.142306
62	0.254597
62	0.11331
62	0.120895
62	0.0337289
62	0.212815
62	0.174663
62	0.0656554
62	0.220368
62	0.115687
62	0.237405
62	0.13938
62	0.185556
62	0.113994
62	0.0859057
62	0.132992
62	0.181577
62	0.0935063
62	0.1467
62	0.107525
62	0.109898
62	0.182771
62	0.156272
62	0.157453
62	0.113126
62	0.0926208
62	0.153354
62	0.146959
62	0.177467
62	0.164526
62	0.231184
62	0.0589792
62	0.0443512
62	0.1002
62	0.232907
62	0.152256
62	0.150375
62	0.0904866
62	0.260749
62	0.175442
62	0.250604
62	0.11967
64	0.108685
64	0.0574569
64	0.0987821
64	0.152995
64	0.0879726
64	0.136295
64	0.107722
64	0.0839011
64	0.167797
64	0.0889165
64	0.152979
64	0.147963
64	0.16103
64	0.0281058
64	0.174215
64	0.256588
64	0.246822
64	0.134647
64	0.0672255
64	0.273614
64	0.13217
64	0.0673491
64	0.181345
64	0.247114
64	0.0827681
64	0.0339264
64	0.158561
64	0.087695
64	0.208823
64	0.0605727
64	0.0800602
64	0.143223
64	0.189533
64	0.062069
64	0.204528
64	0.127395
64	0.127205
64	0.114368
64	0.181696
64	0.112056
64	0.171849
64	0.212566
64	0.143076
64	0.195874
64	0.0203391
64	0.161326
64	0.159253
64	0.122934
64	0.094712
64	0.119531
64	0.104002
64	0.127712
64	0.22436
64	0.156415
64	0.15042
64	0.0993714
64	0.140641
64	0.338775
64	0.142493
64	0.187501
64	0.131843
64	0.0813922
64	0.216244
64	0.203198
64	0.189507
64	0.115279
64	0.138587
64	0.186045
64	0.214524
64	0.118891
64	0.141183
64	0.207077
64	0.18218
64	0.0346154
64	0.156536
64	0.205344
64	0.12965
64	0.0863869
64	0.100757
64	0.07591
64	0.231673
64	0.0751803
64	0.17495
64	0.189384
64	0.130321
64	0.185004
64	0.209524
64	0.196989
64	0.0470808
64	0.12459
64	0.279009
64	0.18247
64	0.0763904
64	0.142031
64	0.0927529
64	0.189443
64	0.270234
64	0.114679
64	0.144814
64	0.124447
66	0.0909886
66	0.0441862
66	0.276768
66	0.0777939
66	0.0779732
66	0.130912
66	0.234457
66	0.0472517
66	0.0588376
66	0.113385
66	0.146986
66	0.187368
66	0.171252
66	0.111793
66	0.0719018
66	0.0869854
66	0.0963733
66	0.149982
66	0.103696
66	0.170721
66	0.104454
66	0.0998658
66	0.109862
66	0.0724763
66	0.0419393
66	0.135709
66	0.211435
66	0.113853
66	0.16393
66	0.10717
66	0.149464
66	0.270361
66	0.126608
66	0.27346
66	0.216683
66	0.145905
66	0.133524
66	0.104611
66	0.174048
66	0.230333
66	0.141973
66	0.155018
66	0.151342
66	0.0888718
66	0.0472278
66	0.0554218
66	0.0930249
66	0.179877
66	0.119576
66	0.113153
66	0.126003
66	0.218784
66	0.146428
66	0.157265
66	0.0884348
66	0.293859
66	0.135236
66	0.0867001
66	0.0833427
66	0.0950282
66	0.150537
66	0.0599921
66	0.113121
66	0.173758
66	0.167883
66	0.102854
66	0.146514
66	0.154624
66	0.106534
66	0.253266
66	0.0714964
66	0.303949
66	0.132531
66	0.132039
66	0.0413065
66	0.16693
66	0.087709
66	0.156177
66	0.23152
66	0.127545
66	0.146678
66	0.256085
66	0.096831
66	0.0816182
66	0.217032
66	0.252165
66	0.151544
66	0.0905568
66	0.185975
66	0.0771032
66	0.235619
66	0.14322
66	0.0538821
66	0.146084
66	0.0945164
66	0.142416
66	0.156944
66	0.114908
66	0.147987
66	0.0995393
68	0.17374
68	0.0915967
68	0.182695
68	0.27021
68	0.171062
68	0.0425652
68	0.2419
68	0.18735
68	0.116061
68	0.0585823
68	0.144685
68	0.129401
68	0.135726
68	0.244913
68	0.165351
68	0.0197127
68	0.0710557
68	0.215054
68	0.17548
68	0.115119
68	0.205635
68	0.118485
68	0.166246
68	0.103812
68	0.218085
68	0.259842
68	0.121599
68	0.178664
68	0.10334
68	0.151094
68	0.0889205
68	0.0969841
68	0.0595677
68	0.199373
68	0.108467
68	0.154879
68	0.127618
68	0.132479
68	0.245163
68	0.038325
68	0.166543
68	0.157399
68	0.233703
68	0.150644
68	0.0578683
68	0.116499
68	0.185592
68	0.19874
68	0.0981452
68	0.227323
68	0.271604
68	0.191577
68	0.177773
68	0.0564211
68	0.19445
68	0.264047
68	0.147618
68	0.0819457
68	0.0890203
68	0.091216
68	0.177374
68	0.180617
68	0.0988622
68	0.103735
68	0.165535
68	0.0661312
68	0.246681
68	0.077334
68	0.0914646
68	0.0601728
68	0.0601539
68	0.128271
68	0.222549
68	0.187018
68	0.182262
68	0.130389
68	0.107076
68	0.10524
68	0.17851
68	0.153165
68	0.238139
68	0.0968979
68	0.301068
68	0.101518
68	0.124803
68	0.0707804
68	0.116501
68	0.169203
68	0.0502693
68	0.128765
68	0.0853835
68	0.142549
68	0.145769
68	0.104414
68	0.110519
68	0.131515
68	0.0518547
68	0.117108
68	0.0708562
68	0.0934869
70	0.0958424
70	0.108107
70	0.213252
70	0.195747
70	0.157261
70	0.106932
70	0.130415
70	0.0517096
70	0.178523
70	0.132183
70	0.0778275
70	0.110149
70	0.141034
70	0.218126
70	0.0558395
70	0.173233
70	0.11716
70	0.242716
70	0.207337
70	0.278914
70	0.127987
70	0.22496
70	0.163036
70	0.0773759
70	0.153999
70	0.118891
70	0.167821
70	0.130879
70	0.129373
70	0.137192
70	0.112183
70	0.0131148
70	0.123167
70	0.204142
70	0.257064
70	0.113006
70	0.149643
70	0.135461
70	0.244477
70	0.20039
70	0.167991
70	0.166633
70	0.0921069
70	0.0656068
70	0.111971
70	0.114049
70	0.0810467
70	0.136943
70	0.138236
70	0.227692
70	0.0753507
70	0.149793
70	0.210114
70	0.0371307
70	0.0560606
70	0.145507
70	0.132875
70	0.126923
70	0.0657428
70	0.216764
70	0.18057
70	0.120628
70	0.135125
70	0.0821433
70	0.201969
70	0.233467
70	0.2536
70	0.324153
70	0.0992634
70	0.19415
70	0.109344
70	0.263474
70	0.280413
70	0.0281504
70	0.136672
70	0.163003
70	0.210363
70	0.100912
70	0.256911
70	0.186171
70	0.102055
70	0.176362
70	0.0647217
70	0.132112
70	0.0967079
70	0.0853394
70	0.21969
70	0.158954
70	0.206214
70	0.203882
70	0.125114
70	0.231608
70	0.104432
70	0.0525239
70	0.124061
70	0.127225
70	0.0781768
70	0.199497
70	0.109725
70	0.0751854
72	0.0318572
72	0.0930826
72	0.118514
72	0.273726
72	0.146711
72	0.0764119
72	0.124391
72	0.0371713
72	0.108697
72	0.0441428
72	0.19328
72	0.0891121
72	0.128398
72	0.119289
72	0.312268
72	0.133553
72	0.141236
72	0.0976867
72	0.104516
72	0.169582
72	0.0937699
72	0.119126
72	0.195117
72	0.213195
72	0.203452
72	0.111178
72	0.223062
72	0.22118
72	0.255855
72	0.18019
72	0.0789188
72	0.102295
72	0.190423
72	0.099512
72	0.0788269
72	0.130914
72	0.206732
72	0.0585696
72	0.0927536
72	0.141861
72	0.158689
72	0.103995
72	0.189626
72	0.108001
72	0.136957
72	0.0172142
72	0.143734
72	0.122042
72	0.204742
72	0.0505097
72	0.111806
72	0.105828
72	0.123057
72	0.259081
72	0.0889965
72	0.0491782
72	0.152705
72	0.127869
72	0.0949776
72	0.0991686
72	0.129506
72	0.240942
72	0.19849
72	0.245682
72	0.0664298
72	0.142954
72	0.104964
72	0.200668
72	0.176057
72	0.139169
72	0.159725
72	0.0829627
72	0.14843
72	0.156267
72	0.0561586
72	0.0751806
72	0.0902849
72	0.199112
72	0.136403
72	0.138224
72	0.106557
72	0.143773
72	0.224689
72	0.0866778
72	0.132671
72	0.206266
72	0.165088
72	0.160044
72	0.170981
72	0.0943203
72	0.127228
72	0.115835
72	0.113532
72	0.0912346
72	0.107001
72	0.132192
72	0.120274
72	0.159225
72	0.0850751
72	0.0494012
74	0.12256
74	0.0600443
74	0.165271
74	0.108335
74	0.0548757
74	0.159368
74	0.195991
74	0.155442
74	0.248661
74	0.139913
74	0.140522
74	0.163956
74	0.14696
74	0.0334128
74	0.108491
74	0.134262
74	0.0807443
74	0.225798
74	0.191814
74	0.231239
74	0.154126
74	0.165222
74	0.0408956
74	0.113751
74	0.14964
74	0.254631
74	0.220802
74	0.102766
74	0.236073
74	0.253305
74	0.131402
74	0.0929049
74	0.0340588
74	0.147271
74	0.149046
74	0.189405
74	0.200821
74	0.0852528
74	0.0987917
74	0.134627
74	0.0898783
74	0.204859
74	0.159904
74	0.141051
74	0.0861942
74	0.223767
74	0.132503
74	0.173278
74	0.090402
74	0.0436884
74	0.140144
74	0.193265
74	0.103322
74	0.185244
74	0.170722
74	0.0745698
74	0.0572109
74	0.10749
74	0.125153
74	0.060203
74	0.124223
74	0.131961
74	0.238302
74	0.222655
74	0.172093
74	0.181768
74	0.12669
74	0.123462
74	0.357325
74	0.135872
74	0.182758
74	0.148265
74	0.16776
74	0.0812102
74	0.173944
74	0.173517
74	0.161819
74	0.087841
74	0.121344
74	0.142453
74	0.0541889
74	0.0434886
74	0.0896097
74	0.170879
74	0.139086
74	0.264227
74	0.294604
74	0.269125
74	0.156037
74	0.126289
74	0.163966
74	0.0357043
74	0.0587199
74	0.0968281
74	0.148422
74	0.121871
74	0.118006
74	0.104625
74	0.0750397
74	0.104585
76	0.134783
76	0.166843
76	0.0992087
76	0.057369
76	0.0540297
76	0.0641134
76	0.221272
76	0.116867
76	0.0772299
76	0.0334013
76	0.282795
76	0.149023
76	0.105208
76	0.204954
76	0.158299
76	0.173693
76	0.207123
76	0.141236
76	0.176183
76	0.0424195
76	0.0635884
76	0.118585
76	0.149146
76	0.0983614
76	0.150308
76	0.236075
76	0.363105
76	0.176649
76	0.150086
76	0.150335
76	0.205817
76	0.108429
76	0.191676
76	0.141504
76	0.132258
76	0.139402
76	0.0900788
76	0.0758209
76	0.177177
76	0.137084
76	0.131384
76	0.234418
76	0.062468
76	0.202539
76	0.133773
76	0.118384
76	0.144363
76	0.108019
76	0.251651
76	0.0557158
76	0.175408
76	0.214026
76	0.144837
76	0.133164
76	0.20117
76	0.10764
76	0.155373
76	0.111725
76	0.0632559
76	0.153146
76	0.304918
76	0.257236
76	0.217518
76	0.235411
76	0.0902646
76	0.0305123
76	0.0868269
76	0.148827
76	0.110834
76	0.199615
76	0.088646
76	0.0990958
76	0.214802
76	0.109201
76	0.25771
76	0.138414
76	0.109054
76	0.117755
76	0.155981
76	0.165358
76	0.167164
76	0.133072
76	0.178976
76	0.139502
76	0.146861
76	0.144878
76	0.0776693
76	0.200854
76	0.236532
76	0.0873729
76	0.0931491
76	0.0366057
76	0.0915332
76	0.222055
76	0.225644
76	0.111975
76	0.106479
76	0.197845
76	0.0814524
76	0.0710596
78	0.14795
78	0.156556
78	0.074092
78	0.0733204
78	0.0923096
78	0.0877548
78	0.186166
78	0.272325
78	0.0958346
78	0.15106
78	0.0890471
78	0.126274
78	0.164833
78	0.170344
78	0.243879
78	0.261933
78	0.0818749
78	0.193241
78	0.112525
78	0.184685
78	0.10467
78	0.221378
78	0.123369
78	0.0516066
78	0.130633
78	0.037745
78	0.164284
78	0.0677384
78	0.173125
78	0.104927
78	0.210597
78	0.0869057
78	0.182792
78	0.183339
78	0.0363437
78	0.11403
78	0.0452125
78	0.0827328
78	0.105815
78	0.132695
78	0.0576294
78	0.263793
78	0.144321
78	0.121023
78	0.0989775
78	0.170579
78	0.199813
78	0.0906879
78	0.134727
78	0.138058
78	0.113145
78	0.143412
78	0.131141
78	0.102738
78	0.130546
78	0.199578
78	0.201348
78	0.0853858
78	0.14107
78	0.111567
78	0.0617401
78	0.183926
78	0.0447227
78	0.177905
78	0.17285
78	0.137171
78	0.102788
78	0.284744
78	0.0976546
78	0.0604668
78	0.119662
78	0.361908
78	0.156072
78	0.174529
78	0.181524
78	0.201435
78	0.19393
78	0.0458622
78	0.0804181
78	0.307752
78	0.234921
78	0.156195
78	0.19535
78	0.242182
78	0.0888724
78	0.191984
78	0.0673925
78	0.111725
78	0.269051
78	0.206086
78	0.21795
78	0.175209
78	0.126183
78	0.109485
78	0.142359
78	0.115783
78	0.107023
78	0.0716753
78	0.0542018
78	0.112036
80	0.0949562
80	0.103672
80	0.128432
80	0.181295
80	0.0496658
80	0.210451
80	0.21459
80	0.158384
80	0.206483
80	0.159103
80	0.0476801
80	0.132572
80	0.0968888
80	0.129253
80	0.1902
80	0.18365
80	0.0607155
80	0.20926
80	0.175392
80	0.206487
80	0.113222
80	0.178916
80	0.0760677
80	0.118215
80	0.185998
80	0.095545
80	0.137326
80	0.175336
80	0.0193691
80	0.0927081
80	0.18447
80	0.0666151
80	0.057916
80	0.147972
80	0.103958
80	0.151805
80	0.0655733
80	0.146385
80	0.103792
80	0.191241
80	0.150654
80	0.175679
80	0.0231955
80	0.163518
80	0.127783
80	0.18158
80	0.0955355
80	0.0607108
80	0.204601
80	0.259346
80	0.206471
80	0.166035
80	0.107314
80	0.145025
80	0.157787
80	0.204991
80	0.151774
80	0.0636278
80	0.113337
80	0.0939381
80	0.0963696
80	0.104142
80	0.185573
80	0.0801019
80	0.0900484
80	0.0552063
80	0.108905
80	0.2106
80	0.137207
80	0.156063
80	0.160075
80	0.247015
80	0.120807
80	0.155502
80	0.127
80	0.162991
80	0.178083
80	0.181493
80	0.161717
80	0.171141
80	0.0231902
80	0.0988055
80	0.107935
80	0.0276654
80	0.0829024
80	0.0766816
80	0.115768
80	0.0921691
80	0.0885478
80	0.112889
80	0.0400843
80	0.130043
80	0.173542
80	0.312149
80	0.111829
80	0.1534
80	0.175963
80	0.192921
80	0.111451
80	0.264419
82	0.114552
82	0.0577753
82	0.0378532
82	0.22619
82	0.117303
82	0.111365
82	0.145669
82	0.124737
82	0.0569845
82	0.0702642
82	0.0797914
82	0.154954
82	0.174939
82	0.118867
82	0.077099
82	0.137042
82	0.171996
82	0.0869033
82	0.0797902
82	0.131526
82	0.219435
82	0.220149
82	0.124976
82	0.0514417
82	0.0936246
82	0.0764007
82	0.144008
82	0.179473
82	0.186091
82	0.252725
82	0.161165
82	0.0796552
82	0.0584152
82	0.0919486
82	0.115112
82	0.202645
82	0.124248
82	0.248969
82	0.161245
82	0.114834
82	0.111781
82	0.0576775
82	0.0955907
82	0.159099
82	0.231385
82	0.187014
82	0.1014
82	0.157353
82	0.1815
82	0.327752
82	0.107336
82	0.133335
82	0.0875598
82	0.217171
82	0.11513
82	0.0921579
82	0.184576
82	0.242737
82	0.0732045
82	0.127931
82	0.0768872
82	0.116286
82	0.0986976
82	0.0517723
82	0.156344
82	0.0927074
82	0.176994
82	0.227576
82	0.211917
82	0.110281
82	0.0536673
82	0.0466164
82	0.143569
82	0.0835966
82	0.105117
82	0.0678612
82	0.146578
82	0.171722
82	0.0711764
82	0.172101
82	0.0449698
82	0.0469697
82	0.101601
82	0.0579008
82	0.202129
82	0.120198
82	0.167132
82	0.283361
82	0.128951
82	0.0916554
82	0.132981
82	0.0193138
82	0.161542
82	0.0980852
82	0.247866
82	0.134814
82	0.117016
82	0.185479
82	0.166476
82	0.137483
84	0.161081
84	0.141855
84	0.0838425
84	0.136097
84	0.082656
84	0.130099
84	0.107197
84	0.194033
84	0.237459
84	0.18808
84	0.0931159
84	0.133543
84	0.118128
84	0.128089
84	0.164286
84	0.212157
84	0.115131
84	0.113007
84	0.135268
84	0.204
84	0.0645247
84	0.0679143
84	0.0907984
84	0.0600273
84	0.144667
84	0.115802
84	0.121496
84	0.128752
84	0.0695719
84	0.158616
84	0.192497
84	0.129888
84	0.105353
84	0.229855
84	0.200727
84	0.0892558
84	0.210087
84	0.154731
84	0.101385
84	0.245259
84	0.248776
84	0.114841
84	0.139038
84	0.102083
84	0.0835882
84	0.0784548
84	0.0590494
84	0.177706
84	0.241845
84	0.0950367
84	0.119428
84	0.0680058
84	0.127945
84	0.148225
84	0.0792256
84	0.122745
84	0.136159
84	0.118962
84	0.113759
84	0.0628071
84	0.118129
84	0.0821667
84	0.133281
84	0.129806
84	0.174317
84	0.136565
84	0.132608
84	0.146051
84	0.202973
84	0.165422
84	0.157819
84	0.188562
84	0.0668684
84	0.0489969
84	0.167056
84	0.149872
84	0.0748785
84	0.151376
84	0.132771
84	0.087738
84	0.14593
84	0.178541
84	0.0517297
84	0.0867701
84	0.222191
84	0.276778
84	0.136363
84	0.149513
84	0.0690731
84	0.16464
84	0.101742
84	0.214538
84	0.0566652
84	0.201871
84	0.301836
84	0.142549
84	0.13329
84	0.13857
84	0.0596372
84	0.178319
86	0.114113
86	0.0273367
86	0.0704658
86	0.211718
86	0.134306
86	0.1333
86	0.310848
86	0.14223
86	0.201297
86	0.172264
86	0.0463322
86	0.239096
86	0.0484086
86	0.109296
86	0.0574185
86	0.106891
86	0.0917148
86	0.293842
86	0.16094
86	0.152336
86	0.147608
86	0.209215
86	0.125031
86	0.0975681
86	0.111403
86	0.0616569
86	0.136976
86	0.0935931
86	0.162463
86	0.0866478
86	0.118926
86	0.0628077
86	0.0614431
86	0.178658
86	0.0995626
86	0.110322
86	0.217619
86	0.225835
86	0.0174025
86	0.134057
86	0.140647
86	0.174122
86	0.217641
86	0.195187
86	0.0806513
86	0.0349561
86	0.126947
86	0.216072
86	0.139308
86	0.111137
86	0.0990083
86	0.176145
86	0.189169
86	0.215374
86	0.0858002
86	0.180703
86	0.101118
86	0.170832
86	0.168765
86	0.108668
86	0.156476
86	0.208283
86	0.134031
86	0.106755
86	0.217362
86	0.0757691
86	0.0702435
86	0.097855
86	0.139041
86	0.167486
86	0.114285
86	0.111497
86	0.118556
86	0.113468
86	0.156292
86	0.116029
86	0.100238
86	0.124453
86	0.315885
86	0.218557
86	0.209678
86	0.236353
86	0.125994
86	0.170121
86	0.115733
86	0.224388
86	0.0751572
86	0.160689
86	0.22226
86	0.0459079
86	0.105017
86	0.150041
86	0.0443164
86	0.0996029
86	0.0645997
86	0.163932
86	0.0260458
86	0.0488463
86	0.134196
86	0.135916
88	0.161349
88	0.232342
88	0.100566
88	0.0817139
88	0.177365
88	0.22166
88	0.137923
88	0.139677
88	0.141467
88	0.141903
88	0.128946
88	0.153756
88	0.227545
88	0.10342
88	0.0962543
88	0.102137
88	0.0949328
88	0.209496
88	0.0871963
88	0.26469
88	0.146786
88	0.115411
88	0.220196
88	0.0975746
88	0.0349566
88	0.130775
88	0.106231
88	0.0666194
88	0.111928
88	0.203086
88	0.0621965
88	0.244348
88	0.21722
88	0.138898
88	0.116119
88	0.170748
88	0.140742
88	0.240226
88	0.201291
88	0.0325403
88	0.137695
88	0.103997
88	0.117427
88	0.0299271
88	0.189501
88	0.316364
88	0.14213
88	0.274906
88	0.101993
88	0.0733661
88	0.213486
88	0.238697
88	0.0702027
88	0.211131
88	0.179658
88	0.128996
88	0.140572
88	0.0523039
88	0.041413
88	0.247232
88	0.223299
88	0.289418
88	0.114204
88	0.0769614
88	0.186646
88	0.109475
88	0.0988406
88	0.112907
88	0.117956
88	0.0932145
88	0.0202861
88	0.076511
88	0.127264
88	0.0960154
88	0.220053
88	0.100808
88	0.252995
88	0.209688
88	0.162912
88	0.123826
88	0.109759
88	0.102566
88	0.179609
88	0.137353
88	0.232688
88	0.180882
88	0.131673
88	0.132815
88	0.0957571
88	0.0815726
88	0.158343
88	0.156531
88	0.208736
88	0.259052
88	0.112014
88	0.147241
88	0.0749763
88	0.0670932
88	0.108113
88	0.152654
90	0.122968
90	0.247328
90	0.139979
90	0.201282
90	0.131728
90	0.107245
90	0.162318
90	0.0920975
90	0.179112
90	0.200414
90	0.171057
90	0.176968
90	0.170679
90	0.203713
90	0.0695833
90	0.141268
90	0.0344148
90	0.187811
90	0.114664
90	0.131386
90	0.182984
90	0.165062
90	0.260064
90	0.0623352
90	0.141178
90	0.100445
90	0.0990695
90	0.2382
90	0.160396
90	0.172298
90	0.0937324
90	0.0878502
90	0.119834
90	0.198547
90	0.165736
90	0.152547
90	0.0774725
90	0.10472
90	0.15256
90	0.362585
90	0.261855
90	0.183346
90	0.251746
90	0.179363
90	0.318296
90	0.243493
90	0.111693
90	0.0665369
90	0.0803019
90	0.135618
90	0.258996
90	0.142656
90	0.0811095
90	0.0451996
90	0.184072
90	0.144705
90	0.0588486
90	0.134477
90	0.154034
90	0.144835
90	0.272236
90	0.0993514
90	0.0988215
90	0.259872
90	0.112835
90	0.0986141
90	0.25383
90	0.0965092
90	0.219097
90	0.197641
90	0.0924959
90	0.260331
90	0.171427
90	0.139525
90	0.161843
90	0.129729
90	0.0670757
90	0.158582
90	0.135801
90	0.190505
90	0.142412
90	0.157274
90	0.124258
90	0.140195
90	0.153997
90	0.105798
90	0.143045
90	0.110564
90	0.106355
90	0.16323
90	0.185743
90	0.100979
90	0.13471
90	0.0992412
90	0.0817222
90	0.133199
90	0.0843208
90	0.184062
90	0.114101
90	0.112927
92	0.104049
92	0.172133
92	0.122556
92	0.190959
92	0.259334
92	0.144169
92	0.0607086
92	0.137135
92	0.158165
92	0.249884
92	0.0964187
92	0.112272
92	0.0682429
92	0.0355669
92	0.0879144
92	0.217123
92	0.115539
92	0.179589
92	0.128337
92	0.100336
92	0.101809
92	0.15254
92	0.1989
92	0.0948365
92	0.172278
92	0.0322806
92	0.0433956
92	0.0664116
92	0.159668
92	0.0619497
92	0.14548
92	0.101741
92	0.132099
92	0.0672379
92	0.0911709
92	0.203399
92	0.0378505
92	0.209065
92	0.113427
92	0.225447
92	0.127938
92	0.174276
92	0.208877
92	0.107229
92	0.109378
92	0.0966143
92	0.152117
92	0.186489
92	0.119405
92	0.0516769
92	0.0649218
92	0.0818213
92	0.258313
92	0.165743
92	0.0946133
92	0.0532375
92	0.0712317
92	0.140356
92	0.184714
92	0.074946
92	0.132799
92	0.126025
92	0.2455
92	0.108348
92	0.184378
92	0.0655491
92	0.0908787
92	0.223754
92	0.11715
92	0.100683
92	0.120982
92	0.136721
92	0.157531
92	0.178038
92	0.160851
92	0.15387
92	0.20758
92	0.192334
92	0.156012
92	0.21155
92	0.129151
92	0.0509307
92	0.130025
92	0.26433
92	0.0641076
92	0.157934
92	0.127116
92	0.0584416
92	0.225161
92	0.108343
92	0.0799099
92	0.0978424
92	0.108002
92	0.0800098
92	0.0983816
92	0.056382
92	0.126384
92	0.189462
92	0.129465
92	0.178856
94	0.197436
94	0.0808247
94	0.240917
94	0.126138
94	0.148339
94	0.227072
94	0.255638
94	0.0759049
94	0.0639455
94	0.0936015
94	0.189367
94	0.141933
94	0.168093
94	0.110457
94	0.13541
94	0.0609604
94	0.158235
94	0.155763
94	0.0623604
94	0.0831506
94	0.137153
94	0.263664
94	0.123634
94	0.107055
94	0.0357165
94	0.106392
94	0.131152
94	0.0876317
94	0.100117
94	0.157876
94	0.0661867
94	0.146609
94	0.0878148
94	0.157101
94	0.0573516
94	0.134182
94	0.09
94	0.102525
94	0.193555
94	0.235534
94	0.16411
94	0.143978
94	0.104309
94	0.085294
94	0.0586041
94	0.0633232
94	0.08141
94	0.118854
94	0.00632911
94	0.0794535
94	0.0618355
94	0.159272
94	0.132836
94	0.247484
94	0.0865426
94	0.0734371
94	0.119397
94	0.112734
94	0.157498
94	0.127676
94	0.253634
94	0.104751
94	0.135855
94	0.301811
94	0.180849
94	0.112547
94	0.168175
94	0.209271
94	0.192563
94	0.0153832
94	0.188383
94	0.0657785
94	0.157529
94	0.131775
94	0.0743818
94	0.12186
94	0.189002
94	0.0687265
94	0.21287
94	0.213439
94	0.227786
94	0.112492
94	0.195615
94	0.245855
94	0.0833416
94	0.0476536
94	0.098451
94	0.062467
94	0.0783029
94	0.10615
94	0.247494
94	0.0593762
94	0.10741
94	0.140817
94	0.0690585
94	0.0659437
94	0.142659
94	0.275547
94	0.160139
94	0.0480263
96	0.221946
96	0.0856658
96	0.0990163
96	0.140688
96	0.15428
96	0.175033
96	0.128845
96	0.112242
96	0.0931922
96	0.121164
96	0.19216
96	0.168439
96	0.284463
96	0.158618
96	0.050551
96	0.126371
96	0.180817
96	0.130877
96	0.0972809
96	0.0847123
96	0.144869
96	0.0693343
96	0.0957222
96	0.0908276
96	0.161718
96	0.0953867
96	0.0484783
96	0.133746
96	0.166899
96	0.0567438
96	0.11996
96	0.130154
96	0.179556
96	0.0830757
96	0.049734
96	0.24068
96	0.133426
96	0.219368
96	0.062034
96	0.115598
96	0.126024
96	0.0653274
96	0.161378
96	0.109764
96	0.0688212
96	0.0718737
96	0.260898
96	0.163161
96	0.086511
96	0.210256
96	0.284001
96	0.0351617
96	0.191075
96	0.184905
96	0.164376
96	0.147174
96	0.112602
96	0.213044
96	0.087723
96	0.105537
96	0.255408
96	0.131716
96	0.0805951
96	0.0845848
96	0.154751
96	0.152923
96	0.218696
96	0.326259
96	0.130534
96	0.184429
96	0.121164
96	0.205175
96	0.109458
96	0.0918
96	0.137959
96	0.0691369
96	0.184571
96	0.182896
96	0.130423
96	0.171369
96	0.0754475
96	0.139007
96	0.0806464
96	0.157523
96	0.13429
96	0.239609
96	0.0990611
96	0.128448
96	0.0746553
96	0.0640122
96	0.0503117
96	0.100049
96	0.1791
96	0.10339
96	0.183056
96	0.12473
96	0.139554
96	0.167515
96	0.0879813
96	0.195799
98	0.0657527
98	0.106867
98	0.176954
98	0.0421953
98	0.14145
98	0.118324
98	0.350017
98	0.138543
98	0.101746
98	0.0961064
98	0.0804194
98	0.242696
98	0.181847
98	0.197973
98	0.150962
98	0.173144
98	0.107604
98	0.157933
98	0.155772
98	0.0864822
98	0.0384668
98	0.103465
98	0.0849679
98	0.100543
98	0.196545
98	0.123175
98	0.0979091
98	0.0775487
98	0.142246
98	0.163284
98	0.167513
98	0.0801136
98	0.125745
98	0.175419
98	0.261726
98	0.114164
98	0.0589663
98	0.17605
98	0.16659
98	0.23509
98	0.177627
98	0.171685
98	0.132571
98	0.130283
98	0.1376
98	0.220977
98	0.116394
98	0.0854763
98	0.151758
98	0.154141
98	0.188377
98	0.163109
98	0.091744
98	0.171136
98	0.121378
98	0.124169
98	0.170208
98	0.106918
98	0.11477
98	0.209058
98	0.205588
98	0.156075
98	0.146694
98	0.0963965
98	0.195791
98	0.0565282
98	0.193904
98	0.192689
98	0.171555
98	0.223145
98	0.116399
98	0.124008
98	0.100917
98	0.230108
98	0.133834
98	0.18245
98	0.151706
98	0.11583
98	0.205568
98	0.172199
98	0.23604
98	0.190952
98	0.160837
98	0.0904084
98	0.158529
98	0.071059
98	0.138018
98	0.210621
98	0.162151
98	0.229375
98	0.0894849
98	0.103865
98	0.165688
98	0.200219
98	0.0889465
98	0.15797
98	0.088243
98	0.221119
98	0.130723
98	0.120646
100	0.0746253
100	0.228914
100	0.0949636
100	0.205098
100	0.0491125
100	0.0855754
100	0.0725362
100	0.0864176
100	0.152112
100	0.0732937
100	0.119891
100	0.068592
100	0.133598
100	0.11889
100	0.106806
100	0.0780243
100	0.0832849
100	0.104646
100	0.184828
100	0.0797123
100	0.0426597
100	0.132062
100	0.271244
100	0.201494
100	0.139846
100	0.0769864
100	0.149204
100	0.105895
100	0.0660881
100	0.210783
100	0.0948971
100	0.267743
100	0.122765
100	0.13048
100	0.0795405
100	0.127809
100	0.03523
100	0.152892
100	0.112554
100	0.0512759
100	0.311809
100	0.102562
100	0.0550986
100	0.207417
100	0.162153
100	0.173486
100	0.105042
100	0.0862492
100	0.138544
100	0.0594213
100	0.282392
100	0.103113
100	0.100936
100	0.109503
100	0.167969
100	0.0867975
100	0.19052
100	0.0679828
100	0.205406
100	0.148629
100	0.123564
100	0.0635186
100	0.119866
100	0.117726
100	0.0927914
100	0.163469
100	0.223351
100	0.185887
100	0.138184
100	0.070886
100	0.0953225
100	0.0942515
100	0.119465
100	0.139624
100	0.179604
100	0.18866
100	0.155277
100	0.100291
100	0.14383
100	0.250904
100	0.163693
100	0.070431
100	0.0807339
100	0.0956186
100	0.100266
100	0.0932007
100	0.0993875
100	0.102636
100	0.0554293
100	0.181017
100	0.0971753
100	0.131967
100	0.109088
100	0.120943
100	0.110692
100	0.0683381
100	0.0680497
100	0.0960835
100	0.115434
100	0.100775
102	0.125958
102	0.0825256
102	0.108407
102	0.128417
102	0.0993752
102	0.137508
102	0.217323
102	0.111376
102	0.094433
102	0.128731
102	0.130555
102	0.0564685
102	0.148405
102	0.219081
102	0.101836
102	0.0610759
102	0.0811549
102	0.140476
102	0.0855045
102	0.214409
102	0.110475
102	0.0726095
102	0.174155
102	0.135097
102	0.142158
102	0.0508326
102	0.196844
102	0.0455285
102	0.0866352
102	0.211848
102	0.0492291
102	0.225754
102	0.208065
102	0.20932
102	0.277434
102	0.137091
102	0.19621
102	0.0677891
102	0.133257
102	0.142748
102	0.153024
102	0.117341
102	0.168716
102	0.187909
102	0.14527
102	0.203484
102	0.167759
102	0.0693394
102	0.120193
102	0.125066
102	0.0825278
102	0.126138
102	0.178279
102	0.0620926
102	0.070104
102	0.143132
102	0.0598467
102	0.0997947
102	0.0814013
102	0.0573341
102	0.137597
102	0.232132
102	0.026573
102	0.155431
102	0.149221
102	0.0974897
102	0.140676
102	0.110773
102	0.184059
102	0.0991793
102	0.122739
102	0.188543
102	0.133341
102	0.0541898
102	0.136255
102	0.301585
102	0.0919766
102	0.162743
102	0.286287
102	0.135654
102	0.131171
102	0.185755
102	0.159502
102	0.094085
102	0.102549
102	0.0611009
102	0.0802406
102	0.201307
102	0.122134
102	0.117441
102	0.152871
102	0.22295
102	0.193999
102	0.205897
102	0.20836
102	0.109423
102	0.142378
102	0.141193
102	0.0920992
102	0.0996608
104	0.237188
104	0.365817
104	0.156743
104	0.163403
104	0.24233
104	0.114609
104	0.149775
104	0.129764
104	0.0942621
104	0.0831176
104	0.118203
104	0.159575
104	0.107592
104	0.116629
104	0.130176
104	0.171747
104	0.0830778
104	0.19184
104	0.089272
104	0.221474
104	0.120573
104	0.237655
104	0.157882
104	0.283381
104	0.152369
104	0.1452
104	0.147976
104	0.0966934
104	0.191006
104	0.126153
104	0.0853124
104	0.142602
104	0.108231
104	0.137875
104	0.0895296
104	0.0688038
104	0.0504405
104	0.116235
104	0.100257
104	0.0661454
104	0.0842264
104	0.127357
104	0.174953
104	0.246209
104	0.047614
104	0.281302
104	0.127319
104	0.143189
104	0.079103
104	0.277091
104	0.126617
104	0.139914
104	0.074434
104	0.165
104	0.221986
104	0.134199
104	0.0955809
104	0.136219
104	0.239042
104	0.147719
104	0.0721636
104	0.0728294
104	0.0652252
104	0.207099
104	0.119534
104	0.223244
104	0.185622
104	0.166561
104	0.17539
104	0.0778087
104	0.19548
104	0.0900375
104	0.152781
104	0.0596627
104	0.0872444
104	0.11952
104	0.161982
104	0.15131
104	0.0591229
104	0.14761
104	0.0760855
104	0.082501
104	0.207495
104	0.0949085
104	0.175775
104	0.113405
104	0.0720564
104	0.0772244
104	0.219741
104	0.130593
104	0.139868
104	0.117195
104	0.138834
104	0.100338
104	0.146548
104	0.116679
104	0.0808397
104	0.241069
104	0.147446
104	0.20226
106	0.110718
106	0.106039
106	0.210966
106	0.16746
106	0.100317
106	0.153637
106	0.183841
106	0.158406
106	0.182954
106	0.156717
106	0.0224198
106	0.109914
106	0.140347
106	0.204845
106	0.131368
106	0.205049
106	0.180721
106	0.0659094
106	0.223774
106	0.123145
106	0.121467
106	0.0874811
106	0.175146
106	0.132063
106	0.0537958
106	0.137084
106	0.203856
106	0.0427815
106	0.271716
106	0.11834
106	0.198046
106	0.122111
106	0.134508
106	0.111554
106	0.217038
106	0.094695
106	0.300091
106	0.0966991
106	0.17317
106	0.0769751
106	0.0452328
106	0.123863
106	0.111648
106	0.239504
106	0.0706727
106	0.0859258
106	0.174175
106	0.158274
106	0.134418
106	0.137926
106	0.0974549
106	0.121745
106	0.194211
106	0.0537366
106	0.104427
106	0.129438
106	0.226575
106	0.155909
106	0.0944317
106	0.121153
106	0.129674
106	0.101372
106	0.199001
106	0.11911
106	0.129539
106	0.121557
106	0.119722
106	0.216806
106	0.18457
106	0.184215
106	0.0905849
106	0.137493
106	0.0926187
106	0.0918507
106	0.195058
106	0.116103
106	0.119137
106	0.0310566
106	0.253577
106	0.113658
106	0.20078
106	0.130309
106	0.164724
106	0.0820292
106	0.0716808
106	0.119666
106	0.12355
106	0.0606263
106	0.141054
106	0.147326
106	0.0803955
106	0.106539
106	0.129652
106	0.163574
106	0.212584
106	0.118788
106	0.103504
106	0.139278
106	0.0839381
106	0.227532
108	0.150738
108	0.155498
108	0.15859
108	0.0575936
108	0.145055
108	0.139464
108	0.0969635
108	0.0892229
108	0.26193
108	0.1091
108	0.0862521
108	0.167573
108	0.124075
108	0.15817
108	0.146904
108	0.163869
108	0.0458332
108	0.198897
108	0.323562
108	0.170452
108	0.170664
108	0.217851
108	0.14298
108	0.152263
108	0.243066
108	0.142822
108	0.0272777
108	0.0920783
108	0.0299556
108	0.0891807
108	0.105122
108	0.110642
108	0.0759506
108	0.0751708
108	0.137053
108	0.161046
108	0.0841893
108	0.238533
108	0.173805
108	0.0849958
108	0.123668
108	0.0839971
108	0.131285
108	0.094733
108	0.227588
108	0.227655
108	0.1918
108	0.126451
108	0.1265
108	0.163316
108	0.0801902
108	0.0400623
108	0.194098
108	0.0687639
108	0.0718717
108	0.153463
108	0.164532
108	0.166812
108	0.137156
108	0.154331
108	0.0591576
108	0.234953
108	0.159019
108	0.149092
108	0.0198909
108	0.0498627
108	0.164927
108	0.119623
108	0.312021
108	0.275054
108	0.111768
108	0.142765
108	0.260005
108	0.225195
108	0.114603
108	0.186078
108	0.0889351
108	0.11486
108	0.0426734
108	0.0515318
108	0.13193
108	0.0717719
108	0.0255752
108	0.161506
108	0.137848
108	0.119224
108	0.157911
108	0.0615976
108	0.04449
108	0.113796
108	0.2118
108	0.20123
108	0.15924
108	0.121833
108	0.177772
108	0.19477
108	0.0925085
108	0.176273
108	0.175382
108	0.0737646
110	0.169355
110	0.156294
110	0.076508
110	0.208251
110	0.275257
110	0.0776192
110	0.121855
110	0.116424
110	0.0197522
110	0.0999296
110	0.258443
110	0.117085
110	0.265485
110	0.216315
110	0.0899328
110	0.170445
110	0.229962
110	0.139911
110	0.0529566
110	0.12457
110	0.131089
110	0.18034
110	0.0571283
110	0.128363
110	0.0876786
110	0.283463
110	0.0819161
110	0.061394
110	0.249406
110	0.138263
110	0.166296
110	0.184505
110	0.20398
110	0.108939
110	0.125627
110	0.13087
110	0.175109
110	0.18823
110	0.22506
110	0.12343
110	0.100899
110	0.114216
110	0.0852807
110	0.108396
110	0.144152
110	0.157158
110	0.136112
110	0.114963
110	0.239274
110	0.0407656
110	0.138754
110	0.160512
110	0.0451428
110	0.26132
110	0.115314
110	0.176896
110	0.134337
110	0.157302
110	0.103021
110	0.178948
110	0.18461
110	0.0601799
110	0.155545
110	0.188139
110	0.0722241
110	0.127026
110	0.116633
110	0.115959
110	0.159894
110	0.0947613
110	0.144446
110	0.173206
110	0.0819393
110	0.0530561
110	0.124203
110	0.281353
110	0.163064
110	0.101789
110	0.159265
110	0.0680896
110	0.162921
110	0.148428
110	0.0965146
110	0.041027
110	0.0621826
110	0.152314
110	0.142679
110	0.157696
110	0.125418
110	0.0998625
110	0.216824
110	0.208544
110	0.102065
110	0.10663
110	0.316548
110	0.167383
110	0.0683635
110	0.159027
110	0.0841144
110	0.0988867
112	0.0906758
112	0.0661624
112	0.331816
112	0.185851
112	0.258148
112	0.0819755
112	0.0917472
112	0.153672
112	0.146943
112	0.100686
112	0.244101
112	0.264933
112	0.0946535
112	0.252444
112	0.0894133
112	0.0868226
112	0.202694
112	0.177838
112	0.0834444
112	0.16027
112	0.116709
112	0.0600802
112	0.105581
112	0.212038
112	0.174645
112	0.085895
112	0.117697
112	0.124591
112	0.144819
112	0.161873
112	0.0602478
112	0.122603
112	0.211878
112	0.116768
112	0.157215
112	0.0647097
112	0.200953
112	0.115208
112	0.104533
112	0.177107
112	0.143009
112	0.0774991
112	0.125222
112	0.310863
112	0.246716
112	0.0522057
112	0.22734
112	0.0438513
112	0.107914
112	0.143148
112	0.299039
112	0.0403167
112	0.243086
112	0.176762
112	0.172055
112	0.114451
112	0.170813
112	0.109552
112	0.143959
112	0.0420423
112	0.111376
112	0.113756
112	0.113922
112	0.0784662
112	0.0777944
112	0.0904638
112	0.0641598
112	0.0874154
112	0.132401
112	0.0745878
112	0.128881
112	0.158665
112	0.0858665
112	0.218915
112	0.170797
112	0.166714
112	0.149829
112	0.267303
112	0.085104
112	0.194085
112	0.0528212
112	0.140971
112	0.110843
112	0.09271
112	0.0927476
112	0.179568
112	0.186596
112	0.147625
112	0.0678259
112	0.0922971
112	0.208894
112	0.138781
112	0.11575
112	0.206473
112	0.125077
112	0.138124
112	0.100738
112	0.152136
112	0.145198
112	0.146386
114	0.102567
114	0.189601
114	0.169293
114	0.171927
114	0.0520318
114	0.226431
114	0.092791
114	0.121435
114	0.243788
114	0.165918
114	0.170577
114	0.114154
114	0.0965608
114	0.036467
114	0.135224
114	0.213491
114	0.113023
114	0.089041
114	0.126692
114	0.104092
114	0.228222
114	0.163386
114	0.115128
114	0.161584
114	0.0815529
114	0.176839
114	0.0964526
114	0.168753
114	0.13557
114	0.0293264
114	0.100663
114	0.0837784
114	0.144287
114	0.115681
114	0.261713
114	0.082014
114	0.135812
114	0.0610885
114	0.262707
114	0.111626
114	0.207626
114	0.136692
114	0.106154
114	0.0797401
114	0.111408
114	0.102762
114	0.154423
114	0.164092
114	0.0363144
114	0.124679
114	0.143874
114	0.199634
114	0.0659313
114	0.0988091
114	0.0439655
114	0.0675645
114	0.152408
114	0.123097
114	0.0593753
114	0.0601372
114	0.184497
114	0.224848
114	0.0855666
114	0.122615
114	0.100829
114	0.168891
114	0.0801808
114	0.0354678
114	0.210757
114	0.204934
114	0.214437
114	0.162484
114	0.202644
114	0.0667637
114	0.0903201
114	0.141422
114	0.0631993
114	0.173803
114	0.220631
114	0.110509
114	0.0733289
114	0.0925795
114	0.101063
114	0.304039
114	0.139287
114	0.219883
114	0.080281
114	0.258902
114	0.144796
114	0.125419
114	0.228223
114	0.0969392
114	0.0894604
114	0.132366
114	0.228791
114	0.145047
114	0.0536147
114	0.206741
114	0.0618508
114	0.147839
116	0.106398
116	0.178992
116	0.121245
116	0.118617
116	0.0474151
116	0.180896
116	0.203442
116	0.0409301
116	0.124399
116	0.208209
116	0.104961
116	0.151457
116	0.210449
116	0.134605
116	0.209755
116	0.257989
116	0.132339
116	0.21427
116	0.230761
116	0.150591
116	0.106681
116	0.156476
116	0.096233
116	0.174986
116	0.0532692
116	0.0921334
116	0.106914
116	0.154386
116	0.0502046
116	0.200345
116	0.0391277
116	0.224857
116	0.122148
116	0.230451
116	0.247298
116	0.0425564
116	0.128598
116	0.147589
116	0.160894
116	0.0926799
116	0.132877
116	0.166436
116	0.09564
116	0.197693
116	0.0262669
116	0.0875628
116	0.163701
116	0.105903
116	0.0769548
116	0.232746
116	0.163201
116	0.100865
116	0.109495
116	0.108638
116	0.0989882
116	0.233612
116	0.157562
116	0.148258
116	0.126716
116	0.178444
116	0.064107
116	0.152241
116	0.0640807
116	0.0537495
116	0.0885221
116	0.147469
116	0.10324
116	0.120944
116	0.143688
116	0.144074
116	0.237899
116	0.142204
116	0.0914423
116	0.172876
116	0.115862
116	0.159219
116	0.149481
116	0.199223
116	0.127562
116	0.193663
116	0.0970717
116	0.118591
116	0.212965
116	0.117956
116	0.129933
116	0.0932502
116	0.137751
116	0.19518
116	0.150639
116	0.132152
116	0.285276
116	0.103388
116	0.161244
116	0.113892
116	0.107883
116	0.0618185
116	0.11679
116	0.120578
116	0.147783
116	0.086445
118	0.177603
118	0.126561
118	0.158505
118	0.0831657
118	0.100937
118	0.0847708
118	0.15867
118	0.179433
118	0.251025
118	0.206329
118	0.163987
118	0.111181
118	0.125705
118	0.147519
118	0.0810666
118	0.129055
118	0.0852923
118	0.126437
118	0.132101
118	0.150506
118	0.145426
118	0.199875
118	0.0923693
118	0.146764
118	0.216735
118	0.0802992
118	0.134012
118	0.122434
118	0.13178
118	0.241327
118	0.138857
118	0.0867
118	0.1359
118	0.0986645
118	0.0738212
118	0.0645372
118	0.246866
118	0.122322
118	0.148511
118	0.126575
118	0.0669434
118	0.228582
118	0.0964356
118	0.262282
118	0.123372
118	0.105925
118	0.0745941
118	0.126154
118	0.125457
118	0.226231
118	0.209906
118	0.0811194
118	0.124551
118	0.093411
118	0.146896
118	0.127616
118	0.0785132
118	0.224271
118	0.0783152
118	0.229868
118	0.25312
118	0.206578
118	0.104649
118	0.124791
118	0.104349
118	0.193388
118	0.157726
118	0.0854112
118	0.108509
118	0.20616
118	0.143077
118	0.194549
118	0.0937311
118	0.0578495
118	0.137093
118	0.289478
118	0.228112
118	0.186983
118	0.223234
118	0.0417116
118	0.11663
118	0.0479945
118	0.157652
118	0.144877
118	0.0999881
118	0.124997
118	0.145059
118	0.0620333
118	0.160253
118	0.0802546
118	0.184674
118	0.202554
118	0.136383
118	0.129844
118	0.0978399
118	0.0745393
118	0.433014
118	0.326356
118	0.13458
118	0.139878
120	0.0531826
120	0.100781
120	0.111327
120	0.15781
120	0.136349
120	0.22799
120	0.135894
120	0.0605817
120	0.155076
120	0.176716
120	0.162675
120	0.240558
120	0.0427861
120	0.115841
120	0.108841
120	0.141291
120	0.0546819
120	0.11313
120	0.141256
120	0.141187
120	0.0713346
120	0.165351
120	0.0347376
120	0.137968
120	0.0834526
120	0.165464
120	0.201411
120	0.101398
120	0.142856
120	0.160085
120	0.164281
120	0.330138
120	0.108754
120	0.191102
120	0.122629
120	0.145102
120	0.0407721
120	0.110806
120	0.203472
120	0.163711
120	0.0799481
120	0.278344
120	0.115715
120	0.108774
120	0.0963321
120	0.113014
120	0.126706
120	0.286273
120	0.144615
120	0.0581418
120	0.144884
120	0.186996
120	0.217401
120	0.190949
120	0.183734
120	0.0576225
120	0.109223
120	0.0444458
120	0.151862
120	0.0500288
120	0.0598098
120	0.112363
120	0.104607
120	0.155675
120	0.15308
120	0.122575
120	0.0732724
120	0.146488
120	0.162513
120	0.147932
120	0.0389394
120	0.130003
120	0.10849
120	0.0763487
120	0.135778
120	0.147345
120	0.204982
120	0.0382482
120	0.0588696
120	0.180954
120	0.0911103
120	0.126585
120	0.20816
120	0.232324
120	0.0513194
120	0.186943
120	0.109229
120	0.144263
120	0.142244
120	0.157198
120	0.13603
120	0.113162
120	0.216005
120	0.149325
120	0.169952
120	0.214863
120	0.16897
120	0.174188
120	0.171256
120	0.0791658
