var	minCostFlow
5	0.33092
5	0.328893
5	0.278842
5	0.293025
5	0.21272
5	0.289158
5	0.31881
5	0.26212
5	0.285194
5	0.277315
5	0.249262
5	0.33272
5	0.31626
5	0.319781
5	0.347022
5	0.287066
5	0.31696
5	0.323223
5	0.285037
5	0.363149
5	0.271723
5	0.34448
5	0.242941
5	0.314081
5	0.353703
5	0.260051
5	0.311836
5	0.311292
5	0.305169
5	0.298707
5	0.258051
5	0.222622
5	0.366612
5	0.313308
5	0.327548
5	0.333808
5	0.242125
5	0.252774
5	0.335208
5	0.255838
5	0.320152
5	0.301325
5	0.221129
5	0.280817
5	0.271402
5	0.269473
5	0.247235
5	0.339464
5	0.323156
5	0.227889
5	0.276145
5	0.352901
5	0.300183
5	0.214471
5	0.274406
5	0.301535
5	0.263287
5	0.338532
5	0.300107
5	0.29703
5	0.297644
5	0.258067
5	0.333489
5	0.283149
5	0.292051
5	0.292251
5	0.298863
5	0.314243
5	0.32947
5	0.278926
5	0.265594
5	0.281919
5	0.272133
5	0.286937
5	0.319131
5	0.341085
5	0.332
5	0.320233
5	0.351341
5	0.303691
5	0.257765
5	0.324324
5	0.293228
5	0.310853
5	0.333185
5	0.26288
5	0.32024
5	0.290983
5	0.220706
5	0.314704
5	0.303276
5	0.311944
5	0.252201
5	0.31293
5	0.28834
5	0.300432
5	0.285691
5	0.309868
5	0.278724
5	0.241383
25	0.296143
25	0.298027
25	0.249238
25	0.329238
25	0.328278
25	0.259398
25	0.287158
25	0.285219
25	0.308477
25	0.311907
25	0.307889
25	0.257229
25	0.235273
25	0.262842
25	0.297015
25	0.329935
25	0.267698
25	0.301027
25	0.325305
25	0.306786
25	0.344698
25	0.330404
25	0.280799
25	0.29909
25	0.335525
25	0.251301
25	0.334193
25	0.329063
25	0.29047
25	0.314325
25	0.304546
25	0.271825
25	0.297671
25	0.236505
25	0.290802
25	0.266541
25	0.280577
25	0.308092
25	0.290681
25	0.339846
25	0.270478
25	0.305498
25	0.313617
25	0.286002
25	0.325843
25	0.311744
25	0.274865
25	0.337126
25	0.279057
25	0.290639
25	0.279205
25	0.287206
25	0.289029
25	0.309976
25	0.264048
25	0.334865
25	0.226184
25	0.318925
25	0.308991
25	0.312483
25	0.362901
25	0.25699
25	0.286362
25	0.340009
25	0.333346
25	0.305774
25	0.235462
25	0.329781
25	0.285189
25	0.308744
25	0.351645
25	0.295305
25	0.386219
25	0.251604
25	0.318124
25	0.304105
25	0.256337
25	0.327269
25	0.296352
25	0.367812
25	0.289105
25	0.283685
25	0.307265
25	0.349207
25	0.331666
25	0.29657
25	0.289435
25	0.276356
25	0.346868
25	0.32336
25	0.263201
25	0.290676
25	0.284191
25	0.315635
25	0.306593
25	0.301197
25	0.33553
25	0.251872
25	0.318469
25	0.239471
45	0.317246
45	0.311216
45	0.335034
45	0.281481
45	0.333502
45	0.293194
45	0.327023
45	0.282915
45	0.239971
45	0.285992
45	0.304032
45	0.260299
45	0.323978
45	0.290406
45	0.336569
45	0.318227
45	0.393287
45	0.244183
45	0.327112
45	0.288044
45	0.267533
45	0.315771
45	0.301803
45	0.331011
45	0.275148
45	0.24528
45	0.290561
45	0.297647
45	0.275448
45	0.32075
45	0.307311
45	0.307846
45	0.236293
45	0.274519
45	0.323184
45	0.324886
45	0.262938
45	0.272721
45	0.347079
45	0.336293
45	0.306495
45	0.325731
45	0.322206
45	0.272551
45	0.284093
45	0.24862
45	0.336788
45	0.243479
45	0.253743
45	0.231142
45	0.366755
45	0.280129
45	0.355488
45	0.266246
45	0.335042
45	0.313261
45	0.286082
45	0.276737
45	0.294964
45	0.322168
45	0.299479
45	0.292199
45	0.272984
45	0.305531
45	0.317438
45	0.299477
45	0.34516
45	0.258267
45	0.321866
45	0.269089
45	0.298983
45	0.238809
45	0.246581
45	0.248517
45	0.316235
45	0.300655
45	0.31661
45	0.290401
45	0.294997
45	0.267477
45	0.243585
45	0.258199
45	0.28242
45	0.327384
45	0.30491
45	0.328055
45	0.325183
45	0.315364
45	0.308164
45	0.312705
45	0.286963
45	0.286123
45	0.331189
45	0.297238
45	0.315777
45	0.300305
45	0.289954
45	0.308163
45	0.304516
45	0.294035
65	0.224633
65	0.307793
65	0.248481
65	0.279528
65	0.291086
65	0.239944
65	0.281703
65	0.294394
65	0.288804
65	0.22997
65	0.297069
65	0.349438
65	0.332171
65	0.305363
65	0.338328
65	0.224602
65	0.311542
65	0.289726
65	0.255749
65	0.332916
65	0.291101
65	0.220507
65	0.234996
65	0.283981
65	0.263395
65	0.318036
65	0.298004
65	0.313818
65	0.268542
65	0.292923
65	0.275874
65	0.289571
65	0.299717
65	0.286256
65	0.258292
65	0.299771
65	0.282373
65	0.254964
65	0.316336
65	0.247264
65	0.260805
65	0.194178
65	0.290689
65	0.293788
65	0.283002
65	0.345425
65	0.272978
65	0.230484
65	0.238747
65	0.333188
65	0.298146
65	0.296186
65	0.323648
65	0.345778
65	0.244596
65	0.263686
65	0.290781
65	0.253601
65	0.281268
65	0.297889
65	0.279082
65	0.283734
65	0.363545
65	0.292685
65	0.280728
65	0.233526
65	0.204953
65	0.265969
65	0.280936
65	0.277189
65	0.319887
65	0.256601
65	0.260305
65	0.268288
65	0.254144
65	0.328966
65	0.29369
65	0.217824
65	0.289328
65	0.288529
65	0.337231
65	0.274161
65	0.340885
65	0.311408
65	0.292152
65	0.278911
65	0.316083
65	0.275586
65	0.286349
65	0.34248
65	0.279115
65	0.269588
65	0.217773
65	0.298814
65	0.256006
65	0.298069
65	0.275815
65	0.318835
65	0.260906
65	0.262192
85	0.24947
85	0.297482
85	0.301369
85	0.346144
85	0.271064
85	0.26564
85	0.235189
85	0.270761
85	0.295167
85	0.294522
85	0.296556
85	0.324744
85	0.244255
85	0.251156
85	0.352888
85	0.276236
85	0.343196
85	0.258382
85	0.281449
85	0.286552
85	0.275237
85	0.31333
85	0.216101
85	0.249185
85	0.337945
85	0.272851
85	0.251394
85	0.194076
85	0.31899
85	0.266661
85	0.279681
85	0.228308
85	0.303779
85	0.263109
85	0.291872
85	0.267394
85	0.297653
85	0.232073
85	0.314338
85	0.246768
85	0.293462
85	0.297406
85	0.205586
85	0.315556
85	0.290617
85	0.27871
85	0.270531
85	0.326777
85	0.288835
85	0.261905
85	0.239263
85	0.232383
85	0.31142
85	0.27257
85	0.308636
85	0.258153
85	0.224118
85	0.365471
85	0.262735
85	0.275476
85	0.296234
85	0.243901
85	0.267291
85	0.317023
85	0.296488
85	0.25612
85	0.25382
85	0.36443
85	0.294482
85	0.255428
85	0.269485
85	0.246914
85	0.294862
85	0.248409
85	0.294032
85	0.309814
85	0.323176
85	0.294091
85	0.289011
85	0.274539
85	0.300025
85	0.190519
85	0.253902
85	0.254365
85	0.285441
85	0.270748
85	0.265362
85	0.263756
85	0.230693
85	0.274237
85	0.255989
85	0.266021
85	0.25179
85	0.248717
85	0.255695
85	0.293801
85	0.270922
85	0.22561
85	0.26905
85	0.267366
105	0.277553
105	0.235279
105	0.260832
105	0.2657
105	0.223874
105	0.271297
105	0.288023
105	0.310471
105	0.30472
105	0.275912
105	0.286811
105	0.2853
105	0.243211
105	0.258544
105	0.335013
105	0.249735
105	0.253896
105	0.205443
105	0.287471
105	0.276021
105	0.311729
105	0.28767
105	0.302029
105	0.225183
105	0.280053
105	0.260432
105	0.266832
105	0.281414
105	0.177867
105	0.239133
105	0.494612
105	0.313755
105	0.277084
105	0.284504
105	0.259087
105	0.313508
105	0.254833
105	0.222297
105	0.304506
105	0.285671
105	0.256147
105	0.27575
105	0.258531
105	0.263144
105	0.246207
105	0.246185
105	0.273022
105	0.316582
105	0.284026
105	0.284398
105	0.245834
105	0.237236
105	0.283445
105	0.274195
105	0.224039
105	0.209942
105	0.311494
105	0.259111
105	0.321332
105	0.256594
105	0.243021
105	0.246923
105	0.272849
105	0.239296
105	0.213051
105	0.277739
105	0.275384
105	0.256212
105	0.274546
105	0.279966
105	0.263966
105	0.270187
105	0.308502
105	0.369596
105	0.303188
105	0.297269
105	0.280147
105	0.26727
105	0.393528
105	0.283308
105	0.321531
105	0.307303
105	0.243815
105	0.326976
105	0.310944
105	0.22015
105	0.26911
105	0.254473
105	0.302725
105	0.312842
105	0.251879
105	0.339375
105	0.257052
105	0.312708
105	0.277246
105	0.306581
105	0.277204
105	0.230118
105	0.303248
105	0.301813
125	0.332373
125	0.212062
125	0.238154
125	0.33106
125	0.266201
125	0.260712
125	0.297744
125	0.299701
125	0.292163
125	0.329254
125	0.255388
125	0.278494
125	0.272806
125	0.311111
125	0.293806
125	0.26072
125	0.237069
125	0.291667
125	0.260859
125	0.260202
125	0.276241
125	0.238228
125	0.29919
125	0.278021
125	0.309826
125	0.246
125	0.246523
125	0.271279
125	0.291881
125	0.319552
125	0.258878
125	0.297103
125	0.25857
125	0.324958
125	0.288147
125	0.283256
125	0.26901
125	0.255429
125	0.243756
125	0.282414
125	0.271653
125	0.307642
125	0.26246
125	0.223097
125	0.272704
125	0.300999
125	0.271091
125	0.285116
125	0.233252
125	0.272548
125	0.278611
125	0.29089
125	0.282037
125	0.353286
125	0.268247
125	0.284875
125	0.30358
125	0.267425
125	0.205434
125	0.287485
125	0.28812
125	0.252046
125	0.252492
125	0.252672
125	0.267325
125	0.314164
125	0.259313
125	0.291725
125	0.272034
125	0.363524
125	0.255137
125	0.254004
125	0.250428
125	0.298756
125	0.263925
125	0.292511
125	0.285177
125	0.31646
125	0.236558
125	0.313396
125	0.315899
125	0.28929
125	0.266231
125	0.321668
125	0.295641
125	0.251445
125	0.24809
125	0.30486
125	0.292733
125	0.417147
125	0.299485
125	0.270055
125	0.258754
125	0.27353
125	0.318569
125	0.311546
125	0.332739
125	0.258006
125	0.290747
125	0.298483
145	0.242512
145	0.285773
145	0.284396
145	0.246759
145	0.261012
145	0.218062
145	0.285124
145	0.27233
145	0.270002
145	0.24923
145	0.246172
145	0.236155
145	0.286871
145	0.271223
145	0.252065
145	0.296243
145	0.243634
145	0.240392
145	0.273046
145	0.305326
145	0.216305
145	0.285996
145	0.239185
145	0.300701
145	0.278649
145	0.256447
145	0.27164
145	0.324802
145	0.256011
145	0.259346
145	0.251613
145	0.183944
145	0.208682
145	0.29953
145	0.269976
145	0.302555
145	0.297731
145	0.256888
145	0.362976
145	0.312085
145	0.285692
145	0.243031
145	0.280743
145	0.253093
145	0.283696
145	0.247798
145	0.305089
145	0.264378
145	0.263806
145	0.255836
145	0.231455
145	0.310042
145	0.282663
145	0.305314
145	0.260845
145	0.228897
145	0.237384
145	0.306021
145	0.221478
145	0.276987
145	0.300411
145	0.28467
145	0.316404
145	0.186655
145	0.359986
145	0.268501
145	0.292258
145	0.274949
145	0.237099
145	0.260488
145	0.308325
145	0.240825
145	0.255293
145	0.277746
145	0.279126
145	0.226986
145	0.276659
145	0.288078
145	0.237429
145	0.317126
145	0.227686
145	0.2838
145	0.27075
145	0.279201
145	0.278012
145	0.260357
145	0.291448
145	0.282416
145	0.279526
145	0.300175
145	0.304582
145	0.271888
145	0.317404
145	0.268533
145	0.268475
145	0.244497
145	0.226247
145	0.250689
145	0.260574
145	0.286262
165	0.296291
165	0.291583
165	0.295584
165	0.25994
165	0.269857
165	0.281292
165	0.304297
165	0.257299
165	0.252862
165	0.272084
165	0.270305
165	0.288746
165	0.252051
165	0.251227
165	0.196652
165	0.260003
165	0.292392
165	0.297032
165	0.294004
165	0.235556
165	0.261307
165	0.27314
165	0.216672
165	0.294431
165	0.267299
165	0.242584
165	0.253557
165	0.237746
165	0.252303
165	0.237767
165	0.244628
165	0.24368
165	0.267615
165	0.266086
165	0.28148
165	0.237506
165	0.309127
165	0.313067
165	0.250698
165	0.25722
165	0.263141
165	0.254652
165	0.27196
165	0.285129
165	0.258423
165	0.254693
165	0.265934
165	0.306862
165	0.257278
165	0.244061
165	0.231207
165	0.277346
165	0.27019
165	0.277812
165	0.266342
165	0.238136
165	0.244083
165	0.289384
165	0.315779
165	0.246995
165	0.329439
165	0.28222
165	0.241564
165	0.329203
165	0.247128
165	0.271417
165	0.321184
165	0.303407
165	0.290702
165	0.308044
165	0.260084
165	0.262682
165	0.262518
165	0.263893
165	0.244266
165	0.247156
165	0.249563
165	0.242453
165	0.233372
165	0.279738
165	0.262152
165	0.331249
165	0.24567
165	0.289743
165	0.266245
165	0.267314
165	0.312771
165	0.31641
165	0.213256
165	0.316376
165	0.320564
165	0.258384
165	0.255013
165	0.251246
165	0.24013
165	0.301459
165	0.253857
165	0.274998
165	0.275981
165	0.282364
185	0.238123
185	0.304239
185	0.280889
185	0.219601
185	0.292675
185	0.285111
185	0.260387
185	0.330683
185	0.248512
185	0.256507
185	0.283225
185	0.222174
185	0.243984
185	0.297271
185	0.292927
185	0.266439
185	0.259259
185	0.24626
185	0.263501
185	0.281812
185	0.261197
185	0.259527
185	0.225223
185	0.312783
185	0.283461
185	0.346074
185	0.249626
185	0.279494
185	0.250834
185	0.249127
185	0.310608
185	0.233044
185	0.215779
185	0.245872
185	0.33485
185	0.227367
185	0.271511
185	0.234783
185	0.288628
185	0.262404
185	0.23354
185	0.278803
185	0.249495
185	0.255595
185	0.248037
185	0.242008
185	0.268287
185	0.302885
185	0.282578
185	0.326054
185	0.249644
185	0.319261
185	0.240871
185	0.292418
185	0.260804
185	0.256736
185	0.261007
185	0.227879
185	0.288682
185	0.267111
185	0.25122
185	0.295298
185	0.269182
185	0.289467
185	0.24361
185	0.337123
185	0.230969
185	0.246432
185	0.299301
185	0.289018
185	0.216704
185	0.26533
185	0.235064
185	0.294235
185	0.255523
185	0.280149
185	0.28711
185	0.23249
185	0.259764
185	0.241078
185	0.24504
185	0.299325
185	0.246865
185	0.235213
185	0.300086
185	0.308661
185	0.235986
185	0.230757
185	0.279495
185	0.256935
185	0.244698
185	0.348044
185	0.19824
185	0.26168
185	0.264124
185	0.352802
185	0.286872
185	0.235225
185	0.265867
185	0.28098
205	0.269093
205	0.265843
205	0.229484
205	0.313123
205	0.274022
205	0.245292
205	0.279107
205	0.302553
205	0.23698
205	0.316484
205	0.277413
205	0.248379
205	0.220299
205	0.284483
205	0.291225
205	0.292299
205	0.31463
205	0.238151
205	0.22081
205	0.260223
205	0.292947
205	0.254256
205	0.259137
205	0.269793
205	0.231406
205	0.216759
205	0.239845
205	0.265555
205	0.239675
205	0.250024
205	0.28015
205	0.246595
205	0.268564
205	0.296296
205	0.236359
205	0.21121
205	0.275121
205	0.34669
205	0.271415
205	0.271734
205	0.269333
205	0.280456
205	0.214608
205	0.244049
205	0.292937
205	0.230827
205	0.282867
205	0.299279
205	0.312064
205	0.286698
205	0.278443
205	0.282809
205	0.280619
205	0.209292
205	0.296633
205	0.251262
205	0.296333
205	0.283824
205	0.236365
205	0.27864
205	0.208843
205	0.296097
205	0.28704
205	0.519882
205	0.244335
205	0.295426
205	0.369091
205	0.317319
205	0.28255
205	0.255357
205	0.303017
205	0.2602
205	0.290399
205	0.250939
205	0.260944
205	0.260955
205	0.299481
205	0.214893
205	0.234954
205	0.304756
205	0.29291
205	0.287926
205	0.240306
205	0.27134
205	0.287547
205	0.315314
205	0.193678
205	0.2687
205	0.2913
205	0.250367
205	0.26684
205	0.242972
205	0.301138
205	0.24774
205	0.243249
205	0.327971
205	0.22978
205	0.266739
205	0.275046
205	0.241884
225	0.333114
225	0.223284
225	0.238647
225	0.238663
225	0.248819
225	0.383864
225	0.222013
225	0.244074
225	0.268157
225	0.321864
225	0.274387
225	0.206584
225	0.205056
225	0.361108
225	0.2558
225	0.214287
225	0.233584
225	0.251381
225	0.258196
225	0.257008
225	0.300816
225	0.235305
225	0.262487
225	0.238817
225	0.272097
225	0.248266
225	0.282945
225	0.297476
225	0.246311
225	0.269695
225	0.262023
225	0.237348
225	0.305999
225	0.335183
225	0.246073
225	0.251215
225	0.482203
225	0.256293
225	0.263123
225	0.305378
225	0.274364
225	0.249767
225	0.290746
225	0.263677
225	0.27309
225	0.249768
225	0.244464
225	0.26419
225	0.247376
225	0.287048
225	0.270603
225	0.223676
225	0.258762
225	0.268918
225	0.257973
225	0.256634
225	0.300429
225	0.259745
225	0.382509
225	0.24127
225	0.262573
225	0.306339
225	0.262774
225	0.288031
225	0.256047
225	0.217183
225	0.273231
225	0.243423
225	0.326387
225	0.25894
225	0.282443
225	0.214762
225	0.269357
225	0.292671
225	0.271371
225	0.270976
225	0.29171
225	0.268706
225	0.295956
225	0.317583
225	0.212532
225	0.256565
225	0.252055
225	0.296015
225	0.280287
225	0.310053
225	0.282652
225	0.293427
225	0.226125
225	0.257108
225	0.259926
225	0.245421
225	0.263552
225	0.293007
225	0.282672
225	0.223043
225	0.228504
225	0.280647
225	0.240505
225	0.27362
245	0.254231
245	0.225032
245	0.271629
245	0.272997
245	0.26388
245	0.259413
245	0.247241
245	0.225313
245	0.224904
245	0.283562
245	0.278156
245	0.249175
245	0.257162
245	0.309345
245	0.291775
245	0.25358
245	0.227917
245	0.296155
245	0.217752
245	0.342207
245	0.266206
245	0.327497
245	0.277302
245	0.235702
245	0.257269
245	0.25211
245	0.296212
245	0.282849
245	0.276598
245	0.268964
245	0.299417
245	0.308086
245	0.230427
245	0.267081
245	0.246681
245	0.302644
245	0.26242
245	0.260052
245	0.246333
245	0.239082
245	0.230629
245	0.248029
245	0.25738
245	0.247604
245	0.260484
245	0.238553
245	0.239493
245	0.230453
245	0.251385
245	0.302441
245	0.271741
245	0.272139
245	0.330972
245	0.296768
245	0.236692
245	0.264647
245	0.300356
245	0.234218
245	0.24792
245	0.273807
245	0.297438
245	0.258186
245	0.237905
245	0.252131
245	0.27657
245	0.275669
245	0.236966
245	0.279517
245	0.265947
245	0.240824
245	0.24544
245	0.277445
245	0.271728
245	0.240606
245	0.245283
245	0.393906
245	0.258664
245	0.3479
245	0.219085
245	0.291235
245	0.363135
245	0.320831
245	0.268508
245	0.257188
245	0.228454
245	0.229156
245	0.285168
245	0.267095
245	0.217926
245	0.291182
245	0.255168
245	0.276996
245	0.236744
245	0.258947
245	0.262943
245	0.239896
245	0.252396
245	0.244858
245	0.298678
245	0.256545
265	0.226624
265	0.266667
265	0.26471
265	0.277827
265	0.248372
265	0.227538
265	0.271979
265	0.199316
265	0.315394
265	0.243665
265	0.30913
265	0.249985
265	0.252962
265	0.221475
265	0.263236
265	0.247913
265	0.256287
265	0.259438
265	0.268017
265	0.292981
265	0.25147
265	0.22384
265	0.283427
265	0.303891
265	0.261399
265	0.244472
265	0.270647
265	0.228914
265	0.261152
265	0.297695
265	0.258994
265	0.265049
265	0.284036
265	0.285726
265	0.303679
265	0.2584
265	0.234921
265	0.283219
265	0.2297
265	0.280119
265	0.288396
265	0.271522
265	0.278335
265	0.271254
265	0.23515
265	0.26614
265	0.303973
265	0.282524
265	0.244149
265	0.265886
265	0.264155
265	0.279546
265	0.269908
265	0.323591
265	0.255758
265	0.24008
265	0.312987
265	0.233363
265	0.267881
265	0.335014
265	0.228493
265	0.275204
265	0.24521
265	0.22858
265	0.225599
265	0.259705
265	0.251188
265	0.223956
265	0.269109
265	0.282096
265	0.274631
265	0.294253
265	0.286054
265	0.260228
265	0.3062
265	0.246363
265	0.286307
265	0.262259
265	0.28656
265	0.291321
265	0.259919
265	0.285696
265	0.254241
265	0.269036
265	0.247647
265	0.280142
265	0.256502
265	0.234293
265	0.254477
265	0.253916
265	0.238879
265	0.19931
265	0.247325
265	0.272931
265	0.269492
265	0.312399
265	0.23823
265	0.297377
265	0.229615
265	0.29811
285	0.295719
285	0.268343
285	0.251113
285	0.252825
285	0.265149
285	0.270509
285	0.268193
285	0.249398
285	0.222316
285	0.297325
285	0.249148
285	0.259844
285	0.271176
285	0.271198
285	0.274239
285	0.304043
285	0.239595
285	0.296999
285	0.310021
285	0.288779
285	0.227417
285	0.292335
285	0.273361
285	0.192783
285	0.240043
285	0.215132
285	0.222888
285	0.217054
285	0.208826
285	0.206685
285	0.297123
285	0.241155
285	0.250324
285	0.258785
285	0.294927
285	0.260198
285	0.256571
285	0.301119
285	0.275341
285	0.265302
285	0.26448
285	0.248833
285	0.276029
285	0.27603
285	0.28951
285	0.260648
285	0.249277
285	0.264265
285	0.247793
285	0.232453
285	0.256831
285	0.276519
285	0.240478
285	0.25136
285	0.229481
285	0.265014
285	0.27276
285	0.288344
285	0.272677
285	0.273929
285	0.285609
285	0.294059
285	0.197672
285	0.268949
285	0.262819
285	0.244696
285	0.227583
285	0.294992
285	0.274945
285	0.230538
285	0.266505
285	0.283013
285	0.260253
285	0.229442
285	0.286639
285	0.271999
285	0.230361
285	0.272786
285	0.260248
285	0.206212
285	0.282573
285	0.247319
285	0.30683
285	0.247499
285	0.254488
285	0.214003
285	0.253789
285	0.267523
285	0.235376
285	0.215626
285	0.318785
285	0.260481
285	0.241445
285	0.319958
285	0.27444
285	0.314563
285	0.245394
285	0.240852
285	0.25473
285	0.276241
305	0.275791
305	0.332812
305	0.288546
305	0.198948
305	0.264825
305	0.322912
305	0.27148
305	0.258537
305	0.220356
305	0.238868
305	0.238897
305	0.264041
305	0.26322
305	0.235469
305	0.249254
305	0.237773
305	0.257456
305	0.25215
305	0.247456
305	0.2969
305	0.224186
305	0.255659
305	0.273952
305	0.294588
305	0.286011
305	0.264024
305	0.238801
305	0.235881
305	0.290967
305	0.281137
305	0.263385
305	0.28626
305	0.269031
305	0.322273
305	0.232227
305	0.283471
305	0.41133
305	0.287947
305	0.242742
305	0.248286
305	0.29351
305	0.325493
305	0.273051
305	0.257246
305	0.272086
305	0.288899
305	0.238679
305	0.25681
305	0.257925
305	0.244434
305	0.222791
305	0.275253
305	0.246046
305	0.264888
305	0.230191
305	0.269
305	0.240388
305	0.24277
305	0.258901
305	0.257282
305	0.268019
305	0.243167
305	0.235866
305	0.310231
305	0.274655
305	0.234304
305	0.300629
305	0.307595
305	0.181514
305	0.265444
305	0.286913
305	0.289766
305	0.256907
305	0.33878
305	0.293451
305	0.325128
305	0.223183
305	0.282071
305	0.269543
305	0.223216
305	0.307516
305	0.292387
305	0.295178
305	0.318643
305	0.291786
305	0.302484
305	0.257371
305	0.23325
305	0.257435
305	0.247122
305	0.299628
305	0.247935
305	0.36411
305	0.280092
305	0.29652
305	0.225091
305	0.258243
305	0.257093
305	0.250667
305	0.199862
325	0.2794
325	0.30636
325	0.227097
325	0.285713
325	0.251207
325	0.251149
325	0.263625
325	0.279374
325	0.275652
325	0.275881
325	0.289148
325	0.300133
325	0.251929
325	0.250874
325	0.289164
325	0.264788
325	0.265508
325	0.22274
325	0.267383
325	0.231496
325	0.25076
325	0.248321
325	0.273622
325	0.251173
325	0.307168
325	0.291274
325	0.296655
325	0.236112
325	0.288509
325	0.270183
325	0.271008
325	0.289874
325	0.2143
325	0.299727
325	0.23808
325	0.22127
325	0.249463
325	0.231129
325	0.207013
325	0.24836
325	0.246567
325	0.293419
325	0.237537
325	0.241835
325	0.241851
325	0.263035
325	0.288478
325	0.286561
325	0.225903
325	0.239869
325	0.280532
325	0.273517
325	0.308911
325	0.230929
325	0.268616
325	0.270734
325	0.254538
325	0.270841
325	0.291873
325	0.237834
325	0.278836
325	0.262221
325	0.249362
325	0.271034
325	0.227801
325	0.237453
325	0.273004
325	0.26553
325	0.23434
325	0.191442
325	0.213339
325	0.225567
325	0.247835
325	0.266726
325	0.291258
325	0.299046
325	0.272706
325	0.247418
325	0.251143
325	0.283594
325	0.239838
325	0.235286
325	0.229059
325	0.283897
325	0.356428
325	0.253144
325	0.252779
325	0.265399
325	0.275037
325	0.229277
325	0.260207
325	0.276805
325	0.249036
325	0.231195
325	0.238167
325	0.251649
325	0.295078
325	0.239691
325	0.263699
325	0.25083
345	0.336763
345	0.24003
345	0.260811
345	0.234119
345	0.256325
345	0.240811
345	0.254553
345	0.266085
345	0.252132
345	0.29705
345	0.281364
345	0.209194
345	0.221558
345	0.261093
345	0.277787
345	0.251841
345	0.270886
345	0.245518
345	0.234228
345	0.242935
345	0.26449
345	0.185418
345	0.261141
345	0.271496
345	0.29359
345	0.28686
345	0.277719
345	0.212217
345	0.274401
345	0.256225
345	0.233775
345	0.270963
345	0.220677
345	0.226443
345	0.246936
345	0.270373
345	0.236889
345	0.294601
345	0.288027
345	0.232803
345	0.239667
345	0.271334
345	0.254131
345	0.260555
345	0.225771
345	0.247531
345	0.220783
345	0.225284
345	0.296617
345	0.192977
345	0.254204
345	0.23928
345	0.271955
345	0.263225
345	0.215623
345	0.288829
345	0.237941
345	0.259775
345	0.273173
345	0.250784
345	0.251327
345	0.311017
345	0.255904
345	0.348314
345	0.261012
345	0.271681
345	0.278972
345	0.27058
345	0.252377
345	0.29334
345	0.281494
345	0.26053
345	0.265604
345	0.280123
345	0.273117
345	0.2075
345	0.207845
345	0.253119
345	0.243284
345	0.278173
345	0.260621
345	0.23409
345	0.291442
345	0.274957
345	0.262953
345	0.26435
345	0.263524
345	0.317476
345	0.261268
345	0.247132
345	0.23727
345	0.214814
345	0.251733
345	0.263519
345	0.255698
345	0.306626
345	0.238885
345	0.309701
345	0.25835
345	0.279276
365	0.282307
365	0.231954
365	0.295149
365	0.221113
365	0.267439
365	0.265921
365	0.271576
365	0.258092
365	0.2128
365	0.256021
365	0.260079
365	0.271976
365	0.256342
365	0.205533
365	0.272707
365	0.240786
365	0.276274
365	0.266553
365	0.240084
365	0.216338
365	0.254475
365	0.218487
365	0.248081
365	0.293497
365	0.297896
365	0.197862
365	0.259202
365	0.269037
365	0.240953
365	0.235069
365	0.297743
365	0.222979
365	0.258522
365	0.24491
365	0.241753
365	0.270437
365	0.243517
365	0.243193
365	0.308045
365	0.183788
365	0.253789
365	0.338553
365	0.236951
365	0.212231
365	0.296502
365	0.277732
365	0.257622
365	0.239953
365	0.282345
365	0.273165
365	0.286614
365	0.290374
365	0.257992
365	0.245264
365	0.291816
365	0.252505
365	0.275325
365	0.299743
365	0.274759
365	0.224283
365	0.24494
365	0.232705
365	0.29536
365	0.309544
365	0.366066
365	0.282555
365	0.239086
365	0.275322
365	0.27801
365	0.284186
365	0.250167
365	0.257082
365	0.253366
365	0.256568
365	0.267631
365	0.2634
365	0.258696
365	0.28263
365	0.277676
365	0.279927
365	0.284376
365	0.250259
365	0.292445
365	0.278031
365	0.277798
365	0.268955
365	0.243191
365	0.206265
365	0.218663
365	0.277762
365	0.275284
365	0.260908
365	0.273674
365	0.213121
365	0.237366
365	0.237295
365	0.230506
365	0.265807
365	0.298797
365	0.231842
385	0.335457
385	0.207958
385	0.266121
385	0.235009
385	0.2239
385	0.353791
385	0.363109
385	0.266182
385	0.27945
385	0.271048
385	0.198317
385	0.232664
385	0.361639
385	0.300862
385	0.328404
385	0.23321
385	0.232075
385	0.235563
385	0.201647
385	0.233487
385	0.27181
385	0.238977
385	0.276917
385	0.265455
385	0.304538
385	0.289438
385	0.227144
385	0.227195
385	0.275719
385	0.270928
385	0.333745
385	0.209456
385	0.281549
385	0.277716
385	0.265806
385	0.304894
385	0.247147
385	0.267054
385	0.23827
385	0.2336
385	0.238671
385	0.307963
385	0.258141
385	0.258545
385	0.281279
385	0.230843
385	0.290285
385	0.313526
385	0.293759
385	0.25258
385	0.252707
385	0.263412
385	0.203005
385	0.239183
385	0.267594
385	0.230866
385	0.296391
385	0.222096
385	0.271057
385	0.264997
385	0.276481
385	0.293414
385	0.286522
385	0.247177
385	0.184779
385	0.262651
385	0.282009
385	0.288295
385	0.207613
385	0.250536
385	0.243778
385	0.277259
385	0.274359
385	0.269939
385	0.226242
385	0.312929
385	0.24607
385	0.263605
385	0.305222
385	0.283573
385	0.291578
385	0.238558
385	0.304023
385	0.267118
385	0.306068
385	0.231901
385	0.206662
385	0.237051
385	0.303006
385	0.221712
385	0.262806
385	0.223337
385	0.29476
385	0.258907
385	0.240944
385	0.285935
385	0.212827
385	0.281012
385	0.244447
385	0.230465
405	0.258536
405	0.259798
405	0.228428
405	0.276235
405	0.256939
405	0.245027
405	0.298899
405	0.255747
405	0.286775
405	0.225571
405	0.269504
405	0.414694
405	0.220204
405	0.272873
405	0.289582
405	0.269971
405	0.313715
405	0.240842
405	0.239018
405	0.267358
405	0.263805
405	0.260787
405	0.264305
405	0.248959
405	0.290134
405	0.257084
405	0.257482
405	0.200089
405	0.228969
405	0.301293
405	0.231142
405	0.268788
405	0.287424
405	0.251043
405	0.237946
405	0.237579
405	0.265971
405	0.271761
405	0.220312
405	0.26376
405	0.294823
405	0.271975
405	0.261981
405	0.276492
405	0.280373
405	0.204537
405	0.202715
405	0.203427
405	0.261997
405	0.154766
405	0.290953
405	0.24405
405	0.29358
405	0.228406
405	0.275488
405	0.251258
405	0.208526
405	0.250142
405	0.214934
405	0.2686
405	0.259496
405	0.282594
405	0.224159
405	0.240501
405	0.269088
405	0.294728
405	0.282526
405	0.256435
405	0.213926
405	0.21279
405	0.21096
405	0.297062
405	0.259609
405	0.230547
405	0.255026
405	0.259692
405	0.260953
405	0.23808
405	0.245329
405	0.265151
405	0.280199
405	0.26428
405	0.226683
405	0.220945
405	0.227511
405	0.261244
405	0.304108
405	0.233178
405	0.233637
405	0.277624
405	0.236133
405	0.247683
405	0.253739
405	0.238601
405	0.265094
405	0.254271
405	0.25052
405	0.230327
405	0.247213
405	0.315548
425	0.263115
425	0.23457
425	0.316339
425	0.234627
425	0.283529
425	0.238834
425	0.206548
425	0.253211
425	0.246334
425	0.241282
425	0.282803
425	0.238879
425	0.21244
425	0.238989
425	0.243051
425	0.247808
425	0.23483
425	0.221016
425	0.294548
425	0.250913
425	0.215686
425	0.228262
425	0.265305
425	0.245741
425	0.25115
425	0.242461
425	0.27209
425	0.282531
425	0.278433
425	0.249647
425	0.325012
425	0.257383
425	0.228726
425	0.271896
425	0.22736
425	0.293605
425	0.227918
425	0.242018
425	0.257216
425	0.238633
425	0.282927
425	0.251548
425	0.241359
425	0.279967
425	0.2179
425	0.247524
425	0.280339
425	0.283518
425	0.227985
425	0.247179
425	0.259068
425	0.186824
425	0.251169
425	0.288639
425	0.287996
425	0.276061
425	0.211066
425	0.284025
425	0.239028
425	0.251567
425	0.258611
425	0.278085
425	0.263646
425	0.187049
425	0.273709
425	0.207217
425	0.239621
425	0.261416
425	0.255403
425	0.257904
425	0.276123
425	0.285839
425	0.283624
425	0.284843
425	0.29605
425	0.353561
425	0.228327
425	0.286484
425	0.251544
425	0.305359
425	0.185801
425	0.232987
425	0.231957
425	0.186194
425	0.249135
425	0.274992
425	0.257676
425	0.28392
425	0.320613
425	0.289942
425	0.275591
425	0.242787
425	0.265925
425	0.28335
425	0.206625
425	0.436969
425	0.260299
425	0.273035
425	0.238443
425	0.250312
445	0.253921
445	0.274617
445	0.248473
445	0.254132
445	0.210738
445	0.262078
445	0.259309
445	0.234735
445	0.229802
445	0.236092
445	0.197828
445	0.282107
445	0.238449
445	0.23607
445	0.280416
445	0.244533
445	0.238333
445	0.377346
445	0.246357
445	0.267605
445	0.286607
445	0.27058
445	0.269092
445	0.264073
445	0.227149
445	0.252627
445	0.227975
445	0.257859
445	0.272739
445	0.229489
445	0.230363
445	0.264118
445	0.226841
445	0.269046
445	0.28698
445	0.269012
445	0.241051
445	0.257138
445	0.25254
445	0.219477
445	0.308341
445	0.265272
445	0.224829
445	0.3219
445	0.255478
445	0.328271
445	0.237829
445	0.240783
445	0.348362
445	0.247272
445	0.211122
445	0.230143
445	0.290228
445	0.251851
445	0.251846
445	0.267818
445	0.286143
445	0.219758
445	0.253111
445	0.251087
445	0.226137
445	0.232403
445	0.276917
445	0.253871
445	0.282449
445	0.228464
445	0.238934
445	0.239766
445	0.239255
445	0.204153
445	0.205728
445	0.244264
445	0.19449
445	0.242204
445	0.238264
445	0.24085
445	0.226135
445	0.26251
445	0.253405
445	0.283601
445	0.291495
445	0.283527
445	0.2268
445	0.235068
445	0.263084
445	0.260634
445	0.262288
445	0.233214
445	0.302969
445	0.262817
445	0.304271
445	0.204417
445	0.263875
445	0.306805
445	0.301784
445	0.241079
445	0.232039
445	0.288894
445	0.258403
445	0.270763
465	0.244685
465	0.28364
465	0.286041
465	0.294034
465	0.331745
465	0.237111
465	0.289312
465	0.232772
465	0.241198
465	0.262525
465	0.244968
465	0.218639
465	0.241696
465	0.296028
465	0.356025
465	0.232487
465	0.265083
465	0.237162
465	0.250161
465	0.265259
465	0.21504
465	0.266998
465	0.245848
465	0.254182
465	0.196247
465	0.233337
465	0.273809
465	0.263103
465	0.276654
465	0.25525
465	0.300931
465	0.195907
465	0.21067
465	0.266644
465	0.281502
465	0.261888
465	0.256068
465	0.297012
465	0.263895
465	0.250634
465	0.278594
465	0.243838
465	0.269457
465	0.266074
465	0.300747
465	0.270372
465	0.251273
465	0.228213
465	0.284909
465	0.277156
465	0.291023
465	0.249893
465	0.225578
465	0.255208
465	0.220101
465	0.239792
465	0.246894
465	0.443153
465	0.27629
465	0.219697
465	0.233506
465	0.212775
465	0.253848
465	0.271812
465	0.276561
465	0.265033
465	0.224243
465	0.214955
465	0.262556
465	0.261602
465	0.337064
465	0.223164
465	0.27188
465	0.25261
465	0.240811
465	0.237996
465	0.238098
465	0.223695
465	0.229243
465	0.254651
465	0.288744
465	0.22177
465	0.267892
465	0.222292
465	0.211148
465	0.301196
465	0.214806
465	0.267358
465	0.256857
465	0.253048
465	0.308413
465	0.287336
465	0.212975
465	0.2838
465	0.214731
465	0.273951
465	0.258249
465	0.219935
465	0.221913
465	0.231525
485	0.259193
485	0.258993
485	0.299183
485	0.273969
485	0.241716
485	0.220058
485	0.323197
485	0.290923
485	0.276954
485	0.249847
485	0.230556
485	0.232391
485	0.291789
485	0.27914
485	0.256415
485	0.208035
485	0.33475
485	0.265209
485	0.252852
485	0.217457
485	0.224646
485	0.263953
485	0.276533
485	0.269058
485	0.273154
485	0.253041
485	0.199144
485	0.218235
485	0.190335
485	0.202004
485	0.187247
485	0.213479
485	0.253823
485	0.294358
485	0.263002
485	0.27771
485	0.241724
485	0.269211
485	0.260153
485	0.267252
485	0.194293
485	0.266886
485	0.266844
485	0.227779
485	0.220565
485	0.279211
485	0.246233
485	0.208119
485	0.270894
485	0.281114
485	0.298688
485	0.261543
485	0.247535
485	0.269945
485	0.256263
485	0.224438
485	0.225793
485	0.28413
485	0.260731
485	0.230312
485	0.260872
485	0.309686
485	0.23517
485	0.274073
485	0.243196
485	0.304882
485	0.293431
485	0.249668
485	0.200978
485	0.234485
485	0.26866
485	0.250711
485	0.329955
485	0.225713
485	0.262142
485	0.284538
485	0.243298
485	0.259189
485	0.264294
485	0.258812
485	0.252201
485	0.226846
485	0.199831
485	0.203105
485	0.236045
485	0.228898
485	0.250007
485	0.2354
485	0.234076
485	0.273573
485	0.24551
485	0.222841
485	0.28762
485	0.218888
485	0.223398
485	0.293326
485	0.307242
485	0.301604
485	0.269882
485	0.270826
