var	threshold	abdncError	methylCallError	TP	FN	FP
5	0.1	0.129557	0.0177933	0.51	9.49	3.86
5	0.15	0.188212	0.0463244	1.11	8.89	3.51
5	0.2	0.246441	0.0794082	1.76	8.24	3.11
5	0.25	0.26307	0.136152	2.73	7.27	2.65
5	0.3	0.267723	0.174842	3.63	6.37	2.37
5	0.35	0.260039	0.214246	4.79	5.21	1.99
5	0.4	0.253669	0.257631	5.89	4.11	1.66
8	0.1	0.169515	0.0372802	1.37	8.63	4.86
8	0.15	0.203135	0.0829637	2.66	7.34	4.04
8	0.2	0.210885	0.115406	3.96	6.04	3.36
8	0.25	0.203756	0.150117	5.38	4.62	2.71
8	0.3	0.185759	0.175718	6.64	3.36	2.22
8	0.35	0.174835	0.196822	7.72	2.28	1.88
8	0.4	0.170079	0.210148	8.41	1.59	1.76
11	0.1	0.138279	0.0472874	2.23	7.77	5.67
11	0.15	0.157268	0.0850893	3.75	6.25	4.69
11	0.2	0.148071	0.110745	5.47	4.53	3.74
11	0.25	0.158479	0.13839	6.9	3.1	3.15
11	0.3	0.148335	0.155148	7.89	2.11	2.67
11	0.35	0.145253	0.169951	8.68	1.32	2.4
11	0.4	0.143658	0.180076	9.19	0.81	2.23
14	0.1	0.129766	0.0520217	2.66	7.34	6.87
14	0.15	0.129392	0.0841621	4.38	5.62	5.76
14	0.2	0.121985	0.114702	6.38	3.62	4.67
14	0.25	0.118389	0.130722	7.48	2.52	4.09
14	0.3	0.113824	0.150131	8.63	1.37	3.53
14	0.35	0.111581	0.162361	9.31	0.69	3.25
14	0.4	0.110394	0.168841	9.68	0.32	3.11
17	0.1	0.121054	0.0533735	2.97	7.03	7.91
17	0.15	0.125372	0.0875086	4.8	5.2	6.69
17	0.2	0.113616	0.112448	6.58	3.42	5.61
17	0.25	0.105049	0.131692	8.03	1.97	4.87
17	0.3	0.101722	0.143753	8.9	1.1	4.52
17	0.35	0.100692	0.1537	9.45	0.55	4.25
17	0.4	0.100052	0.159423	9.73	0.27	4.12
20	0.1	0.138692	0.0551191	3.88	6.12	7.68
20	0.15	0.11969	0.076882	5.85	4.15	6.54
20	0.2	0.111641	0.0990761	7.48	2.52	5.49
20	0.25	0.107416	0.113584	8.53	1.47	4.91
20	0.3	0.105495	0.127293	9.37	0.63	4.59
20	0.35	0.104722	0.135921	9.82	0.18	4.38
20	0.4	0.104399	0.139126	9.98	0.02	4.37
23	0.1	0.118876	0.0499624	3.98	6.02	9.12
23	0.15	0.109244	0.0770065	5.87	4.13	7.8
23	0.2	0.101938	0.0969478	7.31	2.69	6.87
23	0.25	0.0984423	0.114759	8.62	1.38	6.18
23	0.3	0.0961916	0.12685	9.38	0.62	5.88
23	0.35	0.0962899	0.133597	9.73	0.27	5.75
23	0.4	0.09581	0.13814	9.93	0.07	5.67
26	0.1	0.121371	0.0471538	4.47	5.53	9.04
26	0.15	0.115659	0.0724187	6.14	3.86	7.91
26	0.2	0.108266	0.0933141	7.84	2.16	7.01
26	0.25	0.104678	0.108452	8.93	1.07	6.47
26	0.3	0.104158	0.117309	9.45	0.55	6.21
26	0.35	0.103712	0.123592	9.78	0.22	6.03
26	0.4	0.103573	0.126485	9.91	0.09	5.99
29	0.1	0.116887	0.0456331	4.22	5.78	9.89
29	0.15	0.112191	0.0763717	6.5	3.5	8.32
29	0.2	0.105193	0.0927246	7.8	2.2	7.54
29	0.25	0.101291	0.108202	8.9	1.1	7.05
29	0.3	0.0991489	0.119022	9.6	0.4	6.66
29	0.35	0.0982791	0.124351	9.89	0.11	6.46
29	0.4	0.0981729	0.126533	9.98	0.02	6.43
32	0.1	0.117146	0.0471707	4.89	5.11	10.7
32	0.15	0.107024	0.0708976	6.87	3.13	9.42
32	0.2	0.100155	0.0889463	8.4	1.6	8.48
32	0.25	0.0984424	0.100932	9.34	0.66	7.99
32	0.3	0.0970372	0.109493	9.86	0.14	7.76
32	0.35	0.0965918	0.111371	9.95	0.05	7.69
32	0.4	0.0964682	0.112123	9.98	0.02	7.66
35	0.1	0.11305	0.048129	5.4	4.6	10.79
35	0.15	0.101891	0.0681335	7.32	2.68	9.47
35	0.2	0.0969569	0.0827673	8.62	1.38	8.82
35	0.25	0.0955158	0.0920117	9.27	0.73	8.46
35	0.3	0.094446	0.101604	9.83	0.17	8.19
35	0.35	0.0940602	0.104242	9.96	0.04	8.13
35	0.4	0.0939999	0.105112	9.99	0.01	8.11
38	0.1	0.106378	0.0459806	4.86	5.14	11.5
38	0.15	0.0954975	0.0708639	6.94	3.06	9.9
38	0.2	0.0919898	0.0887475	8.39	1.61	9.03
38	0.25	0.0896757	0.100872	9.35	0.65	8.49
38	0.3	0.0885573	0.108494	9.8	0.2	8.24
38	0.35	0.0881351	0.111189	9.94	0.06	8.14
38	0.4	0.0880598	0.112177	9.98	0.02	8.12
41	0.1	0.106402	0.0448845	5.51	4.49	11.98
41	0.15	0.0953686	0.0647691	7.31	2.69	10.73
41	0.2	0.0915588	0.0806555	8.63	1.37	9.96
41	0.25	0.0895324	0.0929938	9.49	0.51	9.4
41	0.3	0.0888479	0.0984218	9.82	0.18	9.2
41	0.35	0.0887105	0.101073	9.95	0.05	9.12
41	0.4	0.0885948	0.102029	9.99	0.01	9.11
44	0.1	0.107813	0.0468259	5.2	4.8	12.95
44	0.15	0.0975658	0.0692924	7.31	2.69	11.44
44	0.2	0.0927492	0.0856027	8.7	1.3	10.55
44	0.25	0.0913495	0.0955885	9.41	0.59	10.17
44	0.3	0.0905877	0.101807	9.78	0.22	9.98
44	0.35	0.0900629	0.105137	9.94	0.06	9.87
44	0.4	0.0899845	0.106257	9.98	0.02	9.84
47	0.1	0.115514	0.0488824	5.37	4.63	13.21
47	0.15	0.100836	0.0714557	7.47	2.53	11.72
47	0.2	0.0955634	0.0876069	8.99	1.01	10.79
47	0.25	0.0944829	0.095358	9.59	0.41	10.43
47	0.3	0.0940648	0.100377	9.91	0.09	10.24
47	0.35	0.0938553	0.101768	9.98	0.02	10.19
47	0.4	0.0937375	0.102277	10	0	10.19
50	0.1	0.111108	0.046796	5.53	4.47	13.84
50	0.15	0.100267	0.0683887	7.64	2.36	12.46
50	0.2	0.0970023	0.0823849	8.86	1.14	11.69
50	0.25	0.0955529	0.0910534	9.48	0.52	11.33
50	0.3	0.0945056	0.0985092	9.9	0.1	11.03
50	0.35	0.0942686	0.100518	10	0	10.98
50	0.4	0.0942686	0.100518	10	0	10.98
53	0.1	0.104791	0.0421154	6	4	13.74
53	0.15	0.0978783	0.0613582	7.84	2.16	12.47
53	0.2	0.0943844	0.0752283	9.01	0.99	11.83
53	0.25	0.0930511	0.0835782	9.61	0.39	11.43
53	0.3	0.0925364	0.088075	9.86	0.14	11.24
53	0.35	0.0921429	0.0905731	9.98	0.02	11.17
53	0.4	0.0921217	0.0911065	10	0	11.15
56	0.1	0.11127	0.0468141	5.53	4.47	15.21
56	0.15	0.101161	0.068388	7.64	2.36	13.82
56	0.2	0.0972133	0.0841678	9.07	0.93	12.89
56	0.25	0.0960976	0.091941	9.66	0.34	12.49
56	0.3	0.0951524	0.0962317	9.93	0.07	12.29
56	0.35	0.0950847	0.0974052	9.99	0.01	12.24
56	0.4	0.0950495	0.0976718	10	0	12.23
59	0.1	0.105754	0.043196	5.77	4.23	15.31
59	0.15	0.0961315	0.0634061	7.54	2.46	14.05
59	0.2	0.0914426	0.0812657	9.06	0.94	13.05
59	0.25	0.0901728	0.0886837	9.65	0.35	12.63
59	0.3	0.0896689	0.0931683	9.93	0.07	12.43
59	0.35	0.08945	0.094564	10	0	12.39
59	0.4	0.08945	0.094564	10	0	12.39
62	0.1	0.105278	0.0440558	5.84	4.16	16.71
62	0.15	0.0963344	0.0636585	7.79	2.21	15.31
62	0.2	0.0924935	0.0796138	9.24	0.76	14.36
62	0.25	0.0916618	0.0865363	9.76	0.24	14.05
62	0.3	0.0914368	0.089799	9.96	0.04	13.92
62	0.35	0.0913264	0.0905995	10	0	13.9
62	0.4	0.0913264	0.0905995	10	0	13.9
65	0.1	0.10234	0.04462	6.2	3.8	16.4
65	0.15	0.0939737	0.0633352	8.16	1.84	14.95
65	0.2	0.0919228	0.076415	9.32	0.68	14.14
65	0.25	0.0908227	0.0825732	9.79	0.21	13.82
65	0.3	0.0904771	0.0853378	9.95	0.05	13.72
65	0.35	0.0903982	0.0860128	9.98	0.02	13.7
65	0.4	0.0904361	0.0865181	10	0	13.68
68	0.1	0.109415	0.0435639	6.02	3.98	18.53
68	0.15	0.100654	0.0614544	7.82	2.18	17.17
68	0.2	0.0974512	0.0766761	9.14	0.86	16.21
68	0.25	0.0957837	0.0842475	9.72	0.28	15.88
68	0.3	0.095293	0.0881152	9.93	0.07	15.74
68	0.35	0.0952351	0.0887946	9.97	0.03	15.7
68	0.4	0.0952394	0.0895437	10	0	15.69
71	0.1	0.0985542	0.0405073	6.57	3.43	17.86
71	0.15	0.0932197	0.0585693	8.35	1.65	16.63
71	0.2	0.0904799	0.0713405	9.45	0.55	15.92
71	0.25	0.0901988	0.0760381	9.81	0.19	15.68
71	0.3	0.0897593	0.0785976	9.96	0.04	15.58
71	0.35	0.0897377	0.0794507	10	0	15.56
71	0.4	0.0897377	0.0794507	10	0	15.56
74	0.1	0.10125	0.040903	6.75	3.25	18.36
74	0.15	0.0952959	0.0563818	8.38	1.62	17.22
74	0.2	0.0932021	0.0684832	9.35	0.65	16.62
74	0.25	0.0922238	0.0757904	9.88	0.12	16.3
74	0.3	0.092039	0.077681	9.98	0.02	16.21
74	0.35	0.0921433	0.0781055	10	0	16.21
74	0.4	0.0921433	0.0781055	10	0	16.21
77	0.1	0.10414	0.0412788	6.9	3.1	18.54
77	0.15	0.0982901	0.0566621	8.49	1.51	17.41
77	0.2	0.095928	0.0687695	9.54	0.46	16.66
77	0.25	0.095343	0.0727404	9.82	0.18	16.46
77	0.3	0.0950929	0.0752082	9.95	0.05	16.39
77	0.35	0.0950276	0.0762401	10	0	16.34
77	0.4	0.0950276	0.0762401	10	0	16.34
80	0.1	0.101208	0.0392546	7.02	2.98	19.33
80	0.15	0.0962829	0.0543856	8.54	1.46	18.22
80	0.2	0.0942436	0.0639869	9.37	0.63	17.66
80	0.25	0.093234	0.0716194	9.87	0.13	17.26
80	0.3	0.0931091	0.0733074	9.96	0.04	17.2
80	0.35	0.0931129	0.0740061	9.99	0.01	17.18
80	0.4	0.0930664	0.0742307	10	0	17.17
83	0.1	0.0992702	0.0405612	7.03	2.97	19.18
83	0.15	0.0930694	0.0557589	8.72	1.28	17.9
83	0.2	0.0911343	0.0647007	9.5	0.5	17.32
83	0.25	0.0905701	0.0703036	9.86	0.14	17.12
83	0.3	0.0903324	0.0727732	10	0	17.03
83	0.35	0.0903324	0.0727732	10	0	17.03
83	0.4	0.0903324	0.0727732	10	0	17.03
86	0.1	0.102677	0.0405177	6.7	3.3	19.58
86	0.15	0.0964348	0.057787	8.49	1.51	18.3
86	0.2	0.0942302	0.0682425	9.37	0.63	17.62
86	0.25	0.0928231	0.0741115	9.8	0.2	17.35
86	0.3	0.092398	0.0770143	9.97	0.03	17.23
86	0.35	0.0923586	0.0774889	9.99	0.01	17.21
86	0.4	0.092347	0.0776688	10	0	17.21
89	0.1	0.0962553	0.039242	7.14	2.86	20.85
89	0.15	0.0913139	0.0530867	8.56	1.44	19.71
89	0.2	0.0893029	0.0633967	9.4	0.6	19.07
89	0.25	0.0885689	0.0696965	9.84	0.16	18.75
89	0.3	0.0883429	0.0720506	9.98	0.02	18.66
89	0.35	0.0883523	0.0723429	9.99	0.01	18.65
89	0.4	0.0883506	0.072669	10	0	18.64
92	0.1	0.0975233	0.0421621	6.87	3.13	21.56
92	0.15	0.0918109	0.0576756	8.52	1.48	20.32
92	0.2	0.0896189	0.0679585	9.43	0.57	19.65
92	0.25	0.0891544	0.0740406	9.87	0.13	19.33
92	0.3	0.0890482	0.0758618	9.97	0.03	19.26
92	0.35	0.0889802	0.0766166	10	0	19.24
92	0.4	0.0889802	0.0766166	10	0	19.24
95	0.1	0.0970214	0.0372232	7.12	2.88	20.23
95	0.15	0.0919648	0.053161	8.77	1.23	18.94
95	0.2	0.0900042	0.062624	9.59	0.41	18.31
95	0.25	0.0895696	0.067065	9.88	0.12	18.16
95	0.3	0.0892479	0.0693374	10	0	18.06
95	0.35	0.0892479	0.0693374	10	0	18.06
95	0.4	0.0892479	0.0693374	10	0	18.06
98	0.1	0.0997817	0.0399461	7.11	2.89	21.26
98	0.15	0.0952604	0.0555736	8.71	1.29	20.14
98	0.2	0.0933843	0.0652395	9.58	0.42	19.53
98	0.25	0.0930871	0.0700885	9.9	0.1	19.31
98	0.3	0.0932232	0.0715786	9.98	0.02	19.25
98	0.35	0.0932199	0.0720276	10	0	19.24
98	0.4	0.0932199	0.0720276	10	0	19.24
101	0.1	0.0999565	0.0357783	6.93	3.07	20.95
101	0.15	0.0946571	0.0541382	8.78	1.22	19.6
101	0.2	0.0931729	0.0632978	9.56	0.44	19.07
101	0.25	0.0925672	0.0684989	9.92	0.08	18.84
101	0.3	0.0925936	0.0697033	9.98	0.02	18.8
101	0.35	0.092583	0.0699428	9.99	0.01	18.79
101	0.4	0.0925662	0.070218	10	0	18.79
104	0.1	0.097918	0.0373563	7.29	2.71	21.63
104	0.15	0.0930613	0.051375	8.72	1.28	20.63
104	0.2	0.0910161	0.0611339	9.49	0.51	20.13
104	0.25	0.0902007	0.0664188	9.86	0.14	19.89
104	0.3	0.0900027	0.0682075	9.96	0.04	19.81
104	0.35	0.0899662	0.0689339	9.99	0.01	19.78
104	0.4	0.08997	0.0692275	10	0	19.77
107	0.1	0.099287	0.0354767	7.01	2.99	22.46
107	0.15	0.0933008	0.0539469	8.84	1.16	21.12
107	0.2	0.0915483	0.0634128	9.68	0.32	20.52
107	0.25	0.0911071	0.0667635	9.92	0.08	20.33
107	0.3	0.0909122	0.068037	9.99	0.01	20.29
107	0.35	0.0909201	0.0682979	10	0	20.28
107	0.4	0.0909201	0.0682979	10	0	20.28
110	0.1	0.0970757	0.0398475	7.33	2.67	22.97
110	0.15	0.0925652	0.0528269	8.74	1.26	21.9
110	0.2	0.0908224	0.0628311	9.61	0.39	21.22
110	0.25	0.0905305	0.0668482	9.88	0.12	21
110	0.3	0.0903041	0.0689668	10	0	20.92
110	0.35	0.0903041	0.0689668	10	0	20.92
110	0.4	0.0903041	0.0689668	10	0	20.92
113	0.1	0.0960924	0.0368159	7.5	2.5	22.88
113	0.15	0.0929985	0.0509451	8.97	1.03	21.85
113	0.2	0.0918056	0.0595807	9.69	0.31	21.28
113	0.25	0.0912559	0.0636113	9.95	0.05	21.09
113	0.3	0.0910911	0.0645349	10	0	21.04
113	0.35	0.0910911	0.0645349	10	0	21.04
113	0.4	0.0910911	0.0645349	10	0	21.04
116	0.1	0.094054	0.0391308	7.71	2.29	23.15
116	0.15	0.0904103	0.0509649	9.04	0.96	22.08
116	0.2	0.089627	0.0580838	9.64	0.36	21.64
116	0.25	0.0892804	0.0621201	9.91	0.09	21.49
116	0.3	0.0892431	0.0639863	10	0	21.42
116	0.35	0.0892431	0.0639863	10	0	21.42
116	0.4	0.0892431	0.0639863	10	0	21.42
119	0.1	0.0970765	0.0336205	7.32	2.68	23.75
119	0.15	0.0927328	0.0479956	8.7	1.3	22.79
119	0.2	0.0908604	0.0584657	9.57	0.43	22.18
119	0.25	0.0901156	0.0635535	9.9	0.1	21.93
119	0.3	0.0899476	0.0654808	10	0	21.84
119	0.35	0.0899476	0.0654808	10	0	21.84
119	0.4	0.0899476	0.0654808	10	0	21.84
122	0.1	0.0937191	0.0363282	7.34	2.66	24.41
122	0.15	0.0888684	0.0503664	8.85	1.15	23.31
122	0.2	0.0882007	0.0595185	9.59	0.41	22.82
122	0.25	0.0877595	0.0642818	9.92	0.08	22.58
122	0.3	0.0875527	0.0656708	9.99	0.01	22.52
122	0.35	0.0875423	0.0658785	10	0	22.51
122	0.4	0.0875423	0.0658785	10	0	22.51
125	0.1	0.09375	0.0369116	7.55	2.45	24.18
125	0.15	0.0900787	0.0514806	9.14	0.86	23.03
125	0.2	0.0895391	0.0579031	9.68	0.32	22.65
125	0.25	0.0892543	0.0618163	9.93	0.07	22.48
125	0.3	0.0889673	0.0629361	10	0	22.43
125	0.35	0.0889673	0.0629361	10	0	22.43
125	0.4	0.0889673	0.0629361	10	0	22.43
128	0.1	0.0995736	0.0355041	7.68	2.32	24.74
128	0.15	0.0964712	0.0499683	9.11	0.89	23.66
128	0.2	0.0948759	0.0562613	9.68	0.32	23.21
128	0.25	0.0941949	0.0600329	9.93	0.07	23.06
128	0.3	0.0940963	0.0608067	9.97	0.03	23.04
128	0.35	0.0940728	0.0612696	9.99	0.01	23.03
128	0.4	0.0940213	0.0615574	10	0	23.02
131	0.1	0.0960498	0.0346647	7.57	2.43	24.05
131	0.15	0.0922188	0.0486245	8.99	1.01	23.03
131	0.2	0.0910602	0.0571562	9.72	0.28	22.53
131	0.25	0.0905221	0.0607188	9.95	0.05	22.36
131	0.3	0.0905205	0.0616335	10	0	22.33
131	0.35	0.0905205	0.0616335	10	0	22.33
131	0.4	0.0905205	0.0616335	10	0	22.33
134	0.1	0.0942628	0.0350422	7.48	2.52	25.86
134	0.15	0.0903868	0.0485235	8.88	1.12	24.83
134	0.2	0.0892569	0.0583211	9.67	0.33	24.23
134	0.25	0.088975	0.0625378	9.94	0.06	24.01
134	0.3	0.0889799	0.0636588	9.99	0.01	23.98
134	0.35	0.0889986	0.0639378	10	0	23.97
134	0.4	0.0889986	0.0639378	10	0	23.97
137	0.1	0.0997221	0.0392006	7.59	2.41	24.54
137	0.15	0.096081	0.052037	9.07	0.93	23.39
137	0.2	0.0945039	0.0601589	9.77	0.23	22.88
137	0.25	0.094251	0.0628493	9.96	0.04	22.73
137	0.3	0.0941925	0.0634227	9.99	0.01	22.7
137	0.35	0.094169	0.0636579	10	0	22.7
137	0.4	0.094169	0.0636579	10	0	22.7
140	0.1	0.094581	0.035715	7.74	2.26	24.94
140	0.15	0.0913304	0.048717	9.14	0.86	23.85
140	0.2	0.0905558	0.0554538	9.72	0.28	23.42
140	0.25	0.0903539	0.0589585	9.94	0.06	23.31
140	0.3	0.0901984	0.0599326	9.99	0.01	23.28
140	0.35	0.0901484	0.0601005	10	0	23.28
140	0.4	0.0901484	0.0601005	10	0	23.28
143	0.1	0.095755	0.0358478	7.62	2.38	26.41
143	0.15	0.0926432	0.0501322	9.16	0.84	25.23
143	0.2	0.0919725	0.0569582	9.74	0.26	24.77
143	0.25	0.091779	0.060178	9.94	0.06	24.62
143	0.3	0.0916991	0.0609701	9.98	0.02	24.58
143	0.35	0.0916609	0.0614738	10	0	24.56
143	0.4	0.0916609	0.0614738	10	0	24.56
146	0.1	0.0946598	0.039456	7.61	2.39	25.87
146	0.15	0.0902992	0.0525612	9.09	0.91	24.74
146	0.2	0.0891101	0.0603574	9.79	0.21	24.22
146	0.25	0.0889122	0.0629277	9.96	0.04	24.1
146	0.3	0.0889039	0.0635659	9.99	0.01	24.08
146	0.35	0.0888846	0.0637957	10	0	24.07
146	0.4	0.0888846	0.0637957	10	0	24.07
149	0.1	0.0941916	0.0357974	7.91	2.09	24.59
149	0.15	0.0904379	0.0479711	9.16	0.84	23.7
149	0.2	0.0892637	0.0550211	9.75	0.25	23.32
149	0.25	0.0888991	0.0578557	9.93	0.07	23.22
149	0.3	0.0888844	0.0589798	9.99	0.01	23.16
149	0.35	0.0888907	0.0592588	10	0	23.15
149	0.4	0.0888907	0.0592588	10	0	23.15
152	0.1	0.0966977	0.0339798	7.85	2.15	25.56
152	0.15	0.0933992	0.046233	9.13	0.87	24.6
152	0.2	0.0920863	0.0544266	9.78	0.22	24.15
152	0.25	0.0918108	0.0576243	9.97	0.03	24.04
152	0.3	0.0917984	0.0579607	9.99	0.01	24.02
152	0.35	0.0917121	0.05819	10	0	24.01
152	0.4	0.0917121	0.05819	10	0	24.01
155	0.1	0.0986775	0.0343787	7.95	2.05	27.16
155	0.15	0.0957755	0.0466514	9.14	0.86	26.28
155	0.2	0.0947933	0.0529661	9.66	0.34	25.93
155	0.25	0.0943006	0.0575873	9.98	0.02	25.71
155	0.3	0.0943031	0.0577771	9.99	0.01	25.7
155	0.35	0.0943308	0.0580141	10	0	25.69
155	0.4	0.0943308	0.0580141	10	0	25.69
158	0.1	0.0973146	0.0356306	7.83	2.17	27.21
158	0.15	0.0934731	0.0490764	9.26	0.74	26.11
158	0.2	0.0927484	0.0551383	9.77	0.23	25.74
158	0.25	0.0923977	0.0580971	9.96	0.04	25.6
158	0.3	0.0922893	0.0586818	9.99	0.01	25.59
158	0.35	0.092281	0.0589484	10	0	25.58
158	0.4	0.092281	0.0589484	10	0	25.58
161	0.1	0.0950987	0.0351236	7.6	2.4	28.23
161	0.15	0.091287	0.0485177	9.09	0.91	27.13
161	0.2	0.090698	0.056148	9.72	0.28	26.67
161	0.25	0.0904264	0.0592653	9.91	0.09	26.55
161	0.3	0.0903756	0.0608714	9.99	0.01	26.49
161	0.35	0.0903525	0.0610862	10	0	26.48
161	0.4	0.0903525	0.0610862	10	0	26.48
164	0.1	0.0965696	0.0350637	7.8	2.2	27.9
164	0.15	0.0934185	0.0482542	9.2	0.8	26.81
164	0.2	0.0925276	0.0560073	9.85	0.15	26.35
164	0.25	0.0923191	0.05784	9.97	0.03	26.29
164	0.3	0.0923292	0.0584175	10	0	26.26
164	0.35	0.0923292	0.0584175	10	0	26.26
164	0.4	0.0923292	0.0584175	10	0	26.26
167	0.1	0.0957582	0.0338978	7.53	2.47	27.66
167	0.15	0.0926545	0.0488931	9.18	0.82	26.41
167	0.2	0.0914862	0.0563174	9.79	0.21	25.94
167	0.25	0.0912253	0.0589322	9.96	0.04	25.8
167	0.3	0.0912367	0.059809	10	0	25.78
167	0.35	0.0912367	0.059809	10	0	25.78
167	0.4	0.0912367	0.059809	10	0	25.78
170	0.1	0.0953709	0.0317679	7.81	2.19	27.92
170	0.15	0.0927111	0.0452908	9.21	0.79	26.86
170	0.2	0.0923244	0.0512852	9.74	0.26	26.56
170	0.25	0.0919818	0.0542668	9.93	0.07	26.43
170	0.3	0.0918795	0.0556335	9.99	0.01	26.38
170	0.35	0.0918899	0.055933	10	0	26.37
170	0.4	0.0918899	0.055933	10	0	26.37
173	0.1	0.0949133	0.0324055	7.73	2.27	28.16
173	0.15	0.091714	0.0456295	9.02	0.98	27.1
173	0.2	0.0909514	0.0536918	9.68	0.32	26.59
173	0.25	0.090551	0.0580848	9.95	0.05	26.34
173	0.3	0.0905738	0.0584196	9.97	0.03	26.32
173	0.35	0.0905261	0.0589209	9.99	0.01	26.31
173	0.4	0.0905686	0.0592519	10	0	26.31
176	0.1	0.0957354	0.0344305	7.96	2.04	27.97
176	0.15	0.0932934	0.0471113	9.27	0.73	27.09
176	0.2	0.0923216	0.0538478	9.8	0.2	26.71
176	0.25	0.0919137	0.0564638	9.98	0.02	26.56
176	0.3	0.0918626	0.0568475	10	0	26.54
176	0.35	0.0918626	0.0568475	10	0	26.54
176	0.4	0.0918626	0.0568475	10	0	26.54
179	0.1	0.0948872	0.0323231	8.23	1.77	26.8
179	0.15	0.0929755	0.0423633	9.27	0.73	26.01
179	0.2	0.0922132	0.0486299	9.75	0.25	25.61
179	0.25	0.0920132	0.0518553	9.97	0.03	25.46
179	0.3	0.0918917	0.0522765	9.99	0.01	25.46
179	0.35	0.0918752	0.0525531	10	0	25.45
179	0.4	0.0918752	0.0525531	10	0	25.45
182	0.1	0.0968624	0.0343855	7.97	2.03	29.09
182	0.15	0.0938582	0.0475583	9.36	0.64	28.02
182	0.2	0.0926717	0.052788	9.8	0.2	27.67
182	0.25	0.0924824	0.0552032	9.95	0.05	27.55
182	0.3	0.0922918	0.0561244	10	0	27.51
182	0.35	0.0922918	0.0561244	10	0	27.51
182	0.4	0.0922918	0.0561244	10	0	27.51
185	0.1	0.0959964	0.0344967	8.3	1.7	26.77
185	0.15	0.0941445	0.0439463	9.37	0.63	25.99
185	0.2	0.0935038	0.0498318	9.83	0.17	25.64
185	0.25	0.0934112	0.0519143	9.97	0.03	25.58
185	0.3	0.0933773	0.0523642	9.99	0.01	25.57
185	0.35	0.0933773	0.0523642	9.99	0.01	25.57
185	0.4	0.093358	0.0526758	10	0	25.56
188	0.1	0.0947276	0.0318874	8.1	1.9	28.1
188	0.15	0.0924236	0.0430371	9.23	0.77	27.28
188	0.2	0.0915781	0.0511666	9.89	0.11	26.79
188	0.25	0.0915123	0.0521737	9.96	0.04	26.76
188	0.3	0.0914316	0.0530367	10	0	26.73
188	0.35	0.0914316	0.0530367	10	0	26.73
188	0.4	0.0914316	0.0530367	10	0	26.73
191	0.1	0.0893522	0.0325605	8.19	1.81	29.7
191	0.15	0.0873422	0.0434007	9.33	0.67	28.82
191	0.2	0.08689	0.0485511	9.78	0.22	28.46
191	0.25	0.0868225	0.0510276	9.94	0.06	28.34
191	0.3	0.0868285	0.05208	9.99	0.01	28.3
191	0.35	0.0868053	0.0523488	10	0	28.29
191	0.4	0.0868053	0.0523488	10	0	28.29
194	0.1	0.0920056	0.0330645	8.07	1.93	29.54
194	0.15	0.0892343	0.0446671	9.3	0.7	28.59
194	0.2	0.0888088	0.0513292	9.84	0.16	28.13
194	0.25	0.0884631	0.053347	9.98	0.02	28.02
194	0.3	0.0884823	0.0537373	10	0	28
194	0.35	0.0884823	0.0537373	10	0	28
194	0.4	0.0884823	0.0537373	10	0	28
197	0.1	0.0925245	0.0304722	8.08	1.92	29.1
197	0.15	0.090648	0.0427127	9.33	0.67	28.19
197	0.2	0.0898794	0.0494984	9.84	0.16	27.8
197	0.25	0.089756	0.0517496	9.97	0.03	27.7
197	0.3	0.0897213	0.0522746	10	0	27.67
197	0.35	0.0897213	0.0522746	10	0	27.67
197	0.4	0.0897213	0.0522746	10	0	27.67
200	0.1	0.0938769	0.0335961	8.17	1.83	30.36
200	0.15	0.0926486	0.044131	9.27	0.73	29.49
200	0.2	0.0913707	0.0516095	9.88	0.12	29.08
200	0.25	0.091189	0.0529843	9.98	0.02	29
200	0.3	0.0911739	0.0531758	9.99	0.01	28.99
200	0.35	0.0911734	0.0533787	10	0	28.98
200	0.4	0.0911734	0.0533787	10	0	28.98
