10	28
9	0.1
8	0.1
7	0.1
6	0.1
5	0.1
4	0.1
3	0.1
2	0.1
1	0.1
0	0.1
37	0.0017997
36	0.0020568
35	0.0020568
34	0.00282809
33	0.00334229
32	0.00359939
31	0.00437069
30	0.00617039
29	0.00642749
28	0.00719878
27	0.00745588
26	0.00797008
25	0.00797008
24	0.0107982
23	0.0120837
22	0.0133692
21	0.0136263
20	0.0136263
19	0.0164544
18	0.049106
17	0.0599042
16	0.0624752
15	0.0650462
14	0.067103
13	0.0935842
12	0.0994975
11	0.110296
10	0.249784
200	9	10	0.0227273
200	8	14	0
200	7	10	0.136364
200	6	11	0.0454545
200	5	12	0.0227273
200	4	32	0.113636
200	3	18	0.0227273
200	2	15	0
200	1	11	0
200	0	23	0.0681818
