var	minCostFlow
5	0.42847
5	0.401302
5	0.339833
5	0.36979
5	0.415132
5	0.754297
5	0.42793
5	0.74951
5	0.833325
5	0.434009
5	0.828864
5	0.812033
5	0.198175
5	0.808326
5	0.291053
5	0.741075
5	0.321317
5	0.247131
5	0.744513
5	0.391848
5	0.506196
5	0.360471
5	0.793882
5	0.84026
5	0.186605
5	0.317143
5	0.432243
5	0.460272
5	0.687079
5	0.812656
5	0.458123
5	0.467969
5	0.820732
5	0.418747
5	0.446983
5	0.826823
5	0.201571
5	0.785426
5	0.758059
5	0.761365
5	0.501121
5	0.78054
5	0.477372
5	0.721313
5	0.768476
5	0.80929
5	0.420581
5	0.815416
5	0.769237
5	0.303283
5	0.610167
5	0.480897
5	0.532112
5	0.259793
5	0.531461
5	0.726982
5	0.376759
5	0.543774
5	0.380159
5	0.404919
5	0.496481
5	0.434478
5	0.360202
5	0.535122
5	0.374012
5	0.84377
5	0.442032
5	0.541646
5	0.459385
5	0.750033
5	0.845251
5	0.6621
5	0.806513
5	0.374315
5	0.737143
5	0.82416
5	0.306803
5	0.729157
5	0.786751
5	0.363629
5	0.786263
5	0.579
5	0.790546
5	0.438146
5	0.707736
5	0.515424
5	0.361697
5	0.328139
5	0.60238
5	0.832342
5	0.232946
5	0.376993
5	0.271826
5	0.578571
5	0.487231
5	0.85952
5	0.612287
5	0.73535
5	0.507254
5	0.146265
8	0.326312
8	0.330051
8	0.657124
8	0.172343
8	0.290902
8	0.165086
8	0.206319
8	0.392566
8	0.388898
8	0.739992
8	0.21924
8	0.24594
8	0.24028
8	0.373938
8	0.340784
8	0.788048
8	0.276195
8	0.227812
8	0.331803
8	0.319945
8	0.27018
8	0.352245
8	0.238297
8	0.0727273
8	0.434702
8	0.617279
8	0.29764
8	0.329445
8	0.323439
8	0.301675
8	0.30505
8	0.314587
8	0.233002
8	0.692824
8	0.249296
8	0.436849
8	0.351244
8	0.306738
8	0.239329
8	0.226984
8	0.290365
8	0.69941
8	0.309092
8	0.336658
8	0.531654
8	0.386189
8	0.255946
8	0.336386
8	0.245759
8	0.736201
8	0.260817
8	0.184729
8	0.194817
8	0.268757
8	0.156129
8	0.353835
8	0.272621
8	0.814082
8	0.285805
8	0.235087
8	0.369363
8	0.21065
8	0.277848
8	0.259308
8	0.303801
8	0.243076
8	0.217769
8	0.531752
8	0.338805
8	0.818992
8	0.277099
8	0.237801
8	0.35131
8	0.790992
8	0.380964
8	0.203637
8	0.318508
8	0.287146
8	0.315281
8	0.26774
8	0.285604
8	0.417711
8	0.134195
8	0.164781
8	0.810109
8	0.342015
8	0.507647
8	0.404812
8	0.35077
8	0.719673
8	0.583164
8	0.360705
8	0.317346
8	0.600081
8	0.272322
8	0.808342
8	0.242679
8	0.728973
8	0.374054
8	0.338377
11	0.219228
11	0.558309
11	0.153646
11	0.227871
11	0.255181
11	0.268219
11	0.343256
11	0.299689
11	0.791837
11	0.208642
11	0.159198
11	0.143793
11	0.372773
11	0.194664
11	0.295515
11	0.215185
11	0.212864
11	0.204198
11	0.254284
11	0.243919
11	0.191752
11	0.251549
11	0.255536
11	0.325963
11	0.694643
11	0.20812
11	0.2216
11	0.209955
11	0.364112
11	0.152667
11	0.224413
11	0.315066
11	0.296737
11	0.252944
11	0.76215
11	0.177849
11	0.342885
11	0.227
11	0.222894
11	0.811812
11	0.154666
11	0.196781
11	0.306585
11	0.215942
11	0.233217
11	0.299327
11	0.242439
11	0.307549
11	0.129192
11	0.272683
11	0.244826
11	0.234219
11	0.655025
11	0.187343
11	0.163371
11	0.159685
11	0.284751
11	0.311799
11	0.300721
11	0.345412
11	0.348319
11	0.330853
11	0.277319
11	0.224567
11	0.763647
11	0.327612
11	0.143104
11	0.210718
11	0.176592
11	0.193478
11	0.38815
11	0.17738
11	0.221439
11	0.237802
11	0.237262
11	0.214279
11	0.278725
11	0.122161
11	0.194632
11	0.231786
11	0.302511
11	0.342949
11	0.246284
11	0.285549
11	0.258311
11	0.294014
11	0.342194
11	0.274024
11	0.460924
11	0.235291
11	0.182886
11	0.234722
11	0.270017
11	0.280123
11	0.458742
11	0.33332
11	0.178891
11	0.126873
11	0.117815
11	0.318252
14	0.196429
14	0.246959
14	0.288048
14	0.133379
14	0.311378
14	0.106698
14	0.183624
14	0.251576
14	0.325023
14	0.101978
14	0.26032
14	0.237656
14	0.386166
14	0.170207
14	0.286703
14	0.248472
14	0.316942
14	0.298236
14	0.264093
14	0.201915
14	0.201885
14	0.210454
14	0.313823
14	0.16937
14	0.261671
14	0.19319
14	0.170158
14	0.224513
14	0.24504
14	0.0784371
14	0.0961238
14	0.216524
14	0.301497
14	0.210072
14	0.210187
14	0.284974
14	0.293908
14	0.15695
14	0.283154
14	0.249599
14	0.370322
14	0.232354
14	0.195289
14	0.225158
14	0.154148
14	0.600336
14	0.360257
14	0.309154
14	0.153696
14	0.263048
14	0.285769
14	0.132344
14	0.161829
14	0.239562
14	0.177511
14	0.211956
14	0.293935
14	0.188523
14	0.226975
14	0.175783
14	0.131011
14	0.181371
14	0.102628
14	0.291339
14	0.398307
14	0.117717
14	0.186593
14	0.221612
14	0.314478
14	0.202969
14	0.231873
14	0.193034
14	0.195742
14	0.220534
14	0.247716
14	0.126478
14	0.104782
14	0.284182
14	0.183925
14	0.173699
14	0.194863
14	0.202188
14	0.260505
14	0.207073
14	0.211606
14	0.300514
14	0.201201
14	0.199174
14	0.314586
14	0.270609
14	0.190901
14	0.321988
14	0.219
14	0.205628
14	0.15326
14	0.275936
14	0.205337
14	0.192203
14	0.235707
14	0.122311
17	0.180255
17	0.248153
17	0.199615
17	0.350513
17	0.235652
17	0.232764
17	0.161728
17	0.233998
17	0.259728
17	0.269458
17	0.177866
17	0.246129
17	0.176914
17	0.262833
17	0.326565
17	0.199977
17	0.191485
17	0.225941
17	0.313164
17	0.215942
17	0.141334
17	0.260152
17	0.321403
17	0.227397
17	0.226743
17	0.261635
17	0.195348
17	0.222708
17	0.277212
17	0.0986238
17	0.115343
17	0.255286
17	0.290845
17	0.323326
17	0.140552
17	0.233093
17	0.177337
17	0.198285
17	0.177813
17	0.300639
17	0.212296
17	0.184951
17	0.180215
17	0.163114
17	0.232193
17	0.204624
17	0.202192
17	0.137727
17	0.134985
17	0.144089
17	0.23706
17	0.221752
17	0.356773
17	0.254156
17	0.104207
17	0.218735
17	0.25112
17	0.28654
17	0.239519
17	0.278519
17	0.207223
17	0.190989
17	0.224059
17	0.140092
17	0.187785
17	0.220563
17	0.10144
17	0.22374
17	0.205192
17	0.260638
17	0.227782
17	0.206765
17	0.208504
17	0.191215
17	0.259893
17	0.226256
17	0.12364
17	0.138007
17	0.252555
17	0.347057
17	0.227116
17	0.231668
17	0.316295
17	0.204165
17	0.111917
17	0.0819813
17	0.276409
17	0.262657
17	0.156609
17	0.245402
17	0.22004
17	0.173048
17	0.235343
17	0.152903
17	0.173472
17	0.271267
17	0.181384
17	0.178615
17	0.166517
17	0.147706
20	0.114436
20	0.1643
20	0.242209
20	0.173871
20	0.197009
20	0.175945
20	0.17962
20	0.169822
20	0.214943
20	0.301109
20	0.160892
20	0.153168
20	0.207198
20	0.18589
20	0.259145
20	0.118498
20	0.171901
20	0.173355
20	0.184893
20	0.0760784
20	0.198124
20	0.154205
20	0.234241
20	0.166726
20	0.258997
20	0.195104
20	0.171765
20	0.260383
20	0.254008
20	0.263095
20	0.162107
20	0.184202
20	0.248805
20	0.174955
20	0.209608
20	0.177936
20	0.161952
20	0.229956
20	0.288155
20	0.284482
20	0.133403
20	0.231382
20	0.237496
20	0.110416
20	0.183812
20	0.114513
20	0.182975
20	0.163359
20	0.137306
20	0.166849
20	0.18602
20	0.279224
20	0.149285
20	0.105849
20	0.200132
20	0.181687
20	0.215308
20	0.075279
20	0.172336
20	0.229078
20	0.134713
20	0.185328
20	0.251567
20	0.141895
20	0.250234
20	0.178386
20	0.174752
20	0.143769
20	0.167067
20	0.184145
20	0.237672
20	0.319972
20	0.143392
20	0.179099
20	0.186692
20	0.17474
20	0.191067
20	0.164093
20	0.141432
20	0.153697
20	0.253003
20	0.14266
20	0.16067
20	0.0700301
20	0.349797
20	0.104239
20	0.0824925
20	0.24277
20	0.161963
20	0.11837
20	0.188299
20	0.232791
20	0.0730955
20	0.22847
20	0.21206
20	0.171439
20	0.221221
20	0.18662
20	0.127155
20	0.135634
23	0.169413
23	0.133767
23	0.246042
23	0.178539
23	0.126477
23	0.110626
23	0.0924586
23	0.15674
23	0.214664
23	0.147625
23	0.0533223
23	0.216618
23	0.181069
23	0.263768
23	0.217783
23	0.176534
23	0.246276
23	0.17118
23	0.263798
23	0.248535
23	0.12257
23	0.139268
23	0.211522
23	0.196925
23	0.097649
23	0.204006
23	0.147816
23	0.156813
23	0.21417
23	0.193755
23	0.133808
23	0.210972
23	0.24438
23	0.145438
23	0.162758
23	0.163207
23	0.226033
23	0.2245
23	0.224436
23	0.181954
23	0.184747
23	0.0874184
23	0.19251
23	0.158981
23	0.323121
23	0.190709
23	0.202369
23	0.158894
23	0.248327
23	0.198385
23	0.21321
23	0.220887
23	0.211059
23	0.238418
23	0.135199
23	0.281811
23	0.226998
23	0.175134
23	0.086255
23	0.268772
23	0.130386
23	0.143482
23	0.158748
23	0.184177
23	0.200501
23	0.151495
23	0.244547
23	0.0780236
23	0.261438
23	0.296674
23	0.195429
23	0.128431
23	0.280445
23	0.165208
23	0.270482
23	0.199365
23	0.297966
23	0.159231
23	0.145618
23	0.160761
23	0.175667
23	0.219489
23	0.132921
23	0.241952
23	0.219399
23	0.207498
23	0.14268
23	0.185806
23	0.188764
23	0.179716
23	0.161135
23	0.263812
23	0.147538
23	0.13418
23	0.263079
23	0.192658
23	0.151391
23	0.211736
23	0.208016
23	0.138568
26	0.160783
26	0.237403
26	0.260389
26	0.0951434
26	0.199819
26	0.230662
26	0.134901
26	0.0695464
26	0.2241
26	0.233079
26	0.207184
26	0.168564
26	0.198241
26	0.226309
26	0.192811
26	0.149202
26	0.143695
26	0.153799
26	0.116481
26	0.151047
26	0.183242
26	0.196119
26	0.164953
26	0.222617
26	0.0584934
26	0.124286
26	0.200737
26	0.156347
26	0.332047
26	0.131957
26	0.148105
26	0.232005
26	0.218788
26	0.21509
26	0.22214
26	0.174237
26	0.17
26	0.144586
26	0.25722
26	0.107198
26	0.154641
26	0.0906666
26	0.093675
26	0.143306
26	0.153392
26	0.272104
26	0.119487
26	0.165728
26	0.15719
26	0.130783
26	0.248265
26	0.175488
26	0.227303
26	0.152665
26	0.126214
26	0.129215
26	0.19593
26	0.215212
26	0.243943
26	0.175258
26	0.274473
26	0.140097
26	0.148406
26	0.173336
26	0.346159
26	0.156614
26	0.17668
26	0.152389
26	0.152465
26	0.171434
26	0.117257
26	0.272611
26	0.194065
26	0.111263
26	0.28091
26	0.193889
26	0.178452
26	0.207103
26	0.163077
26	0.193761
26	0.217829
26	0.128339
26	0.109066
26	0.231647
26	0.138193
26	0.138917
26	0.222232
26	0.115897
26	0.191897
26	0.169316
26	0.115681
26	0.0818519
26	0.113978
26	0.132931
26	0.091906
26	0.183033
26	0.104346
26	0.180264
26	0.20323
26	0.13339
29	0.158085
29	0.253777
29	0.150602
29	0.201843
29	0.198271
29	0.203001
29	0.143874
29	0.208212
29	0.122219
29	0.103963
29	0.184503
29	0.208603
29	0.091655
29	0.0636508
29	0.200987
29	0.222343
29	0.11598
29	0.187373
29	0.0848432
29	0.273451
29	0.182356
29	0.205608
29	0.173356
29	0.175386
29	0.154823
29	0.181031
29	0.17251
29	0.222771
29	0.234862
29	0.177857
29	0.22919
29	0.0919691
29	0.0524477
29	0.171143
29	0.205483
29	0.125711
29	0.184759
29	0.126919
29	0.131234
29	0.174924
29	0.153962
29	0.15934
29	0.194051
29	0.24926
29	0.201337
29	0.166315
29	0.109985
29	0.133878
29	0.0681674
29	0.219849
29	0.12691
29	0.181633
29	0.176768
29	0.155579
29	0.145515
29	0.213233
29	0.201327
29	0.229631
29	0.119191
29	0.13791
29	0.229775
29	0.152681
29	0.127232
29	0.175864
29	0.137195
29	0.126051
29	0.16382
29	0.247492
29	0.17103
29	0.170218
29	0.251054
29	0.212788
29	0.100385
29	0.285849
29	0.176652
29	0.0919937
29	0.231417
29	0.265251
29	0.136337
29	0.178765
29	0.189068
29	0.305662
29	0.10902
29	0.163601
29	0.137106
29	0.14803
29	0.139739
29	0.0592958
29	0.149736
29	0.173227
29	0.185023
29	0.201692
29	0.2447
29	0.255892
29	0.165944
29	0.13099
29	0.224368
29	0.157359
29	0.198539
29	0.194969
32	0.147591
32	0.1421
32	0.20242
32	0.238239
32	0.285685
32	0.127063
32	0.0544963
32	0.109204
32	0.115024
32	0.169401
32	0.19033
32	0.19963
32	0.128914
32	0.168047
32	0.101124
32	0.177516
32	0.0779364
32	0.154969
32	0.151951
32	0.218096
32	0.205415
32	0.197588
32	0.11723
32	0.097125
32	0.234399
32	0.149911
32	0.0798738
32	0.207912
32	0.227868
32	0.189161
32	0.0815938
32	0.137248
32	0.215967
32	0.166264
32	0.102922
32	0.175803
32	0.149335
32	0.113038
32	0.145841
32	0.135581
32	0.177109
32	0.0749021
32	0.176593
32	0.149375
32	0.147012
32	0.193112
32	0.211981
32	0.190806
32	0.181454
32	0.175231
32	0.191222
32	0.185019
32	0.224854
32	0.156963
32	0.215599
32	0.219748
32	0.0711886
32	0.103467
32	0.175396
32	0.173032
32	0.172534
32	0.249001
32	0.167176
32	0.149607
32	0.121202
32	0.202093
32	0.16802
32	0.164249
32	0.181373
32	0.0672025
32	0.129102
32	0.143094
32	0.152467
32	0.165207
32	0.0860424
32	0.18205
32	0.132637
32	0.124884
32	0.0646754
32	0.244925
32	0.0843724
32	0.125078
32	0.166882
32	0.187286
32	0.166715
32	0.118751
32	0.131853
32	0.156039
32	0.192632
32	0.162893
32	0.103682
32	0.148585
32	0.111462
32	0.180653
32	0.211485
32	0.207911
32	0.217039
32	0.167006
32	0.202696
32	0.162447
35	0.228221
35	0.0733193
35	0.103619
35	0.125219
35	0.211559
35	0.15861
35	0.132349
35	0.154071
35	0.186351
35	0.118112
35	0.157965
35	0.2229
35	0.149983
35	0.10947
35	0.137246
35	0.127853
35	0.136083
35	0.192355
35	0.129938
35	0.131054
35	0.128574
35	0.166721
35	0.14772
35	0.158073
35	0.125102
35	0.143276
35	0.188288
35	0.206182
35	0.19827
35	0.132831
35	0.113909
35	0.120502
35	0.223294
35	0.215602
35	0.154622
35	0.226301
35	0.147023
35	0.032918
35	0.255001
35	0.123103
35	0.152947
35	0.130072
35	0.125867
35	0.177105
35	0.103383
35	0.104999
35	0.100397
35	0.110566
35	0.246487
35	0.220395
35	0.231963
35	0.170597
35	0.122128
35	0.0726178
35	0.169718
35	0.117732
35	0.168712
35	0.0863773
35	0.0821994
35	0.0857763
35	0.215349
35	0.224293
35	0.173349
35	0.0912915
35	0.0819759
35	0.184944
35	0.0837518
35	0.101675
35	0.0858322
35	0.187169
35	0.119055
35	0.116458
35	0.207303
35	0.137455
35	0.11821
35	0.111473
35	0.140301
35	0.201453
35	0.14825
35	0.148094
35	0.166418
35	0.0708557
35	0.157124
35	0.181381
35	0.0881298
35	0.193802
35	0.196697
35	0.137242
35	0.212689
35	0.168743
35	0.12825
35	0.18407
35	0.147501
35	0.204569
35	0.184015
35	0.159749
35	0.230501
35	0.151436
35	0.0660303
35	0.175531
38	0.15224
38	0.117407
38	0.113115
38	0.277247
38	0.0509249
38	0.120222
38	0.206382
38	0.194261
38	0.125491
38	0.0493094
38	0.167198
38	0.206174
38	0.180474
38	0.182324
38	0.146632
38	0.107357
38	0.139621
38	0.195492
38	0.155162
38	0.132097
38	0.187108
38	0.160855
38	0.0745867
38	0.145491
38	0.194791
38	0.143544
38	0.133233
38	0.208542
38	0.127376
38	0.0995578
38	0.145035
38	0.175127
38	0.214447
38	0.0961621
38	0.145657
38	0.168427
38	0.121807
38	0.157116
38	0.224376
38	0.128505
38	0.167514
38	0.190111
38	0.174485
38	0.160424
38	0.103266
38	0.173045
38	0.134329
38	0.24224
38	0.0998638
38	0.121857
38	0.258394
38	0.137408
38	0.218436
38	0.164235
38	0.161683
38	0.0443729
38	0.160041
38	0.106152
38	0.154866
38	0.213793
38	0.166308
38	0.192809
38	0.082579
38	0.146224
38	0.166687
38	0.198055
38	0.172765
38	0.173073
38	0.130284
38	0.144274
38	0.148262
38	0.181019
38	0.163571
38	0.172544
38	0.0743789
38	0.218503
38	0.235867
38	0.210849
38	0.140266
38	0.0874374
38	0.145868
38	0.141021
38	0.189614
38	0.185712
38	0.178238
38	0.148243
38	0.193672
38	0.16133
38	0.169925
38	0.210653
38	0.134887
38	0.163923
38	0.0669967
38	0.206206
38	0.236456
38	0.209134
38	0.0420193
38	0.0772578
38	0.157841
38	0.250487
41	0.182433
41	0.180994
41	0.0835979
41	0.185461
41	0.164149
41	0.122072
41	0.0879596
41	0.0795014
41	0.0731196
41	0.0949672
41	0.0984872
41	0.159816
41	0.191135
41	0.0731957
41	0.182807
41	0.16453
41	0.172372
41	0.186191
41	0.175068
41	0.178893
41	0.183302
41	0.0860751
41	0.141744
41	0.219682
41	0.183182
41	0.163078
41	0.175857
41	0.112376
41	0.0974516
41	0.17304
41	0.1024
41	0.0691258
41	0.137536
41	0.169721
41	0.126161
41	0.110712
41	0.127978
41	0.212007
41	0.119396
41	0.0938108
41	0.143901
41	0.175729
41	0.164965
41	0.172375
41	0.0966224
41	0.190563
41	0.236176
41	0.183911
41	0.0518083
41	0.179213
41	0.156943
41	0.126258
41	0.109798
41	0.199813
41	0.0852685
41	0.110222
41	0.115704
41	0.146559
41	0.175266
41	0.0968428
41	0.141223
41	0.218978
41	0.154621
41	0.202979
41	0.131341
41	0.145566
41	0.112555
41	0.240468
41	0.127457
41	0.267974
41	0.156351
41	0.175121
41	0.132056
41	0.22882
41	0.155073
41	0.16655
41	0.159953
41	0.207475
41	0.146004
41	0.173995
41	0.165942
41	0.0741419
41	0.202203
41	0.163934
41	0.158506
41	0.209757
41	0.0741384
41	0.0825488
41	0.0758492
41	0.174223
41	0.157468
41	0.175683
41	0.15973
41	0.052505
41	0.138329
41	0.157206
41	0.159067
41	0.131282
41	0.210555
41	0.159748
44	0.108159
44	0.195473
44	0.22944
44	0.145594
44	0.17684
44	0.224878
44	0.192379
44	0.224225
44	0.188141
44	0.148038
44	0.147453
44	0.16969
44	0.185358
44	0.124488
44	0.0766755
44	0.198227
44	0.13344
44	0.199718
44	0.0807572
44	0.0960916
44	0.156836
44	0.13073
44	0.196287
44	0.14568
44	0.18746
44	0.193602
44	0.163094
44	0.110824
44	0.097091
44	0.182703
44	0.129975
44	0.156076
44	0.188542
44	0.173978
44	0.180277
44	0.107972
44	0.15018
44	0.18931
44	0.207154
44	0.170734
44	0.194549
44	0.143189
44	0.060082
44	0.127641
44	0.148923
44	0.23164
44	0.162952
44	0.134845
44	0.189421
44	0.0966651
44	0.146016
44	0.140944
44	0.151593
44	0.115555
44	0.203477
44	0.186928
44	0.174592
44	0.206627
44	0.144286
44	0.0713005
44	0.106707
44	0.144744
44	0.154521
44	0.148894
44	0.188757
44	0.218124
44	0.156616
44	0.1852
44	0.0932677
44	0.171062
44	0.0522176
44	0.137368
44	0.164921
44	0.0824299
44	0.157714
44	0.150374
44	0.171755
44	0.15015
44	0.0876164
44	0.236365
44	0.0839799
44	0.136579
44	0.199037
44	0.1635
44	0.147672
44	0.143483
44	0.092853
44	0.114312
44	0.137038
44	0.156115
44	0.198319
44	0.177441
44	0.201419
44	0.227675
44	0.162489
44	0.122824
44	0.171667
44	0.205443
44	0.108521
44	0.11312
47	0.18774
47	0.115739
47	0.134665
47	0.132673
47	0.199358
47	0.131371
47	0.170836
47	0.153488
47	0.177545
47	0.179259
47	0.124321
47	0.12991
47	0.128855
47	0.119263
47	0.218741
47	0.205344
47	0.142748
47	0.146919
47	0.25819
47	0.163472
47	0.186423
47	0.100525
47	0.181001
47	0.28786
47	0.115651
47	0.1259
47	0.182816
47	0.171653
47	0.169295
47	0.172551
47	0.162419
47	0.176252
47	0.143351
47	0.131474
47	0.130451
47	0.123957
47	0.0762171
47	0.24553
47	0.176371
47	0.190771
47	0.167351
47	0.0948841
47	0.162943
47	0.127251
47	0.153248
47	0.102632
47	0.121887
47	0.129596
47	0.134564
47	0.169056
47	0.0996537
47	0.147138
47	0.199824
47	0.0741419
47	0.207646
47	0.209291
47	0.126802
47	0.129268
47	0.068349
47	0.0746173
47	0.172064
47	0.182798
47	0.126568
47	0.116604
47	0.174994
47	0.159834
47	0.153659
47	0.183356
47	0.127649
47	0.155916
47	0.161067
47	0.225251
47	0.175901
47	0.146857
47	0.159637
47	0.1253
47	0.11425
47	0.175422
47	0.139142
47	0.112552
47	0.0663061
47	0.174578
47	0.14469
47	0.140814
47	0.0963389
47	0.129046
47	0.0960333
47	0.157705
47	0.222111
47	0.139375
47	0.0885832
47	0.0771204
47	0.181243
47	0.0982688
47	0.160284
47	0.165476
47	0.167347
47	0.142104
47	0.218991
47	0.0778986
50	0.180851
50	0.183
50	0.155132
50	0.122442
50	0.207261
50	0.124143
50	0.141696
50	0.147466
50	0.163724
50	0.160859
50	0.131294
50	0.151995
50	0.263878
50	0.147005
50	0.117272
50	0.161401
50	0.131055
50	0.18483
50	0.166198
50	0.148583
50	0.15155
50	0.200524
50	0.191717
50	0.157645
50	0.155372
50	0.126989
50	0.226719
50	0.223077
50	0.177123
50	0.124564
50	0.17831
50	0.144858
50	0.132345
50	0.0936466
50	0.107637
50	0.0946036
50	0.171969
50	0.183452
50	0.0982756
50	0.15599
50	0.168446
50	0.121733
50	0.0982624
50	0.179558
50	0.123008
50	0.17695
50	0.233792
50	0.0657985
50	0.108565
50	0.0731464
50	0.138065
50	0.122426
50	0.122925
50	0.103465
50	0.156788
50	0.240621
50	0.140482
50	0.132515
50	0.120821
50	0.133297
50	0.186205
50	0.161502
50	0.122695
50	0.189552
50	0.127453
50	0.196183
50	0.169706
50	0.242065
50	0.124394
50	0.123319
50	0.0965932
50	0.0728642
50	0.172292
50	0.156914
50	0.192936
50	0.140256
50	0.242811
50	0.121829
50	0.186544
50	0.222568
50	0.140623
50	0.132289
50	0.103633
50	0.109966
50	0.130651
50	0.104272
50	0.134374
50	0.102511
50	0.110082
50	0.118821
50	0.154465
50	0.0755506
50	0.215186
50	0.162365
50	0.198667
50	0.175445
50	0.124218
50	0.181586
50	0.208317
50	0.0832554
53	0.144117
53	0.148267
53	0.139841
53	0.151345
53	0.09662
53	0.150642
53	0.186205
53	0.236702
53	0.0537941
53	0.161461
53	0.131097
53	0.139911
53	0.202976
53	0.152912
53	0.140754
53	0.0851947
53	0.0912147
53	0.184488
53	0.0792779
53	0.138341
53	0.156109
53	0.149552
53	0.128129
53	0.133766
53	0.139976
53	0.0552326
53	0.0984669
53	0.0989983
53	0.085906
53	0.186916
53	0.12474
53	0.147111
53	0.163275
53	0.175326
53	0.142898
53	0.114839
53	0.191252
53	0.1569
53	0.16157
53	0.158732
53	0.0583002
53	0.12376
53	0.124169
53	0.10804
53	0.130745
53	0.255737
53	0.155784
53	0.06684
53	0.0363062
53	0.101453
53	0.118538
53	0.106348
53	0.127939
53	0.182047
53	0.153551
53	0.114877
53	0.139645
53	0.130989
53	0.167597
53	0.151905
53	0.0709258
53	0.233108
53	0.166445
53	0.0525643
53	0.184263
53	0.225648
53	0.184485
53	0.15057
53	0.0962163
53	0.12486
53	0.134338
53	0.140992
53	0.103926
53	0.144465
53	0.101821
53	0.08939
53	0.174347
53	0.165576
53	0.176255
53	0.170976
53	0.149179
53	0.0558074
53	0.155006
53	0.105897
53	0.145531
53	0.200427
53	0.0908692
53	0.106443
53	0.100629
53	0.164685
53	0.120029
53	0.224103
53	0.131804
53	0.147072
53	0.188516
53	0.155866
53	0.246398
53	0.0672805
53	0.157873
53	0.100615
56	0.159901
56	0.142359
56	0.161213
56	0.146944
56	0.192054
56	0.216164
56	0.124393
56	0.0539424
56	0.166262
56	0.196009
56	0.105921
56	0.160906
56	0.145227
56	0.170067
56	0.096284
56	0.146684
56	0.198064
56	0.205327
56	0.152232
56	0.0730601
56	0.119204
56	0.105082
56	0.0982794
56	0.225366
56	0.14215
56	0.0776601
56	0.173055
56	0.132977
56	0.162863
56	0.19977
56	0.155802
56	0.0937901
56	0.102307
56	0.16584
56	0.133236
56	0.115031
56	0.130967
56	0.140033
56	0.137638
56	0.185545
56	0.182524
56	0.149045
56	0.17222
56	0.110362
56	0.138234
56	0.150237
56	0.169023
56	0.175727
56	0.129793
56	0.102428
56	0.090862
56	0.184775
56	0.117342
56	0.173095
56	0.176578
56	0.151676
56	0.167338
56	0.196603
56	0.20582
56	0.136483
56	0.198705
56	0.193556
56	0.160127
56	0.219525
56	0.126181
56	0.175586
56	0.145163
56	0.12784
56	0.180346
56	0.174508
56	0.178699
56	0.24783
56	0.209041
56	0.0608079
56	0.179476
56	0.10437
56	0.172386
56	0.0956167
56	0.122901
56	0.0903058
56	0.140822
56	0.144993
56	0.171524
56	0.0942047
56	0.108127
56	0.169246
56	0.0643369
56	0.151179
56	0.208556
56	0.102037
56	0.114882
56	0.144622
56	0.317956
56	0.189472
56	0.17178
56	0.162765
56	0.0931981
56	0.108737
56	0.136227
56	0.185323
59	0.192907
59	0.171871
59	0.170707
59	0.139316
59	0.194929
59	0.109666
59	0.148268
59	0.101593
59	0.188896
59	0.180274
59	0.163857
59	0.16876
59	0.13161
59	0.107656
59	0.10007
59	0.11697
59	0.192789
59	0.114843
59	0.0233155
59	0.0375634
59	0.139537
59	0.140436
59	0.110976
59	0.153974
59	0.188936
59	0.142281
59	0.117035
59	0.091546
59	0.217209
59	0.10086
59	0.130704
59	0.147029
59	0.0725185
59	0.167826
59	0.131102
59	0.106519
59	0.135315
59	0.193969
59	0.165064
59	0.0906967
59	0.0538066
59	0.166936
59	0.136435
59	0.168881
59	0.117981
59	0.15497
59	0.127328
59	0.135898
59	0.230845
59	0.109471
59	0.147013
59	0.12198
59	0.190235
59	0.212602
59	0.102795
59	0.138531
59	0.071663
59	0.10817
59	0.0987774
59	0.0858821
59	0.139865
59	0.122406
59	0.176834
59	0.156939
59	0.155843
59	0.135455
59	0.153037
59	0.163289
59	0.151938
59	0.170092
59	0.0968091
59	0.203431
59	0.13613
59	0.151283
59	0.0780413
59	0.100437
59	0.219463
59	0.169744
59	0.187434
59	0.130748
59	0.125417
59	0.0367236
59	0.0877418
59	0.156711
59	0.169213
59	0.223318
59	0.104736
59	0.116301
59	0.150916
59	0.100274
59	0.159309
59	0.106191
59	0.179617
59	0.139393
59	0.0852551
59	0.134522
59	0.0994872
59	0.182098
59	0.188062
59	0.172795
62	0.148518
62	0.115481
62	0.119699
62	0.130582
62	0.126856
62	0.139507
62	0.155646
62	0.130679
62	0.12168
62	0.140999
62	0.0594631
62	0.157166
62	0.0971529
62	0.270749
62	0.155452
62	0.19323
62	0.198972
62	0.148886
62	0.114379
62	0.111476
62	0.137217
62	0.164115
62	0.159515
62	0.220193
62	0.261607
62	0.155276
62	0.130391
62	0.23574
62	0.138729
62	0.166836
62	0.147909
62	0.17454
62	0.107365
62	0.142964
62	0.140241
62	0.0909381
62	0.252416
62	0.146046
62	0.195637
62	0.0776066
62	0.145564
62	0.0973542
62	0.0729446
62	0.0935913
62	0.125085
62	0.126081
62	0.116884
62	0.151495
62	0.134666
62	0.123532
62	0.175129
62	0.163978
62	0.13256
62	0.0614668
62	0.112707
62	0.110543
62	0.173141
62	0.13762
62	0.224412
62	0.210056
62	0.126237
62	0.113909
62	0.172294
62	0.218881
62	0.100217
62	0.0948182
62	0.160238
62	0.118067
62	0.16692
62	0.137808
62	0.117818
62	0.118164
62	0.08353
62	0.132267
62	0.127316
62	0.103627
62	0.167414
62	0.121303
62	0.172636
62	0.208346
62	0.126106
62	0.151522
62	0.137775
62	0.138954
62	0.117953
62	0.113246
62	0.0890111
62	0.186941
62	0.172608
62	0.0881556
62	0.137214
62	0.148543
62	0.164709
62	0.116648
62	0.101861
62	0.11338
62	0.202969
62	0.103825
62	0.22403
62	0.103393
65	0.105935
65	0.157842
65	0.193921
65	0.10218
65	0.143557
65	0.12887
65	0.174127
65	0.186301
65	0.180497
65	0.0809293
65	0.116186
65	0.139434
65	0.0963589
65	0.0995761
65	0.127359
65	0.0977859
65	0.22112
65	0.105858
65	0.104154
65	0.203207
65	0.127197
65	0.165339
65	0.134476
65	0.10261
65	0.154139
65	0.175122
65	0.0912746
65	0.188503
65	0.146945
65	0.175772
65	0.248581
65	0.179614
65	0.0992655
65	0.104771
65	0.0988904
65	0.140983
65	0.134199
65	0.131434
65	0.181696
65	0.161408
65	0.109091
65	0.0797649
65	0.277291
65	0.105139
65	0.0925857
65	0.0856156
65	0.0794904
65	0.125455
65	0.037357
65	0.15755
65	0.168176
65	0.185407
65	0.12621
65	0.1413
65	0.0915602
65	0.112899
65	0.146764
65	0.197936
65	0.121164
65	0.190672
65	0.131807
65	0.112685
65	0.154037
65	0.200741
65	0.03203
65	0.0961936
65	0.0720707
65	0.0860183
65	0.13169
65	0.185492
65	0.116629
65	0.119941
65	0.156011
65	0.152912
65	0.133671
65	0.180439
65	0.199441
65	0.0959945
65	0.165182
65	0.138854
65	0.0836837
65	0.109619
65	0.213987
65	0.143499
65	0.123559
65	0.0350639
65	0.0667823
65	0.124745
65	0.065077
65	0.178111
65	0.0967917
65	0.115887
65	0.101344
65	0.218659
65	0.187901
65	0.204371
65	0.156637
65	0.165749
65	0.11603
65	0.169149
68	0.0790857
68	0.122975
68	0.177232
68	0.179989
68	0.129968
68	0.119269
68	0.161681
68	0.0826366
68	0.102669
68	0.129309
68	0.135438
68	0.219316
68	0.165067
68	0.160767
68	0.156633
68	0.134953
68	0.085499
68	0.135488
68	0.140232
68	0.0794836
68	0.138827
68	0.158015
68	0.255136
68	0.163163
68	0.187136
68	0.128102
68	0.0983991
68	0.0839628
68	0.0997386
68	0.132243
68	0.156054
68	0.0998122
68	0.141784
68	0.182002
68	0.145681
68	0.172862
68	0.130635
68	0.09836
68	0.108179
68	0.0791006
68	0.118637
68	0.135761
68	0.238732
68	0.116693
68	0.10788
68	0.229873
68	0.213818
68	0.181427
68	0.0309865
68	0.11322
68	0.114546
68	0.0924706
68	0.0760302
68	0.102334
68	0.0649517
68	0.081575
68	0.102819
68	0.0830658
68	0.115342
68	0.113607
68	0.163631
68	0.188818
68	0.201532
68	0.141172
68	0.219789
68	0.23193
68	0.149234
68	0.138163
68	0.168587
68	0.168298
68	0.122065
68	0.137799
68	0.118384
68	0.185327
68	0.182193
68	0.141269
68	0.235966
68	0.107386
68	0.0894403
68	0.0990831
68	0.118924
68	0.218356
68	0.168022
68	0.225392
68	0.151707
68	0.137092
68	0.177251
68	0.182225
68	0.174639
68	0.123009
68	0.157528
68	0.0524809
68	0.206743
68	0.166075
68	0.188073
68	0.114062
68	0.161315
68	0.160722
68	0.129757
68	0.0597276
71	0.117119
71	0.152662
71	0.0991698
71	0.123245
71	0.0866348
71	0.0260648
71	0.150287
71	0.0771787
71	0.14259
71	0.14355
71	0.119546
71	0.106857
71	0.11821
71	0.114828
71	0.163027
71	0.0933285
71	0.157447
71	0.0366258
71	0.164473
71	0.192389
71	0.230583
71	0.162611
71	0.0924049
71	0.10776
71	0.0783888
71	0.150603
71	0.103217
71	0.146658
71	0.157446
71	0.100954
71	0.186741
71	0.145529
71	0.13739
71	0.0692377
71	0.0986219
71	0.157581
71	0.0767626
71	0.0712227
71	0.114023
71	0.158796
71	0.141614
71	0.0775481
71	0.102668
71	0.141373
71	0.133229
71	0.165316
71	0.178071
71	0.103112
71	0.100961
71	0.0649535
71	0.176704
71	0.0843545
71	0.0649917
71	0.181987
71	0.147413
71	0.0505631
71	0.215627
71	0.123423
71	0.106675
71	0.171749
71	0.140014
71	0.12805
71	0.186633
71	0.185326
71	0.0877583
71	0.104121
71	0.0831457
71	0.225181
71	0.0913751
71	0.18853
71	0.0783116
71	0.250004
71	0.13986
71	0.153616
71	0.113741
71	0.0505687
71	0.156385
71	0.158079
71	0.0589699
71	0.13532
71	0.116544
71	0.0951957
71	0.124421
71	0.12422
71	0.149263
71	0.159802
71	0.154495
71	0.153944
71	0.200867
71	0.141954
71	0.164533
71	0.0603515
71	0.176344
71	0.0995068
71	0.157839
71	0.154818
71	0.107339
71	0.0439516
71	0.0514799
71	0.11938
74	0.0749741
74	0.123004
74	0.123641
74	0.16992
74	0.177324
74	0.0689649
74	0.150935
74	0.0925993
74	0.163645
74	0.113716
74	0.102082
74	0.0558733
74	0.146136
74	0.0583822
74	0.127336
74	0.121601
74	0.125312
74	0.14201
74	0.101225
74	0.135398
74	0.107844
74	0.0822515
74	0.175202
74	0.140361
74	0.100694
74	0.0848992
74	0.126479
74	0.110186
74	0.0606241
74	0.157983
74	0.0746734
74	0.126568
74	0.139309
74	0.220961
74	0.0932598
74	0.130766
74	0.0352986
74	0.11682
74	0.102952
74	0.162923
74	0.139732
74	0.113688
74	0.124489
74	0.137299
74	0.124948
74	0.139534
74	0.170263
74	0.078743
74	0.12025
74	0.203981
74	0.200245
74	0.138391
74	0.0828064
74	0.144055
74	0.0367892
74	0.072213
74	0.129016
74	0.116604
74	0.135481
74	0.175355
74	0.0974374
74	0.116161
74	0.116768
74	0.121465
74	0.190463
74	0.0983036
74	0.151436
74	0.147443
74	0.194664
74	0.177889
74	0.192104
74	0.102521
74	0.171705
74	0.189803
74	0.117874
74	0.0754472
74	0.120448
74	0.0770876
74	0.0616579
74	0.203788
74	0.137307
74	0.146673
74	0.105902
74	0.0560379
74	0.147423
74	0.150908
74	0.121244
74	0.145153
74	0.226675
74	0.13707
74	0.0981513
74	0.113951
74	0.185976
74	0.169047
74	0.141857
74	0.165286
74	0.155141
74	0.123618
74	0.128492
74	0.154744
77	0.131715
77	0.14227
77	0.0913623
77	0.0963325
77	0.198644
77	0.0473714
77	0.159831
77	0.122099
77	0.157218
77	0.166474
77	0.102005
77	0.108126
77	0.164437
77	0.127336
77	0.156322
77	0.14423
77	0.144077
77	0.112802
77	0.129171
77	0.0667986
77	0.124038
77	0.11355
77	0.0898295
77	0.117012
77	0.174191
77	0.141067
77	0.083954
77	0.11588
77	0.103414
77	0.0741555
77	0.211876
77	0.161005
77	0.109118
77	0.150917
77	0.0564635
77	0.102449
77	0.114067
77	0.0905331
77	0.115357
77	0.226174
77	0.0677025
77	0.0940329
77	0.10047
77	0.120589
77	0.0812911
77	0.161238
77	0.0282043
77	0.111433
77	0.172657
77	0.104702
77	0.0804634
77	0.172375
77	0.172154
77	0.15927
77	0.13601
77	0.202872
77	0.113772
77	0.182118
77	0.172547
77	0.0539323
77	0.117885
77	0.0700883
77	0.0797578
77	0.132609
77	0.126136
77	0.0754706
77	0.10855
77	0.147673
77	0.112244
77	0.148813
77	0.140212
77	0.14381
77	0.0917609
77	0.117376
77	0.125981
77	0.104416
77	0.14306
77	0.151282
77	0.0778032
77	0.0940522
77	0.197851
77	0.140146
77	0.067862
77	0.124806
77	0.0768692
77	0.170501
77	0.142189
77	0.0563412
77	0.0723652
77	0.100998
77	0.112679
77	0.139568
77	0.031335
77	0.108187
77	0.118623
77	0.188572
77	0.156462
77	0.120718
77	0.149034
77	0.162043
80	0.193043
80	0.114632
80	0.0826029
80	0.15006
80	0.10447
80	0.131576
80	0.117203
80	0.0738899
80	0.147649
80	0.145537
80	0.125523
80	0.064969
80	0.0933385
80	0.124425
80	0.122584
80	0.0953992
80	0.0899017
80	0.160272
80	0.136277
80	0.177098
80	0.0820225
80	0.0927418
80	0.138701
80	0.104247
80	0.119759
80	0.152083
80	0.199415
80	0.100527
80	0.201746
80	0.0789698
80	0.126413
80	0.0607826
80	0.149454
80	0.155591
80	0.130107
80	0.121577
80	0.189156
80	0.203369
80	0.272292
80	0.0458603
80	0.202429
80	0.0614437
80	0.0795241
80	0.0785696
80	0.136207
80	0.138338
80	0.176577
80	0.116349
80	0.0927961
80	0.0528979
80	0.190941
80	0.124126
80	0.158618
80	0.125905
80	0.142063
80	0.204538
80	0.0857346
80	0.0691197
80	0.124201
80	0.116238
80	0.154139
80	0.101877
80	0.163819
80	0.134036
80	0.155526
80	0.137293
80	0.158585
80	0.173466
80	0.0926866
80	0.052456
80	0.0694496
80	0.10841
80	0.126957
80	0.182783
80	0.125117
80	0.146023
80	0.173712
80	0.0721725
80	0.0759649
80	0.116437
80	0.102907
80	0.189993
80	0.088557
80	0.117397
80	0.162877
80	0.123193
80	0.100028
80	0.0804436
80	0.116435
80	0.0482483
80	0.13296
80	0.0609191
80	0.146326
80	0.134597
80	0.138365
80	0.172135
80	0.135584
80	0.0675236
80	0.154116
80	0.159061
83	0.0806387
83	0.138323
83	0.228984
83	0.14313
83	0.147924
83	0.0986692
83	0.205558
83	0.138821
83	0.175758
83	0.0410982
83	0.0754202
83	0.0788936
83	0.0998374
83	0.175069
83	0.122086
83	0.13236
83	0.162042
83	0.154232
83	0.181328
83	0.124037
83	0.0867664
83	0.166742
83	0.115575
83	0.136732
83	0.0502944
83	0.105204
83	0.146873
83	0.0952325
83	0.0959565
83	0.137234
83	0.10371
83	0.05576
83	0.118193
83	0.112143
83	0.0937615
83	0.0972955
83	0.132077
83	0.149302
83	0.0904178
83	0.133227
83	0.0808551
83	0.122353
83	0.0738046
83	0.193642
83	0.113884
83	0.0555966
83	0.0639704
83	0.0782894
83	0.0949407
83	0.0804006
83	0.155138
83	0.0539761
83	0.129134
83	0.158752
83	0.123335
83	0.0875588
83	0.168377
83	0.128718
83	0.099631
83	0.156267
83	0.170866
83	0.113841
83	0.171293
83	0.135751
83	0.0646992
83	0.147695
83	0.163347
83	0.0813066
83	0.12778
83	0.0744928
83	0.109509
83	0.127943
83	0.101398
83	0.0764247
83	0.191332
83	0.0641543
83	0.0614167
83	0.139153
83	0.136091
83	0.199932
83	0.142113
83	0.134386
83	0.15578
83	0.073758
83	0.108508
83	0.101855
83	0.137593
83	0.158746
83	0.13297
83	0.0994638
83	0.135038
83	0.152243
83	0.162605
83	0.116317
83	0.0849007
83	0.137501
83	0.074846
83	0.0853965
83	0.17227
83	0.112892
86	0.0935891
86	0.191618
86	0.142681
86	0.12241
86	0.0976965
86	0.0907783
86	0.192531
86	0.10896
86	0.0988087
86	0.245578
86	0.0961926
86	0.160511
86	0.10973
86	0.0730429
86	0.0877446
86	0.100305
86	0.0438993
86	0.0724291
86	0.151075
86	0.158376
86	0.123438
86	0.173537
86	0.0719329
86	0.161256
86	0.164944
86	0.137548
86	0.119338
86	0.1227
86	0.160597
86	0.103424
86	0.050236
86	0.111367
86	0.0603068
86	0.089043
86	0.253293
86	0.0545654
86	0.102282
86	0.120309
86	0.124901
86	0.122222
86	0.122199
86	0.130262
86	0.147413
86	0.178191
86	0.088423
86	0.08213
86	0.134057
86	0.109888
86	0.173409
86	0.142412
86	0.0897996
86	0.117235
86	0.203242
86	0.127027
86	0.0751143
86	0.13995
86	0.164422
86	0.132219
86	0.109189
86	0.200162
86	0.065767
86	0.133947
86	0.0921088
86	0.198898
86	0.128873
86	0.0942007
86	0.0966119
86	0.0675727
86	0.128166
86	0.0790631
86	0.165692
86	0.106388
86	0.138976
86	0.124255
86	0.118227
86	0.0689344
86	0.119094
86	0.0931755
86	0.193132
86	0.19411
86	0.254419
86	0.15969
86	0.11753
86	0.119762
86	0.113311
86	0.129423
86	0.123295
86	0.147118
86	0.0840323
86	0.130636
86	0.135546
86	0.0363384
86	0.184928
86	0.181235
86	0.148432
86	0.0854494
86	0.151893
86	0.118579
86	0.160598
86	0.152844
89	0.149052
89	0.103037
89	0.109705
89	0.0427458
89	0.117044
89	0.0899937
89	0.0914607
89	0.209552
89	0.086523
89	0.173263
89	0.0582548
89	0.175612
89	0.0566191
89	0.1433
89	0.129021
89	0.0737214
89	0.0846114
89	0.0956237
89	0.0869823
89	0.170586
89	0.0847197
89	0.117029
89	0.129157
89	0.0963108
89	0.181824
89	0.159187
89	0.0675258
89	0.138279
89	0.0854046
89	0.119342
89	0.163587
89	0.0429599
89	0.145411
89	0.0937075
89	0.127978
89	0.176405
89	0.161018
89	0.172101
89	0.175195
89	0.120219
89	0.0696985
89	0.138005
89	0.120369
89	0.082114
89	0.14454
89	0.111405
89	0.142768
89	0.0820846
89	0.163708
89	0.137721
89	0.120859
89	0.150746
89	0.114867
89	0.176694
89	0.0588133
89	0.167919
89	0.121547
89	0.161631
89	0.116419
89	0.0658648
89	0.149778
89	0.118537
89	0.158908
89	0.108287
89	0.0621255
89	0.209846
89	0.203812
89	0.0807647
89	0.162041
89	0.158078
89	0.0844571
89	0.17089
89	0.115223
89	0.160966
89	0.150342
89	0.0743902
89	0.149862
89	0.057344
89	0.137388
89	0.159622
89	0.0609433
89	0.205435
89	0.183488
89	0.0630345
89	0.107593
89	0.096993
89	0.104328
89	0.101561
89	0.127354
89	0.0759868
89	0.185307
89	0.0873176
89	0.19049
89	0.113377
89	0.120528
89	0.0972288
89	0.119539
89	0.0832836
89	0.193373
89	0.123567
92	0.107875
92	0.131071
92	0.172521
92	0.171772
92	0.224316
92	0.0910703
92	0.184894
92	0.1928
92	0.100496
92	0.144781
92	0.0864901
92	0.0324315
92	0.184461
92	0.149204
92	0.0987603
92	0.123189
92	0.117302
92	0.174411
92	0.131278
92	0.0587432
92	0.136258
92	0.0712309
92	0.137019
92	0.170463
92	0.18003
92	0.0284346
92	0.142944
92	0.121818
92	0.0949489
92	0.0825034
92	0.200359
92	0.143146
92	0.0871591
92	0.0375467
92	0.205958
92	0.0647759
92	0.117877
92	0.180712
92	0.10648
92	0.138764
92	0.168942
92	0.155716
92	0.0929943
92	0.15581
92	0.108899
92	0.166167
92	0.127037
92	0.135207
92	0.120563
92	0.107997
92	0.0882862
92	0.158241
92	0.0967135
92	0.135698
92	0.0938276
92	0.0415551
92	0.223273
92	0.139656
92	0.201763
92	0.208667
92	0.0831215
92	0.151596
92	0.0912443
92	0.121008
92	0.0502039
92	0.149616
92	0.216067
92	0.157822
92	0.143393
92	0.121121
92	0.14673
92	0.141621
92	0.14621
92	0.0583876
92	0.163748
92	0.202884
92	0.0709179
92	0.137285
92	0.105873
92	0.139265
92	0.12905
92	0.0719011
92	0.110692
92	0.142369
92	0.11512
92	0.134407
92	0.179171
92	0.125054
92	0.132591
92	0.146254
92	0.122968
92	0.0726027
92	0.188742
92	0.13956
92	0.168917
92	0.10295
92	0.0981526
92	0.11515
92	0.178113
92	0.118651
95	0.120694
95	0.0479777
95	0.083867
95	0.0637336
95	0.144434
95	0.143719
95	0.0955233
95	0.123805
95	0.141481
95	0.0732803
95	0.130185
95	0.154165
95	0.139667
95	0.168909
95	0.0615847
95	0.199512
95	0.147835
95	0.132675
95	0.119199
95	0.0982626
95	0.106578
95	0.0374531
95	0.0878323
95	0.113048
95	0.0607474
95	0.0696752
95	0.123808
95	0.107966
95	0.127081
95	0.112751
95	0.115467
95	0.14964
95	0.0222939
95	0.133076
95	0.0798625
95	0.0924377
95	0.172045
95	0.109691
95	0.0381361
95	0.125496
95	0.161701
95	0.162285
95	0.0631033
95	0.0968633
95	0.0469299
95	0.101031
95	0.173502
95	0.134504
95	0.170735
95	0.156048
95	0.0744818
95	0.169118
95	0.0905266
95	0.112095
95	0.0802099
95	0.159616
95	0.112045
95	0.0761569
95	0.112688
95	0.168115
95	0.0743643
95	0.162129
95	0.109157
95	0.0945998
95	0.205048
95	0.140741
95	0.164085
95	0.0524216
95	0.112846
95	0.119376
95	0.114685
95	0.151401
95	0.107978
95	0.157886
95	0.155968
95	0.119534
95	0.179629
95	0.150226
95	0.0953678
95	0.0428324
95	0.0646365
95	0.155761
95	0.0723587
95	0.149521
95	0.0746149
95	0.0861251
95	0.159865
95	0.159885
95	0.135754
95	0.116711
95	0.114765
95	0.143541
95	0.142201
95	0.149352
95	0.121469
95	0.0795548
95	0.102993
95	0.119152
95	0.0859067
95	0.0985475
98	0.115748
98	0.0972494
98	0.136393
98	0.140267
98	0.153911
98	0.132713
98	0.0868196
98	0.0753644
98	0.11112
98	0.113837
98	0.156051
98	0.108709
98	0.0788292
98	0.150712
98	0.118478
98	0.119652
98	0.13444
98	0.137357
98	0.13789
98	0.181645
98	0.116686
98	0.0530538
98	0.121129
98	0.172608
98	0.143281
98	0.163172
98	0.170566
98	0.179386
98	0.156101
98	0.0718459
98	0.169226
98	0.0315241
98	0.147902
98	0.117979
98	0.0763838
98	0.0764878
98	0.151113
98	0.0995849
98	0.157266
98	0.114579
98	0.0886986
98	0.0890535
98	0.118422
98	0.159258
98	0.0829724
98	0.160355
98	0.234814
98	0.126398
98	0.120342
98	0.157468
98	0.122912
98	0.0971294
98	0.147556
98	0.169071
98	0.0812219
98	0.0787829
98	0.0872811
98	0.134504
98	0.124745
98	0.124777
98	0.0966505
98	0.0783154
98	0.123679
98	0.110232
98	0.202512
98	0.128181
98	0.107829
98	0.0973109
98	0.136634
98	0.0653755
98	0.0700799
98	0.0898631
98	0.108684
98	0.0906716
98	0.134303
98	0.135121
98	0.115776
98	0.150657
98	0.103176
98	0.1806
98	0.151413
98	0.125293
98	0.126145
98	0.151171
98	0.11859
98	0.0484564
98	0.116549
98	0.0959709
98	0.141307
98	0.128353
98	0.0705726
98	0.119438
98	0.198967
98	0.0874693
98	0.127004
98	0.100837
98	0.0886477
98	0.097198
98	0.13251
98	0.13142
101	0.114508
101	0.110229
101	0.146505
101	0.141192
101	0.121443
101	0.107473
101	0.127643
101	0.0452514
101	0.172291
101	0.093048
101	0.131292
101	0.0921537
101	0.128542
101	0.218519
101	0.145337
101	0.0941807
101	0.0873685
101	0.0996237
101	0.0847986
101	0.112401
101	0.183065
101	0.123242
101	0.143387
101	0.104974
101	0.191912
101	0.133547
101	0.0790785
101	0.145601
101	0.073885
101	0.0896444
101	0.0535873
101	0.0892326
101	0.180194
101	0.215623
101	0.17252
101	0.124823
101	0.114345
101	0.0868132
101	0.0615064
101	0.129984
101	0.0955083
101	0.114675
101	0.0582425
101	0.101478
101	0.0704316
101	0.116679
101	0.100224
101	0.160066
101	0.119151
101	0.0565695
101	0.109117
101	0.112858
101	0.0933403
101	0.0993762
101	0.104227
101	0.140898
101	0.11356
101	0.0901291
101	0.151755
101	0.0543502
101	0.132571
101	0.132481
101	0.12836
101	0.147099
101	0.0368873
101	0.0928086
101	0.116032
101	0.090678
101	0.154983
101	0.0593026
101	0.118615
101	0.137949
101	0.119442
101	0.118479
101	0.0611614
101	0.118361
101	0.0943942
101	0.110556
101	0.102113
101	0.203744
101	0.12814
101	0.162136
101	0.114287
101	0.0745571
101	0.0756293
101	0.182833
101	0.103708
101	0.130154
101	0.170889
101	0.124464
101	0.136283
101	0.0776101
101	0.0924889
101	0.132192
101	0.119066
101	0.113488
101	0.157292
101	0.1359
101	0.14986
101	0.15434
104	0.0706662
104	0.0669819
104	0.0976998
104	0.108733
104	0.106955
104	0.146258
104	0.153076
104	0.134167
104	0.131013
104	0.196276
104	0.1283
104	0.142262
104	0.125657
104	0.14105
104	0.0882226
104	0.171
104	0.08945
104	0.177574
104	0.172086
104	0.141289
104	0.116673
104	0.113135
104	0.10788
104	0.200614
104	0.115833
104	0.0727437
104	0.0639877
104	0.0771006
104	0.116998
104	0.103765
104	0.100997
104	0.0648536
104	0.112088
104	0.186187
104	0.108792
104	0.105039
104	0.112583
104	0.12391
104	0.0882602
104	0.0189415
104	0.0676162
104	0.14757
104	0.0476315
104	0.108968
104	0.218173
104	0.133891
104	0.182265
104	0.164477
104	0.136209
104	0.132051
104	0.0781785
104	0.16526
104	0.099887
104	0.127674
104	0.125913
104	0.130828
104	0.103601
104	0.169037
104	0.133895
104	0.105017
104	0.103372
104	0.0576703
104	0.103711
104	0.15286
104	0.0804955
104	0.118639
104	0.073012
104	0.0863512
104	0.0936696
104	0.111373
104	0.130581
104	0.190543
104	0.136033
104	0.0867411
104	0.176851
104	0.17257
104	0.121968
104	0.0997997
104	0.138582
104	0.0740347
104	0.126544
104	0.092953
104	0.14047
104	0.10796
104	0.11729
104	0.149751
104	0.0852917
104	0.0984103
104	0.121099
104	0.0963996
104	0.159218
104	0.184083
104	0.053993
104	0.153404
104	0.171171
104	0.180621
104	0.145779
104	0.125871
104	0.128138
104	0.142988
107	0.0829644
107	0.175945
107	0.159191
107	0.180326
107	0.0579649
107	0.103406
107	0.109486
107	0.152648
107	0.124163
107	0.117557
107	0.146351
107	0.145985
107	0.10254
107	0.0848997
107	0.089913
107	0.19035
107	0.0808055
107	0.0729248
107	0.118044
107	0.155577
107	0.109196
107	0.106512
107	0.0987819
107	0.145992
107	0.0802814
107	0.181321
107	0.136896
107	0.134369
107	0.107436
107	0.104867
107	0.155707
107	0.0770061
107	0.111675
107	0.151675
107	0.114785
107	0.162019
107	0.0611048
107	0.0851715
107	0.159844
107	0.121723
107	0.089892
107	0.094361
107	0.117695
107	0.114454
107	0.0937104
107	0.0442885
107	0.144323
107	0.0961381
107	0.112173
107	0.13411
107	0.145854
107	0.128962
107	0.164114
107	0.0739619
107	0.162548
107	0.122083
107	0.0840691
107	0.139135
107	0.108438
107	0.128786
107	0.0924007
107	0.0591653
107	0.105919
107	0.119453
107	0.156982
107	0.132373
107	0.162629
107	0.145738
107	0.134286
107	0.195405
107	0.0704364
107	0.111041
107	0.115125
107	0.18146
107	0.133917
107	0.116169
107	0.110614
107	0.0670891
107	0.111827
107	0.148936
107	0.125269
107	0.107691
107	0.152618
107	0.218266
107	0.0985958
107	0.175564
107	0.137594
107	0.158493
107	0.148352
107	0.0811744
107	0.112159
107	0.174298
107	0.0803706
107	0.122223
107	0.119715
107	0.154415
107	0.0898083
107	0.0877868
107	0.0682238
107	0.0969054
110	0.0660563
110	0.0564891
110	0.122594
110	0.118834
110	0.203485
110	0.0815711
110	0.082979
110	0.078768
110	0.100218
110	0.132294
110	0.184275
110	0.115066
110	0.100533
110	0.137018
110	0.162439
110	0.121504
110	0.0627463
110	0.0695913
110	0.105783
110	0.147488
110	0.12665
110	0.0567927
110	0.105245
110	0.118404
110	0.0990163
110	0.154821
110	0.0580827
110	0.15901
110	0.108142
110	0.119679
110	0.0697886
110	0.0699371
110	0.0292456
110	0.113401
110	0.178475
110	0.120193
110	0.174708
110	0.128417
110	0.129466
110	0.231881
110	0.0795573
110	0.170902
110	0.143694
110	0.14582
110	0.100338
110	0.150922
110	0.137907
110	0.146352
110	0.0763313
110	0.0886992
110	0.166192
110	0.0387995
110	0.114399
110	0.158385
110	0.150614
110	0.0962807
110	0.102115
110	0.100799
110	0.14647
110	0.115686
110	0.231191
110	0.0686758
110	0.105368
110	0.206611
110	0.161062
110	0.143855
110	0.195048
110	0.0659241
110	0.106946
110	0.15151
110	0.190527
110	0.132235
110	0.111871
110	0.114264
110	0.0748
110	0.107892
110	0.122644
110	0.0754468
110	0.144154
110	0.110374
110	0.0757061
110	0.18323
110	0.0490687
110	0.126598
110	0.103648
110	0.0960962
110	0.127144
110	0.0565182
110	0.20441
110	0.050553
110	0.0983443
110	0.108529
110	0.0946843
110	0.0428148
110	0.123916
110	0.128929
110	0.088153
110	0.131538
110	0.177456
110	0.114885
113	0.117072
113	0.171228
113	0.13136
113	0.107486
113	0.105287
113	0.0989013
113	0.127924
113	0.129264
113	0.117053
113	0.0903974
113	0.12619
113	0.136203
113	0.129692
113	0.139262
113	0.172398
113	0.122668
113	0.117091
113	0.0591415
113	0.116336
113	0.166555
113	0.130057
113	0.166139
113	0.0763507
113	0.143679
113	0.102717
113	0.0947309
113	0.217953
113	0.118395
113	0.117331
113	0.0839572
113	0.148954
113	0.142489
113	0.151435
113	0.11402
113	0.196089
113	0.124355
113	0.1521
113	0.101241
113	0.0482064
113	0.128302
113	0.105626
113	0.122503
113	0.0862346
113	0.149382
113	0.0932289
113	0.0292909
113	0.107961
113	0.192507
113	0.0310205
113	0.171547
113	0.134265
113	0.135762
113	0.154113
113	0.108249
113	0.0627993
113	0.164238
113	0.112133
113	0.0864387
113	0.180396
113	0.120303
113	0.0835371
113	0.0169904
113	0.182425
113	0.115185
113	0.107105
113	0.137714
113	0.135089
113	0.143448
113	0.0691232
113	0.155647
113	0.0888397
113	0.143765
113	0.138048
113	0.089022
113	0.0231224
113	0.105166
113	0.155558
113	0.0756549
113	0.142528
113	0.134106
113	0.101
113	0.0886107
113	0.0536083
113	0.0774889
113	0.0874393
113	0.0829622
113	0.0786217
113	0.105501
113	0.14587
113	0.106213
113	0.136732
113	0.102813
113	0.13455
113	0.182429
113	0.0967103
113	0.0417601
113	0.0776327
113	0.0928617
113	0.0990117
113	0.113526
116	0.0598878
116	0.102765
116	0.079185
116	0.0903531
116	0.153381
116	0.0885008
116	0.145742
116	0.0970426
116	0.149019
116	0.149277
116	0.103028
116	0.156511
116	0.172598
116	0.115122
116	0.135226
116	0.101553
116	0.11801
116	0.118075
116	0.183153
116	0.103325
116	0.0734389
116	0.113027
116	0.0928024
116	0.122381
116	0.141026
116	0.101077
116	0.0489906
116	0.103846
116	0.122122
116	0.0724905
116	0.152222
116	0.156757
116	0.106194
116	0.172904
116	0.160963
116	0.154858
116	0.0858959
116	0.0433199
116	0.0595303
116	0.106658
116	0.100474
116	0.132468
116	0.130407
116	0.147102
116	0.104009
116	0.122803
116	0.0510681
116	0.126759
116	0.185292
116	0.121259
116	0.148103
116	0.125386
116	0.0818713
116	0.092891
116	0.0545886
116	0.160146
116	0.165732
116	0.0557432
116	0.0691931
116	0.0621955
116	0.1161
116	0.112647
116	0.098927
116	0.172176
116	0.0939174
116	0.0847443
116	0.0996078
116	0.158392
116	0.0944665
116	0.147386
116	0.0543814
116	0.122652
116	0.120364
116	0.031252
116	0.110981
116	0.11071
116	0.0671765
116	0.0970906
116	0.0662095
116	0.16153
116	0.13305
116	0.0990802
116	0.114741
116	0.118717
116	0.168399
116	0.0394038
116	0.121334
116	0.0503802
116	0.139
116	0.141409
116	0.112206
116	0.166909
116	0.119598
116	0.0919915
116	0.117972
116	0.172829
116	0.0864844
116	0.220423
116	0.0917393
116	0.155907
119	0.145326
119	0.0979341
119	0.0873576
119	0.113492
119	0.112896
119	0.0733543
119	0.0778429
119	0.102231
119	0.141924
119	0.0888471
119	0.134008
119	0.18276
119	0.0954423
119	0.116908
119	0.171305
119	0.130513
119	0.123043
119	0.130835
119	0.0776352
119	0.109952
119	0.186178
119	0.145175
119	0.104883
119	0.106638
119	0.118185
119	0.0976785
119	0.107829
119	0.130791
119	0.037467
119	0.041766
119	0.0564114
119	0.183027
119	0.10362
119	0.131633
119	0.121804
119	0.0442402
119	0.182171
119	0.127328
119	0.144371
119	0.151735
119	0.145375
119	0.14632
119	0.143497
119	0.168174
119	0.133064
119	0.107737
119	0.167665
119	0.093633
119	0.0802648
119	0.120673
119	0.0661791
119	0.194717
119	0.107605
119	0.159266
119	0.0662486
119	0.0420308
119	0.156552
119	0.081972
119	0.135501
119	0.13624
119	0.11361
119	0.142998
119	0.0740971
119	0.0847625
119	0.135435
119	0.142124
119	0.131696
119	0.0771684
119	0.143978
119	0.11692
119	0.117182
119	0.0586519
119	0.0913887
119	0.156309
119	0.0397207
119	0.0461636
119	0.123675
119	0.0803269
119	0.121766
119	0.148454
119	0.0623286
119	0.144813
119	0.0963637
119	0.132794
119	0.0627119
119	0.100114
119	0.0653481
119	0.121048
119	0.111378
119	0.063176
119	0.0387036
119	0.0850819
119	0.169943
119	0.0779305
119	0.146222
119	0.0429033
119	0.186098
119	0.0870831
119	0.125176
119	0.163209
122	0.193122
122	0.126097
122	0.188922
122	0.0761782
122	0.112957
122	0.0866052
122	0.0589083
122	0.127235
122	0.0830294
122	0.202945
122	0.135599
122	0.12887
122	0.159878
122	0.0819372
122	0.0500675
122	0.0901422
122	0.0850405
122	0.121904
122	0.208585
122	0.182431
122	0.220384
122	0.0652963
122	0.119248
122	0.119315
122	0.0495617
122	0.0550464
122	0.122592
122	0.14424
122	0.112782
122	0.132795
122	0.152226
122	0.114233
122	0.13538
122	0.112868
122	0.0976127
122	0.14379
122	0.114199
122	0.163122
122	0.132246
122	0.133473
122	0.125441
122	0.131467
122	0.114486
122	0.0339031
122	0.104186
122	0.0842509
122	0.0570177
122	0.193835
122	0.0885817
122	0.135602
122	0.104198
122	0.0501292
122	0.115545
122	0.0860214
122	0.0912175
122	0.0934495
122	0.0862859
122	0.128066
122	0.10029
122	0.120181
122	0.122742
122	0.154195
122	0.121001
122	0.093508
122	0.103653
122	0.133389
122	0.115884
122	0.0939329
122	0.0975335
122	0.126034
122	0.0594654
122	0.0993264
122	0.146946
122	0.0698957
122	0.0947871
122	0.190347
122	0.155727
122	0.112846
122	0.151429
122	0.170592
122	0.148397
122	0.124084
122	0.147196
122	0.0974773
122	0.139779
122	0.0824561
122	0.125717
122	0.123653
122	0.0355471
122	0.0988029
122	0.116862
122	0.200461
122	0.0905841
122	0.107802
122	0.100267
122	0.0763421
122	0.132815
122	0.118816
122	0.0871854
122	0.0682955
125	0.171086
125	0.141874
125	0.110162
125	0.0720411
125	0.145508
125	0.130692
125	0.0983495
125	0.0853637
125	0.131219
125	0.0960423
125	0.192594
125	0.0622861
125	0.125121
125	0.142365
125	0.12597
125	0.0883292
125	0.121237
125	0.199639
125	0.118669
125	0.127918
125	0.0948475
125	0.184031
125	0.122772
125	0.071004
125	0.11955
125	0.100784
125	0.140872
125	0.0979754
125	0.161869
125	0.0519742
125	0.0889049
125	0.130989
125	0.112909
125	0.0996539
125	0.0368572
125	0.140421
125	0.103227
125	0.0804145
125	0.0824153
125	0.0993637
125	0.0901508
125	0.20704
125	0.0683148
125	0.158373
125	0.11362
125	0.102817
125	0.148147
125	0.138398
125	0.140061
125	0.150668
125	0.0849486
125	0.134446
125	0.144348
125	0.086174
125	0.134933
125	0.138206
125	0.115374
125	0.056252
125	0.193527
125	0.140458
125	0.115987
125	0.0743271
125	0.0912111
125	0.0809083
125	0.0990172
125	0.0655997
125	0.0800311
125	0.0782232
125	0.154903
125	0.0509382
125	0.0770688
125	0.121126
125	0.0564051
125	0.0873472
125	0.123832
125	0.16432
125	0.158839
125	0.141676
125	0.105623
125	0.105628
125	0.0506733
125	0.0867594
125	0.107517
125	0.128074
125	0.088385
125	0.187555
125	0.0707625
125	0.155738
125	0.146071
125	0.150519
125	0.124638
125	0.143059
125	0.0797704
125	0.144308
125	0.117151
125	0.0584647
125	0.0848848
125	0.121457
125	0.12723
125	0.104445
128	0.0662002
128	0.0666873
128	0.140072
128	0.127925
128	0.0775142
128	0.189471
128	0.142948
128	0.0546303
128	0.116873
128	0.0795978
128	0.0876621
128	0.0646424
128	0.135858
128	0.238275
128	0.112924
128	0.125641
128	0.0857533
128	0.0992323
128	0.148256
128	0.109446
128	0.0907925
128	0.0920763
128	0.151182
128	0.16443
128	0.136751
128	0.122643
128	0.164223
128	0.0586535
128	0.144784
128	0.110602
128	0.134768
128	0.144099
128	0.144342
128	0.110538
128	0.156879
128	0.214627
128	0.0524063
128	0.0790571
128	0.0807515
128	0.047374
128	0.0640907
128	0.127251
128	0.120694
128	0.166476
128	0.0260808
128	0.186823
128	0.0507435
128	0.116217
128	0.101963
128	0.0925979
128	0.0830873
128	0.0742381
128	0.120082
128	0.148879
128	0.0846997
128	0.110635
128	0.103187
128	0.141087
128	0.0865848
128	0.130446
128	0.203269
128	0.107225
128	0.102143
128	0.104589
128	0.164514
128	0.0714764
128	0.122707
128	0.111044
128	0.111939
128	0.116762
128	0.0870503
128	0.167147
128	0.0458829
128	0.0802765
128	0.0866515
128	0.11516
128	0.0779474
128	0.100223
128	0.0568406
128	0.0830371
128	0.0644347
128	0.0901805
128	0.15069
128	0.115112
128	0.0763885
128	0.143333
128	0.117611
128	0.187369
128	0.13118
128	0.163109
128	0.186694
128	0.0923417
128	0.108628
128	0.137338
128	0.207114
128	0.132018
128	0.106996
128	0.106539
128	0.0659416
128	0.0624089
131	0.173895
131	0.0924741
131	0.0829771
131	0.148665
131	0.086444
131	0.089753
131	0.0654945
131	0.102492
131	0.127246
131	0.0750529
131	0.0365695
131	0.0914355
131	0.162444
131	0.10722
131	0.055854
131	0.0664011
131	0.107816
131	0.131318
131	0.149166
131	0.133053
131	0.153513
131	0.0869655
131	0.0763686
131	0.111162
131	0.130499
131	0.139986
131	0.0974574
131	0.155019
131	0.0766859
131	0.0919232
131	0.150406
131	0.134166
131	0.113587
131	0.0640263
131	0.0836744
131	0.0534622
131	0.0693159
131	0.0985092
131	0.120739
131	0.168311
131	0.102996
131	0.0961597
131	0.125993
131	0.0704265
131	0.105518
131	0.0619941
131	0.179525
131	0.135925
131	0.147354
131	0.0773518
131	0.133935
131	0.120739
131	0.0662894
131	0.133848
131	0.114845
131	0.0969277
131	0.122893
131	0.0715322
131	0.132592
131	0.134314
131	0.152261
131	0.180078
131	0.162091
131	0.11369
131	0.140463
131	0.156567
131	0.057669
131	0.073962
131	0.132913
131	0.116263
131	0.209442
131	0.0441133
131	0.122998
131	0.109301
131	0.0858397
131	0.141066
131	0.0788692
131	0.171413
131	0.0964437
131	0.167958
131	0.0568116
131	0.10785
131	0.0550785
131	0.0395339
131	0.0430639
131	0.0827474
131	0.1273
131	0.0620695
131	0.126774
131	0.158219
131	0.110958
131	0.105575
131	0.158101
131	0.141963
131	0.0719673
131	0.0812883
131	0.134695
131	0.124412
131	0.0797083
131	0.100984
134	0.134335
134	0.101166
134	0.029191
134	0.148615
134	0.111215
134	0.100092
134	0.171534
134	0.149686
134	0.118219
134	0.14941
134	0.118206
134	0.0792972
134	0.0842323
134	0.106908
134	0.0742599
134	0.072395
134	0.0704811
134	0.0260309
134	0.0953063
134	0.155841
134	0.0849661
134	0.1002
134	0.153448
134	0.0781958
134	0.141572
134	0.0892511
134	0.113992
134	0.0676597
134	0.104034
134	0.1311
134	0.125984
134	0.123696
134	0.144688
134	0.0782218
134	0.0726509
134	0.0402493
134	0.123582
134	0.121473
134	0.138391
134	0.0792424
134	0.14294
134	0.0969244
134	0.145949
134	0.119941
134	0.0928139
134	0.133781
134	0.119003
134	0.182849
134	0.161563
134	0.117606
134	0.105888
134	0.159306
134	0.164486
134	0.119785
134	0.196908
134	0.140416
134	0.172374
134	0.139953
134	0.14095
134	0.115998
134	0.0729412
134	0.138837
134	0.0770707
134	0.132967
134	0.105041
134	0.0933914
134	0.102376
134	0.112893
134	0.0983865
134	0.0938485
134	0.121104
134	0.109648
134	0.0737152
134	0.109275
134	0.18583
134	0.0795203
134	0.143536
134	0.116489
134	0.0903318
134	0.0864514
134	0.150811
134	0.117684
134	0.184277
134	0.0521011
134	0.139451
134	0.144181
134	0.114811
134	0.0651186
134	0.090795
134	0.0503425
134	0.147418
134	0.14026
134	0.0826266
134	0.112185
134	0.156696
134	0.0976882
134	0.117493
134	0.127075
134	0.0366853
134	0.0874504
137	0.120318
137	0.0729866
137	0.165882
137	0.0823547
137	0.0937415
137	0.100517
137	0.09996
137	0.138653
137	0.123258
137	0.122598
137	0.150726
137	0.083621
137	0.114014
137	0.0944215
137	0.122894
137	0.104376
137	0.108518
137	0.112322
137	0.0968466
137	0.132957
137	0.122538
137	0.0959279
137	0.114101
137	0.129453
137	0.144835
137	0.0611016
137	0.171495
137	0.093834
137	0.11427
137	0.107591
137	0.110631
137	0.0801092
137	0.0669479
137	0.0926969
137	0.0770298
137	0.189666
137	0.107549
137	0.0967561
137	0.115307
137	0.169425
137	0.0416753
137	0.100054
137	0.129859
137	0.118945
137	0.06637
137	0.102296
137	0.0644244
137	0.0686709
137	0.0944571
137	0.163643
137	0.123495
137	0.109411
137	0.113823
137	0.0953897
137	0.109166
137	0.0560161
137	0.144692
137	0.0942928
137	0.0581416
137	0.124465
137	0.0928618
137	0.101047
137	0.118996
137	0.12704
137	0.115489
137	0.145847
137	0.148037
137	0.0812863
137	0.0996663
137	0.108764
137	0.012164
137	0.124644
137	0.057965
137	0.0941879
137	0.103398
137	0.188837
137	0.0980913
137	0.159107
137	0.127717
137	0.158095
137	0.136172
137	0.130661
137	0.188635
137	0.105558
137	0.086342
137	0.0569892
137	0.155316
137	0.108854
137	0.0675996
137	0.106288
137	0.103299
137	0.0708035
137	0.126944
137	0.141224
137	0.163229
137	0.12498
137	0.111838
137	0.0817833
137	0.127
137	0.0656888
140	0.153563
140	0.125549
140	0.106429
140	0.125439
140	0.124257
140	0.139401
140	0.0776745
140	0.0643767
140	0.134192
140	0.105801
140	0.117699
140	0.155937
140	0.104358
140	0.152714
140	0.0552061
140	0.127979
140	0.0691565
140	0.134697
140	0.109087
140	0.0713767
140	0.108542
140	0.100433
140	0.122373
140	0.0880828
140	0.0880318
140	0.12312
140	0.103169
140	0.145474
140	0.125438
140	0.153044
140	0.0188933
140	0.15688
140	0.142208
140	0.107207
140	0.136698
140	0.0559436
140	0.101404
140	0.098002
140	0.134623
140	0.0889146
140	0.0777223
140	0.116393
140	0.172951
140	0.0687929
140	0.186018
140	0.119134
140	0.178358
140	0.100615
140	0.117485
140	0.0944401
140	0.0868781
140	0.124152
140	0.126249
140	0.125718
140	0.117949
140	0.0390271
140	0.162409
140	0.0929217
140	0.127053
140	0.122812
140	0.0792144
140	0.160107
140	0.0998431
140	0.0596904
140	0.0453418
140	0.135362
140	0.161045
140	0.0859964
140	0.0955745
140	0.0394431
140	0.156258
140	0.228934
140	0.0704082
140	0.139231
140	0.105257
140	0.0672155
140	0.0953833
140	0.100653
140	0.0688269
140	0.117591
140	0.11013
140	0.1262
140	0.109146
140	0.0627608
140	0.132163
140	0.0987997
140	0.0952155
140	0.0718987
140	0.060504
140	0.124861
140	0.104807
140	0.0536284
140	0.0827775
140	0.105874
140	0.0774987
140	0.0997568
140	0.0961811
140	0.135682
140	0.109008
140	0.112155
143	0.125977
143	0.0817958
143	0.0746536
143	0.0976908
143	0.106048
143	0.165768
143	0.137838
143	0.145074
143	0.106289
143	0.0940605
143	0.0948022
143	0.137546
143	0.0964822
143	0.121211
143	0.171063
143	0.127017
143	0.129069
143	0.11854
143	0.138108
143	0.120992
143	0.158417
143	0.117925
143	0.141864
143	0.12717
143	0.129387
143	0.13527
143	0.125425
143	0.0679966
143	0.0834895
143	0.0826588
143	0.119306
143	0.135588
143	0.0865435
143	0.167341
143	0.215728
143	0.150663
143	0.0942399
143	0.149807
143	0.101671
143	0.122215
143	0.123521
143	0.113739
143	0.137517
143	0.0822959
143	0.0786279
143	0.0955084
143	0.119831
143	0.144995
143	0.102278
143	0.126127
143	0.161309
143	0.136035
143	0.0802322
143	0.0317483
143	0.0864386
143	0.0995171
143	0.143881
143	0.065242
143	0.109401
143	0.1039
143	0.0711703
143	0.158878
143	0.128105
143	0.0335663
143	0.0840892
143	0.210856
143	0.0680058
143	0.134983
143	0.104687
143	0.106279
143	0.0899823
143	0.0941234
143	0.0931495
143	0.124872
143	0.0542238
143	0.078462
143	0.090964
143	0.062852
143	0.160023
143	0.0869094
143	0.0713515
143	0.11997
143	0.0951134
143	0.078327
143	0.10851
143	0.0755906
143	0.0898551
143	0.0612202
143	0.105289
143	0.103368
143	0.126944
143	0.157949
143	0.131172
143	0.118999
143	0.0936442
143	0.139048
143	0.136243
143	0.114704
143	0.124026
143	0.0931888
146	0.164974
146	0.08245
146	0.0850362
146	0.140702
146	0.036413
146	0.132969
146	0.108842
146	0.0984327
146	0.0532983
146	0.0922595
146	0.0979774
146	0.0862174
146	0.127493
146	0.0681018
146	0.0590892
146	0.104802
146	0.157375
146	0.129474
146	0.137429
146	0.0862611
146	0.171418
146	0.136533
146	0.116722
146	0.19366
146	0.0959358
146	0.114367
146	0.0903083
146	0.0842772
146	0.125823
146	0.139523
146	0.111514
146	0.0864078
146	0.130848
146	0.124047
146	0.0356872
146	0.0954243
146	0.173498
146	0.02357
146	0.0767212
146	0.124227
146	0.132391
146	0.16142
146	0.175434
146	0.158857
146	0.0666663
146	0.151822
146	0.0712018
146	0.153787
146	0.0895942
146	0.158776
146	0.0485283
146	0.105882
146	0.0641664
146	0.136538
146	0.142924
146	0.108257
146	0.0682267
146	0.139462
146	0.104786
146	0.0831278
146	0.14122
146	0.182967
146	0.0818962
146	0.070786
146	0.110145
146	0.157101
146	0.0812721
146	0.134874
146	0.0882613
146	0.0885189
146	0.139362
146	0.127077
146	0.134853
146	0.204111
146	0.0808887
146	0.110588
146	0.156581
146	0.119364
146	0.115597
146	0.113791
146	0.124429
146	0.114112
146	0.0564446
146	0.0711391
146	0.0716098
146	0.118039
146	0.111159
146	0.0946636
146	0.134219
146	0.0996471
146	0.109373
146	0.128526
146	0.107146
146	0.157739
146	0.0730148
146	0.162717
146	0.131944
146	0.138511
146	0.108703
146	0.119332
149	0.077764
149	0.120103
149	0.110929
149	0.108984
149	0.0800156
149	0.14066
149	0.143519
149	0.0750566
149	0.10827
149	0.110749
149	0.217316
149	0.118319
149	0.0685886
149	0.179163
149	0.0885973
149	0.0831854
149	0.0329148
149	0.0910595
149	0.111392
149	0.0520815
149	0.121171
149	0.127252
149	0.103517
149	0.116826
149	0.116352
149	0.0961123
149	0.138499
149	0.0410136
149	0.0837556
149	0.129055
149	0.143298
149	0.114865
149	0.137218
149	0.132751
149	0.0953271
149	0.100436
149	0.118303
149	0.114514
149	0.132662
149	0.086533
149	0.193914
149	0.096007
149	0.111317
149	0.125201
149	0.133021
149	0.0875719
149	0.106272
149	0.07944
149	0.135584
149	0.0930288
149	0.0862132
149	0.10952
149	0.112128
149	0.0758251
149	0.130786
149	0.0970125
149	0.134516
149	0.0991052
149	0.0454271
149	0.196429
149	0.0456014
149	0.112439
149	0.10711
149	0.0469433
149	0.10162
149	0.11375
149	0.127936
149	0.114376
149	0.168793
149	0.0741064
149	0.111137
149	0.0921115
149	0.147383
149	0.139381
149	0.0951772
149	0.11567
149	0.0416033
149	0.113888
149	0.0681397
149	0.0847941
149	0.102812
149	0.113255
149	0.13899
149	0.122111
149	0.0729668
149	0.140565
149	0.112176
149	0.084791
149	0.0715202
149	0.118566
149	0.0845716
149	0.0820489
149	0.0869618
149	0.130036
149	0.0913829
149	0.177841
149	0.163243
149	0.10668
149	0.0747772
149	0.108751
152	0.0847347
152	0.0658054
152	0.110977
152	0.170354
152	0.0768169
152	0.104706
152	0.139219
152	0.126688
152	0.0699687
152	0.160406
152	0.119252
152	0.114426
152	0.094191
152	0.148234
152	0.124407
152	0.0761019
152	0.0993869
152	0.078836
152	0.084797
152	0.12863
152	0.130101
152	0.0496903
152	0.0946811
152	0.0976699
152	0.0911133
152	0.200703
152	0.109031
152	0.111435
152	0.067714
152	0.065716
152	0.0884488
152	0.142979
152	0.0688708
152	0.0984763
152	0.0785442
152	0.157832
152	0.122831
152	0.0885592
152	0.132892
152	0.0436795
152	0.130514
152	0.0626285
152	0.0760043
152	0.106815
152	0.119486
152	0.130179
152	0.132093
152	0.113794
152	0.122514
152	0.105596
152	0.151065
152	0.0734083
152	0.110411
152	0.109597
152	0.0700856
152	0.0969882
152	0.196269
152	0.143547
152	0.115536
152	0.0487254
152	0.130793
152	0.0932182
152	0.142234
152	0.147484
152	0.179971
152	0.101991
152	0.0500766
152	0.148407
152	0.104602
152	0.120457
152	0.0730433
152	0.113103
152	0.0613567
152	0.103054
152	0.0991565
152	0.0718454
152	0.0524517
152	0.0509356
152	0.0813123
152	0.117366
152	0.120678
152	0.12191
152	0.0920324
152	0.0811825
152	0.0452499
152	0.0855173
152	0.126243
152	0.158794
152	0.105883
152	0.096098
152	0.145483
152	0.0516766
152	0.199632
152	0.113492
152	0.143352
152	0.156663
152	0.108954
152	0.106092
152	0.136386
152	0.0950784
155	0.0832377
155	0.15521
155	0.108084
155	0.0807119
155	0.0668905
155	0.147202
155	0.131224
155	0.125099
155	0.104177
155	0.130045
155	0.106751
155	0.0615355
155	0.10927
155	0.0321904
155	0.0953725
155	0.0956908
155	0.169417
155	0.0957912
155	0.210997
155	0.12945
155	0.131208
155	0.1342
155	0.0855468
155	0.0707643
155	0.149406
155	0.125609
155	0.0646275
155	0.11372
155	0.145999
155	0.0777762
155	0.0647417
155	0.0802542
155	0.055175
155	0.0586278
155	0.11585
155	0.0994316
155	0.135348
155	0.182644
155	0.112854
155	0.162754
155	0.122816
155	0.127957
155	0.0624163
155	0.0730812
155	0.0998085
155	0.102062
155	0.102907
155	0.162791
155	0.0809865
155	0.0947233
155	0.112925
155	0.111033
155	0.0942079
155	0.11298
155	0.103256
155	0.0867411
155	0.0704644
155	0.0992823
155	0.0646227
155	0.12822
155	0.109873
155	0.187381
155	0.118387
155	0.115179
155	0.078508
155	0.111629
155	0.0832501
155	0.0614813
155	0.202568
155	0.0649902
155	0.136041
155	0.0620822
155	0.0967848
155	0.102703
155	0.0491217
155	0.152284
155	0.0655935
155	0.145763
155	0.157941
155	0.110345
155	0.121935
155	0.0783778
155	0.0968046
155	0.110153
155	0.133104
155	0.118611
155	0.150076
155	0.0982466
155	0.156664
155	0.144779
155	0.0889148
155	0.110008
155	0.0759677
155	0.0923884
155	0.0744408
155	0.065585
155	0.114306
155	0.0806357
155	0.0739917
155	0.109401
158	0.110508
158	0.0859532
158	0.0805958
158	0.0929602
158	0.107113
158	0.077965
158	0.13006
158	0.0693604
158	0.0484067
158	0.103554
158	0.114528
158	0.120979
158	0.142568
158	0.126552
158	0.139497
158	0.0972245
158	0.138606
158	0.0901946
158	0.0678984
158	0.0947537
158	0.104001
158	0.154243
158	0.179651
158	0.101426
158	0.0805549
158	0.0877488
158	0.151715
158	0.154353
158	0.116007
158	0.139326
158	0.0740057
158	0.0796807
158	0.115141
158	0.104504
158	0.0432343
158	0.0648179
158	0.123891
158	0.129988
158	0.115501
158	0.17177
158	0.114451
158	0.0726769
158	0.100031
158	0.103512
158	0.128193
158	0.0852017
158	0.183311
158	0.110874
158	0.126633
158	0.105092
158	0.055808
158	0.0589907
158	0.0658841
158	0.0913482
158	0.149574
158	0.153764
158	0.101756
158	0.127103
158	0.112317
158	0.121388
158	0.0422249
158	0.100128
158	0.123866
158	0.0760421
158	0.154421
158	0.0906312
158	0.104185
158	0.109283
158	0.117028
158	0.0875043
158	0.0925538
158	0.105447
158	0.118692
158	0.14023
158	0.0387613
158	0.150915
158	0.175342
158	0.111428
158	0.165496
158	0.124387
158	0.0921608
158	0.119452
158	0.14109
158	0.151262
158	0.104528
158	0.111637
158	0.0881202
158	0.146758
158	0.129801
158	0.123511
158	0.0646204
158	0.0395096
158	0.108831
158	0.143559
158	0.123438
158	0.10771
158	0.158562
158	0.0866892
158	0.140997
158	0.113841
161	0.0681197
161	0.109732
161	0.0885569
161	0.121707
161	0.126673
161	0.105541
161	0.116805
161	0.135858
161	0.0523277
161	0.101592
161	0.110303
161	0.177829
161	0.175126
161	0.0625827
161	0.0643561
161	0.112353
161	0.156682
161	0.144382
161	0.103001
161	0.135934
161	0.10627
161	0.164443
161	0.0801414
161	0.101631
161	0.127732
161	0.143778
161	0.103887
161	0.130499
161	0.113951
161	0.152839
161	0.0783936
161	0.0938846
161	0.107779
161	0.070055
161	0.0532266
161	0.169068
161	0.102767
161	0.156981
161	0.104434
161	0.0574232
161	0.108471
161	0.0682893
161	0.164425
161	0.109979
161	0.0765252
161	0.152778
161	0.107571
161	0.154984
161	0.0855409
161	0.106599
161	0.136718
161	0.132959
161	0.0636084
161	0.154002
161	0.0804281
161	0.119896
161	0.111353
161	0.147558
161	0.113222
161	0.140419
161	0.114483
161	0.093032
161	0.144814
161	0.0749168
161	0.147015
161	0.0645084
161	0.1705
161	0.15089
161	0.089029
161	0.0998688
161	0.0790103
161	0.122662
161	0.0449218
161	0.124274
161	0.166136
161	0.124166
161	0.173843
161	0.121715
161	0.0699416
161	0.145354
161	0.0478301
161	0.15654
161	0.0645489
161	0.152373
161	0.112674
161	0.137644
161	0.0615697
161	0.101652
161	0.121313
161	0.134534
161	0.00904933
161	0.0802742
161	0.0438585
161	0.189435
161	0.113619
161	0.13958
161	0.145576
161	0.086764
161	0.172209
161	0.0886351
164	0.110416
164	0.0539788
164	0.164531
164	0.100379
164	0.0663011
164	0.0421938
164	0.1268
164	0.089476
164	0.103525
164	0.163631
164	0.126783
164	0.0892935
164	0.154722
164	0.113627
164	0.105961
164	0.0670316
164	0.108408
164	0.0478232
164	0.185263
164	0.105539
164	0.0862234
164	0.0834113
164	0.131205
164	0.139914
164	0.160206
164	0.0441998
164	0.0794349
164	0.0393059
164	0.108834
164	0.0691394
164	0.163719
164	0.111251
164	0.0656574
164	0.112376
164	0.125521
164	0.138885
164	0.127018
164	0.166523
164	0.1131
164	0.131539
164	0.0693112
164	0.138631
164	0.105407
164	0.0815492
164	0.119302
164	0.0904241
164	0.104302
164	0.139317
164	0.0854916
164	0.139231
164	0.103145
164	0.0694699
164	0.0892978
164	0.181169
164	0.128259
164	0.0682778
164	0.130996
164	0.113499
164	0.126827
164	0.149331
164	0.0672272
164	0.0847908
164	0.0620648
164	0.0729731
164	0.0689133
164	0.0546255
164	0.145484
164	0.112627
164	0.0575072
164	0.15479
164	0.0921492
164	0.0875537
164	0.10558
164	0.139995
164	0.137095
164	0.132565
164	0.106553
164	0.124553
164	0.178584
164	0.0965626
164	0.100479
164	0.0785462
164	0.0924621
164	0.0973368
164	0.166001
164	0.0813411
164	0.0659022
164	0.0922033
164	0.0849851
164	0.16988
164	0.144509
164	0.108722
164	0.0720909
164	0.093709
164	0.0703221
164	0.0947651
164	0.105702
164	0.14705
164	0.0403951
164	0.137345
167	0.0721617
167	0.0599177
167	0.0968666
167	0.0642799
167	0.0854382
167	0.184684
167	0.126306
167	0.123845
167	0.117465
167	0.0994705
167	0.0623733
167	0.0661036
167	0.138368
167	0.0917483
167	0.0821838
167	0.0837927
167	0.153441
167	0.0737993
167	0.104261
167	0.0470957
167	0.125986
167	0.106776
167	0.136219
167	0.149509
167	0.115589
167	0.15213
167	0.115209
167	0.10231
167	0.131472
167	0.0513579
167	0.0821444
167	0.145407
167	0.0831979
167	0.0581989
167	0.136206
167	0.0846566
167	0.0917517
167	0.143183
167	0.140813
167	0.107574
167	0.151723
167	0.107047
167	0.109583
167	0.123065
167	0.10699
167	0.198037
167	0.117083
167	0.152956
167	0.125989
167	0.103774
167	0.109479
167	0.102907
167	0.0505799
167	0.118513
167	0.127137
167	0.0626639
167	0.106103
167	0.125245
167	0.0553215
167	0.18021
167	0.164961
167	0.111557
167	0.0660928
167	0.0679671
167	0.167129
167	0.115617
167	0.0992521
167	0.170352
167	0.138037
167	0.168289
167	0.0702508
167	0.0788156
167	0.147723
167	0.120977
167	0.128364
167	0.0917074
167	0.0729816
167	0.0545086
167	0.110817
167	0.113369
167	0.100203
167	0.184676
167	0.077798
167	0.140675
167	0.137962
167	0.119854
167	0.153071
167	0.0587666
167	0.0515552
167	0.0750996
167	0.124312
167	0.0863692
167	0.147177
167	0.124473
167	0.0579911
167	0.100508
167	0.112252
167	0.0496204
167	0.0484258
167	0.133641
170	0.116354
170	0.112914
170	0.049365
170	0.109871
170	0.0579471
170	0.13766
170	0.167472
170	0.139737
170	0.14292
170	0.186409
170	0.123097
170	0.134339
170	0.085567
170	0.0926454
170	0.077944
170	0.0263076
170	0.112898
170	0.0591827
170	0.113784
170	0.0996289
170	0.115407
170	0.150652
170	0.0968539
170	0.0435824
170	0.056057
170	0.0946141
170	0.133806
170	0.0743993
170	0.069351
170	0.0854646
170	0.175057
170	0.141655
170	0.108842
170	0.147497
170	0.136002
170	0.102982
170	0.131531
170	0.087695
170	0.114749
170	0.127478
170	0.173496
170	0.190733
170	0.0645527
170	0.0461844
170	0.136136
170	0.115303
170	0.102691
170	0.0918094
170	0.0823081
170	0.0459356
170	0.141848
170	0.134525
170	0.0673601
170	0.0455285
170	0.113283
170	0.0838647
170	0.104943
170	0.0484168
170	0.0642399
170	0.117667
170	0.0932823
170	0.0509943
170	0.0950337
170	0.0834681
170	0.109666
170	0.0973021
170	0.171849
170	0.104054
170	0.160483
170	0.144312
170	0.132096
170	0.170106
170	0.114833
170	0.109955
170	0.0796273
170	0.112593
170	0.114804
170	0.105766
170	0.0897795
170	0.112356
170	0.100545
170	0.0997308
170	0.145336
170	0.0884006
170	0.0723602
170	0.104116
170	0.0779341
170	0.142458
170	0.134821
170	0.0834484
170	0.0647742
170	0.0418487
170	0.125451
170	0.0736042
170	0.0955611
170	0.119466
170	0.12564
170	0.0817393
170	0.0737401
170	0.0752554
173	0.14903
173	0.0298567
173	0.069397
173	0.164971
173	0.133817
173	0.155965
173	0.14233
173	0.195076
173	0.105854
173	0.0646954
173	0.0534102
173	0.13111
173	0.130563
173	0.142646
173	0.0962786
173	0.0883777
173	0.145345
173	0.0988808
173	0.0868281
173	0.120563
173	0.0708713
173	0.0821627
173	0.0890787
173	0.117277
173	0.163333
173	0.159391
173	0.16015
173	0.16025
173	0.13945
173	0.128653
173	0.0703256
173	0.0958327
173	0.158056
173	0.0413322
173	0.0771469
173	0.0625366
173	0.0705541
173	0.0787418
173	0.123714
173	0.086195
173	0.06477
173	0.146749
173	0.0568584
173	0.100318
173	0.0788175
173	0.107853
173	0.0899908
173	0.0864194
173	0.129419
173	0.132549
173	0.109508
173	0.127206
173	0.1455
173	0.113279
173	0.147536
173	0.10535
173	0.0609817
173	0.144931
173	0.0647387
173	0.112659
173	0.0845282
173	0.0891782
173	0.0394354
173	0.0829649
173	0.157909
173	0.115994
173	0.149445
173	0.106692
173	0.0789308
173	0.157375
173	0.0953658
173	0.126128
173	0.0693025
173	0.0932766
173	0.0812197
173	0.104049
173	0.134588
173	0.118465
173	0.0676961
173	0.13898
173	0.126896
173	0.0677755
173	0.139045
173	0.0986707
173	0.0814639
173	0.132184
173	0.056913
173	0.121329
173	0.093553
173	0.0983827
173	0.136247
173	0.0945713
173	0.0807437
173	0.143504
173	0.124924
173	0.143609
173	0.127785
173	0.0799315
173	0.0955485
173	0.0966257
176	0.142665
176	0.109833
176	0.0982595
176	0.101857
176	0.12578
176	0.127909
176	0.0626396
176	0.135113
176	0.134341
176	0.118098
176	0.0668367
176	0.193542
176	0.137085
176	0.0586653
176	0.0474968
176	0.127181
176	0.114094
176	0.125693
176	0.10742
176	0.133181
176	0.0902632
176	0.15103
176	0.0833946
176	0.161434
176	0.0993513
176	0.0764271
176	0.0808397
176	0.0733381
176	0.162992
176	0.151071
176	0.106467
176	0.125877
176	0.0997437
176	0.109435
176	0.0970335
176	0.175666
176	0.103763
176	0.100746
176	0.142465
176	0.0968261
176	0.0913785
176	0.144711
176	0.110423
176	0.116365
176	0.0996517
176	0.0815712
176	0.110754
176	0.0676137
176	0.0948435
176	0.0992424
176	0.078894
176	0.0895982
176	0.0949463
176	0.16962
176	0.0778161
176	0.153813
176	0.0764932
176	0.0935016
176	0.105908
176	0.0632037
176	0.0630645
176	0.0949253
176	0.106894
176	0.0439255
176	0.120601
176	0.147661
176	0.0934044
176	0.137092
176	0.124099
176	0.135955
176	0.142034
176	0.0589311
176	0.103971
176	0.0654022
176	0.0832258
176	0.117263
176	0.112305
176	0.0895516
176	0.0829521
176	0.154797
176	0.0281136
176	0.131318
176	0.0970108
176	0.0437109
176	0.0544303
176	0.108357
176	0.106221
176	0.151694
176	0.0868302
176	0.114681
176	0.143357
176	0.0978339
176	0.0943255
176	0.060619
176	0.0961357
176	0.0989168
176	0.0904905
176	0.162827
176	0.0889383
176	0.0863424
179	0.1073
179	0.096946
179	0.105017
179	0.055274
179	0.105317
179	0.0319986
179	0.0842022
179	0.108893
179	0.0889183
179	0.0713362
179	0.0874777
179	0.0972233
179	0.134632
179	0.09275
179	0.155638
179	0.0345812
179	0.0804223
179	0.12021
179	0.0907127
179	0.150043
179	0.0864113
179	0.0363025
179	0.108469
179	0.108419
179	0.146437
179	0.100881
179	0.0876168
179	0.11913
179	0.0863968
179	0.0589678
179	0.0766817
179	0.0905574
179	0.0749382
179	0.0771722
179	0.074749
179	0.0601456
179	0.1323
179	0.107191
179	0.0956209
179	0.183664
179	0.122715
179	0.0498895
179	0.156597
179	0.0689284
179	0.0813865
179	0.133837
179	0.106484
179	0.137708
179	0.17737
179	0.049446
179	0.10131
179	0.0589726
179	0.0986352
179	0.0995822
179	0.105792
179	0.110126
179	0.140706
179	0.0524989
179	0.155194
179	0.0861528
179	0.0785987
179	0.0233389
179	0.131225
179	0.0668661
179	0.0993696
179	0.0690318
179	0.155756
179	0.106305
179	0.121769
179	0.0764534
179	0.155016
179	0.0736294
179	0.0901946
179	0.123746
179	0.0858078
179	0.103122
179	0.0762885
179	0.077214
179	0.0790259
179	0.165653
179	0.078054
179	0.0374925
179	0.101525
179	0.079172
179	0.111579
179	0.168772
179	0.0567182
179	0.0979409
179	0.115506
179	0.0970557
179	0.0893897
179	0.0808776
179	0.0777803
179	0.120969
179	0.0682746
179	0.0362939
179	0.122371
179	0.0973356
179	0.116592
179	0.167637
182	0.10484
182	0.10605
182	0.146546
182	0.111608
182	0.149927
182	0.104149
182	0.105684
182	0.0621398
182	0.0522949
182	0.124995
182	0.0973538
182	0.18374
182	0.0811419
182	0.116015
182	0.185581
182	0.116436
182	0.118891
182	0.093489
182	0.0951395
182	0.0999655
182	0.0911535
182	0.165876
182	0.112867
182	0.11457
182	0.11944
182	0.0979598
182	0.0360087
182	0.0983133
182	0.172861
182	0.0626974
182	0.164109
182	0.0922099
182	0.195157
182	0.0630524
182	0.123186
182	0.113427
182	0.140035
182	0.072748
182	0.0892212
182	0.101821
182	0.100304
182	0.122839
182	0.0469579
182	0.0977835
182	0.0564407
182	0.118381
182	0.0992093
182	0.0619157
182	0.0752745
182	0.0725288
182	0.0503903
182	0.118076
182	0.0917855
182	0.106381
182	0.113798
182	0.0932884
182	0.118435
182	0.122022
182	0.0828488
182	0.0822109
182	0.135592
182	0.0941163
182	0.177563
182	0.147163
182	0.0835147
182	0.14047
182	0.0408135
182	0.142888
182	0.091465
182	0.174227
182	0.0857277
182	0.100739
182	0.0557574
182	0.124301
182	0.142319
182	0.0942505
182	0.0593211
182	0.138314
182	0.0933423
182	0.126459
182	0.0412241
182	0.126673
182	0.0966692
182	0.0936218
182	0.0983495
182	0.115152
182	0.116591
182	0.0645556
182	0.106717
182	0.166737
182	0.0906328
182	0.116848
182	0.12541
182	0.132048
182	0.106678
182	0.117363
182	0.175495
182	0.0998605
182	0.0888722
182	0.0622596
185	0.0386588
185	0.0992421
185	0.084172
185	0.0389891
185	0.161572
185	0.104385
185	0.14728
185	0.083596
185	0.0623566
185	0.14957
185	0.0751378
185	0.0869613
185	0.130593
185	0.129119
185	0.149773
185	0.080175
185	0.127046
185	0.0726797
185	0.0649144
185	0.0880791
185	0.116596
185	0.0803054
185	0.136707
185	0.0669008
185	0.119409
185	0.125
185	0.0954994
185	0.0735455
185	0.0957587
185	0.121986
185	0.0668197
185	0.101778
185	0.123227
185	0.106659
185	0.123422
185	0.128455
185	0.0940831
185	0.127471
185	0.0484426
185	0.144881
185	0.1886
185	0.112744
185	0.0598488
185	0.102744
185	0.0898759
185	0.202895
185	0.0804369
185	0.0815834
185	0.113425
185	0.0677724
185	0.0829287
185	0.165709
185	0.139761
185	0.127734
185	0.120776
185	0.0774729
185	0.129405
185	0.0986158
185	0.0724773
185	0.172348
185	0.0919309
185	0.113562
185	0.151372
185	0.0761249
185	0.0846266
185	0.079496
185	0.0584724
185	0.0670622
185	0.110114
185	0.0848734
185	0.0984465
185	0.142884
185	0.0543077
185	0.0972189
185	0.14269
185	0.0790007
185	0.1535
185	0.0770248
185	0.0809243
185	0.118394
185	0.0228943
185	0.148382
185	0.11788
185	0.0787055
185	0.112801
185	0.0836251
185	0.0576123
185	0.0375607
185	0.0900481
185	0.0820562
185	0.0855156
185	0.0895344
185	0.0589651
185	0.139672
185	0.100229
185	0.0806925
185	0.0459127
185	0.0647153
185	0.137654
185	0.119105
188	0.0679315
188	0.0479065
188	0.0648886
188	0.0823613
188	0.0966962
188	0.103115
188	0.105046
188	0.0640221
188	0.0802205
188	0.0805819
188	0.0827082
188	0.128662
188	0.170403
188	0.08382
188	0.0867996
188	0.109472
188	0.111267
188	0.116756
188	0.236381
188	0.100333
188	0.0575459
188	0.0445506
188	0.191015
188	0.0711408
188	0.113949
188	0.0859223
188	0.144324
188	0.106333
188	0.161027
188	0.106347
188	0.0580101
188	0.139326
188	0.0787097
188	0.088336
188	0.0873171
188	0.0552961
188	0.049695
188	0.194271
188	0.0936947
188	0.121496
188	0.1131
188	0.099204
188	0.146194
188	0.138056
188	0.135391
188	0.0436799
188	0.0881869
188	0.154288
188	0.0729419
188	0.19068
188	0.104253
188	0.0527209
188	0.104247
188	0.100119
188	0.1076
188	0.0674425
188	0.111375
188	0.0548358
188	0.0980419
188	0.110728
188	0.139314
188	0.0927337
188	0.0926072
188	0.0611759
188	0.0982528
188	0.10951
188	0.0571292
188	0.142329
188	0.0824095
188	0.104506
188	0.0497986
188	0.124815
188	0.05974
188	0.0831506
188	0.0937126
188	0.141053
188	0.0985933
188	0.0854453
188	0.0961726
188	0.0828032
188	0.134011
188	0.0910827
188	0.114322
188	0.096596
188	0.116212
188	0.135126
188	0.0880196
188	0.0395291
188	0.11964
188	0.098658
188	0.159709
188	0.0918735
188	0.135207
188	0.142975
188	0.0823078
188	0.081044
188	0.0506626
188	0.0792889
188	0.0524115
188	0.107281
191	0.0960483
191	0.164847
191	0.0892183
191	0.124765
191	0.0576929
191	0.103693
191	0.142757
191	0.137268
191	0.0583992
191	0.0801106
191	0.118303
191	0.11657
191	0.11501
191	0.103763
191	0.0475823
191	0.0692365
191	0.0985011
191	0.157453
191	0.0633983
191	0.0588449
191	0.159956
191	0.0494682
191	0.104326
191	0.116649
191	0.031083
191	0.104678
191	0.0578376
191	0.111957
191	0.060613
191	0.159317
191	0.0986035
191	0.0525277
191	0.0509555
191	0.066574
191	0.058582
191	0.0831171
191	0.115174
191	0.127646
191	0.0863781
191	0.110318
191	0.0751051
191	0.0902594
191	0.0483177
191	0.0818525
191	0.103003
191	0.12734
191	0.102527
191	0.0742273
191	0.111266
191	0.0859671
191	0.0893484
191	0.0479508
191	0.0974191
191	0.131647
191	0.154685
191	0.13382
191	0.0808005
191	0.0597167
191	0.0745202
191	0.0535176
191	0.0406945
191	0.186149
191	0.135232
191	0.0507819
191	0.097014
191	0.0427328
191	0.118806
191	0.134166
191	0.0525313
191	0.0188329
191	0.156728
191	0.162009
191	0.0845001
191	0.137404
191	0.0994053
191	0.0815711
191	0.105149
191	0.105144
191	0.0890616
191	0.109274
191	0.100372
191	0.0619795
191	0.11743
191	0.113014
191	0.0711303
191	0.0979505
191	0.142019
191	0.108674
191	0.103069
191	0.219875
191	0.159644
191	0.0656534
191	0.143381
191	0.122609
191	0.0683404
191	0.078638
191	0.131221
191	0.129695
191	0.101022
191	0.103263
194	0.0845537
194	0.116371
194	0.051562
194	0.103213
194	0.0662456
194	0.13945
194	0.162272
194	0.0333717
194	0.0342859
194	0.0447485
194	0.118975
194	0.0593646
194	0.0723258
194	0.133534
194	0.134729
194	0.13691
194	0.141218
194	0.127897
194	0.144725
194	0.0674314
194	0.108736
194	0.147131
194	0.153489
194	0.0986586
194	0.100043
194	0.0831518
194	0.0524122
194	0.145689
194	0.0925257
194	0.124257
194	0.0973794
194	0.0439228
194	0.162492
194	0.0943914
194	0.0961008
194	0.069834
194	0.0886871
194	0.137673
194	0.0843199
194	0.0837973
194	0.153208
194	0.0823834
194	0.102917
194	0.121109
194	0.0788545
194	0.131029
194	0.0622742
194	0.0715289
194	0.0962786
194	0.0756963
194	0.0746841
194	0.127318
194	0.121403
194	0.0394312
194	0.132696
194	0.0244036
194	0.0974102
194	0.0940528
194	0.136226
194	0.0496554
194	0.12224
194	0.0282862
194	0.115893
194	0.0776459
194	0.0990521
194	0.0809074
194	0.148813
194	0.0845242
194	0.123824
194	0.239368
194	0.128048
194	0.121104
194	0.0876991
194	0.130133
194	0.113366
194	0.0957205
194	0.035864
194	0.155535
194	0.183348
194	0.106606
194	0.0850133
194	0.0674793
194	0.110411
194	0.117733
194	0.141565
194	0.0773625
194	0.141216
194	0.0846217
194	0.0825622
194	0.092447
194	0.0523459
194	0.172904
194	0.0782952
194	0.124486
194	0.0772361
194	0.116801
194	0.133934
194	0.0414959
194	0.0969547
194	0.140868
197	0.118871
197	0.0910498
197	0.122328
197	0.0653198
197	0.0918544
197	0.104022
197	0.144767
197	0.128742
197	0.075514
197	0.0889349
197	0.103516
197	0.128298
197	0.115283
197	0.102524
197	0.0875729
197	0.131101
197	0.102758
197	0.0431808
197	0.0839159
197	0.0986663
197	0.102594
197	0.0847991
197	0.0448267
197	0.107564
197	0.103184
197	0.106855
197	0.0837709
197	0.110964
197	0.100346
197	0.0626268
197	0.0688923
197	0.113848
197	0.140078
197	0.108902
197	0.135906
197	0.143639
197	0.175722
197	0.0986994
197	0.177212
197	0.065849
197	0.16706
197	0.107883
197	0.0745763
197	0.0702294
197	0.138945
197	0.170571
197	0.187407
197	0.0648937
197	0.0582327
197	0.0797033
197	0.0491234
197	0.0687349
197	0.0686245
197	0.124541
197	0.0503062
197	0.110602
197	0.100802
197	0.119643
197	0.0938986
197	0.0780771
197	0.0778265
197	0.0308911
197	0.0742569
197	0.124718
197	0.0305319
197	0.0998881
197	0.120624
197	0.127177
197	0.130627
197	0.0921932
197	0.0816233
197	0.115468
197	0.0905736
197	0.151186
197	0.101976
197	0.136357
197	0.0513483
197	0.0576941
197	0.0802024
197	0.115105
197	0.136462
197	0.100513
197	0.121807
197	0.108144
197	0.0653358
197	0.0792377
197	0.0970739
197	0.117309
197	0.123229
197	0.0638371
197	0.0610275
197	0.112429
197	0.0789666
197	0.0854852
197	0.100795
197	0.0919625
197	0.10434
197	0.0959979
197	0.172164
197	0.0556083
200	0.0837345
200	0.0855699
200	0.120315
200	0.088123
200	0.0682099
200	0.107195
200	0.0941177
200	0.10044
200	0.0937642
200	0.111856
200	0.134107
200	0.129994
200	0.113385
200	0.0620194
200	0.0514849
200	0.163682
200	0.104652
200	0.118371
200	0.0880583
200	0.0852023
200	0.0479873
200	0.165791
200	0.0791504
200	0.0807341
200	0.0855457
200	0.11512
200	0.0965527
200	0.121111
200	0.135047
200	0.13813
200	0.0725718
200	0.0664142
200	0.0804155
200	0.0967868
200	0.104174
200	0.157913
200	0.0769339
200	0.0995656
200	0.115996
200	0.144079
200	0.118862
200	0.0500362
200	0.134876
200	0.0981327
200	0.0787169
200	0.16928
200	0.113156
200	0.144268
200	0.0709982
200	0.10567
200	0.0781727
200	0.142385
200	0.0531486
200	0.0842173
200	0.0710228
200	0.0789503
200	0.114083
200	0.102359
200	0.0768972
200	0.124521
200	0.0532764
200	0.0932933
200	0.106045
200	0.0903594
200	0.09501
200	0.105925
200	0.0959453
200	0.117498
200	0.0838208
200	0.125434
200	0.11511
200	0.0744454
200	0.132257
200	0.112382
200	0.133258
200	0.112798
200	0.124522
200	0.185374
200	0.0870313
200	0.0924537
200	0.189617
200	0.0627273
200	0.110615
200	0.122513
200	0.0981365
200	0.106907
200	0.121763
200	0.0756121
200	0.069499
200	0.0594685
200	0.0877336
200	0.0791253
200	0.195098
200	0.0620933
200	0.1482
200	0.0961137
200	0.15871
200	0.145837
200	0.0494029
200	0.0690315
