0	3	4	0.14
0	2	5	0.22
0	1	6	0.38
0	0	6	0.3
0	3	4	0.22
0	2	5	0.2
0	1	8	0.41
0	0	9	0.45
0	3	4	0.25
0	2	5	0.28
0	1	6	0.3
0	0	8	0.35
0	3	6	0.21
0	2	4	0.26
0	1	5	0.45
0	0	5	0.45
0	3	5	0.14
0	2	4	0.23
0	1	8	0.32
0	0	7	0.48
0	3	4	0.18
0	2	5	0.33
0	1	6	0.4
0	0	8	0.21
0	3	5	0.24
0	2	4	0.2
0	1	6	0.33
0	0	8	0.47
0	3	4	0.21
0	2	5	0.2
0	1	8	0.38
0	0	4	0.33
0	3	4	0.2
0	2	6	0.24
0	1	5	0.37
0	0	7	0.4
0	3	4	0.22
0	2	5	0.15
0	1	8	0.21
0	0	7	0.33
0	3	5	0.23
0	2	4	0.25
0	1	8	0.46
0	0	7	0.34
0	3	5	0.28
0	2	4	0.2
0	1	6	0.34
0	0	7	0.44
0	3	4	0.2
0	2	7	0.29
0	1	4	0.32
0	0	6	0.29
0	3	5	0.2
0	2	4	0.11
0	1	8	0.37
0	0	7	0.3
0	3	4	0.2
0	2	5	0.12
0	1	7	0.2
0	0	9	0.29
0	3	6	0.18
0	2	4	0.15
0	1	5	0.28
0	0	10	0.32
0	3	5	0.3
0	2	4	0.19
0	1	8	0.35
0	0	9	0.36
0	3	8	0.24
0	2	4	0.31
0	1	7	0.33
0	0	6	0.34
0	3	6	0.25
0	2	4	0.17
0	1	10	0.33
0	0	9	0.31
0	3	6	0.34
0	2	4	0.22
0	1	5	0.31
0	0	5	0.32
0	3	4	0.21
0	2	6	0.31
0	1	9	0.4
0	0	5	0.26
0	3	5	0.22
0	2	4	0.17
0	1	9	0.26
0	0	8	0.25
0	3	4	0.32
0	2	4	0.34
0	1	5	0.41
0	0	7	0.34
0	3	5	0.16
0	2	4	0.15
0	1	9	0.41
0	0	7	0.28
0	3	4	0.2
0	2	5	0.25
0	1	6	0.38
0	0	6	0.39
0	3	4	0.23
0	2	5	0.23
0	1	10	0.29
0	0	6	0.63
0	3	5	0.27
0	2	4	0.2
0	1	6	0.35
0	0	7	0.39
0	3	6	0.27
0	2	5	0.16
0	1	4	0.26
0	0	9	0.35
0	3	7	0.12
0	2	4	0.09
0	1	8	0.22
0	0	5	0.28
0	3	4	0.16
0	2	5	0.22
0	1	7	0.27
0	0	6	0.25
0	3	4	0.16
0	2	5	0.28
0	1	6	0.32
0	0	10	0.45
0	3	4	0.19
0	2	5	0.24
0	1	7	0.38
0	0	8	0.27
0	3	5	0.28
0	2	4	0.15
0	1	7	0.38
0	0	8	0.42
0	3	6	0.2
0	2	4	0.23
0	1	8	0.29
0	0	7	0.37
0	3	6	0.21
0	2	5	0.21
0	1	8	0.37
0	0	4	0.24
0	3	6	0.19
0	2	5	0.17
0	1	8	0.31
0	0	11	0.44
0	3	6	0.65
0	2	4	0.17
0	1	8	0.26
0	0	5	0.79
0	3	5	0.19
0	2	4	0.23
0	1	6	0.43
0	0	7	0.29
0	3	7	0.36
0	2	5	0.24
0	1	4	0.37
0	0	6	0.39
0	3	4	0.21
0	2	5	0.35
0	1	6	0.37
0	0	8	0.29
0	3	5	0.27
0	2	4	0.28
0	1	7	0.44
0	0	8	0.31
0	3	6	0.22
0	2	5	0.18
0	1	9	0.42
0	0	8	0.36
0	3	6	0.3
0	2	4	0.18
0	1	8	0.44
0	0	5	0.33
0	3	4	0.15
0	2	5	0.29
0	1	6	0.35
0	0	7	0.36
0	3	6	0.21
0	2	5	0.25
0	1	8	0.3
0	0	9	0.36
0	3	4	0.17
0	2	5	0.31
0	1	7	0.36
0	0	6	0.29
0	3	5	0.16
0	2	6	0.27
0	1	7	0.41
0	0	4	0.3
0	3	4	0.23
0	2	6	0.31
0	1	4	0.25
0	0	5	0.34
0	3	6	0.21
0	2	5	0.35
0	1	7	0.44
0	0	4	0.24
0	3	4	0.26
0	2	6	0.2
0	1	5	0.4
0	0	5	0.37
0	3	5	0.26
0	2	4	0.32
0	1	6	0.37
0	0	4	0.37
0	3	6	0.25
0	2	4	0.19
0	1	5	0.28
0	0	8	0.35
0	3	5	0.26
0	2	4	0.19
0	1	5	0.54
0	0	8	0.34
0	3	5	0.24
0	2	4	0.22
0	1	8	0.787879
0	0	6	0.4
0	3	5	0.23
0	2	4	0.64
0	1	6	0.23
0	0	7	0.77
0	3	4	0.27
0	2	5	0.31
0	1	9	0.27
0	0	8	0.47
0	3	4	0.22
0	2	6	0.23
0	1	4	0.25
0	0	7	0.28
0	3	6	0.27
0	2	4	0.15
0	1	8	0.35
0	0	7	0.41
0	3	5	0.19
0	2	4	0.26
0	1	6	0.29
0	0	4	0.31
0	3	4	0.22
0	2	6	0.15
0	1	9	0.32
0	0	7	0.22
0	3	4	0.17
0	2	6	0.26
0	1	8	0.47
0	0	5	0.29
0	3	4	0.24
0	2	6	0.25
0	1	9	0.35
0	0	8	0.36
0	3	6	0.24
0	2	5	0.2
0	1	4	0.35
0	0	8	0.39
0	3	6	0.13
0	2	4	0.2
0	1	5	0.29
0	0	7	0.29
0	3	4	0.26
0	2	5	0.24
0	1	6	0.24
0	0	7	0.43
0	3	6	0.31
0	2	4	0.09
0	1	5	0.32
0	0	5	0.32
0	3	4	0.16
0	2	6	0.23
0	1	9	0.32
0	0	8	0.33
0	3	5	0.23
0	2	4	0.18
0	1	8	0.41
0	0	9	0.33
0	3	4	0.19
0	2	5	0.24
0	1	9	0.29
0	0	7	0.28
0	3	6	0.35
0	2	4	0.23
0	1	5	0.24
0	0	7	0.36
0	3	5	0.14
0	2	4	0.19
0	1	8	0.36
0	0	9	0.28
0	3	4	0.23
0	2	5	0.19
0	1	7	0.41
0	0	8	0.42
0	3	5	0.2
0	2	4	0.18
0	1	7	0.33
0	0	10	0.33
0	3	8	0.3
0	2	4	0.19
0	1	9	0.29
0	0	6	0.42
0	3	5	0.33
0	2	4	0.16
0	1	8	0.33
0	0	9	0.28
0	3	5	0.2
0	2	4	0.24
0	1	7	0.35
0	0	9	0.858586
0	3	5	0.24
0	2	4	0.25
0	1	7	0.33
0	0	9	0.3
0	3	5	0.19
0	2	6	0.22
0	1	7	0.32
0	0	4	0.3
0	3	4	0.13
0	2	5	0.14
0	1	6	0.27
0	0	8	0.15
0	3	6	0.27
0	2	4	0.34
0	1	5	0.3
0	0	8	0.38
0	3	4	0.28
0	2	5	0.21
0	1	10	0.32
0	0	9	0.75
0	3	4	0.24
0	2	6	0.18
0	1	8	0.32
0	0	5	0.39
0	3	6	0.23
0	2	5	0.18
0	1	8	0.27
0	0	7	0.29
0	3	7	0.29
0	2	4	0.15
0	1	6	0.35
0	0	5	0.23
0	3	5	0.17
0	2	4	0.12
0	1	7	0.2
0	0	6	0.23
0	3	4	0.25
0	2	5	0.25
0	1	6	0.27
0	0	8	0.4
0	3	5	0.26
0	2	4	0.15
0	1	5	0.31
0	0	8	0.41
0	3	5	0.15
0	2	4	0.28
0	1	4	0.27
0	0	10	0.41
0	3	4	0.3
0	2	5	0.3
0	1	7	0.34
0	0	4	0.21
0	3	4	0.22
0	2	4	0.23
0	1	8	0.4
0	0	7	0.31
0	3	4	0.24
0	2	7	0.25
0	1	10	0.31
0	0	9	0.51
0	3	4	0.25
0	2	6	0.28
0	1	5	0.36
0	0	5	0.24
0	3	5	0.16
0	2	4	0.19
0	1	8	0.36
0	0	6	0.29
0	3	4	0.24
0	2	5	0.28
0	1	5	0.38
0	0	7	0.46
0	3	4	0.22
0	2	5	0.22
0	1	7	0.31
0	0	6	0.27
0	3	5	0.23
0	2	4	0.16
0	1	7	0.3
0	0	9	0.35
0	3	4	0.16
0	2	5	0.22
0	1	8	0.47
0	0	6	0.32
0	3	4	0.13
0	2	5	0.19
0	1	8	0.65
0	0	7	0.8
0	3	4	0.25
0	2	5	0.25
0	1	5	0.3
0	0	6	0.37
0	3	7	0.17
0	2	4	0.15
0	1	5	0.32
0	0	10	0.26
5	3	5	0.28
5	2	4	0.26
5	1	12	0.34
5	0	10	0.72
5	3	7	0.28
5	2	4	0.23
5	1	10	0.67
5	0	5	0.33
5	3	4	0.17
5	2	7	0.23
5	1	6	0.71
5	0	12	0.68
5	3	4	0.2
5	2	6	0.21
5	1	7	0.4
5	0	11	0.44
5	3	6	0.55
5	2	5	0.21
5	1	8	0.7
5	0	11	0.21
5	3	4	0.2
5	2	8	0.28
5	1	5	0.37
5	0	9	0.33
5	3	4	0.2
5	2	4	0.23
5	1	7	0.4
5	0	10	0.3
5	3	5	0.19
5	2	4	0.22
5	1	9	0.5
5	0	6	0.39
5	3	5	0.21
5	2	4	0.22
5	1	7	0.37
5	0	12	0.31
5	3	5	0.19
5	2	4	0.19
5	1	9	0.69
5	0	13	0.62
5	3	4	0.18
5	2	7	0.27
5	1	6	0.8
5	0	10	0.38
5	3	5	0.31
5	2	4	0.31
5	1	11	0.38
5	0	9	0.37
5	3	5	0.63
5	2	4	0.19
5	1	10	0.33
5	0	7	0.71
5	3	4	0.14
5	2	6	0.59
5	1	7	0.32
5	0	5	0.69
5	3	5	0.22
5	2	8	0.44
5	1	12	0.49
5	0	4	0.28
5	3	7	0.17
5	2	4	0.29
5	1	9	0.45
5	0	5	0.34
5	3	4	0.26
5	2	9	0.25
5	1	7	0.43
5	0	6	0.36
5	3	6	0.3
5	2	4	0.18
5	1	11	0.28
5	0	9	0.25
5	3	4	0.16
5	2	5	0.35
5	1	12	0.29
5	0	10	0.37
5	3	7	0.28
5	2	4	0.24
5	1	9	0.32
5	0	5	0.3
5	3	4	0.19
5	2	5	0.34
5	1	7	0.28
5	0	5	0.44
5	3	7	0.29
5	2	6	0.29
5	1	10	0.31
5	0	8	0.31
5	3	5	0.17
5	2	4	0.2
5	1	10	0.29
5	0	7	0.84
5	3	7	0.54
5	2	4	0.14
5	1	5	0.84
5	0	5	0.87
5	3	4	0.22
5	2	5	0.25
5	1	12	0.31
5	0	7	0.57
5	3	4	0.17
5	2	6	0.29
5	1	11	0.44
5	0	5	0.27
5	3	6	0.26
5	2	4	0.22
5	1	5	0.32
5	0	7	0.26
5	3	7	0.33
5	2	6	0.25
5	1	8	0.676768
5	0	4	0.25
5	3	5	0.22
5	2	4	0.81
5	1	7	0.59
5	0	6	0.31
5	3	6	0.34
5	2	4	0.57
5	1	5	0.32
5	0	8	0.33
5	3	7	0.29
5	2	4	0.65
5	1	5	0.34
5	0	5	0.3
5	3	5	0.33
5	2	4	0.16
5	1	12	0.56
5	0	8	0.21
5	3	4	0.26
5	2	5	0.14
5	1	6	0.31
5	0	7	0.29
5	3	5	0.24
5	2	4	0.25
5	1	11	0.33
5	0	9	0.41
5	3	6	0.26
5	2	5	0.36
5	1	15	0.38
5	0	4	0.36
5	3	5	0.41
5	2	4	0.26
5	1	6	0.38
5	0	7	0.31
5	3	6	0.29
5	2	5	0.25
5	1	13	0.29
5	0	12	0.27
5	3	4	0.2
5	2	5	0.28
5	1	10	0.28
5	0	8	0.39
5	3	4	0.21
5	2	5	0.2
5	1	7	0.32
5	0	8	0.34
5	3	4	0.26
5	2	5	0.32
5	1	12	0.33
5	0	7	0.75
5	3	4	0.24
5	2	9	0.18
5	1	5	0.74
5	0	7	0.85
5	3	4	0.66
5	2	10	0.2
5	1	6	0.35
5	0	5	0.31
5	3	6	0.3
5	2	4	0.23
5	1	9	0.31
5	0	5	0.35
5	3	6	0.19
5	2	5	0.2
5	1	11	0.31
5	0	10	0.28
5	3	5	0.27
5	2	4	0.23
5	1	10	0.72
5	0	9	0.39
5	3	4	0.17
5	2	5	0.25
5	1	9	0.23
5	0	11	0.959596
5	3	7	0.27
5	2	4	0.16
5	1	6	0.29
5	0	10	0.32
5	3	4	0.2
5	2	8	0.25
5	1	13	0.3
5	0	7	0.29
5	3	6	0.26
5	2	4	0.27
5	1	5	0.74
5	0	10	0.3
5	3	5	0.28
5	2	9	0.2
5	1	4	0.82
5	0	7	0.29
5	3	5	0.23
5	2	4	0.22
5	1	7	0.32
5	0	9	0.33
5	3	6	0.66
5	2	5	0.39
5	1	4	0.99
5	0	12	0.58
5	3	5	0.18
5	2	4	0.23
5	1	7	0.32
5	0	9	0.73
5	3	5	0.26
5	2	6	0.27
5	1	12	0.43
5	0	4	0.33
5	3	7	0.25
5	2	5	0.7
5	1	4	0.33
5	0	8	0.81
5	3	5	0.65
5	2	6	0.19
5	1	4	0.35
5	0	12	0.35
5	3	4	0.32
5	2	5	0.35
5	1	14	0.55
5	0	13	0.42
5	3	4	0.19
5	2	7	0.26
5	1	6	0.29
5	0	5	0.82
5	3	5	0.23
5	2	4	0.26
5	1	7	0.32
5	0	9	0.37
5	3	4	0.17
5	2	7	0.29
5	1	5	0.36
5	0	13	0.43
5	3	4	0.23
5	2	4	0.26
5	1	8	0.39
5	0	9	0.43
5	3	5	0.25
5	2	7	0.27
5	1	6	0.93
5	0	4	0.3
5	3	4	0.19
5	2	6	0.34
5	1	15	0.35
5	0	5	0.26
5	3	4	0.19
5	2	6	0.27
5	1	7	0.34
5	0	5	0.25
5	3	4	0.17
5	2	6	0.19
5	1	7	0.31
5	0	13	0.43
5	3	6	0.35
5	2	8	0.31
5	1	4	0.25
5	0	7	0.98
5	3	6	0.26
5	2	4	0.21
5	1	5	0.31
5	0	9	0.42
5	3	4	0.25
5	2	7	0.27
5	1	11	0.47
5	0	13	0.8
5	3	4	0.24
5	2	6	0.27
5	1	7	0.73
5	0	5	0.39
5	3	4	0.19
5	2	5	0.21
5	1	8	0.26
5	0	6	0.24
5	3	5	0.26
5	2	4	0.27
5	1	10	0.36
5	0	7	0.31
5	3	5	0.32
5	2	4	0.31
5	1	4	0.36
5	0	8	0.25
5	3	4	0.29
5	2	5	0.3
5	1	7	0.32
5	0	12	0.37
5	3	5	0.2
5	2	4	0.2
5	1	15	0.36
5	0	16	0.29
5	3	5	0.24
5	2	4	0.18
5	1	12	0.32
5	0	9	0.35
5	3	5	0.3
5	2	6	0.32
5	1	8	0.38
5	0	4	0.47
5	3	4	0.29
5	2	5	0.33
5	1	9	0.38
5	0	11	0.39
5	3	6	0.44
5	2	4	0.36
5	1	9	0.29
5	0	8	0.32
5	3	4	0.22
5	2	5	0.24
5	1	14	0.38
5	0	13	0.28
5	3	4	0.26
5	2	5	0.18
5	1	11	0.64
5	0	6	0.33
5	3	4	0.27
5	2	5	0.19
5	1	8	0.79
5	0	9	0.32
5	3	4	0.13
5	2	6	0.21
5	1	7	0.77
5	0	9	0.29
5	3	4	0.23
5	2	9	0.27
5	1	7	0.81
5	0	11	0.33
5	3	4	0.22
5	2	5	0.21
5	1	8	0.35
5	0	14	0.5
5	3	6	0.33
5	2	4	0.27
5	1	5	0.31
5	0	15	0.42
5	3	4	0.73
5	2	6	0.22
5	1	8	0.31
5	0	11	0.35
5	3	5	0.18
5	2	4	0.18
5	1	13	0.83
5	0	7	0.27
5	3	5	0.17
5	2	4	0.22
5	1	7	0.3
5	0	6	0.53
5	3	7	0.61
5	2	4	0.56
5	1	5	0.31
5	0	6	0.23
5	3	4	0.2
5	2	6	0.26
5	1	8	0.33
5	0	7	0.28
5	3	4	0.3
5	2	5	0.18
5	1	9	0.34
5	0	4	0.42
5	3	5	0.19
5	2	6	0.3
5	1	9	0.43
5	0	8	0.24
5	3	4	0.26
5	2	4	0.28
5	1	9	0.35
5	0	10	0.33
5	3	5	0.26
5	2	4	0.19
5	1	10	0.48
5	0	13	0.36
5	3	4	0.21
5	2	5	0.31
5	1	12	0.5
5	0	6	0.24
5	3	6	0.27
5	2	5	0.26
5	1	4	0.22
5	0	10	0.44
5	3	4	0.24
5	2	5	0.18
5	1	14	0.79
5	0	6	0.34
5	3	4	0.2
5	2	4	0.26
5	1	9	0.4
5	0	6	0.34
5	3	5	0.18
5	2	4	0.22
5	1	6	0.24
5	0	13	0.45
5	3	8	0.3
5	2	5	0.27
5	1	11	0.75
5	0	4	0.26
10	3	6	0.28
10	2	8	0.4
10	1	9	0.38
10	0	5	0.39
10	3	5	0.37
10	2	6	0.27
10	1	9	0.72
10	0	8	0.28
10	3	9	0.33
10	2	4	0.43
10	1	11	0.32
10	0	5	0.36
10	3	5	0.3
10	2	6	0.3
10	1	4	0.86
10	0	17	0.33
10	3	6	0.32
10	2	4	0.28
10	1	5	0.42
10	0	8	0.28
10	3	9	0.18
10	2	5	0.62
10	1	4	0.32
10	0	15	0.61
10	3	6	0.25
10	2	7	0.3
10	1	16	0.55
10	0	15	0.59
10	3	5	0.25
10	2	11	0.38
10	1	7	0.37
10	0	4	0.47
10	3	4	0.26
10	2	5	0.28
10	1	7	0.26
10	0	13	0.42
10	3	9	0.33
10	2	4	0.25
10	1	10	0.45
10	0	7	0.28
10	3	4	0.34
10	2	5	0.3
10	1	6	0.74
10	0	13	0.74
10	3	6	0.23
10	2	8	0.26
10	1	9	0.29
10	0	10	0.34
10	3	5	0.42
10	2	7	0.24
10	1	4	0.98
10	0	6	0.35
10	3	4	0.63
10	2	5	0.77
10	1	10	0.37
10	0	11	0.33
10	3	8	0.26
10	2	4	0.25
10	1	6	0.45
10	0	19	0.38
10	3	4	0.26
10	2	5	0.31
10	1	11	0.59
10	0	17	0.35
10	3	8	0.23
10	2	6	0.21
10	1	4	0.82
10	0	14	0.575758
10	3	5	0.21
10	2	7	0.28
10	1	4	0.71
10	0	12	0.47
10	3	4	0.27
10	2	6	0.3
10	1	14	0.36
10	0	8	0.41
10	3	6	0.32
10	2	7	0.38
10	1	4	0.37
10	0	5	0.29
10	3	4	0.7
10	2	6	0.35
10	1	5	0.32
10	0	15	0.69
10	3	4	0.24
10	2	7	0.19
10	1	5	0.32
10	0	9	0.26
10	3	5	0.56
10	2	6	0.18
10	1	4	0.69
10	0	8	0.69
10	3	4	0.96
10	2	5	0.18
10	1	8	0.44
10	0	6	0.79
10	3	5	0.27
10	2	7	0.27
10	1	4	0.29
10	0	8	0.39
10	3	6	0.8
10	2	4	0.66
10	1	11	0.37
10	0	12	0.34
10	3	4	0.32
10	2	5	0.27
10	1	9	0.23
10	0	6	0.91
10	3	6	0.26
10	2	7	0.79798
10	1	13	0.36
10	0	4	0.24
10	3	6	0.63
10	2	4	0.66
10	1	5	0.67
10	0	14	0.28
10	3	5	0.24
10	2	6	0.21
10	1	15	0.78
10	0	12	0.8
10	3	4	0.27
10	2	5	0.27
10	1	12	0.32
10	0	9	0.33
10	3	6	0.52
10	2	4	0.7
10	1	14	0.49
10	0	11	0.72
10	3	6	0.28
10	2	5	0.28
10	1	4	1
10	0	9	0.33
10	3	5	0.29
10	2	4	0.3
10	1	6	0.33
10	0	12	0.8
10	3	5	0.38
10	2	4	0.27
10	1	7	0.37
10	0	6	0.35
10	3	7	0.28
10	2	5	0.19
10	1	12	0.868687
10	0	10	0.76
10	3	4	0.3
10	2	8	0.35
10	1	7	0.31
10	0	13	0.32
10	3	5	0.27
10	2	4	0.24
10	1	11	0.3
10	0	12	0.42
10	3	5	0.36
10	2	4	0.26
10	1	8	0.37
10	0	10	0.41
10	3	4	0.53
10	2	5	0.79
10	1	13	0.44
10	0	8	0.72
10	3	5	0.23
10	2	6	0.31
10	1	4	0.32
10	0	13	0.51
10	3	7	0.31
10	2	4	0.33
10	1	5	0.32
10	0	6	0.38
10	3	5	0.32
10	2	4	0.22
10	1	8	0.34
10	0	11	0.32
10	3	9	0.33
10	2	7	0.3
10	1	6	0.72
10	0	4	0.76
10	3	5	0.26
10	2	6	0.36
10	1	4	0.84
10	0	16	0.6
10	3	5	0.7
10	2	4	0.99
10	1	13	0.37
10	0	7	0.31
10	3	4	0.28
10	2	5	0.27
10	1	12	0.53
10	0	14	0.31
10	3	7	0.25
10	2	5	0.23
10	1	16	0.3
10	0	12	0.59
10	3	12	0.32
10	2	4	0.23
10	1	11	0.51
10	0	9	0.32
10	3	4	0.23
10	2	6	0.25
10	1	9	0.41
10	0	7	0.31
10	3	5	0.3
10	2	8	0.35
10	1	4	0.8
10	0	6	0.33
10	3	13	0.33
10	2	6	0.23
10	1	11	0.32
10	0	4	0.31
10	3	5	0.28
10	2	7	0.27
10	1	4	0.27
10	0	6	0.44
10	3	6	0.25
10	2	4	0.54
10	1	5	0.3
10	0	11	0.71
10	3	5	0.23
10	2	4	0.19
10	1	11	0.33
10	0	7	0.23
10	3	6	0.28
10	2	4	0.28
10	1	15	0.31
10	0	8	0.58
10	3	6	0.35
10	2	5	0.25
10	1	7	0.36
10	0	4	0.3
10	3	6	0.39
10	2	4	0.34
10	1	13	0.36
10	0	7	0.3
10	3	5	0.27
10	2	4	0.25
10	1	11	0.33
10	0	6	0.4
10	3	5	0.27
10	2	7	0.35
10	1	15	0.84
10	0	4	0.32
10	3	5	0.31
10	2	4	0.24
10	1	7	0.33
10	0	8	0.28
10	3	5	0.28
10	2	4	0.5
10	1	17	0.65
10	0	9	0.45
10	3	4	0.3
10	2	5	0.3
10	1	6	0.37
10	0	8	0.34
10	3	4	0.36
10	2	7	0.3
10	1	6	0.28
10	0	16	0.35
10	3	7	0.23
10	2	4	0.22
10	1	5	0.84
10	0	10	0.21
10	3	5	0.28
10	2	4	0.24
10	1	14	0.58
10	0	10	0.28
10	3	4	0.18
10	2	6	0.25
10	1	12	0.3
10	0	16	0.27
10	3	4	0.29
10	2	6	0.29
10	1	11	0.44
10	0	10	0.39
10	3	7	0.27
10	2	6	0.28
10	1	4	0.28
10	0	10	0.36
10	3	6	0.22
10	2	5	0.3
10	1	15	0.4
10	0	4	0.33
10	3	4	0.24
10	2	5	0.26
10	1	17	0.47
10	0	12	0.31
10	3	7	0.22
10	2	6	0.36
10	1	4	0.78
10	0	5	0.32
10	3	5	0.27
10	2	4	0.29
10	1	12	0.59
10	0	7	0.37
10	3	4	0.28
10	2	7	0.26
10	1	9	0.36
10	0	15	0.34
10	3	4	0.27
10	2	6	0.41
10	1	12	0.39
10	0	5	0.37
10	3	7	0.35
10	2	4	0.28
10	1	5	0.34
10	0	9	0.4
10	3	7	0.26
10	2	4	0.21
10	1	6	0.78
10	0	12	0.74
10	3	4	0.34
10	2	5	0.18
10	1	7	0.74
10	0	11	0.34
10	3	6	0.36
10	2	4	0.22
10	1	12	0.35
10	0	8	0.46
10	3	4	0.21
10	2	7	0.3
10	1	10	0.58
10	0	12	0.4
10	3	5	0.33
10	2	4	0.37
10	1	8	0.36
10	0	16	0.42
10	3	6	0.93
10	2	4	0.626263
10	1	5	0.71
10	0	16	0.38
10	3	7	0.35
10	2	4	0.21
10	1	6	0.3
10	0	9	0.33
10	3	6	0.21
10	2	4	0.68
10	1	7	0.29
10	0	10	0.4
10	3	11	0.3
10	2	4	0.18
10	1	16	0.38
10	0	8	0.37
10	3	6	0.26
10	2	4	0.25
10	1	8	0.32
10	0	5	0.29
10	3	5	0.24
10	2	4	0.28
10	1	14	0.31
10	0	6	0.43
10	3	4	0.29
10	2	5	0.27
10	1	8	0.29
10	0	14	0.36
10	3	4	0.57
10	2	5	0.97
10	1	13	0.66
10	0	10	0.29
10	3	5	0.52
10	2	4	0.91
10	1	11	0.37
10	0	4	0.92
10	3	6	0.97
10	2	4	0.21
10	1	7	0.34
10	0	14	0.35
10	3	6	0.28
10	2	5	0.33
10	1	15	0.37
10	0	7	0.33
10	3	6	0.29
10	2	4	0.67
10	1	11	0.36
10	0	12	0.37
10	3	4	0.3
10	2	5	0.31
10	1	6	0.37
10	0	11	0.4
10	3	4	0.26
10	2	12	0.33
10	1	5	0.39
10	0	10	0.41
10	3	5	0.3
10	2	4	0.66
10	1	12	0.59
10	0	6	0.3
10	3	4	0.33
10	2	5	0.18
10	1	17	0.35
10	0	11	0.35
10	3	7	0.21
10	2	5	0.32
10	1	4	0.89
10	0	13	0.43
10	3	10	0.6
10	2	6	0.3
10	1	5	0.35
10	0	11	0.71
10	3	5	0.29
10	2	4	0.33
10	1	7	0.25
10	0	13	0.38
15	3	4	0.71
15	2	4	0.73
15	1	9	0.37
15	0	7	0.28
15	3	7	0.32
15	2	8	0.23
15	1	4	0.82
15	0	6	0.33
15	3	4	0.32
15	2	8	0.78
15	1	6	0.6
15	0	16	0.36
15	3	11	0.35
15	2	4	0.69
15	1	9	0.39
15	0	8	0.61
15	3	6	0.3
15	2	8	0.39
15	1	4	0.69
15	0	5	0.3
15	3	8	0.23
15	2	9	0.32
15	1	4	0.3
15	0	5	0.37
15	3	5	0.29
15	2	7	0.29
15	1	8	0.31
15	0	4	0.78
15	3	4	0.82
15	2	5	0.78
15	1	11	0.34
15	0	6	0.41
15	3	4	0.58
15	2	8	0.32
15	1	7	0.75
15	0	5	0.32
15	3	7	0.59
15	2	4	0.77
15	1	6	0.64
15	0	14	0.42
15	3	4	0.24
15	2	5	0.33
15	1	11	0.27
15	0	9	0.32
15	3	5	0.34
15	2	4	0.25
15	1	12	0.7
15	0	8	0.39
15	3	4	0.26
15	2	5	0.28
15	1	12	0.38
15	0	13	0.25
15	3	8	0.29
15	2	5	0.18
15	1	9	0.76
15	0	12	0.66
15	3	6	0.2
15	2	4	0.29
15	1	12	0.41
15	0	20	0.38
15	3	4	0.58
15	2	6	0.23
15	1	8	0.34
15	0	5	0.71
15	3	6	0.36
15	2	5	0.33
15	1	7	0.32
15	0	4	0.98
15	3	4	0.33
15	2	9	0.26
15	1	11	0.61
15	0	10	0.58
15	3	5	0.3
15	2	4	0.3
15	1	12	0.37
15	0	19	0.74
15	3	4	0.22
15	2	6	0.34
15	1	7	0.48
15	0	12	0.34
15	3	4	0.29
15	2	5	0.29
15	1	10	0.37
15	0	15	0.42
15	3	11	0.29
15	2	4	0.25
15	1	10	0.37
15	0	5	0.74
15	3	7	0.31
15	2	4	0.68
15	1	5	0.71
15	0	6	0.29
15	3	4	0.78
15	2	11	0.52
15	1	7	0.35
15	0	8	0.31
15	3	10	0.34
15	2	4	0.24
15	1	8	0.27
15	0	7	0.36
15	3	7	0.42
15	2	5	0.28
15	1	20	0.44
15	0	16	0.33
15	3	4	0.33
15	2	5	0.29
15	1	9	0.25
15	0	11	0.41
15	3	5	0.29
15	2	4	0.31
15	1	11	0.34
15	0	9	0.29
15	3	4	0.65
15	2	6	0.58
15	1	12	0.77
15	0	5	0.68
15	3	6	0.31
15	2	5	0.26
15	1	4	0.85
15	0	12	0.31
15	3	6	0.3
15	2	8	0.38
15	1	4	0.36
15	0	5	0.29
15	3	4	0.24
15	2	6	0.35
15	1	12	0.74
15	0	7	0.32
15	3	6	0.71
15	2	4	0.41
15	1	9	0.66
15	0	13	0.37
15	3	8	0.29
15	2	4	0.29
15	1	10	0.34
15	0	7	0.35
15	3	4	0.3
15	2	6	0.32
15	1	5	0.37
15	0	9	0.32
15	3	5	0.37
15	2	7	0.3
15	1	4	0.33
15	0	6	0.33
15	3	6	0.26
15	2	4	0.37
15	1	5	0.34
15	0	10	0.34
15	3	4	0.24
15	2	6	0.3
15	1	11	0.35
15	0	10	0.34
15	3	7	0.73
15	2	4	0.29
15	1	5	0.43
15	0	12	0.84
15	3	7	0.31
15	2	5	0.29
15	1	4	0.79
15	0	8	0.34
15	3	6	0.4
15	2	4	0.19
15	1	8	0.31
15	0	10	0.28
15	3	7	0.74
15	2	11	0.34
15	1	10	0.59
15	0	4	0.56
15	3	4	0.29
15	2	6	0.32
15	1	10	0.4
15	0	13	0.41
15	3	5	0.26
15	2	4	0.28
15	1	9	0.51
15	0	14	0.82
15	3	5	0.32
15	2	4	0.28
15	1	13	0.53
15	0	8	0.54
15	3	9	0.32
15	2	4	0.23
15	1	11	0.74
15	0	10	0.62
15	3	4	0.34
15	2	6	0.4
15	1	11	0.65
15	0	12	0.33
15	3	4	0.24
15	2	5	0.5
15	1	9	0.4
15	0	13	0.32
15	3	8	0.69
15	2	4	0.35
15	1	6	0.64
15	0	5	0.6
15	3	4	0.21
15	2	7	0.28
15	1	10	0.28
15	0	12	0.35
15	3	7	0.34
15	2	4	0.56
15	1	12	0.36
15	0	10	0.37
15	3	7	0.21
15	2	5	0.64
15	1	4	0.74
15	0	18	0.38
15	3	5	0.8
15	2	4	0.73
15	1	4	0.73
15	0	7	0.78
15	3	5	0.37
15	2	4	0.29
15	1	13	0.37
15	0	14	0.32
15	3	4	0.21
15	2	11	0.49
15	1	7	0.4
15	0	12	0.35
15	3	5	0.32
15	2	4	0.31
15	1	17	0.34
15	0	8	0.36
15	3	6	0.32
15	2	4	0.26
15	1	10	0.31
15	0	5	0.35
15	3	5	0.3
15	2	7	0.36
15	1	4	0.4
15	0	11	0.36
15	3	7	0.32
15	2	4	0.3
15	1	8	0.4
15	0	10	0.43
15	3	4	0.28
15	2	10	0.34
15	1	15	0.35
15	0	9	0.39
15	3	5	0.32
15	2	4	0.33
15	1	6	0.38
15	0	10	0.36
15	3	6	0.29
15	2	8	0.28
15	1	5	0.35
15	0	4	0.32
15	3	5	0.28
15	2	4	0.26
15	1	14	0.98
15	0	10	0.66
15	3	4	0.78
15	2	8	0.33
15	1	22	0.4
15	0	15	0.3
15	3	5	0.67
15	2	6	0.39
15	1	4	0.79
15	0	7	0.71
15	3	5	0.81
15	2	7	0.24
15	1	4	0.79
15	0	9	0.76
15	3	4	0.32
15	2	7	0.33
15	1	17	0.42
15	0	6	0.35
15	3	4	0.42
15	2	5	0.23
15	1	14	0.38
15	0	10	0.45
15	3	9	0.67
15	2	6	0.37
15	1	7	0.33
15	0	4	0.57
15	3	6	0.26
15	2	5	0.29
15	1	11	0.27
15	0	4	0.73
15	3	5	0.32
15	2	6	0.31
15	1	4	0.28
15	0	15	0.75
15	3	7	0.35
15	2	5	0.28
15	1	6	0.35
15	0	11	0.34
15	3	6	0.34
15	2	4	0.26
15	1	17	0.52
15	0	18	0.39
15	3	4	0.34
15	2	7	0.36
15	1	9	0.39
15	0	11	0.31
15	3	8	0.29
15	2	4	0.79
15	1	15	0.37
15	0	6	0.34
15	3	5	0.34
15	2	10	0.4
15	1	9	0.31
15	0	4	0.42
15	3	4	0.3
15	2	6	0.29
15	1	18	0.25
15	0	10	0.26
15	3	5	0.94
15	2	4	0.58
15	1	18	0.35
15	0	6	0.3
15	3	6	0.37
15	2	4	0.29
15	1	15	0.35
15	0	13	0.4
15	3	7	0.37
15	2	4	0.24
15	1	6	0.32
15	0	9	0.48
15	3	4	0.27
15	2	6	0.26
15	1	17	0.35
15	0	7	0.35
15	3	6	0.31
15	2	4	0.26
15	1	9	0.4
15	0	10	0.32
15	3	6	0.26
15	2	4	0.3
15	1	11	0.35
15	0	9	0.36
15	3	6	0.27
15	2	4	0.75
15	1	17	0.58
15	0	5	0.39
15	3	5	0.26
15	2	4	0.83
15	1	18	0.61
15	0	8	0.67
15	3	6	0.26
15	2	8	0.34
15	1	4	0.41
15	0	16	0.39
15	3	4	0.57
15	2	8	0.26
15	1	6	0.47
15	0	20	0.4
15	3	8	0.28
15	2	5	0.28
15	1	7	0.34
15	0	4	0.6
15	3	4	0.67
15	2	6	0.56
15	1	7	0.44
15	0	16	0.27
15	3	5	0.28
15	2	11	0.25
15	1	4	0.82
15	0	8	0.32
15	3	10	0.26
15	2	7	0.38
15	1	4	0.32
15	0	5	0.3
15	3	6	0.37
15	2	9	0.63
15	1	5	0.28
15	0	8	0.35
15	3	4	0.89
15	2	5	0.32
15	1	8	0.27
15	0	17	0.3
15	3	4	0.56
15	2	6	0.3
15	1	14	0.46
15	0	5	0.34
15	3	6	0.26
15	2	4	0.31
15	1	10	0.4
15	0	5	0.41
15	3	11	0.32
15	2	4	0.29
15	1	5	0.33
15	0	7	0.43
15	3	7	0.3
15	2	4	0.36
15	1	11	0.34
15	0	6	0.36
15	3	4	0.61
15	2	6	0.32
15	1	5	0.25
15	0	7	0.62
15	3	7	0.32
15	2	4	0.666667
15	1	8	0.35
15	0	6	0.39
15	3	5	0.84
15	2	9	0.32
15	1	13	0.35
15	0	4	0.95
20	3	4	0.35
20	2	6	0.61
20	1	11	0.69
20	0	5	0.31
20	3	6	0.27
20	2	4	0.35
20	1	15	0.35
20	0	5	0.43
20	3	5	0.32
20	2	4	0.59
20	1	8	0.33
20	0	9	0.78
20	3	8	0.36
20	2	5	0.36
20	1	4	0.34
20	0	6	0.37
20	3	4	0.35
20	2	5	0.43
20	1	6	0.38
20	0	12	0.7
20	3	5	0.38
20	2	4	0.76
20	1	10	0.34
20	0	11	0.64
20	3	4	0.58
20	2	8	0.41
20	1	9	0.39
20	0	5	0.34
20	3	5	0.36
20	2	11	0.32
20	1	4	0.84
20	0	9	0.37
20	3	6	0.37
20	2	4	0.74
20	1	5	0.35
20	0	4	0.73
20	3	7	0.41
20	2	5	0.3
20	1	13	0.32
20	0	4	0.39
20	3	6	0.36
20	2	4	0.74
20	1	8	0.35
20	0	5	0.52
20	3	6	0.26
20	2	4	0.8
20	1	16	0.83
20	0	14	0.37
20	3	7	0.38
20	2	5	0.34
20	1	12	0.41
20	0	4	0.69
20	3	7	0.33
20	2	4	0.69
20	1	10	0.41
20	0	13	0.65
20	3	4	0.63
20	2	5	0.31
20	1	13	0.74
20	0	9	0.35
20	3	10	0.56
20	2	4	0.3
20	1	9	0.58
20	0	7	0.34
20	3	5	0.34
20	2	4	0.67
20	1	9	0.34
20	0	7	0.37
20	3	8	0.35
20	2	4	0.35
20	1	5	0.38
20	0	7	0.7
20	3	5	0.34
20	2	4	0.36
20	1	9	0.54
20	0	10	0.71
20	3	4	0.48
20	2	7	0.42
20	1	6	0.32
20	0	11	0.34
20	3	4	0.3
20	2	6	0.34
20	1	12	0.32
20	0	5	0.46
20	3	7	0.41
20	2	4	0.27
20	1	13	0.39
20	0	12	0.38
20	3	4	0.76
20	2	5	0.68
20	1	7	0.32
20	0	4	0.75
20	3	6	0.81
20	2	4	0.54
20	1	14	0.44
20	0	15	0.36
20	3	6	0.32
20	2	4	0.32
20	1	18	0.75
20	0	5	0.74
20	3	5	0.81
20	2	4	0.8
20	1	9	0.33
20	0	6	0.41
20	3	6	0.27
20	2	5	0.33
20	1	13	0.72
20	0	4	0.34
20	3	5	0.37
20	2	9	0.35
20	1	4	0.71
20	0	8	0.37
20	3	5	0.76
20	2	4	0.3
20	1	9	0.54
20	0	12	0.32
20	3	5	0.29
20	2	4	0.28
20	1	6	0.39
20	0	7	0.25
20	3	8	0.32
20	2	7	0.32
20	1	6	0.77
20	0	5	0.3
20	3	4	0.33
20	2	11	0.4
20	1	6	0.35
20	0	7	0.65
20	3	6	0.39
20	2	8	0.34
20	1	4	0.7
20	0	5	0.79
20	3	4	0.23
20	2	6	0.25
20	1	7	0.48
20	0	15	0.38
20	3	5	0.4
20	2	4	0.56
20	1	10	0.37
20	0	12	0.47
20	3	4	0.27
20	2	5	0.29
20	1	9	0.62
20	0	20	0.66
20	3	11	0.76
20	2	4	0.26
20	1	7	0.29
20	0	17	0.38
20	3	4	0.81
20	2	4	0.82
20	1	7	0.33
20	0	5	0.77
20	3	4	0.35
20	2	9	0.29
20	1	8	0.39
20	0	5	0.39
20	3	14	0.36
20	2	4	0.23
20	1	16	0.35
20	0	10	0.3
20	3	4	0.26
20	2	8	0.36
20	1	11	0.38
20	0	6	0.41
20	3	4	0.27
20	2	5	0.39
20	1	6	1
20	0	8	0.32
20	3	5	0.59
20	2	9	0.36
20	1	7	0.71
20	0	4	0.63
20	3	4	0.31
20	2	5	0.35
20	1	9	0.29
20	0	12	0.36
20	3	4	0.44
20	2	8	0.41
20	1	9	0.29
20	0	16	0.43
20	3	5	0.29
20	2	8	0.38
20	1	6	0.35
20	0	12	0.37
20	3	6	0.37
20	2	4	0.3
20	1	9	0.63
20	0	15	0.33
20	3	9	0.35
20	2	5	0.24
20	1	7	0.35
20	0	4	0.75
20	3	5	0.41
20	2	4	0.46
20	1	13	0.4
20	0	8	0.36
20	3	6	0.3
20	2	4	0.35
20	1	14	0.38
20	0	18	0.4
20	3	11	0.37
20	2	4	0.34
20	1	7	0.36
20	0	15	0.27
20	3	5	0.35
20	2	4	0.38
20	1	11	0.32
20	0	13	0.43
20	3	5	0.33
20	2	6	0.33
20	1	4	0.88
20	0	15	0.37
20	3	5	0.29
20	2	4	0.51
20	1	13	0.4
20	0	10	0.75
20	3	12	0.34
20	2	4	0.26
20	1	9	0.35
20	0	5	0.34
20	3	4	0.54
20	2	5	0.23
20	1	16	0.35
20	0	13	0.7
20	3	6	0.36
20	2	4	0.34
20	1	7	0.32
20	0	9	0.31
20	3	5	0.59
20	2	4	0.62
20	1	7	0.38
20	0	12	0.38
20	3	5	0.25
20	2	4	0.64
20	1	7	0.75
20	0	14	0.29
20	3	9	0.29
20	2	5	0.61
20	1	4	0.74
20	0	10	0.646465
20	3	5	0.28
20	2	6	0.39
20	1	4	0.39
20	0	14	0.39
20	3	5	0.31
20	2	6	0.31
20	1	10	0.36
20	0	4	0.57
20	3	13	0.34
20	2	4	0.26
20	1	10	0.39
20	0	14	0.39
20	3	4	0.55
20	2	5	0.31
20	1	14	0.37
20	0	9	0.32
20	3	4	0.37
20	2	6	0.32
20	1	15	0.44
20	0	11	0.42
20	3	4	0.35
20	2	5	0.27
20	1	9	0.34
20	0	8	0.26
20	3	7	0.36
20	2	10	0.5
20	1	5	0.33
20	0	13	0.41
20	3	5	0.33
20	2	7	0.44
20	1	4	0.39
20	0	10	0.36
20	3	4	0.31
20	2	9	0.29
20	1	5	0.4
20	0	16	0.43
20	3	5	0.29
20	2	8	0.21
20	1	16	0.64
20	0	7	0.34
20	3	5	0.37
20	2	6	0.36
20	1	4	0.39
20	0	7	0.37
20	3	5	0.36
20	2	4	0.59
20	1	12	0.44
20	0	13	0.73
20	3	7	0.34
20	2	5	0.32
20	1	4	0.71
20	0	21	0.34
20	3	6	0.36
20	2	4	0.63
20	1	13	0.626263
20	0	14	0.79
20	3	5	0.78
20	2	8	0.3
20	1	4	0.34
20	0	7	0.29
20	3	4	0.29
20	2	6	0.74
20	1	11	0.4
20	0	9	0.31
20	3	4	0.33
20	2	7	0.43
20	1	5	0.3
20	0	15	0.38
20	3	8	0.67
20	2	9	0.41
20	1	5	0.35
20	0	7	0.39
20	3	4	0.62
20	2	10	0.3
20	1	6	0.44
20	0	5	0.63
20	3	5	0.59
20	2	6	0.33
20	1	12	0.32
20	0	7	0.77
20	3	5	0.32
20	2	6	0.28
20	1	12	0.46
20	0	8	0.34
20	3	7	0.25
20	2	4	0.35
20	1	18	0.32
20	0	16	0.37
20	3	6	0.69
20	2	5	0.88
20	1	4	0.67
20	0	7	0.3
20	3	4	0.71
20	2	10	0.55
20	1	12	0.45
20	0	9	0.54
20	3	8	0.33
20	2	4	0.3
20	1	5	0.87
20	0	10	0.62
20	3	6	0.3
20	2	8	0.37
20	1	5	0.83
20	0	4	0.83
20	3	7	0.73
20	2	6	0.31
20	1	4	0.62
20	0	13	0.33
20	3	4	0.56
20	2	11	0.55
20	1	5	0.85
20	0	6	0.36
20	3	5	0.28
20	2	8	0.23
20	1	4	0.42
20	0	10	0.42
20	3	4	0.34
20	2	7	0.29
20	1	6	0.68
20	0	18	0.32
20	3	5	0.77
20	2	4	0.64
20	1	13	0.62
20	0	8	0.37
20	3	4	0.32
20	2	6	0.34
20	1	8	0.33
20	0	5	0.39
20	3	12	0.55
20	2	7	0.29
20	1	4	0.79
20	0	5	0.84
20	3	5	0.35
20	2	4	0.33
20	1	7	0.4
20	0	13	0.86
20	3	9	0.75
20	2	4	0.71
20	1	8	0.31
20	0	6	0.35
20	3	4	0.27
20	2	6	0.26
20	1	9	0.36
20	0	11	0.4
20	3	4	0.74
20	2	5	0.28
20	1	4	0.81
20	0	16	0.34
20	3	4	0.33
20	2	7	0.28
20	1	17	0.35
20	0	10	0.38
20	3	9	0.37
20	2	4	0.71
20	1	6	0.35
20	0	5	0.28
20	3	8	0.4
20	2	4	0.24
20	1	7	0.37
20	0	10	0.888889
25	3	4	0.74
25	2	4	0.72
25	1	8	0.39
25	0	7	0.46
25	3	7	0.43
25	2	4	0.35
25	1	13	0.39
25	0	11	0.42
25	3	7	0.33
25	2	4	0.42
25	1	6	0.4
25	0	5	0.7
25	3	9	0.34
25	2	4	0.27
25	1	13	0.43
25	0	5	0.76
25	3	5	0.32
25	2	6	0.43
25	1	12	0.37
25	0	4	0.76
25	3	4	0.66
25	2	6	0.38
25	1	10	0.39
25	0	13	0.41
25	3	5	0.31
25	2	4	0.77
25	1	12	0.71
25	0	8	0.42
25	3	4	0.35
25	2	8	0.39
25	1	6	0.37
25	0	5	0.42
25	3	5	0.73
25	2	11	0.38
25	1	7	0.43
25	0	4	0.84
25	3	4	0.77
25	2	5	0.73
25	1	7	0.37
25	0	4	0.75
25	3	4	0.79
25	2	6	0.4
25	1	16	0.35
25	0	5	0.58
25	3	7	0.4
25	2	4	0.68
25	1	5	0.45
25	0	6	0.41
25	3	4	0.31
25	2	8	0.33
25	1	7	0.44
25	0	6	0.27
25	3	6	0.34
25	2	4	0.33
25	1	9	0.36
25	0	10	0.39
25	3	4	0.6
25	2	7	0.79
25	1	5	0.82
25	0	9	0.41
25	3	4	0.61
25	2	6	0.47
25	1	5	0.72
25	0	9	0.71
25	3	5	0.37
25	2	4	0.33
25	1	15	0.37
25	0	14	0.4
25	3	5	0.4
25	2	4	0.26
25	1	13	0.72
25	0	14	0.35
25	3	4	0.33
25	2	5	0.38
25	1	6	0.38
25	0	9	0.46
25	3	4	0.79
25	2	9	0.36
25	1	6	0.25
25	0	17	0.56
25	3	6	0.41
25	2	4	0.57
25	1	16	0.7
25	0	8	0.33
25	3	4	0.73
25	2	5	0.35
25	1	10	0.35
25	0	11	0.74
25	3	4	0.32
25	2	8	0.26
25	1	14	0.53
25	0	5	0.32
25	3	4	0.32
25	2	10	0.38
25	1	17	0.37
25	0	7	0.31
25	3	4	0.7
25	2	5	0.72
25	1	20	0.76
25	0	6	0.33
25	3	5	0.73
25	2	9	0.33
25	1	4	0.72
25	0	13	0.3
25	3	9	0.35
25	2	6	0.41
25	1	4	0.42
25	0	7	0.42
25	3	6	0.4
25	2	4	0.28
25	1	7	0.81
25	0	14	0.34
25	3	4	0.65
25	2	7	0.33
25	1	5	0.31
25	0	10	0.39
25	3	5	0.74
25	2	4	0.47
25	1	13	0.48
25	0	15	0.37
25	3	5	0.39
25	2	4	0.81
25	1	6	0.81
25	0	10	0.38
25	3	4	0.81
25	2	5	0.38
25	1	8	0.43
25	0	10	0.36
25	3	6	0.38
25	2	4	0.36
25	1	11	0.71
25	0	5	0.42
25	3	5	0.34
25	2	4	0.3
25	1	6	0.36
25	0	14	0.37
25	3	5	0.59
25	2	7	0.33
25	1	6	0.68
25	0	4	0.82
25	3	5	0.55
25	2	8	0.78
25	1	13	0.75
25	0	4	0.58
25	3	11	0.26
25	2	4	0.67
25	1	5	0.36
25	0	7	0.38
25	3	4	0.78
25	2	10	0.39
25	1	7	0.38
25	0	6	0.4
25	3	5	0.77
25	2	4	0.72
25	1	9	0.38
25	0	10	0.43
25	3	6	0.26
25	2	5	0.76
25	1	12	0.36
25	0	14	0.43
25	3	5	0.3
25	2	6	0.38
25	1	7	0.4
25	0	4	0.69
25	3	4	0.6
25	2	7	0.75
25	1	10	0.76
25	0	13	0.38
25	3	7	0.25
25	2	5	0.27
25	1	4	0.61
25	0	14	0.64
25	3	7	0.38
25	2	4	0.77
25	1	9	0.33
25	0	16	0.61
25	3	9	0.37
25	2	4	0.38
25	1	5	0.81
25	0	11	0.36
25	3	8	0.3
25	2	4	0.42
25	1	7	0.38
25	0	12	0.37
25	3	5	0.34
25	2	4	0.34
25	1	8	0.36
25	0	10	0.35
25	3	4	0.37
25	2	5	0.42
25	1	13	0.34
25	0	12	0.43
25	3	5	0.77
25	2	7	0.35
25	1	9	0.38
25	0	6	0.41
25	3	7	0.36
25	2	5	0.31
25	1	4	0.36
25	0	6	0.37
25	3	5	0.33
25	2	10	0.35
25	1	4	0.73
25	0	8	0.41
25	3	12	0.33
25	2	4	0.74
25	1	6	0.37
25	0	9	0.44
25	3	4	0.71
25	2	6	0.34
25	1	9	0.31
25	0	14	0.72
25	3	6	0.29
25	2	4	0.8
25	1	15	0.61
25	0	5	0.83
25	3	4	0.72
25	2	12	0.41
25	1	8	0.42
25	0	9	0.75
25	3	6	0.31
25	2	5	0.77
25	1	4	0.66
25	0	11	0.83
25	3	5	0.37
25	2	6	0.32
25	1	10	0.73
25	0	4	0.4
25	3	6	0.61
25	2	7	0.63
25	1	5	0.82
25	0	4	0.61
25	3	6	0.34
25	2	7	0.46
25	1	4	0.84
25	0	5	0.73
25	3	5	0.34
25	2	8	0.4
25	1	13	0.34
25	0	4	0.74
25	3	9	0.39
25	2	5	0.35
25	1	7	0.38
25	0	4	0.42
25	3	4	0.38
25	2	7	0.35
25	1	11	0.71
25	0	5	0.4
25	3	5	0.39
25	2	7	0.36
25	1	9	0.7
25	0	4	0.3
25	3	4	0.42
25	2	8	0.28
25	1	5	0.33
25	0	17	0.42
25	3	7	0.27
25	2	5	0.4
25	1	10	0.39
25	0	11	0.41
25	3	4	0.36
25	2	6	0.35
25	1	5	0.78
25	0	7	0.35
25	3	7	0.37
25	2	4	0.85
25	1	10	0.43
25	0	14	0.39
25	3	6	0.42
25	2	7	0.34
25	1	5	0.4
25	0	4	0.42
25	3	9	0.37
25	2	4	0.23
25	1	6	0.76
25	0	14	0.32
25	3	5	0.36
25	2	4	0.31
25	1	13	0.44
25	0	10	0.38
25	3	5	0.34
25	2	4	0.83
25	1	12	0.61
25	0	9	0.33
25	3	5	0.35
25	2	4	0.36
25	1	8	0.45
25	0	17	0.39
25	3	8	0.35
25	2	5	0.3
25	1	6	0.36
25	0	4	0.7
25	3	9	0.32
25	2	6	0.4
25	1	5	0.81
25	0	4	0.6
25	3	4	0.3
25	2	6	0.38
25	1	9	0.36
25	0	5	0.77
25	3	4	0.8
25	2	8	0.28
25	1	6	0.38
25	0	5	0.4
25	3	4	0.35
25	2	8	0.42
25	1	12	0.72
25	0	5	0.35
25	3	4	0.78
25	2	6	0.27
25	1	11	0.36
25	0	13	0.53
25	3	4	0.71
25	2	6	0.58
25	1	5	0.77
25	0	9	0.74
25	3	4	0.38
25	2	6	0.33
25	1	12	0.7
25	0	20	0.38
25	3	5	0.3
25	2	10	0.35
25	1	12	0.39
25	0	4	0.4
25	3	4	0.69
25	2	5	0.3
25	1	16	0.37
25	0	9	0.35
25	3	4	0.31
25	2	7	0.32
25	1	5	0.4
25	0	12	0.38
25	3	5	0.41
25	2	7	0.53
25	1	9	0.62
25	0	4	0.76
25	3	5	0.4
25	2	9	0.36
25	1	4	0.37
25	0	6	0.42
25	3	4	0.32
25	2	7	0.33
25	1	8	0.38
25	0	9	0.37
25	3	4	0.8
25	2	6	0.57
25	1	8	0.63
25	0	5	0.79
25	3	5	0.37
25	2	7	0.34
25	1	4	0.49
25	0	14	0.28
25	3	5	0.35
25	2	9	0.32
25	1	7	0.45
25	0	17	0.65
25	3	5	0.33
25	2	4	0.39
25	1	20	0.44
25	0	12	0.25
25	3	4	0.32
25	2	5	0.33
25	1	12	0.37
25	0	11	0.4
25	3	4	0.38
25	2	6	0.31
25	1	5	0.81
25	0	7	0.38
25	3	5	0.3
25	2	4	0.34
25	1	10	0.6
25	0	7	0.4
25	3	4	0.33
25	2	5	0.33
25	1	8	0.32
25	0	14	0.38
25	3	6	0.38
25	2	5	0.38
25	1	4	0.35
25	0	10	0.62
25	3	5	0.3
25	2	6	0.39
25	1	13	0.39
25	0	4	0.46
25	3	4	0.42
25	2	9	0.42
25	1	7	0.38
25	0	10	0.46
25	3	5	0.31
25	2	4	0.76
25	1	21	0.38
25	0	13	0.5
25	3	7	0.37
25	2	4	0.34
25	1	8	0.43
25	0	6	0.36
25	3	8	0.37
25	2	6	0.4
25	1	7	0.32
25	0	4	0.74
30	3	4	0.41
30	2	5	0.36
30	1	9	0.58
30	0	7	0.38
30	3	4	0.33
30	2	5	0.4
30	1	8	0.4
30	0	16	0.42
30	3	5	0.37
30	2	4	0.39
30	1	11	0.41
30	0	10	0.4
30	3	5	0.32
30	2	8	0.43
30	1	4	0.38
30	0	12	0.66
30	3	5	0.29
30	2	7	0.37
30	1	6	0.4
30	0	12	0.64
30	3	10	0.36
30	2	4	0.68
30	1	5	0.76
30	0	9	0.39
30	3	8	0.38
30	2	7	0.38
30	1	16	0.35
30	0	6	0.74
30	3	5	0.41
30	2	8	0.35
30	1	4	0.35
30	0	12	0.39
30	3	5	0.59
30	2	8	0.4
30	1	7	0.76
30	0	10	0.49
30	3	4	0.38
30	2	5	0.3
30	1	11	0.35
30	0	8	0.39
30	3	9	0.61
30	2	5	0.38
30	1	8	0.57
30	0	6	0.44
30	3	6	0.38
30	2	5	0.39
30	1	9	0.75
30	0	8	0.44
30	3	5	0.33
30	2	4	0.39
30	1	17	0.42
30	0	10	0.47
30	3	4	0.6
30	2	12	0.44
30	1	7	0.8
30	0	9	0.37
30	3	9	0.4
30	2	6	0.38
30	1	5	0.8
30	0	4	0.37
30	3	6	0.4
30	2	5	0.33
30	1	4	0.78
30	0	10	0.37
30	3	7	0.36
30	2	5	0.3
30	1	4	0.79
30	0	11	0.65
30	3	4	0.71
30	2	11	0.44
30	1	14	0.41
30	0	8	0.44
30	3	6	0.42
30	2	4	0.45
30	1	14	0.34
30	0	7	0.34
30	3	9	0.7
30	2	4	0.52
30	1	5	0.83
30	0	13	0.37
30	3	4	0.36
30	2	5	0.32
30	1	14	0.37
30	0	6	0.47
30	3	5	0.43
30	2	4	0.37
30	1	7	0.39
30	0	10	0.676768
30	3	5	0.42
30	2	4	0.37
30	1	12	0.78
30	0	8	0.38
30	3	7	0.42
30	2	5	0.41
30	1	8	0.41
30	0	4	0.48
30	3	4	0.41
30	2	6	0.72
30	1	10	0.39
30	0	12	0.42
30	3	5	0.34
30	2	9	0.33
30	1	4	0.34
30	0	13	0.36
30	3	9	0.41
30	2	6	0.55
30	1	15	0.82
30	0	4	0.707071
30	3	9	0.37
30	2	5	0.4
30	1	8	0.4
30	0	4	0.75
30	3	4	0.44
30	2	9	0.4
30	1	11	0.75
30	0	10	0.37
30	3	5	0.83
30	2	8	0.36
30	1	4	0.86
30	0	15	0.59
30	3	4	0.38
30	2	8	0.39
30	1	13	0.36
30	0	6	0.72
30	3	4	0.34
30	2	7	0.41
30	1	11	0.42
30	0	6	0.43
30	3	5	0.38
30	2	4	0.8
30	1	10	0.36
30	0	11	0.38
30	3	6	0.35
30	2	5	0.42
30	1	15	0.46
30	0	7	0.37
30	3	4	0.71
30	2	6	0.69
30	1	14	0.34
30	0	16	0.4
30	3	4	0.42
30	2	5	0.42
30	1	10	0.34
30	0	8	0.43
30	3	4	0.31
30	2	8	0.5
30	1	14	0.35
30	0	7	0.35
30	3	6	0.38
30	2	4	0.79
30	1	8	0.55
30	0	11	0.4
30	3	6	0.56
30	2	8	0.31
30	1	7	0.73
30	0	5	0.97
30	3	8	0.4
30	2	5	0.38
30	1	4	0.66
30	0	6	0.656566
30	3	5	0.86
30	2	12	0.37
30	1	13	0.41
30	0	4	0.76
30	3	6	0.41
30	2	4	0.38
30	1	5	0.38
30	0	14	0.42
30	3	8	0.37
30	2	4	0.4
30	1	14	0.39
30	0	6	0.42
30	3	11	0.41
30	2	4	0.56
30	1	5	0.8
30	0	13	0.78
30	3	9	0.616162
30	2	7	0.35
30	1	4	0.78
30	0	5	0.78
30	3	5	0.82
30	2	8	0.78
30	1	4	0.62
30	0	9	0.84
30	3	5	0.38
30	2	4	0.37
30	1	7	0.42
30	0	17	0.42
30	3	6	0.79
30	2	5	0.77
30	1	4	0.78
30	0	14	0.45
30	3	4	0.31
30	2	5	0.36
30	1	11	0.72
30	0	15	0.4
30	3	4	0.78
30	2	8	0.34
30	1	6	0.28
30	0	12	0.92
30	3	8	0.62
30	2	6	0.58
30	1	16	0.66
30	0	4	0.8
30	3	8	0.61
30	2	5	0.41
30	1	6	0.43
30	0	4	0.42
30	3	5	0.72
30	2	7	0.34
30	1	4	0.77
30	0	17	0.56
30	3	6	0.78
30	2	5	0.61
30	1	4	0.78
30	0	13	0.45
30	3	4	0.33
30	2	7	0.39
30	1	10	0.34
30	0	19	0.4
30	3	5	0.73
30	2	6	0.35
30	1	4	0.82
30	0	4	0.79
30	3	5	0.76
30	2	4	0.71
30	1	10	0.38
30	0	11	0.58
30	3	4	0.38
30	2	9	0.45
30	1	12	0.58
30	0	6	0.41
30	3	4	0.4
30	2	7	0.32
30	1	14	0.74
30	0	20	0.41
30	3	4	0.39
30	2	9	0.35
30	1	5	0.38
30	0	13	0.35
30	3	4	0.37
30	2	8	0.35
30	1	6	0.38
30	0	9	0.47
30	3	5	0.36
30	2	7	0.33
30	1	4	0.45
30	0	11	0.4
30	3	5	0.4
30	2	8	0.75
30	1	20	0.43
30	0	4	0.62
30	3	5	0.59
30	2	4	0.55
30	1	11	0.62
30	0	7	0.67
30	3	4	0.71
30	2	5	0.35
30	1	15	0.39
30	0	11	0.58
30	3	6	0.38
30	2	4	0.36
30	1	5	0.34
30	0	17	0.36
30	3	6	0.41
30	2	5	0.83
30	1	14	0.64
30	0	15	0.56
30	3	9	0.4
30	2	5	0.41
30	1	7	0.38
30	0	8	0.42
30	3	12	0.41
30	2	5	0.76
30	1	7	0.38
30	0	11	0.4
30	3	5	0.39
30	2	7	0.42
30	1	10	0.41
30	0	9	0.46
30	3	6	0.44
30	2	4	0.7
30	1	5	0.69
30	0	8	0.39
30	3	11	0.42
30	2	4	0.75
30	1	14	0.43
30	0	5	0.73
30	3	4	0.8
30	2	7	0.41
30	1	10	0.44
30	0	4	0.84
30	3	5	0.35
30	2	6	0.43
30	1	10	0.62
30	0	12	0.76
30	3	4	0.81
30	2	5	0.72
30	1	7	0.35
30	0	8	0.32
30	3	4	0.81
30	2	5	0.7
30	1	4	0.83
30	0	8	0.33
30	3	5	0.37
30	2	4	0.69
30	1	9	0.4
30	0	10	0.47
30	3	4	0.37
30	2	7	0.35
30	1	9	0.74
30	0	5	0.77
30	3	4	0.67
30	2	6	0.4
30	1	10	0.73
30	0	5	0.75
30	3	4	0.76
30	2	8	0.38
30	1	6	0.41
30	0	16	0.43
30	3	7	0.42
30	2	5	0.84
30	1	4	0.75
30	0	11	0.37
30	3	4	0.39
30	2	5	0.36
30	1	8	0.41
30	0	13	0.75
30	3	9	0.64
30	2	5	0.35
30	1	10	0.53
30	0	7	0.39
30	3	5	0.32
30	2	4	0.71
30	1	10	0.39
30	0	13	0.56
30	3	5	0.35
30	2	4	0.33
30	1	7	0.39
30	0	14	0.47
30	3	5	0.36
30	2	4	0.35
30	1	6	0.76
30	0	12	0.55
30	3	6	0.38
30	2	8	0.41
30	1	12	0.646465
30	0	4	0.8
30	3	6	0.42
30	2	7	0.38
30	1	4	0.45
30	0	8	0.33
30	3	6	0.76
30	2	7	0.41
30	1	17	0.45
30	0	4	0.39
30	3	6	0.4
30	2	7	0.41
30	1	4	0.73
30	0	8	0.7
30	3	8	0.37
30	2	5	0.37
30	1	11	0.39
30	0	6	0.34
30	3	4	0.38
30	2	7	0.32
30	1	8	0.33
30	0	15	0.38
30	3	10	0.4
30	2	5	0.77
30	1	9	0.41
30	0	4	0.74
30	3	6	0.31
30	2	7	0.38
30	1	10	0.56
30	0	4	0.88
30	3	6	0.3
30	2	5	0.28
30	1	15	0.44
30	0	12	0.41
30	3	5	0.45
30	2	4	0.33
30	1	13	0.43
30	0	12	0.39
30	3	4	0.36
30	2	5	0.41
30	1	15	0.48
30	0	9	0.45
30	3	8	0.37
30	2	4	0.37
30	1	14	0.38
30	0	11	0.39
30	3	4	0.82
30	2	5	0.35
30	1	13	0.37
30	0	15	0.38
30	3	4	0.43
30	2	6	0.4
30	1	5	0.46
30	0	13	0.39
35	3	8	0.35
35	2	4	0.4
35	1	6	0.44
35	0	11	0.39
35	3	5	0.67
35	2	7	0.72
35	1	4	0.63
35	0	6	0.8
35	3	9	0.75
35	2	4	0.8
35	1	13	0.39
35	0	8	0.42
35	3	6	0.43
35	2	4	0.64
35	1	5	0.75
35	0	8	0.76
35	3	4	0.77
35	2	6	0.7
35	1	11	0.4
35	0	7	0.34
35	3	4	0.37
35	2	10	0.42
35	1	12	0.63
35	0	5	0.4
35	3	7	0.39
35	2	4	0.36
35	1	18	0.36
35	0	14	0.42
35	3	8	0.38
35	2	4	0.45
35	1	14	0.45
35	0	11	0.42
35	3	9	0.38
35	2	4	0.34
35	1	15	0.42
35	0	14	0.45
35	3	6	0.75
35	2	5	0.74
35	1	4	0.67
35	0	16	0.42
35	3	5	0.71
35	2	4	0.73
35	1	10	0.41
35	0	15	0.7
35	3	10	0.41
35	2	5	0.41
35	1	4	0.82
35	0	6	0.39
35	3	4	0.43
35	2	7	0.36
35	1	9	0.4
35	0	14	0.41
35	3	6	0.42
35	2	10	0.41
35	1	8	0.42
35	0	5	0.47
35	3	4	0.37
35	2	5	0.34
35	1	11	0.4
35	0	16	0.4
35	3	4	0.31
35	2	6	0.37
35	1	13	0.35
35	0	10	0.46
35	3	10	0.717172
35	2	7	0.4
35	1	4	0.73
35	0	6	0.32
35	3	4	0.77
35	2	6	0.41
35	1	12	0.32
35	0	15	0.58
35	3	5	0.56
35	2	4	0.757576
35	1	13	0.46
35	0	9	0.67
35	3	13	0.39
35	2	7	0.37
35	1	4	0.38
35	0	6	0.46
35	3	4	0.75
35	2	7	0.36
35	1	5	0.35
35	0	10	0.41
35	3	7	0.44
35	2	4	0.73
35	1	5	0.37
35	0	9	0.61
35	3	4	0.38
35	2	6	0.37
35	1	14	0.63
35	0	18	0.74
35	3	6	0.39
35	2	4	0.79
35	1	15	0.64
35	0	5	0.78
35	3	11	0.36
35	2	4	0.39
35	1	9	0.36
35	0	5	0.35
35	3	5	0.75
35	2	10	0.41
35	1	4	0.72
35	0	7	0.43
35	3	12	0.42
35	2	5	0.36
35	1	4	0.85
35	0	7	0.82
35	3	5	0.91
35	2	4	0.74
35	1	14	0.42
35	0	6	0.68
35	3	5	0.77
35	2	8	0.38
35	1	9	0.44
35	0	15	0.63
35	3	10	0.43
35	2	5	0.34
35	1	15	0.43
35	0	14	0.57
35	3	4	0.57
35	2	9	0.77
35	1	7	0.42
35	0	12	0.44
35	3	8	0.42
35	2	4	0.41
35	1	14	0.73
35	0	5	0.41
35	3	6	0.38
35	2	4	0.77
35	1	5	0.36
35	0	7	0.39
35	3	6	0.44
35	2	4	0.38
35	1	5	0.45
35	0	7	0.44
35	3	14	0.65
35	2	4	0.53
35	1	8	0.74
35	0	6	0.47
35	3	7	0.8
35	2	8	0.47
35	1	6	0.47
35	0	10	0.75
35	3	5	0.81
35	2	4	0.64
35	1	6	0.4
35	0	9	0.36
35	3	4	0.44
35	2	7	0.46
35	1	6	0.39
35	0	11	0.38
35	3	4	0.82
35	2	9	0.39
35	1	4	0.82
35	0	5	0.37
35	3	6	0.43
35	2	4	0.59
35	1	5	0.78
35	0	9	0.41
35	3	6	0.45
35	2	4	0.44
35	1	8	0.43
35	0	9	0.36
35	3	4	0.58
35	2	5	0.69697
35	1	6	0.9
35	0	9	0.44
35	3	4	0.69
35	2	5	0.35
35	1	12	0.63
35	0	15	0.64
35	3	4	0.63
35	2	9	0.44
35	1	10	0.71
35	0	13	0.41
35	3	4	0.71
35	2	6	0.81
35	1	9	0.36
35	0	10	0.75
35	3	4	0.85
35	2	5	0.36
35	1	8	0.41
35	0	6	0.35
35	3	5	0.41
35	2	4	0.41
35	1	14	0.47
35	0	6	0.75
35	3	4	0.74
35	2	12	0.59
35	1	9	0.67
35	0	7	0.4
35	3	7	0.34
35	2	5	0.83
35	1	4	0.76
35	0	9	0.585859
35	3	10	0.44
35	2	5	0.4
35	1	12	0.37
35	0	6	0.4
35	3	6	0.35
35	2	4	0.74
35	1	7	0.41
35	0	10	0.53
35	3	4	0.78
35	2	5	0.62
35	1	11	0.7
35	0	7	0.58
35	3	5	0.44
35	2	7	0.44
35	1	6	0.79
35	0	15	0.7
35	3	5	0.34
35	2	4	0.83
35	1	9	0.78
35	0	6	0.41
35	3	10	0.42
35	2	5	0.63
35	1	7	0.42
35	0	4	0.58
35	3	4	0.26
35	2	10	0.41
35	1	7	0.63
35	0	6	0.39
35	3	5	0.43
35	2	4	0.72
35	1	6	0.37
35	0	13	0.59
35	3	5	0.71
35	2	9	0.44
35	1	16	0.62
35	0	4	0.72
35	3	4	0.61
35	2	6	0.8
35	1	5	0.64
35	0	14	0.39
35	3	10	0.4
35	2	4	0.82
35	1	15	0.43
35	0	6	0.4
35	3	5	0.42
35	2	4	0.59
35	1	13	0.42
35	0	7	0.37
35	3	6	0.49
35	2	4	0.41
35	1	5	0.42
35	0	11	0.37
35	3	5	0.41
35	2	4	0.6
35	1	6	0.32
35	0	7	0.45
35	3	10	0.46
35	2	5	0.7
35	1	6	0.77
35	0	4	0.75
35	3	4	0.83
35	2	8	0.38
35	1	10	0.58
35	0	5	0.41
35	3	6	0.76
35	2	8	0.44
35	1	4	0.63
35	0	9	0.42
35	3	8	0.45
35	2	5	0.44
35	1	4	0.65
35	0	12	0.61
35	3	9	0.45
35	2	4	0.75
35	1	7	0.48
35	0	6	0.45
35	3	5	0.82
35	2	8	0.43
35	1	6	0.71
35	0	7	0.42
35	3	5	0.35
35	2	12	0.71
35	1	4	0.62
35	0	7	0.42
35	3	8	0.44
35	2	5	0.45
35	1	11	0.4
35	0	4	0.41
35	3	5	0.33
35	2	4	0.77
35	1	11	0.38
35	0	9	0.42
35	3	4	0.75
35	2	5	0.73
35	1	11	0.41
35	0	7	0.41
35	3	4	0.73
35	2	7	0.37
35	1	6	0.43
35	0	10	0.38
35	3	4	0.46
35	2	5	0.84
35	1	10	0.41
35	0	12	0.62
35	3	5	0.39
35	2	4	0.41
35	1	16	0.37
35	0	9	0.6
35	3	4	0.65
35	2	7	0.41
35	1	14	0.41
35	0	9	0.4
35	3	5	0.79
35	2	9	0.43
35	1	7	0.44
35	0	4	0.73
35	3	8	0.44
35	2	4	0.77
35	1	16	0.47
35	0	5	0.77
35	3	5	0.41
35	2	9	0.35
35	1	4	0.4
35	0	8	0.42
35	3	6	0.45
35	2	7	0.37
35	1	14	0.41
35	0	4	0.33
35	3	4	0.63
35	2	10	0.45
35	1	5	0.8
35	0	13	0.76
35	3	4	0.6
35	2	5	0.77
35	1	7	0.71
35	0	11	0.35
35	3	4	0.72
35	2	7	0.42
35	1	5	0.45
35	0	16	0.44
35	3	4	0.44
35	2	5	0.38
35	1	16	0.6
35	0	8	0.37
35	3	7	0.38
35	2	4	0.77
35	1	16	0.686869
35	0	11	0.43
35	3	5	0.42
35	2	12	0.48
35	1	4	0.38
35	0	15	0.65
35	3	4	0.6
35	2	6	0.34
35	1	8	0.34
35	0	15	0.43
35	3	6	0.44
35	2	9	0.4
35	1	4	0.41
35	0	8	0.62
35	3	4	0.77
35	2	7	0.71
35	1	10	0.44
35	0	12	0.54
35	3	6	0.42
35	2	10	0.4
35	1	4	0.34
35	0	5	0.41
35	3	4	0.87
35	2	7	0.32
35	1	5	0.72
35	0	15	0.36
35	3	5	0.78
35	2	6	0.43
35	1	15	0.59
35	0	7	0.73
35	3	4	0.81
35	2	9	0.41
35	1	7	0.4
35	0	5	0.41
35	3	4	0.64
35	2	5	0.42
35	1	10	0.38
35	0	9	0.75
35	3	4	0.72
35	2	6	0.45
35	1	9	0.68
35	0	10	0.74
35	3	6	0.43
35	2	4	0.43
35	1	14	0.4
35	0	10	0.76
35	3	9	0.38
35	2	4	0.76
35	1	5	0.41
35	0	8	0.42
35	3	8	0.41
35	2	6	0.43
35	1	5	0.46
35	0	4	0.64
35	3	6	0.62
35	2	7	0.45
35	1	8	0.616162
35	0	4	0.81
40	3	5	0.45
40	2	4	0.55
40	1	9	0.41
40	0	8	0.82
40	3	5	0.4
40	2	7	0.4
40	1	14	0.49
40	0	9	0.4
40	3	5	0.45
40	2	4	0.46
40	1	6	0.43
40	0	10	0.47
40	3	4	0.81
40	2	5	0.74
40	1	9	0.43
40	0	10	0.39
40	3	9	0.39
40	2	4	0.66
40	1	8	0.43
40	0	13	0.34
40	3	4	0.85
40	2	6	0.63
40	1	17	0.67
40	0	10	0.41
40	3	4	0.77
40	2	6	0.32
40	1	8	0.79
40	0	5	0.43
40	3	6	0.44
40	2	4	0.47
40	1	14	0.41
40	0	7	0.42
40	3	4	0.59
40	2	6	0.8
40	1	9	0.41
40	0	12	0.4
40	3	5	0.73
40	2	4	0.83
40	1	9	0.44
40	0	15	0.42
40	3	4	0.68
40	2	6	0.7
40	1	5	0.62
40	0	15	0.45
40	3	8	0.42
40	2	4	0.81
40	1	9	0.38
40	0	6	0.4
40	3	6	0.45
40	2	10	0.4
40	1	4	0.61
40	0	9	0.79
40	3	6	0.42
40	2	7	0.46
40	1	9	0.76
40	0	4	0.65
40	3	7	0.8
40	2	4	0.8
40	1	13	0.46
40	0	11	0.42
40	3	4	0.78
40	2	8	0.43
40	1	6	0.39
40	0	17	0.73
40	3	4	0.4
40	2	10	0.45
40	1	14	0.47
40	0	16	0.74
40	3	5	0.44
40	2	4	0.38
40	1	14	0.4
40	0	7	0.37
40	3	15	0.41
40	2	5	0.63
40	1	8	0.71
40	0	4	0.77
40	3	4	0.6
40	2	5	0.64
40	1	12	0.73
40	0	7	0.77
40	3	4	0.47
40	2	6	0.49
40	1	15	0.42
40	0	8	0.42
40	3	7	0.36
40	2	10	0.48
40	1	4	0.63
40	0	14	0.43
40	3	4	0.747475
40	2	5	0.39
40	1	12	0.45
40	0	16	0.39
40	3	4	0.59
40	2	9	0.86
40	1	8	0.76
40	0	5	0.67
40	3	8	0.56
40	2	4	0.39
40	1	19	0.44
40	0	6	0.78
40	3	4	0.77
40	2	6	0.43
40	1	9	0.41
40	0	7	0.38
40	3	5	0.81
40	2	4	0.79
40	1	8	0.41
40	0	9	0.59
40	3	8	0.78
40	2	7	0.36
40	1	5	0.76
40	0	11	0.42
40	3	6	0.46
40	2	13	0.36
40	1	4	0.8
40	0	8	0.47
40	3	4	0.81
40	2	7	0.77
40	1	12	0.6
40	0	13	0.68
40	3	8	0.44
40	2	6	0.44
40	1	4	0.66
40	0	17	0.34
40	3	4	0.49
40	2	5	0.46
40	1	13	0.37
40	0	7	0.46
40	3	5	0.39
40	2	7	0.45
40	1	8	0.39
40	0	14	0.37
40	3	5	0.41
40	2	4	0.63
40	1	13	0.63
40	0	6	0.35
40	3	9	0.46
40	2	5	0.46
40	1	8	0.39
40	0	12	0.39
40	3	5	0.37
40	2	11	0.7
40	1	15	0.41
40	0	4	0.61
40	3	6	0.43
40	2	9	0.45
40	1	5	0.39
40	0	16	0.75
40	3	4	0.56
40	2	8	0.4
40	1	9	0.43
40	0	6	0.48
40	3	5	0.5
40	2	7	0.43
40	1	4	0.44
40	0	8	0.43
40	3	4	0.81
40	2	11	0.73
40	1	10	0.6
40	0	6	0.42
40	3	9	0.72
40	2	4	0.62
40	1	5	0.79
40	0	16	0.44
40	3	5	0.78
40	2	8	0.39
40	1	11	0.45
40	0	4	0.62
40	3	5	0.36
40	2	6	0.44
40	1	10	0.45
40	0	4	0.67
40	3	5	0.47
40	2	4	0.41
40	1	13	0.41
40	0	7	0.42
40	3	4	0.64
40	2	5	0.42
40	1	7	0.42
40	0	13	0.39
40	3	5	0.42
40	2	4	0.46
40	1	11	0.43
40	0	14	0.41
40	3	9	0.44
40	2	5	0.41
40	1	4	0.79
40	0	10	0.41
40	3	8	0.42
40	2	5	0.44
40	1	11	0.71
40	0	9	0.73
40	3	6	0.44
40	2	4	0.79
40	1	16	0.42
40	0	5	0.4
40	3	4	0.37
40	2	11	0.45
40	1	10	0.42
40	0	16	0.42
40	3	7	0.44
40	2	4	0.41
40	1	18	0.41
40	0	5	0.41
40	3	6	0.47
40	2	11	0.6
40	1	5	0.76
40	0	4	0.45
40	3	4	0.96
40	2	6	0.47
40	1	5	0.68
40	0	9	0.46
40	3	4	0.81
40	2	6	0.44
40	1	16	0.52
40	0	9	0.38
40	3	5	0.46
40	2	6	0.61
40	1	11	0.36
40	0	13	0.75
40	3	7	0.76
40	2	4	0.63
40	1	8	0.47
40	0	6	0.46
40	3	4	0.44
40	2	7	0.43
40	1	9	0.4
40	0	8	0.36
40	3	4	0.74
40	2	12	0.62
40	1	9	0.41
40	0	20	0.59596
40	3	4	0.41
40	2	6	0.4
40	1	8	0.49
40	0	12	0.43
40	3	7	0.62
40	2	4	0.72
40	1	13	0.65
40	0	5	0.75
40	3	4	0.76
40	2	7	0.41
40	1	8	0.45
40	0	12	0.39
40	3	7	0.46
40	2	6	0.39
40	1	4	0.33
40	0	5	0.41
40	3	9	0.43
40	2	7	0.42
40	1	13	0.47
40	0	5	0.41
40	3	6	0.75
40	2	8	0.38
40	1	4	0.78
40	0	7	0.41
40	3	7	0.39
40	2	5	0.75
40	1	15	0.6
40	0	4	0.85
40	3	6	0.41
40	2	4	0.65
40	1	16	0.65
40	0	10	0.35
40	3	5	0.42
40	2	6	0.81
40	1	4	0.66
40	0	17	0.66
40	3	6	0.45
40	2	4	0.36
40	1	10	0.46
40	0	7	0.47
40	3	4	0.83
40	2	6	0.78
40	1	9	0.79
40	0	7	0.34
40	3	8	0.7
40	2	5	0.4
40	1	4	0.45
40	0	6	0.77
40	3	8	0.72
40	2	5	0.36
40	1	7	0.41
40	0	21	0.4
40	3	8	0.42
40	2	5	0.64
40	1	4	0.42
40	0	7	0.43
40	3	6	0.35
40	2	4	0.8
40	1	17	0.4
40	0	10	0.4
40	3	13	0.71
40	2	5	0.65
40	1	8	0.38
40	0	4	0.38
40	3	4	0.42
40	2	6	0.42
40	1	7	0.74
40	0	14	0.64
40	3	5	0.36
40	2	6	0.4
40	1	4	0.8
40	0	9	0.52
40	3	4	0.57
40	2	7	0.42
40	1	6	0.78
40	0	10	0.44
40	3	11	0.42
40	2	5	0.43
40	1	4	0.36
40	0	8	0.43
40	3	4	0.63
40	2	6	0.6
40	1	8	0.575758
40	0	5	0.77
40	3	4	0.38
40	2	10	0.47
40	1	11	0.42
40	0	7	0.42
40	3	6	0.31
40	2	5	0.45
40	1	12	0.61
40	0	17	0.42
40	3	4	0.71
40	2	8	0.37
40	1	6	0.44
40	0	11	0.66
40	3	4	0.81
40	2	4	0.82
40	1	6	0.44
40	0	8	0.39
40	3	6	0.47
40	2	5	0.42
40	1	4	0.72
40	0	12	0.42
40	3	5	0.43
40	2	4	0.48
40	1	6	0.46
40	0	11	0.37
40	3	8	0.42
40	2	4	0.78
40	1	5	0.39
40	0	16	0.66
40	3	4	0.65
40	2	7	0.67
40	1	17	0.54
40	0	14	0.4
40	3	4	0.45
40	2	5	0.41
40	1	9	0.63
40	0	23	0.51
40	3	5	0.88
40	2	4	0.71
40	1	7	0.74
40	0	10	0.37
40	3	5	0.42
40	2	4	0.83
40	1	6	0.41
40	0	15	0.42
40	3	7	0.43
40	2	4	0.38
40	1	11	0.43
40	0	6	0.42
40	3	4	0.35
40	2	6	0.4
40	1	14	0.44
40	0	9	0.42
40	3	10	0.92
40	2	5	0.42
40	1	11	0.48
40	0	4	0.46
40	3	6	0.43
40	2	10	0.45
40	1	5	0.64
40	0	4	0.38
40	3	5	0.5
40	2	8	0.45
40	1	4	0.47
40	0	6	0.37
40	3	11	0.64
40	2	4	0.42
40	1	8	0.75
40	0	14	0.42
40	3	4	0.61
40	2	8	0.42
40	1	11	0.43
40	0	10	0.42
40	3	7	0.45
40	2	6	0.42
40	1	15	0.39
40	0	10	0.46
40	3	10	0.42
40	2	4	0.69
40	1	5	0.39
40	0	6	0.4
40	3	5	0.37
40	2	4	0.77
40	1	19	0.46
40	0	12	0.67
45	3	6	0.76
45	2	5	0.7
45	1	17	0.86
45	0	14	0.63
45	3	4	0.47
45	2	7	0.44
45	1	6	0.44
45	0	13	0.43
45	3	5	0.44
45	2	7	0.37
45	1	14	0.63
45	0	4	0.38
45	3	14	0.42
45	2	4	0.41
45	1	7	0.39
45	0	6	0.49
45	3	4	0.36
45	2	9	0.44
45	1	6	0.45
45	0	10	0.41
45	3	9	0.47
45	2	5	0.48
45	1	6	0.5
45	0	10	0.45
45	3	4	0.84
45	2	5	0.41
45	1	7	0.46
45	0	11	0.66
45	3	11	0.83
45	2	5	0.79
45	1	4	0.717172
45	0	6	0.4
45	3	4	0.74
45	2	5	0.59
45	1	12	0.42
45	0	9	0.41
45	3	5	0.44
45	2	8	0.43
45	1	9	0.45
45	0	13	0.52
45	3	4	0.49
45	2	7	0.57
45	1	16	0.48
45	0	8	0.42
45	3	5	0.43
45	2	4	0.46
45	1	9	0.4
45	0	15	0.35
45	3	4	0.8
45	2	6	0.81
45	1	7	0.44
45	0	16	0.43
45	3	5	0.46
45	2	4	0.48
45	1	8	0.57
45	0	11	0.61
45	3	5	0.43
45	2	9	0.81
45	1	4	0.4
45	0	23	0.626263
45	3	6	0.76
45	2	12	0.39
45	1	9	0.43
45	0	4	0.43
45	3	10	0.73
45	2	6	0.49
45	1	5	0.45
45	0	4	0.65
45	3	4	0.38
45	2	5	0.45
45	1	12	0.4
45	0	11	0.5
45	3	4	0.46
45	2	5	0.78
45	1	18	0.47
45	0	14	0.6
45	3	4	0.47
45	2	5	0.42
45	1	11	0.48
45	0	6	0.46
45	3	4	0.5
45	2	5	0.38
45	1	16	0.43
45	0	7	0.43
45	3	7	0.74
45	2	4	0.73
45	1	14	0.44
45	0	6	0.42
45	3	4	0.43
45	2	5	0.52
45	1	15	0.48
45	0	11	0.66
45	3	5	0.44
45	2	8	0.4
45	1	4	0.41
45	0	9	0.43
45	3	8	0.46
45	2	6	0.46
45	1	7	0.42
45	0	4	0.39
45	3	9	0.47
45	2	4	0.78
45	1	18	0.5
45	0	7	0.35
45	3	4	0.5
45	2	7	0.46
45	1	5	0.45
45	0	13	0.75
45	3	6	0.41
45	2	4	0.98
45	1	5	0.44
45	0	18	0.42
45	3	4	0.77
45	2	9	0.42
45	1	16	0.44
45	0	5	0.7
45	3	5	0.74
45	2	4	0.41
45	1	11	0.42
45	0	8	0.41
45	3	7	0.42
45	2	4	0.41
45	1	14	0.47
45	0	11	0.44
45	3	10	0.43
45	2	5	0.48
45	1	4	0.43
45	0	13	0.44
45	3	6	0.79
45	2	4	0.44
45	1	14	0.62
45	0	23	0.48
45	3	4	0.59
45	2	12	0.77
45	1	10	0.39
45	0	5	0.4
45	3	5	0.45
45	2	6	0.69697
45	1	14	0.48
45	0	4	0.82
45	3	4	0.78
45	2	6	0.47
45	1	5	0.38
45	0	9	0.46
45	3	5	0.41
45	2	6	0.42
45	1	12	0.42
45	0	20	0.43
45	3	5	0.74
45	2	4	0.69
45	1	9	0.46
45	0	12	0.42
45	3	6	0.71
45	2	10	0.46
45	1	4	0.8
45	0	14	0.72
45	3	7	0.44
45	2	4	0.48
45	1	16	0.42
45	0	8	0.45
45	3	6	0.46
45	2	4	0.81
45	1	19	0.43
45	0	5	0.43
45	3	4	0.78
45	2	6	0.66
45	1	9	0.43
45	0	10	0.71
45	3	5	0.75
45	2	6	0.44
45	1	4	0.82
45	0	11	0.42
45	3	7	0.46
45	2	8	0.44
45	1	5	0.45
45	0	10	0.42
45	3	4	0.74
45	2	9	0.44
45	1	11	0.41
45	0	16	0.41
45	3	8	0.44
45	2	6	0.44
45	1	5	0.35
45	0	12	0.39
45	3	4	0.74
45	2	6	0.4
45	1	10	0.47
45	0	15	0.44
45	3	5	0.75
45	2	10	0.6
45	1	6	0.47
45	0	7	0.45
45	3	4	0.46
45	2	5	0.39
45	1	12	0.4
45	0	10	0.46
45	3	10	0.747475
45	2	4	0.73
45	1	13	0.48
45	0	7	0.43
45	3	8	0.46
45	2	5	0.41
45	1	9	0.45
45	0	15	0.74
45	3	5	0.41
45	2	4	0.65
45	1	13	0.41
45	0	9	0.42
45	3	9	0.48
45	2	4	0.66
45	1	8	0.42
45	0	11	0.47
45	3	5	0.82
45	2	4	0.84
45	1	4	0.85
45	0	7	0.42
45	3	4	0.52
45	2	5	0.47
45	1	6	0.42
45	0	14	0.45
45	3	11	0.51
45	2	4	0.44
45	1	5	0.41
45	0	8	0.42
45	3	7	0.48
45	2	9	0.47
45	1	4	0.73
45	0	6	0.45
45	3	4	0.77
45	2	7	0.5
45	1	9	0.47
45	0	21	0.39
45	3	4	0.83
45	2	10	0.48
45	1	7	0.42
45	0	6	0.79
45	3	10	0.37
45	2	5	0.34
45	1	4	0.44
45	0	14	0.64
45	3	5	0.45
45	2	7	0.44
45	1	8	0.39
45	0	9	0.73
45	3	14	0.45
45	2	7	0.4
45	1	13	0.74
45	0	4	0.4
45	3	8	0.43
45	2	5	0.49
45	1	11	0.4
45	0	6	0.41
45	3	4	0.36
45	2	7	0.46
45	1	13	0.45
45	0	12	0.73
45	3	13	0.37
45	2	5	0.48
45	1	6	0.46
45	0	4	0.81
45	3	8	0.44
45	2	6	0.39
45	1	11	0.81
45	0	4	0.44
45	3	5	0.77
45	2	4	0.77
45	1	9	0.4
45	0	6	0.45
45	3	4	0.49
45	2	5	0.42
45	1	8	0.38
45	0	11	0.46
45	3	11	0.44
45	2	4	0.75
45	1	5	0.62
45	0	9	0.58
45	3	5	0.42
45	2	10	0.42
45	1	9	0.41
45	0	7	0.46
45	3	9	0.68
45	2	8	0.46
45	1	4	0.41
45	0	14	0.43
45	3	10	0.39
45	2	5	0.75
45	1	4	0.74
45	0	6	0.76
45	3	4	0.68
45	2	7	0.41
45	1	6	0.585859
45	0	5	0.46
45	3	6	0.45
45	2	10	0.78
45	1	11	0.41
45	0	4	0.48
45	3	4	0.46
45	2	5	0.45
45	1	13	0.41
45	0	15	0.43
45	3	8	0.48
45	2	9	0.42
45	1	5	0.73
45	0	4	0.42
45	3	11	0.42
45	2	5	0.46
45	1	4	0.82
45	0	16	0.63
45	3	11	0.42
45	2	4	0.71
45	1	6	0.41
45	0	5	0.42
45	3	4	0.46
45	2	6	0.44
45	1	5	0.48
45	0	12	0.46
45	3	5	0.77
45	2	4	0.68
45	1	7	0.47
45	0	6	0.73
45	3	8	0.45
45	2	6	0.82
45	1	7	0.75
45	0	13	0.64
45	3	9	0.46
45	2	4	0.46
45	1	19	0.44
45	0	5	0.8
45	3	5	0.46
45	2	4	0.47
45	1	9	0.65
45	0	22	0.77
45	3	6	0.44
45	2	4	0.45
45	1	9	0.41
45	0	8	0.41
45	3	4	0.48
45	2	5	0.39
45	1	11	0.39
45	0	7	0.43
45	3	8	0.41
45	2	4	0.81
45	1	7	0.41
45	0	5	0.47
45	3	6	0.67
45	2	4	0.66
45	1	14	0.9
45	0	5	0.83
45	3	11	0.46
45	2	6	0.49
45	1	4	0.77
45	0	5	0.42
45	3	5	0.63
45	2	8	0.48
45	1	4	0.78
45	0	7	0.44
45	3	4	0.74
45	2	5	0.48
45	1	10	0.41
45	0	7	0.46
45	3	4	0.59
45	2	6	0.69
45	1	14	0.4
45	0	7	0.41
45	3	4	0.45
45	2	5	0.81
45	1	6	0.48
45	0	10	0.36
45	3	4	0.35
45	2	12	0.42
45	1	18	0.73
45	0	10	0.44
45	3	5	0.53
45	2	6	0.42
45	1	11	0.41
45	0	7	0.43
45	3	8	0.36
45	2	7	0.4
45	1	5	0.49
45	0	6	0.42
45	3	4	0.47
45	2	5	0.42
45	1	6	0.45
45	0	13	0.44
45	3	7	0.44
45	2	10	0.47
45	1	5	0.46
45	0	12	0.37
45	3	5	0.69
45	2	7	0.43
45	1	4	0.81
45	0	4	0.78
45	3	4	0.63
45	2	8	0.49
45	1	6	0.43
45	0	12	0.42
45	3	4	0.78
45	2	6	0.45
45	1	12	0.4
45	0	10	0.43
50	3	6	0.43
50	2	4	0.63
50	1	7	0.4
50	0	11	0.41
50	3	8	0.44
50	2	4	0.63
50	1	6	0.45
50	0	5	0.37
50	3	5	0.52
50	2	4	0.74
50	1	6	0.48
50	0	13	0.6
50	3	5	0.77
50	2	7	0.75
50	1	4	0.74
50	0	13	0.88
50	3	6	0.69
50	2	4	0.8
50	1	8	0.43
50	0	10	0.38
50	3	4	0.88
50	2	5	0.44
50	1	7	0.44
50	0	4	0.84
50	3	6	0.42
50	2	9	0.53
50	1	10	0.47
50	0	4	0.34
50	3	10	0.47
50	2	4	0.43
50	1	12	0.45
50	0	14	0.61
50	3	5	0.47
50	2	6	0.5
50	1	11	0.44
50	0	4	0.47
50	3	6	0.81
50	2	8	0.47
50	1	4	0.75
50	0	5	0.42
50	3	5	0.42
50	2	10	0.46
50	1	11	0.39
50	0	4	0.59
50	3	4	0.63
50	2	7	0.68
50	1	14	0.41
50	0	8	0.44
50	3	7	0.44
50	2	4	0.73
50	1	9	0.38
50	0	10	0.73
50	3	4	0.82
50	2	6	0.43
50	1	15	0.46
50	0	11	0.42
50	3	8	0.45
50	2	4	0.68
50	1	5	0.39
50	0	10	0.41
50	3	4	0.4
50	2	11	0.46
50	1	13	0.47
50	0	5	0.46
50	3	7	0.48
50	2	4	0.78
50	1	9	0.45
50	0	6	0.41
50	3	4	0.67
50	2	8	0.48
50	1	11	0.4
50	0	10	0.44
50	3	4	0.44
50	2	5	0.41
50	1	15	0.69
50	0	6	0.37
50	3	4	0.65
50	2	7	0.5
50	1	8	0.47
50	0	9	0.46
50	3	6	0.82
50	2	7	0.78
50	1	16	0.61
50	0	5	0.82
50	3	7	0.52
50	2	4	0.81
50	1	6	0.45
50	0	14	0.65
50	3	8	0.45
50	2	4	0.49
50	1	12	0.44
50	0	5	0.43
50	3	5	0.43
50	2	4	0.78
50	1	10	0.46
50	0	13	0.68
50	3	9	0.57
50	2	4	0.85
50	1	12	0.42
50	0	5	0.48
50	3	7	0.8
50	2	6	0.68
50	1	5	0.65
50	0	9	0.45
50	3	5	0.47
50	2	4	0.84
50	1	17	0.81
50	0	13	0.66
50	3	4	0.7
50	2	8	0.58
50	1	9	0.46
50	0	17	0.47
50	3	4	0.71
50	2	7	0.42
50	1	6	0.4
50	0	5	0.41
50	3	9	0.49
50	2	6	0.47
50	1	4	0.47
50	0	5	0.48
50	3	9	0.47
50	2	4	0.73
50	1	7	0.46
50	0	6	0.41
50	3	9	0.46
50	2	6	0.47
50	1	4	0.78
50	0	4	0.74
50	3	5	0.46
50	2	4	0.43
50	1	9	0.77
50	0	16	0.6
50	3	5	0.47
50	2	4	0.51
50	1	12	0.43
50	0	11	0.63
50	3	4	0.49
50	2	5	0.48
50	1	13	0.42
50	0	14	0.46
50	3	5	0.45
50	2	6	0.49
50	1	4	0.37
50	0	18	0.44
50	3	6	0.46
50	2	4	0.46
50	1	13	0.67
50	0	9	0.41
50	3	12	0.42
50	2	6	0.46
50	1	5	0.38
50	0	13	0.51
50	3	12	0.44
50	2	4	0.51
50	1	5	0.42
50	0	10	0.45
50	3	8	0.45
50	2	4	0.84
50	1	4	0.77
50	0	5	0.45
50	3	4	0.43
50	2	9	0.45
50	1	11	0.43
50	0	12	0.6
50	3	4	0.54
50	2	8	0.5
50	1	13	0.64
50	0	7	0.44
50	3	9	0.72
50	2	5	0.39
50	1	4	0.62
50	0	10	0.43
50	3	4	0.86
50	2	5	0.44
50	1	16	0.46
50	0	15	0.4
50	3	5	0.82
50	2	7	0.46
50	1	8	0.49
50	0	4	0.84
50	3	7	0.45
50	2	6	0.44
50	1	4	0.76
50	0	8	0.5
50	3	4	0.73
50	2	5	0.77
50	1	14	0.616162
50	0	17	0.63
50	3	11	0.41
50	2	6	0.43
50	1	4	0.39
50	0	12	0.6
50	3	5	0.78
50	2	4	0.47
50	1	16	0.51
50	0	13	0.46
50	3	7	0.46
50	2	4	0.93
50	1	5	0.5
50	0	6	0.43
50	3	4	0.47
50	2	6	0.5
50	1	11	0.48
50	0	5	0.47
50	3	5	0.68
50	2	4	0.81
50	1	9	0.77
50	0	6	0.44
50	3	5	0.76
50	2	4	0.39
50	1	16	0.68
50	0	13	0.43
50	3	4	0.71
50	2	7	0.76
50	1	17	0.46
50	0	6	0.42
50	3	13	0.79
50	2	5	0.78
50	1	12	0.38
50	0	7	0.47
50	3	5	0.51
50	2	6	0.49
50	1	13	0.6
50	0	16	0.4
50	3	15	0.84
50	2	4	0.46
50	1	11	0.42
50	0	14	0.46
50	3	5	0.46
50	2	4	0.64
50	1	18	0.48
50	0	7	0.41
50	3	4	0.48
50	2	7	0.49
50	1	6	0.8
50	0	17	0.45
50	3	7	0.54
50	2	13	0.37
50	1	6	0.39
50	0	5	0.43
50	3	8	0.45
50	2	4	0.46
50	1	10	0.42
50	0	5	0.43
50	3	5	0.61
50	2	6	0.49
50	1	4	0.62
50	0	8	0.4
50	3	6	0.73
50	2	4	0.79
50	1	11	0.7
50	0	5	0.68
50	3	8	0.73
50	2	5	0.79
50	1	4	0.74
50	0	13	0.565657
50	3	10	0.39
50	2	8	0.44
50	1	7	0.46
50	0	5	0.74
50	3	6	0.8
50	2	4	0.4
50	1	12	0.67
50	0	8	0.35
50	3	5	0.42
50	2	4	0.67
50	1	13	0.43
50	0	21	0.42
50	3	7	0.42
50	2	5	0.79
50	1	6	0.43
50	0	13	0.63
50	3	4	0.78
50	2	8	0.44
50	1	6	0.7
50	0	9	0.5
50	3	6	0.53
50	2	8	0.81
50	1	5	0.74
50	0	4	0.78
50	3	4	0.44
50	2	9	0.49
50	1	6	0.44
50	0	7	0.74
50	3	5	0.76
50	2	4	0.74
50	1	12	0.636364
50	0	13	0.4
50	3	4	0.4
50	2	6	0.41
50	1	11	0.48
50	0	12	0.51
50	3	4	0.83
50	2	5	0.47
50	1	4	0.76
50	0	10	0.47
50	3	5	0.49
50	2	6	0.39
50	1	4	0.87
50	0	15	0.47
50	3	8	0.5
50	2	6	0.55
50	1	4	0.74
50	0	10	0.64
50	3	7	0.49
50	2	5	0.71
50	1	4	0.74
50	0	9	0.43
50	3	7	0.48
50	2	4	0.42
50	1	8	0.39
50	0	14	0.44
50	3	4	0.74
50	2	6	0.46
50	1	14	0.43
50	0	16	0.45
50	3	6	0.5
50	2	4	0.61
50	1	13	0.43
50	0	7	0.707071
50	3	6	0.5
50	2	4	0.92
50	1	7	0.5
50	0	9	0.47
50	3	9	0.49
50	2	6	0.43
50	1	5	0.39
50	0	7	0.43
50	3	6	0.4
50	2	7	0.39
50	1	4	0.48
50	0	11	0.47
50	3	6	0.49
50	2	4	0.47
50	1	7	0.46
50	0	13	0.37
50	3	6	0.41
50	2	4	0.79
50	1	5	0.44
50	0	15	0.46
50	3	8	0.47
50	2	5	0.49
50	1	4	0.81
50	0	7	0.43
50	3	4	0.49
50	2	9	0.44
50	1	10	0.44
50	0	5	0.5
50	3	5	0.64
50	2	4	0.64
50	1	6	0.71
50	0	11	0.43
50	3	5	0.89
50	2	4	0.9
50	1	11	0.65
50	0	7	0.46
50	3	6	0.43
50	2	7	0.82
50	1	4	0.74
50	0	5	0.75
50	3	5	0.49
50	2	4	0.49
50	1	9	0.4
50	0	11	0.48
50	3	5	0.44
50	2	4	0.45
50	1	18	0.5
50	0	12	0.41
50	3	6	0.47
50	2	4	0.65
50	1	10	0.43
50	0	5	0.47
50	3	4	0.51
50	2	6	0.71
50	1	9	0.44
50	0	15	0.46
50	3	6	0.81
50	2	4	0.83
50	1	5	0.77
50	0	4	0.78
50	3	7	0.5
50	2	4	0.36
50	1	16	0.4
50	0	9	0.78
50	3	5	0.45
50	2	6	0.4
50	1	13	0.57
50	0	11	0.46
50	3	5	0.44
50	2	4	0.8
50	1	17	0.45
50	0	14	0.55
50	3	5	0.67
50	2	10	0.666667
50	1	7	0.47
50	0	4	0.63
50	3	4	0.76
50	2	5	0.51
50	1	6	0.43
50	0	11	0.75
