10	47
9	0.1
8	0.1
7	0.1
6	0.1
5	0.1
4	0.1
3	0.1
2	0.1
1	0.1
0	0.1
56	5.75688e-05
55	9.68151e-05
54	0.000113542
53	0.000124967
52	0.00018625
51	0.000227779
50	0.000301208
49	0.000349591
48	0.000457838
47	0.000512924
46	0.000640896
45	0.000783082
44	0.00104283
43	0.00139177
42	0.00152008
41	0.00174589
40	0.00188425
39	0.00199506
38	0.00241368
37	0.0028549
36	0.00390617
35	0.00509814
34	0.00554111
33	0.00747281
32	0.0077732
31	0.00852502
30	0.00856348
29	0.009246
28	0.0145617
27	0.0171822
26	0.0180126
25	0.019104
24	0.024004
23	0.0243361
22	0.0288884
21	0.0312169
20	0.03385
19	0.0384659
18	0.0431191
17	0.0498271
16	0.0499684
15	0.062357
14	0.0629142
13	0.0656768
12	0.0895953
11	0.108195
10	0.143899
485	9	13	0.3
485	8	12	0.24
485	7	18	0.28
485	6	19	0.36
485	5	22	0.35
485	4	10	0.35
485	3	16	0.33
485	2	11	0.25
485	1	15	0.49
485	0	10	0.29
