var	threshold	abdncError	methylCallError	TP	FN	FP
5	0.1	0.138974	0.018039	0.48	1.52	17.45
5	0.15	0.253306	0.054686	0.88	1.12	17.05
5	0.2	0.38873	0.108355	1.23	0.77	16.7
5	0.25	0.434309	0.135384	1.44	0.56	16.49
5	0.3	0.433851	0.142012	1.55	0.45	16.38
5	0.35	0.432961	0.154971	1.71	0.29	16.22
5	0.4	0.432649	0.170135	1.85	0.15	16.08
8	0.1	0.150872	0.0197608	0.49	1.51	18.77
8	0.15	0.300921	0.0583973	0.91	1.09	18.35
8	0.2	0.410607	0.0971065	1.19	0.81	18.07
8	0.25	0.473743	0.132825	1.46	0.54	17.8
8	0.3	0.476866	0.146147	1.63	0.37	17.63
8	0.35	0.476353	0.155955	1.75	0.25	17.51
8	0.4	0.475261	0.171612	1.91	0.09	17.35
11	0.1	0.17361	0.0218057	0.64	1.36	16.32
11	0.15	0.305893	0.0572069	0.99	1.01	15.97
11	0.2	0.400496	0.0922824	1.29	0.71	15.67
11	0.25	0.439846	0.116443	1.51	0.49	15.45
11	0.3	0.466278	0.137854	1.69	0.31	15.27
11	0.35	0.465533	0.151356	1.87	0.13	15.09
11	0.4	0.465223	0.15902	1.94	0.06	15.02
14	0.1	0.189977	0.0211062	0.73	1.27	14.33
14	0.15	0.328745	0.0602744	1.1	0.9	13.96
14	0.2	0.399394	0.0886794	1.37	0.63	13.69
14	0.25	0.435365	0.109724	1.55	0.45	13.51
14	0.3	0.448996	0.130129	1.73	0.27	13.33
14	0.35	0.448436	0.139215	1.84	0.16	13.22
14	0.4	0.447982	0.147222	1.92	0.08	13.14
17	0.1	0.250044	0.0296223	0.96	1.04	10.68
17	0.15	0.344043	0.0555152	1.26	0.74	10.38
17	0.2	0.399491	0.0812436	1.52	0.48	10.13
17	0.25	0.412379	0.0964863	1.7	0.3	9.95
17	0.3	0.417112	0.107039	1.8	0.2	9.85
17	0.35	0.415746	0.119034	1.92	0.08	9.73
17	0.4	0.41544	0.122369	1.95	0.05	9.7
20	0.1	0.239743	0.0296657	0.86	1.14	10.41
20	0.15	0.358276	0.0618057	1.24	0.76	10.03
20	0.2	0.398013	0.0813599	1.43	0.57	9.84
20	0.25	0.411731	0.10061	1.63	0.37	9.64
20	0.3	0.418681	0.120255	1.86	0.14	9.41
20	0.35	0.41785	0.127896	1.94	0.06	9.33
20	0.4	0.417289	0.13323	1.98	0.02	9.29
23	0.1	0.235689	0.027219	0.88	1.12	9.62
23	0.15	0.348471	0.0626306	1.25	0.75	9.25
23	0.2	0.391046	0.0846899	1.48	0.52	9.02
23	0.25	0.412054	0.102525	1.69	0.31	8.81
23	0.3	0.410112	0.112752	1.81	0.19	8.69
23	0.35	0.409281	0.120113	1.89	0.11	8.61
23	0.4	0.408864	0.126732	1.94	0.06	8.56
26	0.1	0.254114	0.0265789	0.89	1.11	8.79
26	0.15	0.359839	0.0664903	1.33	0.67	8.36
26	0.2	0.383814	0.0862944	1.56	0.44	8.13
26	0.25	0.386508	0.0984407	1.74	0.26	7.95
26	0.3	0.385094	0.106159	1.82	0.18	7.87
26	0.35	0.384764	0.111786	1.87	0.13	7.82
26	0.4	0.383798	0.120535	1.94	0.06	7.75
29	0.1	0.277699	0.0219317	1.02	0.98	7.99
29	0.15	0.361634	0.0480796	1.3	0.7	7.71
29	0.2	0.391688	0.065313	1.47	0.53	7.54
29	0.25	0.398485	0.083306	1.64	0.36	7.37
29	0.3	0.397005	0.0965369	1.79	0.21	7.22
29	0.35	0.394254	0.106131	1.88	0.12	7.13
29	0.4	0.393565	0.113275	1.93	0.07	7.08
32	0.1	0.240874	0.0188818	1	1	6.73
32	0.15	0.329062	0.0462429	1.33	0.67	6.4
32	0.2	0.369915	0.072949	1.64	0.36	6.09
32	0.25	0.376656	0.0828335	1.73	0.27	6
32	0.3	0.375539	0.094129	1.84	0.16	5.89
32	0.35	0.374146	0.100539	1.9	0.1	5.83
32	0.4	0.373588	0.106803	1.95	0.05	5.78
35	0.1	0.326833	0.0231165	1.16	0.84	6.61
35	0.15	0.353154	0.0391389	1.37	0.63	6.4
35	0.2	0.369763	0.0563772	1.57	0.43	6.2
35	0.25	0.370874	0.0743721	1.76	0.24	6.01
35	0.3	0.369506	0.0844895	1.86	0.14	5.91
35	0.35	0.368291	0.0903781	1.9	0.1	5.87
35	0.4	0.367625	0.0958945	1.93	0.07	5.84
38	0.1	0.296109	0.0199223	1.28	0.72	5.01
38	0.15	0.338321	0.0358973	1.49	0.51	4.8
38	0.2	0.355054	0.0536926	1.68	0.32	4.61
38	0.25	0.354978	0.0680788	1.82	0.18	4.47
38	0.3	0.354134	0.0722706	1.86	0.14	4.43
38	0.35	0.352858	0.0801105	1.92	0.08	4.37
38	0.4	0.352313	0.0855195	1.96	0.04	4.33
41	0.1	0.319595	0.0153699	1.29	0.71	4.44
41	0.15	0.331803	0.0284329	1.49	0.51	4.24
41	0.2	0.354229	0.0448276	1.65	0.35	4.08
41	0.25	0.344987	0.0593203	1.82	0.18	3.91
41	0.3	0.343399	0.0674074	1.89	0.11	3.84
41	0.35	0.34183	0.0750666	1.94	0.06	3.79
41	0.4	0.341636	0.0786964	1.96	0.04	3.77
44	0.1	0.330131	0.0202839	1.3	0.7	4.56
44	0.15	0.322668	0.0286232	1.44	0.56	4.42
44	0.2	0.341568	0.0457282	1.61	0.39	4.25
44	0.25	0.336349	0.0611016	1.77	0.23	4.1
44	0.3	0.334116	0.0723242	1.87	0.13	4
44	0.35	0.333041	0.0770818	1.9	0.1	3.97
44	0.4	0.332599	0.0827282	1.93	0.07	3.94
47	0.1	0.2951	0.0244413	1.46	0.54	3.5
47	0.15	0.316855	0.0379416	1.64	0.36	3.32
47	0.2	0.316689	0.044142	1.72	0.28	3.24
47	0.25	0.310701	0.0549963	1.83	0.17	3.15
47	0.3	0.305246	0.0609589	1.89	0.11	3.09
47	0.35	0.303612	0.0705283	1.95	0.05	3.03
47	0.4	0.30347	0.0752536	1.98	0.02	3
50	0.1	0.277691	0.0192439	1.44	0.56	3.3
50	0.15	0.274325	0.0260909	1.57	0.43	3.17
50	0.2	0.277136	0.0369118	1.69	0.31	3.05
50	0.25	0.274458	0.0434296	1.75	0.25	2.99
50	0.3	0.273596	0.0577627	1.85	0.15	2.89
50	0.35	0.272133	0.0617032	1.89	0.11	2.85
50	0.4	0.271013	0.0688293	1.93	0.07	2.81
53	0.1	0.257879	0.0269639	1.56	0.44	2.92
53	0.15	0.26259	0.0358901	1.69	0.31	2.8
53	0.2	0.261378	0.043877	1.81	0.19	2.68
53	0.25	0.267635	0.0554004	1.92	0.08	2.57
53	0.3	0.26668	0.0605667	1.96	0.04	2.53
53	0.35	0.265884	0.0654618	2	0	2.49
53	0.4	0.265884	0.0654618	2	0	2.49
56	0.1	0.25363	0.0251182	1.54	0.46	2.42
56	0.15	0.251172	0.0312654	1.66	0.34	2.3
56	0.2	0.254994	0.0399914	1.75	0.25	2.21
56	0.25	0.250651	0.0449462	1.81	0.19	2.16
56	0.3	0.249708	0.0486944	1.84	0.16	2.13
56	0.35	0.248338	0.0517932	1.86	0.14	2.11
56	0.4	0.246758	0.0615876	1.92	0.08	2.05
59	0.1	0.247447	0.0272621	1.7	0.3	2.14
59	0.15	0.231676	0.0322079	1.8	0.2	2.06
59	0.2	0.230551	0.0351463	1.84	0.16	2.02
59	0.25	0.233625	0.0394526	1.88	0.12	1.98
59	0.3	0.230642	0.0455357	1.93	0.07	1.93
59	0.35	0.22946	0.0503185	1.96	0.04	1.9
59	0.4	0.228772	0.0540551	1.98	0.02	1.88
62	0.1	0.237447	0.0276926	1.75	0.25	1.87
62	0.15	0.225146	0.0343439	1.88	0.12	1.75
62	0.2	0.224788	0.0351648	1.89	0.11	1.74
62	0.25	0.224839	0.0371942	1.91	0.09	1.72
62	0.3	0.223561	0.0421015	1.95	0.05	1.68
62	0.35	0.223561	0.0421015	1.95	0.05	1.68
62	0.4	0.223205	0.0455343	1.97	0.03	1.66
65	0.1	0.219248	0.0268976	1.66	0.34	1.78
65	0.15	0.216717	0.0341474	1.81	0.19	1.63
65	0.2	0.213194	0.0379122	1.86	0.14	1.58
65	0.25	0.20944	0.0422412	1.91	0.09	1.54
65	0.3	0.207764	0.0471835	1.95	0.05	1.5
65	0.35	0.207303	0.0487113	1.96	0.04	1.49
65	0.4	0.206781	0.0505954	1.97	0.03	1.48
68	0.1	0.21406	0.0266736	1.56	0.44	1.78
68	0.15	0.207842	0.036397	1.74	0.26	1.6
68	0.2	0.202718	0.0430861	1.82	0.18	1.52
68	0.25	0.195976	0.0488273	1.88	0.12	1.47
68	0.3	0.193727	0.0543881	1.93	0.07	1.42
68	0.35	0.193727	0.0543881	1.93	0.07	1.42
68	0.4	0.192691	0.0579096	1.95	0.05	1.4
71	0.1	0.218739	0.0288184	1.62	0.38	1.69
71	0.15	0.206461	0.0355309	1.76	0.24	1.55
71	0.2	0.203922	0.0415092	1.84	0.16	1.47
71	0.25	0.201649	0.0460074	1.89	0.11	1.42
71	0.3	0.202023	0.0516489	1.94	0.06	1.37
71	0.35	0.201317	0.0548213	1.96	0.04	1.35
71	0.4	0.200777	0.0566467	1.97	0.03	1.34
74	0.1	0.183876	0.0276749	1.62	0.38	1.35
74	0.15	0.171422	0.0336923	1.76	0.24	1.22
74	0.2	0.166973	0.040024	1.85	0.15	1.13
74	0.25	0.166522	0.0416842	1.87	0.13	1.11
74	0.3	0.165295	0.0443108	1.89	0.11	1.09
74	0.35	0.163663	0.0493074	1.92	0.08	1.06
74	0.4	0.162957	0.0529914	1.94	0.06	1.04
77	0.1	0.187129	0.0287853	1.72	0.28	1.26
77	0.15	0.179589	0.0350025	1.84	0.16	1.14
77	0.2	0.177693	0.0366273	1.87	0.13	1.11
77	0.25	0.175352	0.0415482	1.92	0.08	1.06
77	0.3	0.172563	0.0452387	1.95	0.05	1.03
77	0.35	0.172128	0.0469575	1.96	0.04	1.02
77	0.4	0.171683	0.0487222	1.97	0.03	1.01
80	0.1	0.173071	0.0290054	1.69	0.31	1.04
80	0.15	0.161745	0.03715	1.85	0.15	0.89
80	0.2	0.159838	0.0401724	1.89	0.11	0.85
80	0.25	0.154996	0.0443126	1.93	0.07	0.82
80	0.3	0.153959	0.0467391	1.95	0.05	0.8
80	0.35	0.153287	0.0496781	1.97	0.03	0.78
80	0.4	0.151919	0.0515352	1.98	0.02	0.77
83	0.1	0.179938	0.0298888	1.67	0.33	0.99
83	0.15	0.167115	0.0381995	1.84	0.16	0.82
83	0.2	0.15834	0.0435654	1.91	0.09	0.75
83	0.25	0.155052	0.0475029	1.95	0.05	0.71
83	0.3	0.155052	0.0475029	1.95	0.05	0.71
83	0.35	0.154257	0.0489521	1.96	0.04	0.7
83	0.4	0.1538	0.0508093	1.97	0.03	0.69
86	0.1	0.183642	0.0302297	1.66	0.34	1.08
86	0.15	0.178635	0.0372669	1.81	0.19	0.93
86	0.2	0.172918	0.0430306	1.89	0.11	0.85
86	0.25	0.169913	0.0481882	1.94	0.06	0.8
86	0.3	0.169913	0.0481882	1.94	0.06	0.8
86	0.35	0.167026	0.0512068	1.96	0.04	0.79
86	0.4	0.167026	0.0512068	1.96	0.04	0.79
89	0.1	0.167019	0.0288475	1.67	0.33	0.92
89	0.15	0.160108	0.0368578	1.82	0.18	0.78
89	0.2	0.161493	0.0425168	1.88	0.12	0.72
89	0.25	0.158597	0.0462522	1.92	0.08	0.68
89	0.3	0.154248	0.0500187	1.96	0.04	0.64
89	0.35	0.15351	0.0516129	1.97	0.03	0.63
89	0.4	0.153318	0.0530523	1.98	0.02	0.62
92	0.1	0.168617	0.0285253	1.55	0.45	1.01
92	0.15	0.153227	0.0431534	1.82	0.18	0.75
92	0.2	0.150782	0.0495635	1.9	0.1	0.67
92	0.25	0.147509	0.0536815	1.94	0.06	0.63
92	0.3	0.144837	0.0571608	1.97	0.03	0.6
92	0.35	0.144837	0.0571608	1.97	0.03	0.6
92	0.4	0.144837	0.0571608	1.97	0.03	0.6
95	0.1	0.166211	0.0277844	1.6	0.4	0.71
95	0.15	0.161583	0.0362271	1.76	0.24	0.55
95	0.2	0.155541	0.0436714	1.86	0.14	0.45
95	0.25	0.151735	0.0471676	1.9	0.1	0.41
95	0.3	0.148173	0.0516664	1.94	0.06	0.37
95	0.35	0.148173	0.0516664	1.94	0.06	0.37
95	0.4	0.143819	0.0566604	1.97	0.03	0.35
98	0.1	0.174839	0.0333601	1.61	0.39	0.74
98	0.15	0.14861	0.0398107	1.76	0.24	0.6
98	0.2	0.142529	0.0482845	1.88	0.12	0.48
98	0.25	0.14027	0.0510796	1.91	0.09	0.45
98	0.3	0.140001	0.0522939	1.92	0.08	0.44
98	0.35	0.137249	0.0549652	1.94	0.06	0.43
98	0.4	0.135599	0.0567906	1.95	0.05	0.42
101	0.1	0.154227	0.0311381	1.66	0.34	0.65
101	0.15	0.140932	0.0404371	1.83	0.17	0.48
101	0.2	0.13247	0.0459262	1.92	0.08	0.39
101	0.25	0.130654	0.0491523	1.95	0.05	0.36
101	0.3	0.129392	0.0514503	1.97	0.03	0.34
101	0.35	0.129392	0.0514503	1.97	0.03	0.34
101	0.4	0.129392	0.0514503	1.97	0.03	0.34
104	0.1	0.163526	0.0315057	1.56	0.44	0.62
104	0.15	0.161013	0.0402931	1.74	0.26	0.44
104	0.2	0.145596	0.045575	1.83	0.17	0.37
104	0.25	0.140553	0.050332	1.88	0.12	0.32
104	0.3	0.134869	0.0541742	1.91	0.09	0.31
104	0.35	0.131771	0.0581168	1.94	0.06	0.28
104	0.4	0.13117	0.0598332	1.95	0.05	0.27
107	0.1	0.157465	0.0322002	1.61	0.39	0.61
107	0.15	0.144118	0.0423668	1.8	0.2	0.43
107	0.2	0.13686	0.048957	1.89	0.11	0.34
107	0.25	0.133282	0.0525446	1.93	0.07	0.3
107	0.3	0.132141	0.0550108	1.95	0.05	0.28
107	0.35	0.129641	0.0561126	1.96	0.04	0.28
107	0.4	0.128735	0.0575096	1.97	0.03	0.27
110	0.1	0.174568	0.0313579	1.61	0.39	0.47
110	0.15	0.156971	0.0386113	1.78	0.22	0.3
110	0.2	0.147712	0.0428371	1.85	0.15	0.24
110	0.25	0.140407	0.0476096	1.9	0.1	0.21
110	0.3	0.138661	0.0501459	1.92	0.08	0.19
110	0.35	0.135815	0.0533234	1.94	0.06	0.18
110	0.4	0.133315	0.0553076	1.95	0.05	0.18
113	0.1	0.152617	0.0307961	1.63	0.37	0.36
113	0.15	0.135933	0.0374805	1.77	0.23	0.23
113	0.2	0.12582	0.0432126	1.85	0.15	0.15
113	0.25	0.120479	0.047371	1.89	0.11	0.11
113	0.3	0.119137	0.0499089	1.91	0.09	0.09
113	0.35	0.116637	0.051424	1.92	0.08	0.09
113	0.4	0.114137	0.0533288	1.93	0.07	0.09
116	0.1	0.137818	0.0318476	1.63	0.37	0.38
116	0.15	0.120275	0.0391608	1.79	0.21	0.22
116	0.2	0.109862	0.0458557	1.88	0.12	0.14
116	0.25	0.0981484	0.0524561	1.95	0.05	0.09
116	0.3	0.0956484	0.0537247	1.96	0.04	0.09
116	0.35	0.0956484	0.0537247	1.96	0.04	0.09
116	0.4	0.0914323	0.0574297	1.98	0.02	0.08
119	0.1	0.127955	0.0309088	1.6	0.4	0.45
119	0.15	0.104437	0.0397902	1.8	0.2	0.26
119	0.2	0.0967371	0.0453815	1.88	0.12	0.18
119	0.25	0.0925994	0.0488057	1.91	0.09	0.15
119	0.3	0.091976	0.0500914	1.92	0.08	0.14
119	0.35	0.087098	0.0544254	1.95	0.05	0.12
119	0.4	0.0839325	0.0579023	1.97	0.03	0.11
122	0.1	0.131331	0.0358776	1.54	0.46	0.41
122	0.15	0.112924	0.0445997	1.72	0.28	0.24
122	0.2	0.102201	0.0507162	1.81	0.19	0.15
122	0.25	0.0953882	0.0553347	1.86	0.14	0.1
122	0.3	0.0953882	0.0553347	1.86	0.14	0.1
122	0.35	0.0867758	0.0641473	1.92	0.08	0.06
122	0.4	0.08682	0.0669256	1.94	0.06	0.04
125	0.1	0.154119	0.0326181	1.61	0.39	0.38
125	0.15	0.137555	0.0414006	1.81	0.19	0.18
125	0.2	0.122054	0.0465988	1.89	0.11	0.12
125	0.25	0.120959	0.0474438	1.9	0.1	0.11
125	0.3	0.113667	0.0524246	1.94	0.06	0.09
125	0.35	0.111825	0.0551107	1.96	0.04	0.07
125	0.4	0.11112	0.0570672	1.97	0.03	0.06
128	0.1	0.151448	0.0346661	1.62	0.38	0.4
128	0.15	0.117801	0.0409685	1.8	0.2	0.23
128	0.2	0.100389	0.0497924	1.92	0.08	0.12
128	0.25	0.0975173	0.0533548	1.96	0.04	0.08
128	0.3	0.0950173	0.0543995	1.97	0.03	0.08
128	0.35	0.0943444	0.0559938	1.98	0.02	0.07
128	0.4	0.0943444	0.0559938	1.98	0.02	0.07
131	0.1	0.114769	0.0307813	1.74	0.26	0.34
131	0.15	0.102889	0.0369646	1.86	0.14	0.22
131	0.2	0.0980389	0.0399504	1.91	0.09	0.17
131	0.25	0.0945463	0.043653	1.95	0.05	0.13
131	0.3	0.0914419	0.0475993	1.98	0.02	0.1
131	0.35	0.0914419	0.0475993	1.98	0.02	0.1
131	0.4	0.0898785	0.0491378	1.99	0.01	0.09
134	0.1	0.149896	0.0349337	1.55	0.45	0.48
134	0.15	0.118936	0.0464416	1.76	0.24	0.28
134	0.2	0.0992581	0.0576036	1.93	0.07	0.11
134	0.25	0.090608	0.0624052	1.98	0.02	0.08
134	0.3	0.0893829	0.0633337	1.99	0.01	0.07
134	0.35	0.0893829	0.0633337	1.99	0.01	0.07
134	0.4	0.0868829	0.0649755	2	0	0.07
137	0.1	0.148853	0.0280971	1.54	0.46	0.45
137	0.15	0.118918	0.0394572	1.77	0.23	0.22
137	0.2	0.105893	0.0472646	1.88	0.12	0.11
137	0.25	0.100773	0.0514993	1.92	0.08	0.07
137	0.3	0.0991483	0.0550247	1.95	0.05	0.04
137	0.35	0.0916483	0.0595607	1.98	0.02	0.04
137	0.4	0.0866483	0.0631233	2	0	0.04
140	0.1	0.143214	0.0274365	1.56	0.44	0.38
140	0.15	0.110926	0.0384285	1.79	0.21	0.18
140	0.2	0.0984046	0.0459329	1.9	0.1	0.07
140	0.25	0.09318	0.0488997	1.93	0.07	0.05
140	0.3	0.0916842	0.0500109	1.94	0.06	0.04
140	0.35	0.0891842	0.0516537	1.95	0.05	0.04
140	0.4	0.087466	0.055084	1.97	0.03	0.02
143	0.1	0.134488	0.0285825	1.6	0.4	0.42
143	0.15	0.114999	0.0380805	1.77	0.23	0.25
143	0.2	0.106416	0.0436912	1.85	0.15	0.17
143	0.25	0.0990697	0.048448	1.9	0.1	0.12
143	0.3	0.0898309	0.0570391	1.97	0.03	0.07
143	0.35	0.0864025	0.0600101	1.99	0.01	0.06
143	0.4	0.0864025	0.0600101	1.99	0.01	0.06
146	0.1	0.149466	0.0313592	1.67	0.33	0.27
146	0.15	0.123927	0.0385174	1.83	0.17	0.13
146	0.2	0.115619	0.0423965	1.89	0.11	0.07
146	0.25	0.114331	0.043334	1.9	0.1	0.06
146	0.3	0.108025	0.0484012	1.94	0.06	0.04
146	0.35	0.101459	0.0548642	1.98	0.02	0.03
146	0.4	0.101177	0.0585737	2	0	0.01
149	0.1	0.131165	0.0305836	1.56	0.44	0.41
149	0.15	0.106318	0.0412324	1.78	0.22	0.19
149	0.2	0.0869572	0.0523769	1.93	0.07	0.07
149	0.25	0.0844486	0.0543076	1.95	0.05	0.05
149	0.3	0.0844486	0.0543076	1.95	0.05	0.05
149	0.35	0.0733842	0.0619858	2	0	0.04
149	0.4	0.0733842	0.0619858	2	0	0.04
152	0.1	0.12535	0.032076	1.71	0.29	0.24
152	0.15	0.105483	0.0390866	1.86	0.14	0.09
152	0.2	0.0996555	0.041957	1.9	0.1	0.05
152	0.25	0.0948038	0.0448816	1.93	0.07	0.03
152	0.3	0.0846164	0.0530591	1.99	0.01	0.01
152	0.35	0.0821164	0.0547493	2	0	0.01
152	0.4	0.0821164	0.0547493	2	0	0.01
155	0.1	0.132055	0.0321655	1.62	0.38	0.39
155	0.15	0.116393	0.0416879	1.8	0.2	0.22
155	0.2	0.105002	0.048256	1.89	0.11	0.13
155	0.25	0.0967822	0.0553935	1.96	0.04	0.06
155	0.3	0.0926484	0.0591714	1.99	0.01	0.04
155	0.35	0.0917188	0.0606793	2	0	0.03
155	0.4	0.0917188	0.0606793	2	0	0.03
158	0.1	0.102154	0.0342565	1.77	0.23	0.21
158	0.15	0.0907138	0.0379739	1.86	0.14	0.12
158	0.2	0.085062	0.0415789	1.91	0.09	0.07
158	0.25	0.0805183	0.0449884	1.94	0.06	0.04
158	0.3	0.0730183	0.0489878	1.97	0.03	0.04
158	0.35	0.0695791	0.0520547	1.99	0.01	0.03
158	0.4	0.0681453	0.0536456	2	0	0.02
161	0.1	0.104772	0.0298927	1.78	0.22	0.21
161	0.15	0.0984255	0.036991	1.9	0.1	0.09
161	0.2	0.0902935	0.0420803	1.97	0.03	0.03
161	0.25	0.0890872	0.0426518	1.98	0.02	0.02
161	0.3	0.0865872	0.0437629	1.99	0.01	0.02
161	0.35	0.0840872	0.0449936	2	0	0.02
161	0.4	0.0840872	0.0449936	2	0	0.02
164	0.1	0.11697	0.0335727	1.61	0.39	0.36
164	0.15	0.0886387	0.0438205	1.81	0.19	0.16
164	0.2	0.0798748	0.0492597	1.89	0.11	0.08
164	0.25	0.0739788	0.0534738	1.93	0.07	0.05
164	0.3	0.0656038	0.0592334	1.98	0.02	0.02
164	0.35	0.0631038	0.0607334	1.99	0.01	0.02
164	0.4	0.0628019	0.0624695	2	0	0.01
167	0.1	0.110475	0.0280099	1.73	0.27	0.29
167	0.15	0.0931607	0.0347661	1.87	0.13	0.15
167	0.2	0.0865285	0.0379008	1.92	0.08	0.1
167	0.25	0.0784459	0.0437272	1.98	0.02	0.05
167	0.3	0.0786358	0.0462102	2	0	0.03
167	0.35	0.0786358	0.0462102	2	0	0.03
167	0.4	0.0786358	0.0462102	2	0	0.03
170	0.1	0.13321	0.0319308	1.71	0.29	0.26
170	0.15	0.112005	0.039208	1.86	0.14	0.12
170	0.2	0.099212	0.0447937	1.94	0.06	0.06
170	0.25	0.0943968	0.0488369	1.98	0.02	0.03
170	0.3	0.0930821	0.0515403	2	0	0.01
170	0.35	0.0930821	0.0515403	2	0	0.01
170	0.4	0.0930821	0.0515403	2	0	0.01
173	0.1	0.102844	0.0263917	1.73	0.27	0.26
173	0.15	0.0817097	0.034573	1.91	0.09	0.09
173	0.2	0.0725625	0.0398312	1.98	0.02	0.04
173	0.25	0.0715733	0.0407425	1.99	0.01	0.03
173	0.3	0.0701615	0.0418964	2	0	0.02
173	0.35	0.0701615	0.0418964	2	0	0.02
173	0.4	0.0701615	0.0418964	2	0	0.02
176	0.1	0.109631	0.0255369	1.7	0.3	0.28
176	0.15	0.0866694	0.0359053	1.9	0.1	0.09
176	0.2	0.0819378	0.0396644	1.95	0.05	0.04
176	0.25	0.0784624	0.0416934	1.97	0.03	0.03
176	0.3	0.0728769	0.0454309	2	0	0.02
176	0.35	0.0728769	0.0454309	2	0	0.02
176	0.4	0.0728769	0.0454309	2	0	0.02
179	0.1	0.114248	0.0270238	1.72	0.28	0.27
179	0.15	0.088014	0.0359515	1.92	0.08	0.08
179	0.2	0.0816912	0.0401937	1.97	0.03	0.04
179	0.25	0.0784048	0.0423548	1.99	0.01	0.03
179	0.3	0.0778463	0.0435452	2	0	0.02
179	0.35	0.0778463	0.0435452	2	0	0.02
179	0.4	0.0778463	0.0435452	2	0	0.02
182	0.1	0.0887934	0.0249851	1.85	0.15	0.17
182	0.15	0.0709015	0.0318993	1.99	0.01	0.03
182	0.2	0.0709015	0.0318993	1.99	0.01	0.03
182	0.25	0.0709015	0.0318993	1.99	0.01	0.03
182	0.3	0.0707434	0.0332228	2	0	0.02
182	0.35	0.0707434	0.0332228	2	0	0.02
182	0.4	0.0707434	0.0332228	2	0	0.02
185	0.1	0.104276	0.0257391	1.78	0.22	0.22
185	0.15	0.0872301	0.0327321	1.91	0.09	0.1
185	0.2	0.0839197	0.0374479	1.97	0.03	0.04
185	0.25	0.0789198	0.0395907	1.99	0.01	0.04
185	0.3	0.0789198	0.0395907	1.99	0.01	0.04
185	0.35	0.0789198	0.0395907	1.99	0.01	0.04
185	0.4	0.0789198	0.0395907	1.99	0.01	0.04
188	0.1	0.0993458	0.0272498	1.88	0.12	0.12
188	0.15	0.0858802	0.0323807	1.98	0.02	0.04
188	0.2	0.0851677	0.0332502	1.99	0.01	0.03
188	0.25	0.084177	0.0343866	2	0	0.02
188	0.3	0.084177	0.0343866	2	0	0.02
188	0.35	0.084177	0.0343866	2	0	0.02
188	0.4	0.084177	0.0343866	2	0	0.02
191	0.1	0.0826343	0.0254152	1.9	0.1	0.09
191	0.15	0.0769221	0.0277593	1.95	0.05	0.05
191	0.2	0.0748811	0.0309969	1.99	0.01	0.01
191	0.25	0.0734681	0.0319527	2	0	0
191	0.3	0.0734681	0.0319527	2	0	0
191	0.35	0.0734681	0.0319527	2	0	0
191	0.4	0.0734681	0.0319527	2	0	0
194	0.1	0.091316	0.0215871	1.9	0.1	0.13
194	0.15	0.0823962	0.027333	2	0	0.03
194	0.2	0.0823962	0.027333	2	0	0.03
194	0.25	0.0823962	0.027333	2	0	0.03
194	0.3	0.0823962	0.027333	2	0	0.03
194	0.35	0.0823962	0.027333	2	0	0.03
194	0.4	0.0823962	0.027333	2	0	0.03
197	0.1	0.0990951	0.0204325	1.89	0.11	0.08
197	0.15	0.0916744	0.0239334	1.96	0.04	0.01
197	0.2	0.0888502	0.0253833	1.98	0.02	0
197	0.25	0.0863502	0.0263978	1.99	0.01	0
197	0.3	0.0838502	0.0276099	2	0	0
197	0.35	0.0838502	0.0276099	2	0	0
197	0.4	0.0838502	0.0276099	2	0	0
200	0.1	0.0805051	0.0214511	1.92	0.08	0.09
200	0.15	0.071654	0.0254408	2	0	0.01
200	0.2	0.071654	0.0254408	2	0	0.01
200	0.25	0.071654	0.0254408	2	0	0.01
200	0.3	0.071654	0.0254408	2	0	0.01
200	0.35	0.071654	0.0254408	2	0	0.01
200	0.4	0.071654	0.0254408	2	0	0.01
203	0.1	0.0815871	0.0196828	1.94	0.06	0.08
203	0.15	0.0771649	0.0227638	2	0	0.02
203	0.2	0.0771649	0.0227638	2	0	0.02
203	0.25	0.0771649	0.0227638	2	0	0.02
203	0.3	0.0771649	0.0227638	2	0	0.02
203	0.35	0.0771649	0.0227638	2	0	0.02
203	0.4	0.0771649	0.0227638	2	0	0.02
206	0.1	0.0913206	0.0183664	1.97	0.03	0.03
206	0.15	0.0889682	0.0200155	2	0	0
206	0.2	0.0889682	0.0200155	2	0	0
206	0.25	0.0889682	0.0200155	2	0	0
206	0.3	0.0889682	0.0200155	2	0	0
206	0.35	0.0889682	0.0200155	2	0	0
206	0.4	0.0889682	0.0200155	2	0	0
209	0.1	0.0920123	0.0173703	1.98	0.02	0.02
209	0.15	0.090939	0.0178703	1.99	0.01	0.01
209	0.2	0.090939	0.0178703	1.99	0.01	0.01
209	0.25	0.090939	0.0178703	1.99	0.01	0.01
209	0.3	0.090939	0.0178703	1.99	0.01	0.01
209	0.35	0.090939	0.0178703	1.99	0.01	0.01
209	0.4	0.088439	0.0198106	2	0	0.01
212	0.1	0.0812215	0.0142699	2	0	0
212	0.15	0.0812215	0.0142699	2	0	0
212	0.2	0.0812215	0.0142699	2	0	0
212	0.25	0.0812215	0.0142699	2	0	0
212	0.3	0.0812215	0.0142699	2	0	0
212	0.35	0.0812215	0.0142699	2	0	0
212	0.4	0.0812215	0.0142699	2	0	0
215	0.1	0.0867893	0.0144017	1.99	0.01	0
215	0.15	0.0867893	0.0144017	1.99	0.01	0
215	0.2	0.0867893	0.0144017	1.99	0.01	0
215	0.25	0.0867893	0.0144017	1.99	0.01	0
215	0.3	0.0867893	0.0144017	1.99	0.01	0
215	0.35	0.0867893	0.0144017	1.99	0.01	0
215	0.4	0.0867893	0.0144017	1.99	0.01	0
218	0.1	0.0800608	0.0111657	2	0	0.01
218	0.15	0.0800608	0.0111657	2	0	0.01
218	0.2	0.0800608	0.0111657	2	0	0.01
218	0.25	0.0800608	0.0111657	2	0	0.01
218	0.3	0.0800608	0.0111657	2	0	0.01
218	0.35	0.0800608	0.0111657	2	0	0.01
218	0.4	0.0800608	0.0111657	2	0	0.01
221	0.1	0.0963327	0.00681265	2	0	0
221	0.15	0.0963327	0.00681265	2	0	0
221	0.2	0.0963327	0.00681265	2	0	0
221	0.25	0.0963327	0.00681265	2	0	0
221	0.3	0.0963327	0.00681265	2	0	0
221	0.35	0.0963327	0.00681265	2	0	0
221	0.4	0.0963327	0.00681265	2	0	0
224	0.1	0.0809283	0.0043538	2	0	0
224	0.15	0.0809283	0.0043538	2	0	0
224	0.2	0.0809283	0.0043538	2	0	0
224	0.25	0.0809283	0.0043538	2	0	0
224	0.3	0.0809283	0.0043538	2	0	0
224	0.35	0.0809283	0.0043538	2	0	0
224	0.4	0.0809283	0.0043538	2	0	0
227	0.1	0.0829116	0.00146442	2	0	0
227	0.15	0.0829116	0.00146442	2	0	0
227	0.2	0.0829116	0.00146442	2	0	0
227	0.25	0.0829116	0.00146442	2	0	0
227	0.3	0.0829116	0.00146442	2	0	0
227	0.35	0.0829116	0.00146442	2	0	0
227	0.4	0.0829116	0.00146442	2	0	0
230	0.1	0.079	0	2	0	0
230	0.15	0.079	0	2	0	0
230	0.2	0.079	0	2	0	0
230	0.25	0.079	0	2	0	0
230	0.3	0.079	0	2	0	0
230	0.35	0.079	0	2	0	0
230	0.4	0.079	0	2	0	0
