var	minCostFlow
5	0.148898
5	0.1168
5	0.0734438
5	0.0978025
5	0.230594
5	0.0596402
5	0.332071
5	0.107936
5	0.0495137
5	0.163079
5	0.183042
5	0.18576
5	0.083391
5	0.139755
5	0.229543
5	0.127524
5	0.0885897
5	0.0407136
5	0.0639386
5	0.0867131
5	0.144464
5	0.155153
5	0.176784
5	0.144467
5	0.100082
5	0.0649633
5	0.0650849
5	0.137811
5	0.0748934
5	0.0393012
5	0.215845
5	0.116546
5	0.0673349
5	0.145748
5	0.127606
5	0.116878
5	0.165076
5	0.154056
5	0.063584
5	0.116558
5	0.0862457
5	0.119847
5	0.275197
5	0.0927519
5	0.102191
5	0.175961
5	0.143394
5	0.134127
5	0.245595
5	0.0876606
5	0.0980568
5	0.122786
5	0.0875458
5	0.164689
5	0.103235
5	0.0806413
5	0.254416
5	0.0244487
5	0.144755
5	0.103651
5	0.192514
5	0.0572545
5	0.120648
5	0.169332
5	0.101972
5	0.0998937
5	0.198874
5	0.0725319
5	0.216747
5	0.169659
5	0.0927588
5	0.134385
5	0.129307
5	0.170004
5	0.0979243
5	0.096268
5	0.0282769
5	0.151799
5	0.152891
5	0.0800229
5	0.0859409
5	0.217641
5	0.181581
5	0.180967
5	0.133458
5	0.137797
5	0.0554235
5	0.11758
5	0.125816
5	0.109132
5	0.250285
5	0.0748499
5	0.117618
5	0.137328
5	0.283205
5	0.106321
5	0.25193
5	0.113605
5	0.0922685
5	0.144798
8	0.143939
8	0.0664525
8	0.0503648
8	0.0612202
8	0.178016
8	0.155572
8	0.122353
8	0.135041
8	0.202721
8	0.183656
8	0.0490592
8	0.162607
8	0.129622
8	0.099064
8	0.157213
8	0.158006
8	0.13594
8	0.0782926
8	0.101836
8	0.12041
8	0.0645072
8	0.0763298
8	0.232697
8	0.33667
8	0.141524
8	0.143506
8	0.131466
8	0.0171827
8	0.0858691
8	0.0702352
8	0.191202
8	0.270714
8	0.194735
8	0.0451851
8	0.110348
8	0.114266
8	0.0464367
8	0.195401
8	0.172611
8	0.133715
8	0.109794
8	0.108975
8	0.173543
8	0.078257
8	0.0809173
8	0.0878503
8	0.185214
8	0.156581
8	0.186806
8	0.317811
8	0.152807
8	0.228973
8	0.146257
8	0.115758
8	0.154151
8	0.159909
8	0.124427
8	0.216918
8	0.144627
8	0.0661863
8	0.0951703
8	0.0308229
8	0.0924362
8	0.120041
8	0.08431
8	0.172046
8	0.0405532
8	0.0903711
8	0.128769
8	0.0904584
8	0.100899
8	0.138115
8	0.155022
8	0.09849
8	0.098968
8	0.177044
8	0.130966
8	0.114091
8	0.120259
8	0.133004
8	0.182396
8	0.117389
8	0.0350027
8	0.0748055
8	0.0390258
8	0.0832913
8	0.203328
8	0.132597
8	0.125753
8	0.133034
8	0.0478229
8	0.15683
8	0.0496131
8	0.138658
8	0.240388
8	0.045032
8	0.0833002
8	0.118831
8	0.222985
8	0.111729
11	0.118012
11	0.0915866
11	0.166507
11	0.193308
11	0.141612
11	0.0431656
11	0.16626
11	0.0466812
11	0.158995
11	0.10151
11	0.121053
11	0.110547
11	0.0854749
11	0.203505
11	0.13197
11	0.13902
11	0.0867517
11	0.070648
11	0.21615
11	0.198618
11	0.0903853
11	0.162137
11	0.173934
11	0.0464505
11	0.104363
11	0.14513
11	0.138722
11	0.121222
11	0.166281
11	0.0680691
11	0.0867757
11	0.104738
11	0.142029
11	0.106612
11	0.111108
11	0.16756
11	0.203628
11	0.0769371
11	0.137008
11	0.178848
11	0.21411
11	0.0693992
11	0.162098
11	0.064636
11	0.150108
11	0.120777
11	0.144743
11	0.149759
11	0.0714301
11	0.0725496
11	0.165108
11	0.347734
11	0.145236
11	0.0824274
11	0.174329
11	0.220001
11	0.0795939
11	0.0985266
11	0.141412
11	0.114804
11	0.0256326
11	0.193595
11	0.109135
11	0.193797
11	0.13381
11	0.0974125
11	0.193406
11	0.154325
11	0.200559
11	0.0773937
11	0.11487
11	0.151774
11	0.0860156
11	0.0794567
11	0.057828
11	0.111474
11	0.103089
11	0.0709556
11	0.101481
11	0.23955
11	0.182974
11	0.108758
11	0.152259
11	0.196475
11	0.0201448
11	0.0511339
11	0.120911
11	0.0719486
11	0.137095
11	0.138131
11	0.105791
11	0.0949789
11	0.102445
11	0.073272
11	0.0924662
11	0.0174438
11	0.131228
11	0.190639
11	0.135451
11	0.099403
14	0.0967649
14	0.119898
14	0.1314
14	0.089646
14	0.150744
14	0.126757
14	0.11972
14	0.105451
14	0.122677
14	0.109426
14	0.137076
14	0.0749103
14	0.120974
14	0.132307
14	0.0423593
14	0.184053
14	0.177027
14	0.0899733
14	0.10621
14	0.0728873
14	0.140297
14	0.0866435
14	0.142741
14	0.103674
14	0.0928487
14	0.125654
14	0.14741
14	0.0732641
14	0.175261
14	0.110214
14	0.115096
14	0.0891236
14	0.0813826
14	0.172254
14	0.0984922
14	0.0263273
14	0.160857
14	0.0764043
14	0.154849
14	0.138877
14	0.122214
14	0.142219
14	0.0657709
14	0.068405
14	0.0955051
14	0.0643973
14	0.0779308
14	0.107642
14	0.161906
14	0.179016
14	0.0948882
14	0.184996
14	0.109915
14	0.075608
14	0.202232
14	0.0782911
14	0.192222
14	0.207869
14	0.0681112
14	0.132612
14	0.166165
14	0.137086
14	0.163921
14	0.13669
14	0.128607
14	0.149748
14	0.143403
14	0.127191
14	0.155007
14	0.144608
14	0.0855357
14	0.145908
14	0.130525
14	0.145167
14	0.133935
14	0.160676
14	0.142878
14	0.0498025
14	0.153357
14	0.121294
14	0.124236
14	0.0953242
14	0.043535
14	0.126043
14	0.14469
14	0.0942679
14	0.167273
14	0.141546
14	0.111516
14	0.11203
14	0.0599416
14	0.0381288
14	0.18208
14	0.0628906
14	0.0449456
14	0.0912972
14	0.0963686
14	0.142219
14	0.192818
14	0.112487
17	0.198348
17	0.173965
17	0.149471
17	0.119078
17	0.162253
17	0.0743669
17	0.13183
17	0.107449
17	0.142888
17	0.1355
17	0.102031
17	0.128776
17	0.0860432
17	0.0549974
17	0.144061
17	0.156019
17	0.135952
17	0.132045
17	0.0952067
17	0.136582
17	0.085622
17	0.0881744
17	0.066916
17	0.0493744
17	0.0976875
17	0.130371
17	0.130464
17	0.14607
17	0.0646481
17	0.167844
17	0.105513
17	0.0667964
17	0.0365739
17	0.0314087
17	0.104133
17	0.0891404
17	0.120339
17	0.101062
17	0.0481229
17	0.0515623
17	0.132242
17	0.0912697
17	0.157928
17	0.154517
17	0.128681
17	0.0944534
17	0.133479
17	0.0977253
17	0.304565
17	0.170787
17	0.0921127
17	0.0646119
17	0.0584595
17	0.160642
17	0.0870695
17	0.15542
17	0.0901987
17	0.110075
17	0.111205
17	0.0838403
17	0.165128
17	0.236958
17	0.128008
17	0.119646
17	0.126819
17	0.0615265
17	0.118934
17	0.161507
17	0.0802593
17	0.0990856
17	0.255384
17	0.0647413
17	0.137142
17	0.10002
17	0.0637786
17	0.0874435
17	0.0367215
17	0.153062
17	0.13324
17	0.156648
17	0.176147
17	0.0562772
17	0.0650496
17	0.147065
17	0.0498844
17	0.102511
17	0.0962605
17	0.0839333
17	0.103372
17	0.0955347
17	0.151812
17	0.0481051
17	0.112158
17	0.109551
17	0.0344195
17	0.11711
17	0.157228
17	0.144703
17	0.148192
17	0.0956221
20	0.0588364
20	0.124152
20	0.278873
20	0.0890972
20	0.136374
20	0.0441013
20	0.326835
20	0.050365
20	0.124122
20	0.122551
20	0.0863718
20	0.128529
20	0.00232974
20	0.0234209
20	0.0753131
20	0.13272
20	0.066559
20	0.158759
20	0.267011
20	0.16946
20	0.101242
20	0.0469173
20	0.101805
20	0.26705
20	0.0753297
20	0.35519
20	0.109359
20	0.164779
20	0.101276
20	0.160051
20	0.113166
20	0.0985662
20	0.0928279
20	0.0641932
20	0.0365272
20	0.0964969
20	0.133744
20	0.130041
20	0.284131
20	0.103406
20	0.0637948
20	0.191974
20	0.139394
20	0.126086
20	0.116219
20	0.109467
20	0.0924906
20	0.150208
20	0.151556
20	0.184178
20	0.157558
20	0.0441159
20	0.166791
20	0.151847
20	0.0626575
20	0.130157
20	0.0686801
20	0.15726
20	0.153993
20	0.191265
20	0.0536671
20	0.0369821
20	0.0766269
20	0.0621726
20	0.144137
20	0.0805415
20	0.119142
20	0.0659692
20	0.180902
20	0.143884
20	0.122775
20	0.0574984
20	0.0527537
20	0.119998
20	0.11646
20	0.152953
20	0.187948
20	0.0342256
20	0.173636
20	0.110642
20	0.0772368
20	0.136736
20	0.183498
20	0.0395595
20	0.161811
20	0.138897
20	0.0919552
20	0.0842083
20	0.0386309
20	0.135343
20	0.190761
20	0.189237
20	0.123637
20	0.120589
20	0.0759069
20	0.111073
20	0.175042
20	0.154954
20	0.37275
20	0.13718
23	0.104963
23	0.0896707
23	0.0522464
23	0.167228
23	0.128596
23	0.0576274
23	0.102424
23	0.0756262
23	0.159802
23	0.123734
23	0.164134
23	0.141938
23	0.13112
23	0.087993
23	0.066675
23	0.0903933
23	0.130255
23	0.10316
23	0.131295
23	0.200453
23	0.121678
23	0.166833
23	0.100537
23	0.0278658
23	0.195666
23	0.0891609
23	0.065411
23	0.192423
23	0.117944
23	0.206135
23	0.0793291
23	0.0664919
23	0.187539
23	0.0686199
23	0.243107
23	0.111357
23	0.158099
23	0.141188
23	0.0823374
23	0.234698
23	0.129889
23	0.151094
23	0.261454
23	0.133259
23	0.102795
23	0.106263
23	0.0666329
23	0.128548
23	0.0354727
23	0.0605005
23	0.139646
23	0.0991487
23	0.228478
23	0.116717
23	0.198617
23	0.131159
23	0.220762
23	0.217717
23	0.137946
23	0.0808839
23	0.0770981
23	0.0509825
23	0.114868
23	0.200744
23	0.0954946
23	0.0794311
23	0.0670052
23	0.0798507
23	0.0991505
23	0.050006
23	0.0399834
23	0.146944
23	0.193671
23	0.161448
23	0.0870406
23	0.0794395
23	0.199804
23	0.133007
23	0.122249
23	0.140567
23	0.0736367
23	0.0784156
23	0.142072
23	0.128549
23	0.108761
23	0.0401262
23	0.121516
23	0.0543101
23	0.130649
23	0.0866606
23	0.071803
23	0.109145
23	0.0533192
23	0.0936909
23	0.0823795
23	0.0923237
23	0.0526101
23	0.0573718
23	0.0551445
23	0.137874
26	0.0923203
26	0.0969458
26	0.0455635
26	0.0781582
26	0.218442
26	0.121239
26	0.190185
26	0.0663113
26	0.0551305
26	0.091433
26	0.0838937
26	0.147698
26	0.141796
26	0.0971285
26	0.108362
26	0.154586
26	0.300563
26	0.155169
26	0.0500337
26	0.109955
26	0.0473776
26	0.118488
26	0.052433
26	0.0254813
26	0.0678785
26	0.150868
26	0.167748
26	0.10055
26	0.0745355
26	0.0584088
26	0.0774801
26	0.0757237
26	0.112073
26	0.119427
26	0.058362
26	0.176895
26	0.136459
26	0.142541
26	0.13773
26	0.0149587
26	0.0819273
26	0.0555749
26	0.112493
26	0.090157
26	0.065247
26	0.0809808
26	0.042261
26	0.101926
26	0.173938
26	0.151704
26	0.224621
26	0.047786
26	0.00279668
26	0.0954287
26	0.115921
26	0.146105
26	0.21363
26	0.203616
26	0.0893256
26	0.211858
26	0.0830678
26	0.111183
26	0.0869741
26	0.030757
26	0.151798
26	0.159397
26	0.0370651
26	0.107291
26	0.0876769
26	0.0453022
26	0.211343
26	0.0409508
26	0.0339613
26	0.147472
26	0.101397
26	0.0938991
26	0.0748468
26	0.0958381
26	0.0473416
26	0.103788
26	0.0962017
26	0.171618
26	0.0803452
26	0.159216
26	0.181275
26	0.104031
26	0.0309852
26	0.120142
26	0.131752
26	0.17356
26	0.151247
26	0.158464
26	0.0373055
26	0.168926
26	0.232256
26	0.0858868
26	0.367754
26	0.123943
26	0.207816
26	0.0854911
29	0.024184
29	0.102155
29	0.11862
29	0.124509
29	0.0474719
29	0.0910432
29	0.113759
29	0.0908287
29	0.0800942
29	0.130035
29	0.108314
29	0.0724251
29	0.190644
29	0.153081
29	0.145305
29	0.19521
29	0.110078
29	0.0531611
29	0.109347
29	0.119689
29	0.0179887
29	0.449078
29	0.11324
29	0.160435
29	0.141874
29	0.176256
29	0.0580025
29	0.202249
29	0.107003
29	0.127983
29	0.0751401
29	0.0713232
29	0.0525348
29	0.129131
29	0.149251
29	0.0876825
29	0.180497
29	0.144998
29	0.127657
29	0.0406282
29	0.139219
29	0.0920001
29	0.0927852
29	0.0350651
29	0.0827246
29	0.0305553
29	0.149043
29	0.138605
29	0.0471992
29	0.100313
29	0.0524079
29	0.125412
29	0.0852605
29	0.203046
29	0.182712
29	0.0572284
29	0.0102542
29	0.144281
29	0.114524
29	0.0660755
29	0.185717
29	0.12488
29	0.123351
29	0.0730289
29	0.0570824
29	0.0770006
29	0.111909
29	0.0507108
29	0.150767
29	0.0426988
29	0.0727583
29	0.063702
29	0.116649
29	0.0634359
29	0.13605
29	0.110591
29	0.166901
29	0.0781061
29	0.110814
29	0.094386
29	0.0928111
29	0.175712
29	0.0915074
29	0.116089
29	0.126708
29	0.0708187
29	0.163367
29	0.119458
29	0.0888202
29	0.0556765
29	0.0432608
29	0.140483
29	0.112781
29	0.122735
29	0.156895
29	0.0444017
29	0.197007
29	0.151314
29	0.129455
29	0.141715
32	0.0327307
32	0.0904721
32	0.245115
32	0.0649594
32	0.0700751
32	0.0706173
32	0.25493
32	0.0732188
32	0.0760081
32	0.0371379
32	0.0612754
32	0.113243
32	0.0559331
32	0.023148
32	0.145906
32	0.0656129
32	0.207117
32	0.110231
32	0.167165
32	0.125034
32	0.0973729
32	0.117238
32	0.0865934
32	0.0449379
32	0.0642965
32	0.0617307
32	0.146098
32	0.200371
32	0.0549558
32	0.233744
32	0.0900172
32	0.125208
32	0.143511
32	0.0933708
32	0.195806
32	0.155191
32	0.153961
32	0.103346
32	0.0704167
32	0.0408967
32	0.0330209
32	0.0196482
32	0.0472378
32	0.157588
32	0.128003
32	0.123246
32	0.070662
32	0.191765
32	0.0436759
32	0.100494
32	0.0448078
32	0.0907029
32	0.0663991
32	0.108259
32	0.067046
32	0.0538049
32	0.0533223
32	0.0829014
32	0.0315039
32	0.394185
32	0.158618
32	0.0427857
32	0.133133
32	0.0643128
32	0.0454444
32	0.127141
32	0.196052
32	0.0975893
32	0.130027
32	0.0875625
32	0.0559945
32	0.105757
32	0.171422
32	0.154174
32	0.105907
32	0.16857
32	0.0426826
32	0.125621
32	0.0162906
32	0.0952016
32	0.0971077
32	0.127839
32	0.084542
32	0.0388879
32	0.0972948
32	0.0608723
32	0.0642143
32	0.147311
32	0.052427
32	0.0615083
32	0.0650632
32	0.0461174
32	0.110728
32	0.114899
32	0.146443
32	0.060201
32	0.0791485
32	0.0345735
32	0.0642353
32	0.100322
35	0.146549
35	0.218458
35	0.0653429
35	0.0723314
35	0.115808
35	0.128142
35	0.0895407
35	0.148719
35	0.129045
35	0.138445
35	0.122486
35	0.164791
35	0.0496749
35	0.0606983
35	0.126144
35	0.121686
35	0.0184765
35	0.112876
35	0.058508
35	0.0553797
35	0.0408536
35	0.0873215
35	0.175497
35	0.118755
35	0.101331
35	0.221788
35	0.105489
35	0.0911111
35	0.0549999
35	0.107443
35	0.0178612
35	0.0995227
35	0.105574
35	0.135534
35	0.0443611
35	0.0590783
35	0.144821
35	0.124345
35	0.0617869
35	0.145349
35	0.156284
35	0.0851486
35	0.145683
35	0.140241
35	0.121901
35	0.111174
35	0.0761794
35	0.183352
35	0.0766682
35	0.0983783
35	0.0760399
35	0.139113
35	0.126872
35	0.050999
35	0.159464
35	0.0962274
35	0.214437
35	0.124106
35	0.107858
35	0.096027
35	0.0384143
35	0.141236
35	0.0583843
35	0.0493828
35	0.0889421
35	0.0486482
35	0.0834239
35	0.0353278
35	0.0920716
35	0.0945923
35	0.0722974
35	0.126837
35	0.148789
35	0.0589883
35	0.0352428
35	0.0732171
35	0.110773
35	0.194977
35	0.0768172
35	0.0850975
35	0.12392
35	0.134828
35	0.10795
35	0.029293
35	0.04774
35	0.0567691
35	0.158274
35	0.154687
35	0.230778
35	0.020622
35	0.180306
35	0.0778345
35	0.0762618
35	0.114769
35	0.141268
35	0.0212323
35	0.203061
35	0.132107
35	0.0836469
35	0.0995536
38	0.05115
38	0.122212
38	0.0888704
38	0.19878
38	0.108016
38	0.0878277
38	0.193257
38	0.0755323
38	0.108534
38	0.156992
38	0.11787
38	0.116154
38	0.054399
38	0.0409198
38	0.209719
38	0.137084
38	0.119188
38	0.111395
38	0.0755084
38	0.168148
38	0.144802
38	0.0856043
38	0.066338
38	0.138667
38	0.0618761
38	0.0935139
38	0.198604
38	0.205885
38	0.146567
38	0.120443
38	0.11271
38	0.0358516
38	0.343377
38	0.105038
38	0.040021
38	0.115651
38	0.109945
38	0.0471071
38	0.141062
38	0.0623628
38	0.1505
38	0.0738672
38	0.0923068
38	0.110722
38	0.0436954
38	0.0726329
38	0.13372
38	0.117544
38	0.259412
38	0.0923673
38	0.0425921
38	0.138008
38	0.142385
38	0.0937423
38	0.0513273
38	0.135851
38	0.0585278
38	0.195262
38	0.099856
38	0.389932
38	0.143194
38	0.0721704
38	0.125592
38	0.0893881
38	0.142981
38	0.0656261
38	0.13245
38	0.118076
38	0.0962411
38	0.173443
38	0.18332
38	0.0522776
38	0.16939
38	0.0725084
38	0.115145
38	0.040504
38	0.145717
38	0.113267
38	0.117984
38	0.151491
38	0.112022
38	0.0692399
38	0.0650911
38	0.087607
38	0.0683169
38	0.0826421
38	0.119168
38	0.16034
38	0.120816
38	0.101455
38	0.136755
38	0.0490264
38	0.10032
38	0.0566204
38	0.0553953
38	0.129472
38	0.111773
38	0.0319629
38	0.123236
38	0.0737275
41	0.0434326
41	0.133616
41	0.137596
41	0.108913
41	0.177372
41	0.111564
41	0.0887555
41	0.132407
41	0.0581197
41	0.168198
41	0.0529396
41	0.123634
41	0.144454
41	0.102417
41	0.0781388
41	0.0656602
41	0.11722
41	0.0326788
41	0.0646765
41	0.173464
41	0.206453
41	0.0556875
41	0.146861
41	0.304737
41	0.105983
41	0.0649043
41	0.0983531
41	0.092146
41	0.174485
41	0.0752728
41	0.13485
41	0.18083
41	0.0942349
41	0.220422
41	0.0651293
41	0.0134131
41	0.124838
41	0.101446
41	0.173004
41	0.103668
41	0.21388
41	0.0735872
41	0.12224
41	0.0726008
41	0.157544
41	0.0903872
41	0.113522
41	0.0414943
41	0.0518454
41	0.0907352
41	0.104681
41	0.109297
41	0.09509
41	0.122799
41	0.0969752
41	0.0395912
41	0.121734
41	0.113797
41	0.0355895
41	0.0265989
41	0.14246
41	0.098365
41	0.156208
41	0.0677528
41	0.158891
41	0.0751473
41	0.080974
41	0.0925148
41	0.0336367
41	0.0807208
41	0.182422
41	0.0703585
41	0.000665175
41	0.15376
41	0.0973545
41	0.0401853
41	0.134088
41	0.053289
41	0.147623
41	0.140459
41	0.103965
41	0.0740139
41	0.177535
41	0.195552
41	0.163932
41	0.106694
41	0.0987263
41	0.138835
41	0.0395136
41	0.0559173
41	0.0855706
41	0.0970815
41	0.215262
41	0.183065
41	0.0691044
41	0.11242
41	0.128137
41	0.0600852
41	0.146462
41	0.117603
44	0.0500417
44	0.04553
44	0.0368081
44	0.0999151
44	0.0905382
44	0.125124
44	0.0934329
44	0.240456
44	0.0430334
44	0.0629804
44	0.18483
44	0.0763091
44	0.0581367
44	0.169388
44	0.14793
44	0.251114
44	0.0779796
44	0.146915
44	0.143729
44	0.0427668
44	0.146964
44	0.0904196
44	0.110015
44	0.0934961
44	0.0420053
44	0.0542056
44	0.0476629
44	0.0732271
44	0.0564578
44	0.105992
44	0.0785343
44	0.0633033
44	0.0368905
44	0.10294
44	0.0787354
44	0.054609
44	0.0273061
44	0.0975435
44	0.123719
44	0.0752997
44	0.138055
44	0.102088
44	0.073855
44	0.0774404
44	0.122983
44	0.168518
44	0.0647951
44	0.0686699
44	0.160864
44	0.103102
44	0.0539286
44	0.0799709
44	0.129246
44	0.22841
44	0.101042
44	0.101
44	0.0980641
44	0.129364
44	0.111841
44	0.057904
44	0.247993
44	0.0540961
44	0.233693
44	0.0811922
44	0.124283
44	0.0956588
44	0.0748828
44	0.105807
44	0.101967
44	0.157683
44	0.0267554
44	0.179262
44	0.104779
44	0.13122
44	0.112921
44	0.0769087
44	0.083131
44	0.0089031
44	0.128445
44	0.067984
44	0.0650774
44	0.0410311
44	0.095641
44	0.137384
44	0.089642
44	0.197552
44	0.115208
44	0.0838799
44	0.0838233
44	0.156581
44	0.146564
44	0.0544829
44	0.194467
44	0.0545359
44	0.122052
44	0.334371
44	0.23358
44	0.150906
44	0.132087
44	0.123161
47	0.155688
47	0.103352
47	0.0773809
47	0.0739836
47	0.108601
47	0.233191
47	0.131309
47	0.050177
47	0.195852
47	0.21019
47	0.0929085
47	0.116288
47	0.0831873
47	0.131945
47	0.127219
47	0.182168
47	0.0441418
47	0.11931
47	0.0505596
47	0.0932977
47	0.106507
47	0.184919
47	0.155317
47	0.0807099
47	0.16088
47	0.0657691
47	0.191612
47	0.168599
47	0.0890079
47	0.0291952
47	0.117723
47	0.0385008
47	0.0875139
47	0.0764294
47	0.134779
47	0.0977418
47	0.0638724
47	0.120782
47	0.058836
47	0.155754
47	0.0713989
47	0.105228
47	0.158346
47	0.0703908
47	0.0723648
47	0.107603
47	0.027139
47	0.10192
47	0.0883217
47	0.0422761
47	0.0921241
47	0.0499645
47	0.0741841
47	0.129357
47	0.0957208
47	0.0516393
47	0.262176
47	0.110243
47	0.257443
47	0.0619855
47	0.210897
47	0.134662
47	0.13499
47	0.0949387
47	0.118986
47	0.098657
47	0.125992
47	0.177173
47	0.136902
47	0.100943
47	0.0796805
47	0.121694
47	0.0871964
47	0.134384
47	0.0503916
47	0.124236
47	0.0925884
47	0.0907271
47	0.0795246
47	0.0814335
47	0.107603
47	0.116188
47	0.135351
47	0.129789
47	0.222859
47	0.0765209
47	0.131726
47	0.0622933
47	0.0539576
47	0.0430524
47	0.0718687
47	0.0926815
47	0.086297
47	0.0557633
47	0.114757
47	0.0894205
47	0.0591143
47	0.13467
47	0.0991322
47	0.0718124
50	0.033829
50	0.0198684
50	0.122162
50	0.0905952
50	0.0439594
50	0.0422583
50	0.050232
50	0.101001
50	0.174431
50	0.0307358
50	0.0947764
50	0.122398
50	0.110708
50	0.0357148
50	0.0474644
50	0.097567
50	0.11122
50	0.0847141
50	0.150603
50	0.0251549
50	0.0855086
50	0.117489
50	0.021287
50	0.0503695
50	0.136791
50	0.0844498
50	0.0809406
50	0.0916952
50	0.160015
50	0.178324
50	0.0824513
50	0.0431174
50	0.0830952
50	0.130879
50	0.0962519
50	0.95
50	0.0998609
50	0.0528263
50	0.168831
50	0.0462685
50	0.144835
50	0.2023
50	0.194832
50	0.0921027
50	0.164576
50	0.262635
50	0.0939425
50	0.0477568
50	0.164417
50	0.0738584
50	0.171636
50	0.16139
50	0.176104
50	0.0606923
50	0.049728
50	0.0609064
50	0.107532
50	0.0742373
50	0.0738925
50	0.121645
50	0.0475333
50	0.1086
50	0.087962
50	0.0323204
50	0.0362974
50	0.14122
50	0.182674
50	0.0319949
50	0.106839
50	0.114408
50	0.0492279
50	0.0983205
50	0.0571425
50	0.104494
50	0.116414
50	0.159099
50	0.181143
50	0.105582
50	0.099389
50	0.102988
50	0.0918296
50	0.163351
50	0.146804
50	0.0767895
50	0.0844834
50	0.138687
50	0.049322
50	0.118245
50	0.101226
50	0.131904
50	0.120709
50	0.149486
50	0.129536
50	0.0853418
50	0.0738478
50	0.0844665
50	0.12571
50	0.0890225
50	0.0886015
50	0.0532104
53	0.149996
53	0.0606712
53	0.0770311
53	0.0866439
53	0.156841
53	0.0558307
53	0.047347
53	0.0669614
53	0.200984
53	0.0310853
53	0.148535
53	0.19071
53	0.113914
53	0.087761
53	0.0574953
53	0.0562753
53	0.115554
53	0.125394
53	0.123742
53	0.176001
53	0.053204
53	0.15645
53	0.219616
53	0.0406761
53	0.0699479
53	0.10494
53	0.15348
53	0.155931
53	0.0772996
53	0.121856
53	0.141979
53	0.126513
53	0.320996
53	0.100002
53	0.197893
53	0.0758422
53	0.0902232
53	0.0713695
53	0.0632989
53	0.0850308
53	0.34483
53	0.0571005
53	0.0591436
53	0.131996
53	0.0744847
53	0.0281048
53	0.0181385
53	0.0424875
53	0.0702887
53	0.0641531
53	0.0521466
53	0.153101
53	0.107082
53	0.0215294
53	0.0923579
53	0.102745
53	0.930917
53	0.111381
53	0.0788803
53	0.0975501
53	0.127064
53	0.0873814
53	0.0880805
53	0.115801
53	0.0693112
53	0.0378176
53	0.103565
53	0.232473
53	0.0628114
53	0.0963913
53	0.0595514
53	0.0453753
53	0.414909
53	0.229563
53	0.152349
53	0.104875
53	0.0411142
53	0.0725707
53	0.0921006
53	0.120299
53	0.0841223
53	0.0241549
53	0.13866
53	0.0550707
53	0.185955
53	0.09109
53	0.0585754
53	0.128792
53	0.221052
53	0.167932
53	0.0963419
53	0.0962572
53	0.0938567
53	0.00253876
53	0.114247
53	0.0255999
53	0.0950756
53	0.130293
53	0.118081
53	0.106962
56	0.0839518
56	0.0854868
56	0.0843306
56	0.0626289
56	0.115547
56	0.177295
56	0.17096
56	0.0527813
56	0.0582548
56	0.0652779
56	0.100788
56	0.105832
56	0.306818
56	0.152666
56	0.0731883
56	0.132007
56	0.0597677
56	0.0577853
56	0.0601728
56	0.227845
56	0.0426149
56	0.080924
56	0.145955
56	0.0770382
56	0.0367422
56	0.163399
56	0.148535
56	0.0527671
56	0.0593255
56	0.0722275
56	0.150279
56	0.10582
56	0.158096
56	0.0439351
56	0.157652
56	0.117009
56	0.119892
56	0.117821
56	0.168423
56	0.0876275
56	0.0101035
56	0.101521
56	0.144721
56	0.0668848
56	0.173019
56	0.0648783
56	0.027285
56	0.0875245
56	0.121717
56	0.106741
56	0.0556484
56	0.101098
56	0.105515
56	0.147125
56	0.116313
56	0.0987988
56	0.0723096
56	0.137165
56	0.0816148
56	0.0815055
56	0.110256
56	0.132177
56	0.0491593
56	0.0937583
56	0.204703
56	0.0945145
56	0.143128
56	0.160914
56	0.283414
56	0.119791
56	0.107875
56	0.204488
56	0.046851
56	0.0451598
56	0.071394
56	0.157245
56	0.116447
56	0.170098
56	0.144315
56	0.256533
56	0.0284405
56	0.0903365
56	0.153745
56	0.0980426
56	0.0382806
56	0.0675429
56	0.0805719
56	0.0424714
56	0.110228
56	0.122521
56	0.119805
56	0.119136
56	0.125493
56	0.0252095
56	0.233148
56	0.0879882
56	0.0767226
56	0.137232
56	0.0938643
56	0.107143
59	0.0873069
59	0.0602227
59	0.292992
59	0.0615578
59	0.0705915
59	0.134766
59	0.0971356
59	0.0926523
59	0.124547
59	0.119305
59	0.112832
59	0.108197
59	0.0924969
59	0.0978019
59	0.153673
59	0.180534
59	0.0993475
59	0.0347851
59	0.0560532
59	0.0845933
59	0.0857499
59	0.142028
59	0.0856996
59	0.0912858
59	0.0755973
59	0.0556881
59	0.0315499
59	0.0582681
59	0.105037
59	0.0878875
59	0.157016
59	0.167972
59	0.124781
59	0.12074
59	0.0411305
59	0.0576432
59	0.208025
59	0.0805307
59	0.158515
59	0.150787
59	0.131641
59	0.0821134
59	0.0240242
59	0.0547962
59	0.0801884
59	0.116149
59	0.128566
59	0.0595714
59	0.121296
59	0.0476156
59	0.076689
59	0.0818404
59	0.0377982
59	0.0982548
59	0.109753
59	0.0811387
59	0.136271
59	0.19848
59	0.107658
59	0.16939
59	0.150787
59	0.150464
59	0.182713
59	0.0262881
59	0.0876966
59	0.106156
59	0.102281
59	0.111736
59	0.0899105
59	0.0736042
59	0.145028
59	0.13983
59	0.0628048
59	0.153425
59	0.13458
59	0.0316461
59	0.103489
59	0.282045
59	0.131899
59	0.0865108
59	0.103154
59	0.0194634
59	0.111017
59	0.0845132
59	0.182843
59	0.079795
59	0.0819823
59	0.139071
59	0.10775
59	0.0915976
59	0.0807834
59	0.103077
59	0.133581
59	0.215588
59	0.147338
59	0.196642
59	0.149438
59	0.126931
59	0.194128
59	0.154696
62	0.0204793
62	0.122785
62	0.0920663
62	0.00248092
62	0.219052
62	0.186527
62	0.0630352
62	0.130332
62	0.089871
62	0.106533
62	0.187592
62	0.0368492
62	0.135423
62	0.107256
62	0.0246536
62	0.0421835
62	0.0725445
62	0.0936929
62	0.0708531
62	0.0372305
62	0.0640716
62	0.161875
62	0.13772
62	0.0840992
62	0.16072
62	0.128258
62	0.136089
62	0.128507
62	0.115807
62	0.140131
62	0.0435496
62	0.0736437
62	0.0228183
62	0.123303
62	0.0298595
62	0.179636
62	0.0418927
62	0.143293
62	0.195948
62	0.133081
62	0.0677553
62	0.112085
62	0.0986159
62	0.189577
62	0.0976498
62	0.105497
62	0.0848999
62	0.0411312
62	0.0684393
62	0.106232
62	0.0933791
62	0.0385458
62	0.241227
62	0.0867334
62	0.0136084
62	0.113628
62	0.142431
62	0.0935319
62	0.0833533
62	0.129001
62	0.0798734
62	0.198462
62	0.0477696
62	0.102944
62	0.160131
62	0.0685137
62	0.106683
62	0.0529578
62	0.17069
62	0.125372
62	0.215919
62	0.0304529
62	0.17199
62	0.0202353
62	0.144473
62	0.143531
62	0.0545013
62	0.129443
62	0.191267
62	0.105487
62	0.119757
62	0.0490453
62	0.0472158
62	0.0909969
62	0.0834123
62	0.0270841
62	0.109915
62	0.0657319
62	0.0300796
62	0.0689017
62	0.109678
62	0.124747
62	0.152396
62	0.0358758
62	0.0840596
62	0.151408
62	0.0913925
62	0.151699
62	0.212329
62	0.0808617
65	0.15205
65	0.0793805
65	0.0792327
65	0.0886628
65	0.0560686
65	0.169188
65	0.0727221
65	0.076549
65	0.0667613
65	0.0454208
65	0.0555116
65	0.0924029
65	0.121603
65	0.132241
65	0.0514673
65	0.186631
65	0.0977516
65	0.121031
65	0.123316
65	0.0796178
65	0.0278844
65	0.0464135
65	0.0750678
65	0.178218
65	0.141574
65	0.170141
65	0.271408
65	0.106738
65	0.0690536
65	0.133867
65	0.128555
65	0.17078
65	0.073798
65	0.157444
65	0.172172
65	0.086833
65	0.0193276
65	0.103722
65	0.0536945
65	0.100427
65	0.111042
65	0.0887007
65	0.130763
65	0.092808
65	0.153712
65	0.145519
65	0.0648735
65	0.137812
65	0.137658
65	0.223057
65	0.0238375
65	0.221153
65	0.0991573
65	0.0409902
65	0.109412
65	0.0752632
65	0.0426769
65	0.176885
65	0.260953
65	0.106445
65	0.138542
65	0.152307
65	0.0815337
65	0.0628542
65	0.098615
65	0.0642859
65	0.199194
65	0.0969147
65	0.0913253
65	0.121563
65	0.100167
65	0.22502
65	0.114682
65	0.1206
65	0.184847
65	0.145396
65	0.153271
65	0.225306
65	0.075532
65	0.0564495
65	0.067745
65	0.205076
65	0.0923193
65	0.0790708
65	0.196199
65	0.130683
65	0.102679
65	0.128169
65	0.0893008
65	0.226379
65	0.152214
65	0.175174
65	0.191384
65	0.0107697
65	0.0585278
65	0.119192
65	0.0514715
65	0.0603617
65	0.0586663
65	0.0916414
68	0.063705
68	0.0909233
68	0.0193234
68	0.10394
68	0.0901593
68	0.164844
68	0.0847979
68	0.117458
68	0.053727
68	0.0848319
68	0.0882498
68	0.0674244
68	0.0773972
68	0.107938
68	0.11143
68	0.108463
68	0.0232214
68	0.084764
68	0.0634916
68	0.082995
68	0.0796757
68	0.134184
68	0.0653134
68	0.0181889
68	0.0553476
68	0.131989
68	0.0871708
68	0.135772
68	0.069015
68	0.127827
68	0.123163
68	0.127161
68	0.133385
68	0.121431
68	0.0636164
68	0.0904918
68	0.153085
68	0.0671551
68	0.146486
68	0.0509519
68	0.142331
68	0.0816256
68	0.116689
68	0.0851197
68	0.160044
68	0.123066
68	0.138041
68	0.0967755
68	0.0905843
68	0.138601
68	0.122101
68	0.135245
68	0.180381
68	0.116868
68	0.0637
68	0.0574172
68	0.08105
68	0.140865
68	0.084022
68	0.195097
68	0.0765356
68	0.0976375
68	0.0298147
68	0.146176
68	0.0344817
68	0.152406
68	0.159451
68	0.124623
68	0.19526
68	0.0658554
68	0.185197
68	0.0564052
68	0.0643457
68	0.104448
68	0.102857
68	0.149437
68	0.0475637
68	0.0603431
68	0.17942
68	0.0535113
68	0.0948423
68	0.0799829
68	0.0543377
68	0.0538048
68	0.153263
68	0.0431118
68	0.0826645
68	0.201744
68	0.0922104
68	0.0746382
68	0.0677605
68	0.0699241
68	0.106781
68	0.0949057
68	0.0671896
68	0.0977724
68	0.146313
68	0.0586031
68	0.110419
68	0.109137
71	0.154606
71	0.0205373
71	0.137567
71	0.0512438
71	0.103893
71	0.0318197
71	0.107111
71	0.128829
71	0.143397
71	0.0581839
71	0.0489736
71	0.0599578
71	0.12041
71	0.163173
71	0.0958581
71	0.0445714
71	0.0762066
71	0.109179
71	0.063048
71	0.0449707
71	0.130964
71	0.0915032
71	0.0671683
71	0.0728527
71	0.0732639
71	0.0711823
71	0.0763756
71	0.121449
71	0.103009
71	0.150341
71	0.090549
71	0.136829
71	0.106969
71	0.10852
71	0.0797792
71	0.0950608
71	0.104828
71	0.0514432
71	0.117277
71	0.0922549
71	0.0809351
71	0.244172
71	0.148203
71	0.122739
71	0.0573467
71	0.113326
71	0.0877539
71	0.106703
71	0.0338131
71	0.0778416
71	0.0708624
71	0.0800109
71	0.0358479
71	0.0725094
71	0.0520423
71	0.0946547
71	0.15778
71	0.0852823
71	0.111212
71	0.0626582
71	0.0684277
71	0.0251347
71	0.0825142
71	0.0429871
71	0.0914478
71	0.106067
71	0.191527
71	0.0646408
71	0.167559
71	0.142465
71	0.0907589
71	0.11338
71	0.100305
71	0.0820026
71	0.150998
71	0.0677778
71	0.0930338
71	0.0502698
71	0.15119
71	0.0885452
71	0.0751506
71	0.11554
71	0.222
71	0.110322
71	0.0794238
71	0.0476599
71	0.124695
71	0.0686622
71	0.135348
71	0.194718
71	0.132641
71	0.147897
71	0.14493
71	0.0942359
71	0.128487
71	0.0552612
71	0.042952
71	0.104
71	0.0555473
71	0.107361
74	0.113974
74	0.0429934
74	0.206383
74	0.0901271
74	0.0529078
74	0.106685
74	0.0861646
74	0.0887214
74	0.0620618
74	0.0806715
74	0.104387
74	0.0675221
74	0.0320107
74	0.106549
74	0.0951177
74	0.0591063
74	0.128506
74	0.0492972
74	0.129835
74	0.0622316
74	0.0792782
74	0.0744872
74	0.0824882
74	0.0974343
74	0.00905222
74	0.151736
74	0.117635
74	0.0508086
74	0.0591266
74	0.945848
74	0.226349
74	0.112906
74	0.3147
74	0.166401
74	0.16058
74	0.151172
74	0.0449193
74	0.133649
74	0.163315
74	0.172925
74	0.0578437
74	0.0757853
74	0.0853116
74	0.163934
74	0.111689
74	0.112664
74	0.0642823
74	0.0563852
74	0.0820439
74	0.090606
74	0.0739443
74	0.0551374
74	0.088197
74	0.079384
74	0.0638491
74	0.0292511
74	0.0999186
74	0.049053
74	0.116529
74	0.0515942
74	0.319228
74	0.0132556
74	0.17767
74	0.0698402
74	0.100122
74	0.148324
74	0.0633378
74	0.171227
74	0.191649
74	0.212338
74	0.0759938
74	0.198203
74	0.0712985
74	0.148309
74	0.0784728
74	0.0938695
74	0.115039
74	0.151825
74	0.0661887
74	0.051701
74	0.138832
74	0.149005
74	0.130988
74	0.135931
74	0.133534
74	0.210624
74	0.0844777
74	0.0785185
74	0.11218
74	0.0197511
74	0.142738
74	0.0160875
74	0.107743
74	0.0574697
74	0.0908519
74	0.152297
74	0.0671399
74	0.0859221
74	0.200867
74	0.165064
77	0.0906094
77	0.0803332
77	0.0569192
77	0.187893
77	0.0335698
77	0.0959012
77	0.0432223
77	0.106928
77	0.0716389
77	0.135333
77	0.0458274
77	0.117389
77	0.0674258
77	0.0807151
77	0.0960584
77	0.0894299
77	0.114007
77	0.157215
77	0.085614
77	0.0805598
77	0.163682
77	0.0583441
77	0.0774701
77	0.0979855
77	0.0401872
77	0.132336
77	0.22566
77	0.0614583
77	0.243384
77	0.115542
77	0.0936541
77	0.0832976
77	0.0723747
77	0.0774969
77	0.18015
77	0.102365
77	0.0234858
77	0.127774
77	0.119959
77	0.258735
77	0.144464
77	0.162552
77	0.16114
77	0.160049
77	0.0242252
77	0.126964
77	0.0740281
77	0.0428741
77	0.0112296
77	0.114376
77	0.102171
77	0.0554006
77	0.100364
77	0.199002
77	0.0811268
77	0.121659
77	0.0989012
77	0.245265
77	0.0808741
77	0.248004
77	0.0506757
77	0.0618952
77	0.0396935
77	0.152143
77	0.113936
77	0.189446
77	0.0668731
77	0.170889
77	0.102064
77	0.150668
77	0.185332
77	0.14043
77	0.124619
77	0.13033
77	0.126061
77	0.0278566
77	0.100421
77	0.257964
77	0.0784153
77	0.0899755
77	0.114266
77	0.0475459
77	0.0516479
77	0.107981
77	0.0904361
77	0.0560363
77	0.162647
77	0.0663039
77	0.0639252
77	0.131508
77	0.0831974
77	0.0833498
77	0.0607863
77	0.185804
77	0.121929
77	0.144941
77	0.118425
77	0.103987
77	0.0779364
77	0.0978835
80	0.124457
80	0.0869351
80	0.469323
80	0.107843
80	0.0739833
80	0.0692067
80	0.211341
80	0.138324
80	0.124833
80	0.06851
80	0.0742427
80	0.0478015
80	0.214913
80	0.117449
80	0.117981
80	0.130952
80	0.050066
80	0.0490659
80	0.0488724
80	0.0453501
80	0.107298
80	0.121099
80	0.121286
80	0.1003
80	0.0500662
80	0.0716215
80	0.0703175
80	0.189209
80	0.110033
80	0.0669266
80	0.115042
80	0.0687567
80	0.132387
80	0.0965563
80	0.0962197
80	0.156483
80	0.125474
80	0.0995402
80	0.136497
80	0.0763815
80	0.136177
80	0.102324
80	0.120921
80	0.14094
80	0.00680893
80	0.0805936
80	0.0688768
80	0.0838648
80	0.0416667
80	0.0915654
80	0.0380578
80	0.0839326
80	0.0432666
80	0.0965283
80	0.0661857
80	0.0570921
80	0.126242
80	0.0713856
80	0.0360699
80	0.0471053
80	0.0741045
80	0.161205
80	0.138964
80	0.178079
80	0.058075
80	0.136976
80	0.149704
80	0.0895029
80	0.171571
80	0.0642159
80	0.0443362
80	0.144877
80	0.075529
80	0.0566532
80	0.13807
80	0.058858
80	0.404563
80	0.0980826
80	0.108947
80	0.0852752
80	0.168333
80	0.0458611
80	0.134679
80	0.123455
80	0.144882
80	0.0546739
80	0.0420228
80	0.117934
80	0.109709
80	0.124741
80	0.141578
80	0.183181
80	0.140735
80	0.0703185
80	0.075423
80	0.142265
80	0.0207063
80	0.0835024
80	0.100756
80	0.133928
83	0.0926881
83	0.0693974
83	0.0822971
83	0.133163
83	0.0167398
83	0.0872815
83	0.077341
83	0.0691111
83	0.2026
83	0.130996
83	0.0710045
83	0.0669267
83	0.123483
83	0.118542
83	0.0593606
83	0.0992722
83	0.11866
83	0.158622
83	0.190733
83	0.0719582
83	0.0380508
83	0.0739188
83	0.0569944
83	0.125394
83	0.08563
83	0.0515849
83	0.0425981
83	0.109278
83	0.0327182
83	0.239802
83	0.0968224
83	0.0604584
83	0.0179301
83	0.0713452
83	0.0670762
83	0.0982413
83	0.0557187
83	0.0938445
83	0.0653057
83	0.130808
83	0.213112
83	0.0180507
83	0.0663279
83	0.074495
83	0.0572523
83	0.10115
83	0.05509
83	0.147207
83	0.115579
83	0.0721209
83	0.0319043
83	0.167623
83	0.183693
83	0.125649
83	0.122315
83	0.0784139
83	0.145262
83	0.110229
83	0.161924
83	0.198075
83	0.0363053
83	0.0711859
83	0.0560608
83	0.155886
83	0.0443443
83	0.071275
83	0.135452
83	0.146702
83	0.158276
83	0.0659479
83	0.0536735
83	0.078658
83	0.0501597
83	0.0625056
83	0.0388122
83	0.0602031
83	0.0683234
83	0.0986654
83	0.0870147
83	0.121361
83	0.124721
83	0.100983
83	0.127152
83	0.0474438
83	0.0537739
83	0.0247976
83	0.0787903
83	0.0653941
83	0.12545
83	0.0771556
83	0.0654508
83	0.188001
83	0.0945535
83	0.0885447
83	0.0868248
83	0.0788073
83	0.0598272
83	0.153872
83	0.128589
83	0.0398704
86	0.0752823
86	0.0791343
86	0.069622
86	0.124965
86	0.0155693
86	0.0701219
86	0.11805
86	0.0534604
86	0.0762397
86	0.0936964
86	0.0675952
86	0.109751
86	0.0652919
86	0.101861
86	0.0522129
86	0.0664464
86	0.0665526
86	0.053597
86	0.116785
86	0.145788
86	0.0408648
86	0.0544439
86	0.0636315
86	0.16748
86	0.113409
86	0.112649
86	0.0681659
86	0.10704
86	0.0312871
86	0.141839
86	0.121603
86	0.108719
86	0.214224
86	0.0692165
86	0.0688124
86	0.150613
86	0.0965776
86	0.0716014
86	0.455561
86	0.177969
86	0.0907688
86	0.067184
86	0.326645
86	0.0399714
86	0.152402
86	0.132237
86	0.138712
86	0.118226
86	0.0662159
86	0.123009
86	0.0915601
86	0.0659741
86	0.133185
86	0.126503
86	0.0217098
86	0.0934942
86	0.0958965
86	0.148915
86	0.0899356
86	0.182935
86	0.127655
86	0.12311
86	0.0501963
86	0.159143
86	0.0731808
86	0.206768
86	0.126
86	0.14226
86	0.0553372
86	0.0172151
86	0.0781921
86	0.0388398
86	0.0735229
86	0.066122
86	0.050063
86	0.0779696
86	0.0232453
86	0.0448791
86	0.0554732
86	0.247001
86	0.146536
86	0.195757
86	0.085834
86	0.10407
86	0.199249
86	0.0481161
86	0.146382
86	0.112909
86	0.125025
86	0.0709616
86	0.0888657
86	0.0791585
86	0.157721
86	0.137527
86	0.0936443
86	0.0222924
86	0.0387153
86	0.04992
86	0.218618
86	0.0697113
89	0.227383
89	0.0486123
89	0.126202
89	0.056335
89	0.071909
89	0.128521
89	0.0599595
89	0.0334902
89	0.0767397
89	0.0642207
89	0.0768917
89	0.209327
89	0.0735758
89	0.0316396
89	0.176684
89	0.0592815
89	0.0890576
89	0.0966067
89	0.0723775
89	0.0933612
89	0.0884759
89	0.117029
89	0.0560569
89	0.145615
89	0.138065
89	0.0856936
89	0.0616244
89	0.0283882
89	0.128007
89	0.152216
89	0.021084
89	0.118398
89	0.103665
89	0.0858717
89	0.204974
89	0.0498752
89	0.0751141
89	0.123967
89	0.0648875
89	0.035112
89	0.0488046
89	0.126699
89	0.137221
89	0.0753027
89	0.0451736
89	0.14593
89	0.378619
89	0.130415
89	0.0550139
89	0.112434
89	0.210567
89	0.0916836
89	0.107852
89	0.024424
89	0.0925851
89	0.153203
89	0.132294
89	0.132655
89	0.103116
89	0.0707651
89	0.174383
89	0.0825529
89	0.045112
89	0.0942772
89	0.116004
89	0.033617
89	0.145447
89	0.123907
89	0.0960661
89	0.0868967
89	0.281659
89	0.124326
89	0.134327
89	0.0848491
89	0.134532
89	0.0623166
89	0.0664753
89	0.0886528
89	0.203019
89	0.173714
89	0.103275
89	0.040774
89	0.0735176
89	0.106492
89	0.154952
89	0.219062
89	0.18117
89	0.160958
89	0.157607
89	0.0895359
89	0.136762
89	0.03912
89	0.115407
89	0.0672332
89	0.0789237
89	0.25199
89	0.0792656
89	0.0457528
89	0.0662078
89	0.103635
92	0.00476278
92	0.167782
92	0.0291886
92	0.0764875
92	0.117258
92	0.0131905
92	0.138889
92	0.0908305
92	0.0994838
92	0.0655376
92	0.101016
92	0.12234
92	0.160213
92	0.0970446
92	0.116751
92	0.0774517
92	0.0594374
92	0.1456
92	0.119751
92	0.0745535
92	0.124158
92	0.0249766
92	0.139131
92	0.0657913
92	0.0407741
92	0.0878307
92	0.0748834
92	0.0780555
92	0.120536
92	0.115889
92	0.0277415
92	0.136481
92	0.152405
92	0.0494654
92	0.0890525
92	0.110089
92	0.0711566
92	0.130948
92	0.0674877
92	0.0993046
92	0.0612318
92	0.0419486
92	0.0779724
92	0.104075
92	0.133092
92	0.0383594
92	0.121746
92	0.0762846
92	0.0824101
92	0.110559
92	0.159362
92	0.0700623
92	0.0678793
92	0.0575028
92	0.111914
92	0.0499196
92	0.0887885
92	0.198411
92	0.106367
92	0.0530209
92	0.0184106
92	0.0574438
92	0.0321554
92	0.102624
92	0.0903046
92	0.133156
92	0.121014
92	0.0780151
92	0.0161486
92	0.0690934
92	0.13632
92	0.118009
92	0.1064
92	0.131731
92	0.159121
92	0.107456
92	0.0377657
92	0.0712189
92	0.0953481
92	0.125804
92	0.0554768
92	0.0199852
92	0.0814534
92	0.0742772
92	0.0865676
92	0.132618
92	0.126776
92	0.0360136
92	0.0696587
92	0.0671999
92	0.0727674
92	0.120626
92	0.0601076
92	0.117077
92	0.115433
92	0.148602
92	0.0529517
92	0.0977673
92	0.0765853
92	0.0261047
95	0.167299
95	0.06913
95	0.0679991
95	0.206937
95	0.167074
95	0.147807
95	0.132958
95	0.211723
95	0.138744
95	0.222902
95	0.0503306
95	0.0475412
95	0.077779
95	0.0695404
95	0.0270465
95	0.0702721
95	0.0839602
95	0.136669
95	0.0287728
95	0.199475
95	0.151816
95	0.139452
95	0.172716
95	0.167042
95	0.0884829
95	0.119786
95	0.0882154
95	0.20406
95	0.0524641
95	0.0496235
95	0.0692106
95	0.157242
95	0.0693005
95	0.0612843
95	0.26942
95	0.101443
95	0.153244
95	0.0411951
95	0.141936
95	0.136737
95	0.0466255
95	0.135408
95	0.0760047
95	0.0452261
95	0.218983
95	0.0660336
95	0.0370009
95	0.175868
95	0.141015
95	0.18265
95	0.0734581
95	0.0775664
95	0.0756907
95	0.106789
95	0.00929146
95	0.122272
95	0.171655
95	0.0610612
95	0.139572
95	0.147508
95	0.135039
95	0.0762115
95	0.0175373
95	0.0850625
95	0.0840546
95	0.0866135
95	0.11644
95	0.0345204
95	0.131866
95	0.047369
95	0.129528
95	0.115656
95	0.172925
95	0.0877035
95	0.0770527
95	0.0437298
95	0.0356861
95	0.0539873
95	0.0502786
95	0.191695
95	0.174129
95	0.101241
95	0.126665
95	0.0457338
95	0.0520229
95	0.0767891
95	0.100086
95	0.0762891
95	0.0676157
95	0.0708301
95	0.0878234
95	0.165842
95	0.104872
95	0.143959
95	0.105617
95	0.0794298
95	0.0504885
95	0.190308
95	0.107754
95	0.0697137
98	0.0324675
98	0.1157
98	0.0907081
98	0.0802417
98	0.0614205
98	0.0370982
98	0.0693555
98	0.116163
98	0.0725522
98	0.099201
98	0.0353855
98	0.0496147
98	0.0890741
98	0.0624531
98	0.140784
98	0.0564121
98	0.146145
98	0.0308769
98	0.0802922
98	0.156587
98	0.0866398
98	0.0969271
98	0.0437977
98	0.154151
98	0.118231
98	0.0582231
98	0.159212
98	0.0868702
98	0.02824
98	0.0926064
98	0.0304377
98	0.131095
98	0.0581619
98	0.0863438
98	0.107845
98	0.124919
98	0.1286
98	0.101805
98	0.218498
98	0.148372
98	0.195765
98	0.0687868
98	0.108146
98	0.0779025
98	0.171318
98	0.0226465
98	0.113553
98	0.146951
98	0.0380266
98	0.081615
98	0.149923
98	0.115703
98	0.0625738
98	0.0715852
98	0.110674
98	0.0516748
98	0.140774
98	0.0597627
98	0.151967
98	0.0292583
98	0.127789
98	0.138834
98	0.168753
98	0.103766
98	0.136832
98	0.126038
98	0.172836
98	0.0797589
98	0.0860943
98	0.0809836
98	0.0879657
98	0.0646553
98	0.0761617
98	0.253849
98	0.0697044
98	0.20411
98	0.0326056
98	0.0921777
98	0.0488859
98	0.0621742
98	0.143939
98	0.0449667
98	0.114145
98	0.0625251
98	0.224067
98	0.158658
98	0.0498646
98	0.0663283
98	0.128617
98	0.126646
98	0.114957
98	0.0553377
98	0.0878758
98	0.088762
98	0.038398
98	0.0587463
98	0.140555
98	0.139778
98	0.0752121
98	0.163084
101	0.0619966
101	0.0485014
101	0.0557111
101	0.112977
101	0.185778
101	0.112177
101	0.12046
101	0.0718161
101	0.0275604
101	0.143168
101	0.11304
101	0.0760752
101	0.142159
101	0.140891
101	0.0915984
101	0.127891
101	0.0803404
101	0.183573
101	0.0760583
101	0.061943
101	0.0480991
101	0.141868
101	0.135645
101	0.0576167
101	0.126402
101	0.0832643
101	0.0991228
101	0.110766
101	0.103549
101	0.196927
101	0.056453
101	0.0909471
101	0.134021
101	0.0595065
101	0.199428
101	0.11265
101	0.0541004
101	0.0521898
101	0.102352
101	0.0288952
101	0.12691
101	0.104182
101	0.0224525
101	0.0892285
101	0.0192701
101	0.137138
101	0.0588565
101	0.136257
101	0.110848
101	0.125793
101	0.0559893
101	0.10972
101	0.171364
101	0.11589
101	0.0944706
101	0.127442
101	0.0780541
101	0.0575833
101	0.0751239
101	0.0840013
101	0.0727912
101	0.14343
101	0.0851268
101	0.15953
101	0.0912056
101	0.051354
101	0.0832721
101	0.0125982
101	0.130035
101	0.0533907
101	0.089977
101	0.0795381
101	0.0713612
101	0.066283
101	0.174498
101	0.164602
101	0.100811
101	0.00674532
101	0.101456
101	0.0730911
101	0.131449
101	0.0789891
101	0.054266
101	0.0504565
101	0.0772979
101	0.168669
101	0.0769576
101	0.0467916
101	0.200142
101	0.0610791
101	0.177654
101	0.089247
101	0.168363
101	0.0606345
101	0.0869174
101	0.171051
101	0.0550184
101	0.144745
101	0.0720245
101	0.069143
104	0.0864879
104	0.145753
104	0.10887
104	0.0118875
104	0.117616
104	0.0953883
104	0.105412
104	0.180029
104	0.120929
104	0.0669097
104	0.0291543
104	0.257913
104	0.113543
104	0.062604
104	0.0666745
104	0.0543396
104	0.131611
104	0.0723153
104	0.0784154
104	0.0443296
104	0.149062
104	0.0566847
104	0.0533632
104	0.0199363
104	0.0978178
104	0.0838129
104	0.157082
104	0.0314086
104	0.075328
104	0.181743
104	0.113288
104	0.0660897
104	0.031266
104	0.00398724
104	0.12712
104	0.068216
104	0.138816
104	0.0388024
104	0.0151092
104	0.0788623
104	0.110193
104	0.0599896
104	0.112174
104	0.0878109
104	0.0704084
104	0.111033
104	0.0616612
104	0.034781
104	0.0616359
104	0.121603
104	0.0725051
104	0.099039
104	0.126836
104	0.0946166
104	0.0419828
104	0.126426
104	0.876526
104	0.0525737
104	0.165422
104	0.0967581
104	0.0969758
104	0.0391372
104	0.0625396
104	0.0556759
104	0.166539
104	0.0566244
104	0.0671654
104	0.134514
104	0.0443495
104	0.120059
104	0.299831
104	0.160889
104	0.0966357
104	0.114735
104	0.117241
104	0.0617362
104	0.223254
104	0.116585
104	0.0527536
104	0.117138
104	0.236073
104	0.0864825
104	0.0911981
104	0.0542995
104	0.0844511
104	0.116896
104	0.0579377
104	0.137249
104	0.049604
104	0.184112
104	0.075402
104	0.0972369
104	0.13661
104	0.125517
104	0.153107
104	0.083653
104	0.022113
104	0.146371
104	0.117178
104	0.0878666
107	0.112053
107	0.0236903
107	0.102656
107	0.135746
107	0.010808
107	0.161841
107	0.111748
107	0.0772916
107	0.0651489
107	0.141636
107	0.0723583
107	0.0372716
107	0.0789225
107	0.0543818
107	0.0704768
107	0.0628633
107	0.157121
107	0.120601
107	0.151934
107	0.0702451
107	0.132748
107	0.110137
107	0.0230477
107	0.0557036
107	0.0955055
107	0.185272
107	0.178178
107	0.20011
107	0.06566
107	0.115265
107	0.11389
107	0.0821149
107	0.0865977
107	0.186085
107	0.240064
107	0.112418
107	0.164341
107	0.147627
107	0.0494401
107	0.104644
107	0.0520782
107	0.0446399
107	0.0814201
107	0.199194
107	0.187786
107	0.0913519
107	0.170229
107	0.0773754
107	0.864913
107	0.10503
107	0.0712434
107	0.044333
107	0.129334
107	0.128621
107	0.0593096
107	0.0388894
107	0.13999
107	0.039388
107	0.18545
107	0.0790611
107	0.139581
107	0.042267
107	0.150855
107	0.0894668
107	0.0400166
107	0.111345
107	0.0952239
107	0.121995
107	0.234889
107	0.0828795
107	0.135323
107	0.125065
107	0.117769
107	0.109734
107	0.152384
107	0.0428331
107	0.0782269
107	0.0902749
107	0.0426704
107	0.0655251
107	0.218295
107	0.149475
107	0.113351
107	0.163465
107	0.120012
107	0.0631
107	0.0886433
107	0.0287489
107	0.100381
107	0.0824599
107	0.0434371
107	0.0856812
107	0.0578165
107	0.113322
107	0.0417033
107	0.0877363
107	0.106868
107	0.0855278
107	0.104454
107	0.106776
110	0.230077
110	0.0704886
110	0.100917
110	0.168592
110	0.1297
110	0.0805304
110	0.138809
110	0.0799968
110	0.0619906
110	0.0860377
110	0.0593303
110	0.275059
110	0.0408824
110	0.217724
110	0.216458
110	0.110865
110	0.138069
110	0.077969
110	0.166986
110	0.113426
110	0.160527
110	0.0961849
110	0.0218959
110	0.129581
110	0.0649857
110	0.22223
110	0.0594751
110	0.0944311
110	0.137263
110	0.0288439
110	0.066108
110	0.155092
110	0.135781
110	0.0250997
110	0.0301201
110	0.0436103
110	0.112154
110	0.17351
110	0.09248
110	0.034892
110	0.152372
110	0.0473858
110	0.0723815
110	0.0521156
110	0.0957133
110	0.133437
110	0.128153
110	0.189343
110	0.0367853
110	0.107681
110	0.154965
110	0.118594
110	0.0570217
110	0.0288149
110	0.0960107
110	0.0774568
110	0.0209387
110	0.116082
110	0.0585109
110	0.120219
110	0.0478103
110	0.133019
110	0.0753028
110	0.206096
110	0.20388
110	0.040979
110	0.0731317
110	0.11172
110	0.063929
110	0.131576
110	0.0410111
110	0.0834177
110	0.0597072
110	0.0375487
110	0.0324491
110	0.10152
110	0.0818217
110	0.0821104
110	0.121997
110	0.128798
110	0.0333211
110	0.0516679
110	0.0219721
110	0.0620677
110	0.0552229
110	0.259542
110	0.161856
110	0.0413021
110	0.102504
110	0.0880364
110	0.116953
110	0.0994556
110	0.0897871
110	0.143622
110	0.151575
110	0.0937411
110	0.14659
110	0.0724041
110	0.0816851
110	0.16674
113	0.0716877
113	0.13442
113	0.0966207
113	0.0977038
113	0.0650522
113	0.071938
113	0.0574125
113	0.0334078
113	0.0226811
113	0.119904
113	0.0595361
113	0.115881
113	0.0958605
113	0.0321023
113	0.121284
113	0.0524255
113	0.0198102
113	0.0551336
113	0.0882317
113	0.138961
113	0.0778845
113	0.0651446
113	0.0877929
113	0.0250675
113	0.101063
113	0.0750356
113	0.0857998
113	0.0550737
113	0.0393264
113	0.111986
113	0.136877
113	0.0539973
113	0.0745514
113	0.136784
113	0.0639531
113	0.064529
113	0.146158
113	0.085293
113	0.17124
113	0.117354
113	0.147562
113	0.1511
113	0.0544438
113	0.0723161
113	0.0172821
113	0.152482
113	0.0588988
113	0.135844
113	0.0687379
113	0.197241
113	0.0391766
113	0.0432341
113	0.0899113
113	0.0610242
113	0.0782204
113	0.0544468
113	0.106375
113	0.0944903
113	0.0186239
113	0.214462
113	0.113833
113	0.144095
113	0.150505
113	0.141429
113	0.134958
113	0.064369
113	0.0877704
113	0.104324
113	0.020139
113	0.21817
113	0.191342
113	0.112938
113	0.0659379
113	0.0838114
113	0.158388
113	0.027238
113	0.0493235
113	0.0854194
113	0.121533
113	0.0761489
113	0.103752
113	0.088871
113	0.104301
113	0.108601
113	0.126123
113	0.0971943
113	0.145644
113	0.0325419
113	0.114902
113	0.0866355
113	0.0827879
113	0.115924
113	0.126186
113	0.0521002
113	0.0598787
113	0.105568
113	0.086004
113	0.098178
113	0.324652
113	0.0783694
116	0.13982
116	0.114196
116	0.112694
116	0.0604655
116	0.145431
116	0.151784
116	0.0442884
116	0.0213074
116	0.0857764
116	0.109516
116	0.153965
116	0.16976
116	0.139779
116	0.237157
116	0.0813101
116	0.0384629
116	0.0587373
116	0.0821363
116	0.121297
116	0.102454
116	0.0363296
116	0.0387354
116	0.0969076
116	0.0680727
116	0.182484
116	0.0293322
116	0.0474007
116	0.0725186
116	0.0630149
116	0.134668
116	0.0665005
116	0.0245891
116	0.0285336
116	0.205438
116	0.108676
116	0.0742232
116	0.0699242
116	0.104332
116	0.0591827
116	0.0573797
116	0.1458
116	0.0369088
116	0.126655
116	0.0193538
116	0.0425242
116	0.116551
116	0.0904563
116	0.187348
116	0.126907
116	0.0599889
116	0.150917
116	0.0610745
116	0.105673
116	0.134674
116	0.0505497
116	0.193925
116	0.088861
116	0.12329
116	0.056301
116	0.0673566
116	0.123258
116	0.0540554
116	0.0526355
116	0.107382
116	0.0913217
116	0.113757
116	0.0617545
116	0.0248336
116	0.143457
116	0.05
116	0.0695013
116	0.074688
116	0.130794
116	0.108419
116	0.121625
116	0.0564019
116	0.054409
116	0.0803469
116	0.0341007
116	0.0674947
116	0.0959834
116	0.0916122
116	0.11123
116	0.0532866
116	0.0260037
116	0.140152
116	0.0325214
116	0.0442514
116	0.0900336
116	0.0774902
116	0.0604999
116	0.00810169
116	0.0401017
116	0.0984806
116	0.0757492
116	0.19639
116	0.0826201
116	0.0977562
116	0.226192
116	0.134125
119	0.0871026
119	0.19129
119	0.0238856
119	0.0679681
119	0.094939
119	0.199541
119	0.0938076
119	0.0547341
119	0.102322
119	0.130284
119	0.0764561
119	0.0951119
119	0.0214432
119	0.119017
119	0.151739
119	0.0408945
119	0.0772104
119	0.123646
119	0.0408392
119	0.0520101
119	0.104077
119	0.108209
119	0.0500029
119	0.139341
119	0.21499
119	0.0904111
119	0.0335966
119	0.111399
119	0.0591121
119	0.204224
119	0.138643
119	0.0962237
119	0.1108
119	0.23648
119	0.199102
119	0.0489962
119	0.0965672
119	0.0412916
119	0.0824212
119	0.121419
119	0.0988038
119	0.0624073
119	0.0830577
119	0.12711
119	0.105695
119	0.0398252
119	0.0823549
119	0.168295
119	0.111795
119	0.146083
119	0.0876539
119	0.0889691
119	0.120964
119	0.0481695
119	0.0721735
119	0.233682
119	0.0634681
119	0.043418
119	0.0867376
119	0.209731
119	0.0286815
119	0.0473837
119	0.036492
119	0.183536
119	0.195664
119	0.108276
119	0.0838718
119	0.124048
119	0.0465927
119	0.0542764
119	0.161401
119	0.056371
119	0.208294
119	0.121208
119	0.0748827
119	0.0758229
119	0.0879306
119	0.0409452
119	0.0462341
119	0.0877295
119	0.0164289
119	0.113827
119	0.0402322
119	0.165126
119	0.140991
119	0.0898019
119	0.186451
119	0.0580352
119	0.084901
119	0.0465686
119	0.0787727
119	0.0479248
119	0.162824
119	0.0550893
119	0.0474073
119	0.0824184
119	0.110796
119	0.0423497
119	0.0371094
119	0.0508536
122	0.0555367
122	0.144472
122	0.0671342
122	0.089837
122	0.147249
122	0.0755884
122	0.0765398
122	0.108961
122	0.0233218
122	0.10369
122	0.0349729
122	0.113461
122	0.107804
122	0.138315
122	0.0851825
122	0.0512479
122	0.223244
122	0.0381861
122	0.124674
122	0.153003
122	0.02933
122	0.118485
122	0.103379
122	0.106516
122	0.145892
122	0.0433443
122	0.0955667
122	0.0855964
122	0.0339102
122	0.19599
122	0.062907
122	0.0966934
122	0.121934
122	0.0746917
122	0.0731295
122	0.0872835
122	0.0635834
122	0.0834868
122	0.159827
122	0.139959
122	0.108758
122	0.129117
122	0.171492
122	0.101441
122	0.0832549
122	0.121335
122	0.117977
122	0.0784082
122	0.084924
122	0.0908973
122	0.0898857
122	0.201464
122	0.0799951
122	0.127852
122	0.00759911
122	0.128765
122	0.0566976
122	0.0945942
122	0.0403219
122	0.0790585
122	0.0425347
122	0.164087
122	0.0733091
122	0.0530677
122	0.0214947
122	0.0906158
122	0.0666225
122	0.0550739
122	0.146425
122	0.0654172
122	0.00967681
122	0.0699405
122	0.201455
122	0.128408
122	0.202655
122	0.1041
122	0.131154
122	0.0867734
122	0.230259
122	0.0755812
122	0.0392609
122	0.0961494
122	0.0725204
122	0.150505
122	0.141688
122	0.0888873
122	0.156359
122	0.176461
122	0.146666
122	0.0692168
122	0.140021
122	0.0732694
122	0.100955
122	0.0544853
122	0.0504187
122	0.0828554
122	0.0196729
122	0.118326
122	0.0478331
122	0.116589
125	0.033753
125	0.0410475
125	0.0809985
125	0.099072
125	0.117981
125	0.115973
125	0.0862959
125	0.090335
125	0.114233
125	0.072558
125	0.111345
125	0.184727
125	0.0735922
125	0.103124
125	0.06501
125	0.133761
125	0.0899338
125	0.130928
125	0.0794915
125	0.107986
125	0.202302
125	0.112816
125	0.0928193
125	0.0876
125	0.0610024
125	0.834269
125	0.0929908
125	0.117663
125	0.0738988
125	0.161862
125	0.0906636
125	0.0536974
125	0.0426691
125	0.183023
125	0.0947487
125	0.173002
125	0.208021
125	0.0287756
125	0.0436637
125	0.057506
125	0.0712717
125	0.127191
125	0.0272075
125	0.0460526
125	0.0351535
125	0.0985636
125	0.186572
125	0.0923547
125	0.0987709
125	0.0420052
125	0.15517
125	0.145996
125	0.121278
125	0.12405
125	0.163836
125	0.112106
125	0.105001
125	0.087521
125	0.172189
125	0.0713945
125	0.139231
125	0.0669211
125	0.144317
125	0.0885826
125	0.166779
125	0.0141519
125	0.0821918
125	0.025312
125	0.148558
125	0.153221
125	0.0674491
125	0.135344
125	0.123412
125	0.124536
125	0.0781167
125	0.100749
125	0.108623
125	0.0870036
125	0.122396
125	0.0255004
125	0.118088
125	0.0441463
125	0.243056
125	0.228222
125	0.0605222
125	0.0923147
125	0.0630276
125	0.101099
125	0.068055
125	0.0650812
125	0.0730413
125	0.108301
125	0.0377927
125	0.0657278
125	0.080871
125	0.122197
125	0.0789078
125	0.0715351
125	0.0659588
125	0.0386129
128	0.0957341
128	0.117141
128	0.216552
128	0.0572375
128	0.061673
128	0.0465288
128	0.11884
128	0.0509415
128	0.11279
128	0.124402
128	0.0890873
128	0.17464
128	0.140943
128	0.0354999
128	0.0598876
128	0.0981706
128	0.0398684
128	0.143303
128	0.215985
128	0.0584691
128	0.073238
128	0.106096
128	0.0689256
128	0.103975
128	0.10533
128	0.0514567
128	0.0571838
128	0.0878169
128	0.0709029
128	0.0441437
128	0.0467115
128	0.0969348
128	0.126032
128	0.145412
128	0.0253519
128	0.143922
128	0.0693854
128	0.0796104
128	0.0837002
128	0.0793872
128	0.0627655
128	0.0684564
128	0.0791669
128	0.141654
128	0.0536092
128	0.106021
128	0.107129
128	0.243221
128	0.0778832
128	0.0743008
128	0.116233
128	0.0504413
128	0.12113
128	0.168773
128	0.0521141
128	0.0295399
128	0.0495353
128	0.0810591
128	0.0924617
128	0.123306
128	0.103753
128	0.0812403
128	0.139807
128	0.0494638
128	0.0877408
128	0.0855025
128	0.149776
128	0.0474169
128	0.0349687
128	0.0140186
128	0.122367
128	0.183091
128	0.0755902
128	0.236005
128	0.113853
128	0.0897196
128	0.0697138
128	0.10335
128	0.180902
128	0.049958
128	0.0841352
128	0.126615
128	0.185059
128	0.124359
128	0.0347764
128	0.167354
128	0.0738715
128	0.0348145
128	0.128333
128	0.0419481
128	0.0692669
128	0.174429
128	0.0755687
128	0.0774013
128	0.0598715
128	0.083141
128	0.11978
128	0.0581569
128	0.0941286
128	0.0898885
131	0.026634
131	0.0581163
131	0.102653
131	0.131392
131	0.0894616
131	0.0227426
131	0.0770558
131	0.0791806
131	0.113005
131	0.149237
131	0.0205683
131	0.0969663
131	0.121612
131	0.0806383
131	0.0762682
131	0.0967419
131	0.0134348
131	0.0433335
131	0.145952
131	0.179356
131	0.110767
131	0.151853
131	0.106925
131	0.0539585
131	0.144597
131	0.0698239
131	0.061572
131	0.0498011
131	0.0950535
131	0.0404017
131	0.109498
131	0.180146
131	0.049104
131	0.031606
131	0.0990889
131	0.0850016
131	0.0708533
131	0.0907048
131	0.0476098
131	0.0371172
131	0.132648
131	0.10857
131	0.0941027
131	0.120704
131	0.135806
131	0.0606104
131	0.100512
131	0.142759
131	0.0692732
131	0.0887488
131	0.610068
131	0.011229
131	0.0743243
131	0.0630143
131	0.117858
131	0.139278
131	0.0894267
131	0.161717
131	0.0202819
131	0.0158951
131	0.119991
131	0.0612404
131	0.0660254
131	0.0825463
131	0.125384
131	0.105578
131	0.0376845
131	0.0280076
131	0.149802
131	0.0259099
131	0.132445
131	0.100808
131	0.083425
131	0.101792
131	0.0982308
131	0.0862339
131	0.0814706
131	0.0769859
131	0.0899273
131	0.163309
131	0.103555
131	0.0715271
131	0.166904
131	0.121617
131	0.0531524
131	0.0970316
131	0.0246345
131	0.11573
131	0.115481
131	0.0728513
131	0.110244
131	0.0477761
131	0.0998108
131	0.00607058
131	0.137761
131	0.0940797
131	0.149575
131	0.115961
131	0.101429
131	0.0532085
134	0.141612
134	0.176417
134	0.0933349
134	0.0999741
134	0.0666336
134	0.0418808
134	0.0468868
134	0.120957
134	0.0152549
134	0.0845629
134	0.0610404
134	0.125133
134	0.120683
134	0.188723
134	0.033409
134	0.0365009
134	0.155579
134	0.0916019
134	0.19878
134	0.100021
134	0.0590411
134	0.0678732
134	0.17924
134	0.0738659
134	0.0720023
134	0.0635975
134	0.103274
134	0.0450298
134	0.127709
134	0.0220447
134	0.0396975
134	0.126347
134	0.0750357
134	0.118353
134	0.132693
134	0.0706596
134	0.0669707
134	0.147478
134	0.107228
134	0.145494
134	0.116043
134	0.103118
134	0.0753323
134	0.0229667
134	0.062
134	0.0836824
134	0.136285
134	0.0765564
134	0.150042
134	0.0742418
134	0.239705
134	0.106692
134	0.12312
134	0.0474382
134	0.0621546
134	0.0254034
134	0.183021
134	0.074922
134	0.0656607
134	0.0907414
134	0.0566574
134	0.0792248
134	0.114535
134	0.13548
134	0.0892287
134	0.0878984
134	0.0729787
134	0.0784732
134	0.0259817
134	0.111397
134	0.0496982
134	0.0779506
134	0.064161
134	0.0577811
134	0.0791572
134	0.0608421
134	0.0796589
134	0.0659747
134	0.135434
134	0.0639915
134	0.00867276
134	0.119455
134	0.0904458
134	0.0848711
134	0.148185
134	0.0315304
134	0.0638634
134	0.100078
134	0.0449666
134	0.0244235
134	0.0906798
134	0.0986829
134	0.0724228
134	0.111279
134	0.128757
134	0.136051
134	0.0782329
134	0.0750399
134	0.0582518
134	0.0944931
137	0.0916992
137	0.121226
137	0.0880352
137	0.141976
137	0.151875
137	0.172367
137	0.0496657
137	0.0660507
137	0.151657
137	0.0562265
137	0.0623775
137	0.0517938
137	0.113867
137	0.0127579
137	0.0575818
137	0.0785226
137	0.125758
137	0.122578
137	0.0967513
137	0.10712
137	0.114393
137	0.0680254
137	0.0583587
137	0.089303
137	0.0756049
137	0.129749
137	0.0980814
137	0.120932
137	0.0897423
137	0.0736979
137	0.100479
137	0.0379828
137	0.0905113
137	0.0737036
137	0.0742153
137	0.192275
137	0.0734628
137	0.0363945
137	0.0414173
137	0.0449347
137	0.0595847
137	0.058038
137	0.145223
137	0.134437
137	0.0638407
137	0.096732
137	0.0733143
137	0.111295
137	0.12257
137	0.147423
137	0.164841
137	0.100218
137	0.0901527
137	0.0367318
137	0.0983029
137	0.187624
137	0.0728252
137	0.152833
137	0.0258888
137	0.0457598
137	0.0129531
137	0.0173634
137	0.0393493
137	0.0760885
137	0.171476
137	0.0296214
137	0.135144
137	0.11464
137	0.201956
137	0.0806412
137	0.102553
137	0.0931763
137	0.154403
137	0.107906
137	0.0850649
137	0.149749
137	0.0627815
137	0.0970099
137	0.0813265
137	0.0967378
137	0.0608108
137	0.0286689
137	0.102067
137	0.0679159
137	0.13005
137	0.125105
137	0.0786697
137	0.105937
137	0.061072
137	0.10943
137	0.244172
137	0.0634142
137	0.175834
137	0.061409
137	0.093948
137	0.0448035
137	0.0446936
137	0.100247
137	0.164861
137	0.11314
140	0.0876512
140	0.0403718
140	0.0255129
140	0.00206906
140	0.102989
140	0.0779528
140	0.220605
140	0.0984946
140	0.105899
140	0.0913036
140	0.144844
140	0.0639935
140	0.0423317
140	0.00781891
140	0.17363
140	0.0738224
140	0.116203
140	0.067551
140	0.068933
140	0.0424793
140	0.331095
140	0.064496
140	0.0933312
140	0.124435
140	0.0884596
140	0.0734141
140	0.0260653
140	0.0574079
140	0.0664513
140	0.160588
140	0.0983214
140	0.0362664
140	0.0853703
140	0.0718314
140	0.090182
140	0.0991097
140	0.152375
140	0.0642238
140	0.115932
140	0.066003
140	0.148085
140	0.121202
140	0.139105
140	0.120849
140	0.181332
140	0.0626743
140	0.108839
140	0.178913
140	0.10617
140	0.0953768
140	0.193297
140	0.153937
140	0.0554177
140	0.102836
140	0.0701743
140	0.096063
140	0.0791768
140	0.0114829
140	0.152076
140	0.0708974
140	0.212403
140	0.0503172
140	0.19107
140	0.0942538
140	0.0755138
140	0.155905
140	0.167673
140	0.0288042
140	0.0323463
140	0.0574476
140	0.0760941
140	0.0803073
140	0.0873479
140	0.12416
140	0.0432908
140	0.166988
140	0.0895811
140	0.0798611
140	0.0266121
140	0.051404
140	0.0562894
140	0.126212
140	0.0493567
140	0.130781
140	0.0606645
140	0.0417581
140	0.121298
140	0.0778586
140	0.107939
140	0.11002
140	0.0282748
140	0.0875466
140	0.119167
140	0.151298
140	0.0865483
140	0.0865604
140	0.104066
140	0.114536
140	0.111425
140	0.0228835
143	0.0820321
143	0.133886
143	0.153681
143	0.0708711
143	0.135967
143	0.0571223
143	0.13054
143	0.137884
143	0.0713804
143	0.0351163
143	0.147846
143	0.0713852
143	0.0786157
143	0.0823313
143	0.108014
143	0.0868721
143	0.0188223
143	0.193419
143	0.0481362
143	0.0620915
143	0.156622
143	0.0848248
143	0.186693
143	0.0989881
143	0.0612064
143	0.111021
143	0.0904133
143	0.102923
143	0.0490879
143	0.0597882
143	0.0333344
143	0.0607698
143	0.0594131
143	0.0500854
143	0.133687
143	0.060531
143	0.102028
143	0.131852
143	0.110288
143	0.0855721
143	0.0562803
143	0.0751404
143	0.039879
143	0.0942362
143	0.0944771
143	0.111638
143	0.122839
143	0.0838145
143	0.0770466
143	0.182446
143	0.0536526
143	0.0361234
143	0.0368509
143	0.134298
143	0.161641
143	0.027406
143	0.129207
143	0.0290576
143	0.0462035
143	0.120693
143	0.0381966
143	0.0501047
143	0.203142
143	0.0877127
143	0.101231
143	0.105136
143	0.0653474
143	0.123973
143	0.0406498
143	0.0235714
143	0.0717946
143	0.073468
143	0.0606275
143	0.170793
143	0.0967877
143	0.0733535
143	0.102306
143	0.108177
143	0.0584374
143	0.15102
143	0.086179
143	0.0877482
143	0.186451
143	0.145895
143	0.173248
143	0.107715
143	0.0476762
143	0.058636
143	0.329018
143	0.0411046
143	0.0622586
143	0.0765785
143	0.0362577
143	0.05466
143	0.116541
143	0.0645036
143	0.0532045
143	0.0491294
143	0.0836498
143	0.0636142
146	0.0941387
146	0.103839
146	0.0717102
146	0.128095
146	0.00631483
146	0.0494846
146	0.0651594
146	0.0312609
146	0.144392
146	0.0777589
146	0.0449828
146	0.068382
146	0.137764
146	0.0447748
146	0.0630196
146	0.0592988
146	0.053545
146	0.103454
146	0.165102
146	0.161742
146	0.108905
146	0.119761
146	0.0657775
146	0.080929
146	0.0807154
146	0.101094
146	0.0783604
146	0.0682893
146	0.0816844
146	0.168516
146	0.0405315
146	0.143186
146	0.127735
146	0.0566657
146	0.199947
146	0.0615276
146	0.0987734
146	0.0705429
146	0.0319734
146	0.0933551
146	0.105543
146	0.0886467
146	0.0785853
146	0.109308
146	0.159379
146	0.0720461
146	0.0885702
146	0.0913082
146	0.0433782
146	0.0656189
146	0.0739075
146	0.0820668
146	0.0220272
146	0.0781154
146	0.148938
146	0.102503
146	0.105671
146	0.0236474
146	0.14683
146	0.093215
146	0.0969885
146	0.0346057
146	0.0799397
146	0.130596
146	0.0684113
146	0.104526
146	0.119189
146	0.116581
146	0.105924
146	0.0650915
146	0.0982598
146	0.154899
146	0.0912989
146	0.0874239
146	0.113431
146	0.0816404
146	0.121067
146	0.124964
146	0.0779915
146	0.156446
146	0.145764
146	0.0332844
146	0.064823
146	0.0836905
146	0.0242408
146	0.0810391
146	0.0322585
146	0.0297449
146	0.176564
146	0.0918118
146	0.13735
146	0.188427
146	0.0607784
146	0.205638
146	0.0678353
146	0.0423821
146	0.110317
146	0.117069
146	0.132919
146	0.0644991
149	0.0737974
149	0.0789848
149	0.0358429
149	0.103719
149	0.0905184
149	0.0537187
149	0.0910294
149	0.031319
149	0.114329
149	0.0878565
149	0.0506757
149	0.05639
149	0.103074
149	0.0661494
149	0.0231321
149	0.151665
149	0.121419
149	0.0828509
149	0.186838
149	0.08903
149	0.0698299
149	0.0602422
149	0.237481
149	0.0540963
149	0.0543527
149	0.0488028
149	0.104278
149	0.0459053
149	0.121145
149	0.187216
149	0.15498
149	0.0591905
149	0.0443232
149	0.0546727
149	0.0293865
149	0.0589315
149	0.107193
149	0.0494553
149	0.0488147
149	0.0877641
149	0.161026
149	0.117374
149	0.0224126
149	0.0377609
149	0.17857
149	0.133781
149	0.0433895
149	0.0550047
149	0.0991318
149	0.174837
149	0.0255966
149	0.0574324
149	0.0537995
149	0.0262011
149	0.058543
149	0.0714636
149	0.0173887
149	0.136069
149	0.0532723
149	0.0400154
149	0.0727861
149	0.0367079
149	0.0415841
149	0.0811089
149	0.0872621
149	0.101316
149	0.0361984
149	0.0837787
149	0.0943992
149	0.0452825
149	0.0417482
149	0.0679478
149	0.0250356
149	0.0700683
149	0.0849665
149	0.059893
149	0.108306
149	0.0967841
149	0.397887
149	0.0824754
149	0.264814
149	0.117401
149	0.0572881
149	0.145574
149	0.118026
149	0.0625022
149	0.0455486
149	0.157555
149	0.0497847
149	0.0567442
149	0.126558
149	0.101538
149	0.029138
149	0.0793199
149	0.051864
149	0.162427
149	0.0300007
149	0.0822317
149	0.0322075
149	0.115135
152	0.0489673
152	0.0369574
152	0.165921
152	0.0559631
152	0.169868
152	0.066924
152	0.0940439
152	0.153863
152	0.0440713
152	0.047384
152	0.0971307
152	0.0482461
152	0.15231
152	0.0679976
152	0.128232
152	0.0969471
152	0.0239579
152	0.0682423
152	0.0487584
152	0.0554659
152	0.0467414
152	0.04219
152	0.107879
152	0.124839
152	0.0528004
152	0.0503215
152	0.0717551
152	0.0761938
152	0.00164621
152	0.0870492
152	0.0988128
152	0.105142
152	0.0644792
152	0.152524
152	0.0670538
152	0.0253424
152	0.0120031
152	0.088929
152	0.0381398
152	0.103462
152	0.0603196
152	0.0763876
152	0.0563335
152	0.0218812
152	0.0754495
152	0.0431797
152	0.0383792
152	0.0887849
152	0.105777
152	0.0800257
152	0.0583203
152	0.0497422
152	0.110694
152	0.0675849
152	0.107244
152	0.160521
152	0.113023
152	0.151937
152	0.0903569
152	0.0614354
152	0.0223137
152	0.0405503
152	0.158006
152	0.0936661
152	0.0197133
152	0.0972813
152	0.0515397
152	0.0750517
152	0.138187
152	0.188583
152	0.0327401
152	0.116683
152	0.071592
152	0.0462234
152	0.149768
152	0.0927243
152	0.0668674
152	0.122276
152	0.0952552
152	0.130284
152	0.071441
152	0.0869828
152	0.0564235
152	0.152485
152	0.104992
152	0.0770687
152	0.0990457
152	0.0168678
152	0.0486761
152	0.0247539
152	0.0757644
152	0.104888
152	0.0445035
152	0.119228
152	0.0931329
152	0.165275
152	0.03405
152	0.0919168
152	0.063144
152	0.0446511
155	0.0521152
155	0.297895
155	0.0276408
155	0.113165
155	0.100451
155	0.0979723
155	0.10532
155	0.167177
155	0.172958
155	0.0520574
155	0.0287641
155	0.0399627
155	0.0827678
155	0.0399
155	0.100709
155	0.0258064
155	0.118634
155	0.0519573
155	0.131352
155	0.0852479
155	0.0532049
155	0.0603455
155	0.102531
155	0.0658047
155	0.0443178
155	0.0757208
155	0.0143268
155	0.0342585
155	0.105563
155	0.0661941
155	0.0931293
155	0.0572277
155	0.0776254
155	0.282571
155	0.0452383
155	0.00868483
155	0.0647942
155	0.0346612
155	0.098469
155	0.0634169
155	0.022524
155	0.127745
155	0.146787
155	0.101791
155	0.0967344
155	0.20454
155	0.0542654
155	0.0296537
155	0.0614705
155	0.129545
155	0.0576161
155	0.0890641
155	0.084204
155	0.0306638
155	0.092937
155	0.0543867
155	0.0716923
155	0.0956014
155	0.0507809
155	0.167923
155	0.0648421
155	0.0512041
155	0.248229
155	0.0653458
155	0.103343
155	0.046631
155	0.076715
155	0.111925
155	0.0624968
155	0.0580365
155	0.0719021
155	0.0805106
155	0.0726806
155	0.0722851
155	0.0892958
155	0.107993
155	0.0502993
155	0.0925981
155	0.043071
155	0.121616
155	0.0741412
155	0.113917
155	0.0596915
155	0.0546411
155	0.0725041
155	0.0520878
155	0.0744931
155	0.0654716
155	0.0317121
155	0.188107
155	0.11669
155	0.0657669
155	0.16294
155	0.132865
155	0.0995239
155	0.141655
155	0.201856
155	0.0931993
155	0.0933931
155	0.214461
158	0.0325928
158	0.0790397
158	0.0100584
158	0.0602039
158	0.0550734
158	0.0558139
158	0.117432
158	0.110595
158	0.104331
158	0.187971
158	0.095384
158	0.0750222
158	0.0582774
158	0.0667647
158	0.0932046
158	0.0542234
158	0.0708874
158	0.073518
158	0.0555217
158	0.0553959
158	0.107677
158	0.10398
158	0.093628
158	0.0684901
158	0.176938
158	0.102757
158	0.137868
158	0.0378062
158	0.147655
158	0.0402095
158	0.0917513
158	0.0589982
158	0.0823576
158	0.0754023
158	0.213781
158	0.0262454
158	0.0564737
158	0.087358
158	0.113155
158	0.0662419
158	0.0566739
158	0.0250525
158	0.0801545
158	0.205818
158	0.0755344
158	0.120217
158	0.0855112
158	0.0919199
158	0.140502
158	0.0647156
158	0.114306
158	0.0759802
158	0.10767
158	0.139574
158	0.0585275
158	0.0546934
158	0.0870998
158	0.152449
158	0.0243148
158	0.121624
158	0.0704721
158	0.0828802
158	0.0351333
158	0.139406
158	0.0398911
158	0.157267
158	0.0648016
158	0.0758386
158	0.0578336
158	0.0946201
158	0.0655848
158	0.108973
158	0.106767
158	0.187824
158	0.145787
158	0.0487444
158	0.123615
158	0.10455
158	0.095433
158	0.0466583
158	0.051306
158	0.116513
158	0.123978
158	0.0421261
158	0.0636804
158	0.139657
158	0.0145598
158	0.0726805
158	0.12093
158	0.0314979
158	0.0197308
158	0.0551025
158	0.0937615
158	0.0911378
158	0.0888221
158	0.0962828
158	0.0225257
158	0.0758921
158	0.0465067
158	0.0880521
161	0.0922456
161	0.0759841
161	0.0480116
161	0.0802848
161	0.0713961
161	0.0558906
161	0.098326
161	0.0830234
161	0.108477
161	0.105995
161	0.10722
161	0.278106
161	0.0269046
161	0.0936397
161	0.0885578
161	0.040995
161	0.126033
161	0.0239894
161	0.124213
161	0.111112
161	0.0550279
161	0.101146
161	0.016924
161	0.0903461
161	0.0416809
161	0.0569995
161	0.0137935
161	0.199794
161	0.0554557
161	0.0205894
161	0.129145
161	0.12078
161	0.0762566
161	0.178463
161	0.124684
161	0.0474809
161	0.124044
161	0.0677444
161	0.0668827
161	0.0482993
161	0.0844629
161	0.0200387
161	0.0533918
161	0.0730817
161	0.0593384
161	0.124379
161	0.0561957
161	0.0584863
161	0.134085
161	0.117452
161	0.158889
161	0.0599847
161	0.0447927
161	0.0467504
161	0.110271
161	0.12557
161	0.0697456
161	0.129483
161	0.058449
161	0.0859242
161	0.0733747
161	0.0267834
161	0.0351584
161	0.0614197
161	0.192956
161	0.0493649
161	0.0658437
161	0.0666002
161	0.0383919
161	0.0704889
161	0.134017
161	0.050461
161	0.0276413
161	0.0434241
161	0.0312849
161	0.0462737
161	0.0545728
161	0.0668465
161	0.18644
161	0.0879989
161	0.134897
161	0.0623899
161	0.0637465
161	0.043373
161	0.0317657
161	0.0726414
161	0.141448
161	0.0875367
161	0.0365108
161	0.0721179
161	0.0302217
161	0.0106659
161	0.0260052
161	0.066252
161	0.0611197
161	0.105702
161	0.0235535
161	0.0719744
161	0.112875
161	0.0554725
164	0.0765477
164	0.081169
164	0.0183682
164	0.121246
164	0.100828
164	0.035745
164	0.170774
164	0.0426577
164	0.136755
164	0.112601
164	0.0576406
164	0.123892
164	0.0314643
164	0.0351046
164	0.138922
164	0.153139
164	0.037091
164	0.09932
164	0.0515247
164	0.0516849
164	0.0486656
164	0.035279
164	0.17651
164	0.0539252
164	0.194177
164	0.179351
164	0.199389
164	0.0713974
164	0.152526
164	0.084577
164	0.216207
164	0.0659722
164	0.116982
164	0.106279
164	0.0315986
164	0.0608108
164	0.0300207
164	0.0661725
164	0.105468
164	0.0467877
164	0.154269
164	0.0996195
164	0.107785
164	0.186324
164	0.01564
164	0.0880838
164	0.0639187
164	0.129277
164	0.17045
164	0.141447
164	0.0716209
164	0.121691
164	0.0130026
164	0.161271
164	0.132674
164	0.10486
164	0.118451
164	0.0615921
164	0.0647679
164	0.0521568
164	0.112873
164	0.0698669
164	0.113779
164	0.0668628
164	0.066294
164	0.0816143
164	0.0491242
164	0.0729205
164	0.0790017
164	0.0994013
164	0.0366465
164	0.0640337
164	0.049218
164	0.0626582
164	0.0985932
164	0.139862
164	0.1435
164	0.0326651
164	0.0888606
164	0.0634634
164	0.200342
164	0.0741476
164	0.0817863
164	0.101282
164	0.0514716
164	0.0700117
164	0.116475
164	0.119432
164	0.0778092
164	0.0812942
164	0.0323696
164	0.0539506
164	0.12532
164	0.0664187
164	0.0544481
164	0.0454013
164	0.101748
164	0.0751087
164	0.0686911
164	0.118303
167	0.0689514
167	0.11597
167	0.111062
167	0.0306634
167	0.14539
167	0.0701841
167	0.0747918
167	0.0767842
167	0.126761
167	0.040633
167	0.0243894
167	0.157926
167	0.0609882
167	0.176201
167	0.123992
167	0.111182
167	0.0473765
167	0.174794
167	0.0696871
167	0.0565446
167	0.0843467
167	0.0594696
167	0.121036
167	0.0773128
167	0.0109311
167	0.141936
167	0.251244
167	0.0837236
167	0.0492742
167	0.0282308
167	0.0680818
167	0.110392
167	0.12679
167	0.102746
167	0.0542318
167	0.158652
167	0.0779966
167	0.0871771
167	0.0791683
167	0.138989
167	0.0346184
167	0.13449
167	0.0766735
167	0.093459
167	0.0591446
167	0.0243631
167	0.0637046
167	0.186199
167	0.0659694
167	0.0818258
167	0.107916
167	0.140115
167	0.0874357
167	0.360986
167	0.123019
167	0.0616752
167	0.0633353
167	0.0613427
167	0.0208917
167	0.110869
167	0.0978122
167	0.0825864
167	0.136084
167	0.0529497
167	0.103757
167	0.148913
167	0.0640011
167	0.0769658
167	0.176366
167	0.0844176
167	0.0243453
167	0.0647053
167	0.0751023
167	0.0693031
167	0.0659768
167	0.0708276
167	0.0391317
167	0.106456
167	0.0829003
167	0.0679063
167	0.0368425
167	0.0661226
167	0.0115953
167	0.142807
167	0.163335
167	0.0394334
167	0.125244
167	0.107762
167	0.065262
167	0.143974
167	0.010274
167	0.0464413
167	0.0145865
167	0.0304951
167	0.048157
167	0.20997
167	0.0998869
167	0.0799925
167	0.190761
167	0.0848997
170	0.0676665
170	0.0323634
170	0.0407706
170	0.230419
170	0.101115
170	0.0230424
170	0.0715188
170	0.15843
170	0.0547216
170	0.121857
170	0.134673
170	0.0792332
170	0.089582
170	0.185638
170	0.0262957
170	0.0217495
170	0.0692306
170	0.13844
170	0.117081
170	0.0587239
170	0.0495934
170	0.0881179
170	0.157873
170	0.0663126
170	0.0453415
170	0.104734
170	0.0881316
170	0.0888929
170	0.0262499
170	0.0581597
170	0.0764649
170	0.19885
170	0.0396406
170	0.144841
170	0.109985
170	0.140741
170	0.102697
170	0.113752
170	0.0945031
170	0.112327
170	0.0324525
170	0.296288
170	0.0804705
170	0.0593101
170	0.0392488
170	0.0867913
170	0.109191
170	0.133844
170	0.0637146
170	0.150762
170	0.118337
170	0.0798766
170	0.111042
170	0.0513234
170	0.0635669
170	0.0944249
170	0.05315
170	0.0712516
170	0.0632114
170	0.0410211
170	0.0974105
170	0.129802
170	0.0411633
170	0.0285986
170	0.0485326
170	0.0738357
170	0.043772
170	0.0965212
170	0.034199
170	0.0968055
170	0.107837
170	0.20938
170	0.0401619
170	0.102659
170	0.149625
170	0.108879
170	0.105146
170	0.0683309
170	0.0582936
170	0.031606
170	0.0788461
170	0.0337368
170	0.136254
170	0.099263
170	0.0246498
170	0.0372846
170	0.0534586
170	0.0854974
170	0.0374847
170	0.0730741
170	0.0795911
170	0.108036
170	0.0967977
170	0.277939
170	0.0634148
170	0.112199
170	0.0690954
170	0.101432
170	0.0781103
170	0.11172
173	0.0994545
173	0.089201
173	0.0405136
173	0.288612
173	0.243514
173	0.0654514
173	0.0339041
173	0.0912758
173	0.0555297
173	0.119478
173	0.109172
173	0.0515342
173	0.0493421
173	0.037449
173	0.11982
173	0.0669447
173	0.0851521
173	0.0661796
173	0.114628
173	0.05763
173	0.0441273
173	0.0580667
173	0.0316504
173	0.00342466
173	0.102899
173	0.206412
173	0.132566
173	0.0528181
173	0.0468059
173	0.0416276
173	0.0440567
173	0.044802
173	0.0846504
173	0.0911838
173	0.124
173	0.0945652
173	0.0362976
173	0.0224358
173	0.0997719
173	0.117771
173	0.0865698
173	0.0256444
173	0.105003
173	0.0530192
173	0.0674668
173	0.0396593
173	0.0352326
173	0.0996638
173	0.079919
173	0.0654118
173	0.109055
173	0.0925746
173	0.0625593
173	0.176846
173	0.149578
173	0.0219091
173	0.0631026
173	0.0874671
173	0.166263
173	0.0636152
173	0.106304
173	0.0502044
173	0.139828
173	0.0725569
173	0.0235276
173	0.0938969
173	0.0599397
173	0.0800859
173	0.0521443
173	0.0521621
173	0.109072
173	0.0706357
173	0.0561182
173	0.00693258
173	0.0161505
173	0.067965
173	0.11164
173	0.102548
173	0.116793
173	0.0532707
173	0.114527
173	0.128698
173	0.128257
173	0.131174
173	0.0921843
173	0.0140845
173	0.0709392
173	0.0168381
173	0.124873
173	0.15089
173	0.173471
173	0.0750789
173	0.0962688
173	0.0665731
173	0.0271378
173	0.0638796
173	0.0899985
173	0.0807522
173	0.0549029
173	0.0733814
176	0.0709213
176	0.0326698
176	0.172777
176	0.0531827
176	0.102323
176	0.0465387
176	0.0890113
176	0.0486225
176	0.0704639
176	0.121453
176	0.0437573
176	0.0439189
176	0.149946
176	0.112752
176	0.206396
176	0.138404
176	0.115322
176	0.276404
176	0.265611
176	0.0329501
176	0.110812
176	0.170911
176	0.0981203
176	0.0651387
176	0.0519153
176	0.0416049
176	0.0851905
176	0.085965
176	0.0787844
176	0.0690897
176	0.164697
176	0.0840139
176	0.0581294
176	0.0810301
176	0.064214
176	0.0353616
176	0.134
176	0.151309
176	0.0586445
176	0.111376
176	0.0426107
176	0.106474
176	0.0305344
176	0.0595513
176	0.0257286
176	0.109153
176	0.0565383
176	0.139791
176	0.0910034
176	0.0835227
176	0.0634282
176	0.163858
176	0.0465346
176	0.0541421
176	0.0836358
176	0.121358
176	0.155168
176	0.0401607
176	0.0899626
176	0.0454429
176	0.110644
176	0.0853365
176	0.100773
176	0.0411924
176	0.08773
176	0.0935162
176	0.0372
176	0.0591115
176	0.0353509
176	0.0912153
176	0.0927186
176	0.11413
176	0.166526
176	0.115351
176	0.0282904
176	0.102333
176	0.0256484
176	0.080236
176	0.0465784
176	0.094321
176	0.112045
176	0.0649841
176	0.115513
176	0.0344145
176	0.0532392
176	0.12146
176	0.00859939
176	0.135394
176	0.0426626
176	0.0294913
176	0.0785415
176	0.0950853
176	0.13939
176	0.118302
176	0.138337
176	0.0526768
176	0.0132842
176	0.0767455
176	0.0989565
176	0.133623
179	0.377801
179	0.120857
179	0.029834
179	0.0779349
179	0.0827766
179	0.0599976
179	0.0151189
179	0.021703
179	0.055509
179	0.115012
179	0.169981
179	0.0580784
179	0.0309828
179	0.131179
179	0.118878
179	0
179	0.114315
179	0.106961
179	0.0686818
179	0.079131
179	0.0622867
179	0.148
179	0.111642
179	0.0602249
179	0.0957572
179	0.0956482
179	0.0262933
179	0.0347951
179	0.108524
179	0.0533539
179	0.0788937
179	0.126199
179	0.0351069
179	0.0690556
179	0.162867
179	0.101514
179	0.267828
179	0.0830239
179	0.0856792
179	0.0680301
179	0.0286665
179	0.143864
179	0.0163843
179	0.122843
179	0.0949398
179	0.0462162
179	0.043556
179	0.0817481
179	0.0666659
179	0.0492598
179	0.059493
179	0.0392768
179	0.0565154
179	0.0591956
179	0.0190596
179	0.0455444
179	0.0466989
179	0.087657
179	0.134898
179	0.0973704
179	0.114802
179	0.124847
179	0.132897
179	0.0808038
179	0.041184
179	0.0510813
179	0.06404
179	0.080892
179	0.0747471
179	0.109234
179	0.0887501
179	0.0923909
179	0.276489
179	0.0739038
179	0.0403486
179	0.107236
179	0.0333832
179	0.104532
179	0.0421008
179	0.115003
179	0.0518332
179	0.0839623
179	0.0950301
179	0.0788971
179	0.153114
179	0.134257
179	0.0771974
179	0.0691283
179	0.0607405
179	0.0704975
179	0.0257265
179	0.0418896
179	0.129858
179	0.050876
179	0.144729
179	0.0477026
179	0.0135135
179	0.0691662
179	0.0760621
179	0.0732285
182	0.0485163
182	0.0444412
182	0.0629392
182	0.0475515
182	0.0711026
182	0.211201
182	0.0287567
182	0.106435
182	0.0417452
182	0.170122
182	0.0786475
182	0.0640984
182	0.0376525
182	0.0559018
182	0.0934746
182	0.127941
182	0.197446
182	0.0556452
182	0.0181735
182	0.19433
182	0.15686
182	0.0935517
182	0.0418323
182	0.0634881
182	0.0625126
182	0.0550003
182	0.107907
182	0.10209
182	0.11243
182	0.0591864
182	0.0428854
182	0.0541298
182	0.0679077
182	0.0623065
182	0.0784466
182	0.118507
182	0.0206945
182	0.147108
182	0.0389235
182	0.0700544
182	0.0515557
182	0.0904188
182	0.118434
182	0.0591322
182	0.122522
182	0.0511266
182	0.0392729
182	0.0445223
182	0.0906982
182	0.0980711
182	0.0464754
182	0.06695
182	0.031746
182	0.015374
182	0.123645
182	0.0580935
182	0.063877
182	0.142755
182	0.052406
182	0.0427062
182	0.0320071
182	0.0548439
182	0.334737
182	0.0814659
182	0.0536217
182	0.0935104
182	0.132919
182	0.0484258
182	0.0375287
182	0.0689879
182	0.0289703
182	0.0335848
182	0.0636733
182	0.0550336
182	0.0313541
182	0.0344446
182	0.0846683
182	0.0565245
182	0.0587617
182	0.106653
182	0.111458
182	0.0522475
182	0.119639
182	0.095318
182	0.0799249
182	0.0454922
182	0.143507
182	0.0888774
182	0.135686
182	0.0489964
182	0.0208705
182	0.0802941
182	0.0508405
182	0.0491578
182	0.144412
182	0.0847329
182	0.0641149
182	0.0365619
182	0.0930549
182	0.0514939
185	0.0259867
185	0.0219579
185	0.0276663
185	0.100665
185	0.271526
185	0.0739008
185	0.0922526
185	0.141264
185	0.100919
185	0.169274
185	0.042333
185	0.0389582
185	0.0679976
185	0.046398
185	0.128363
185	0.0579948
185	0.0337429
185	0.0435705
185	0.0541339
185	0.0981039
185	0.0533979
185	0.122832
185	0.0535164
185	0.106362
185	0.14936
185	0.357694
185	0.277359
185	0.0336439
185	0.118428
185	0.114827
185	0.0806682
185	0.100374
185	0.120938
185	0.00533769
185	0.0921425
185	0.0542659
185	0.0534281
185	0.046465
185	0.116123
185	0.0565141
185	0.0527371
185	0.0468708
185	0.073077
185	0.0528669
185	0.0826866
185	0.0526234
185	0.120144
185	0.0435635
185	0.0825712
185	0.0680191
185	0.105066
185	0.0375166
185	0.0781896
185	0.110567
185	0.0411551
185	0.0370901
185	0.0914456
185	0.0636693
185	0.129317
185	0.0780225
185	0.0613762
185	0.0281882
185	0.0877402
185	0.0108732
185	0.0963446
185	0.0424942
185	0.0794643
185	0.075471
185	0.111552
185	0.0173911
185	0.112129
185	0.135219
185	0.0862662
185	0.0334625
185	0.0944115
185	0.0726014
185	0.0609586
185	0.0307304
185	0.0251461
185	0.0751731
185	0.0622495
185	0.0838986
185	0.0506214
185	0.064015
185	0.0777919
185	0.10766
185	0.0727515
185	0.0216836
185	0.0408821
185	0.069018
185	0.111211
185	0.180763
185	0.0704549
185	0.0533952
185	0.0150418
185	0.0679875
185	0.0860719
185	0.0744753
185	0.0652408
185	0.0576692
188	0.0818445
188	0.0317236
188	0.0863222
188	0.142047
188	0.0163541
188	0.110535
188	0.0401714
188	0.0594336
188	0.0645153
188	0.0768197
188	0.0694892
188	0.114808
188	0.100322
188	0.0630297
188	0.0337677
188	0.0268179
188	0.0519075
188	0.0422829
188	0.122988
188	0.127382
188	0.114616
188	0.0555556
188	0.0433333
188	0.0719472
188	0.104782
188	0.0867697
188	0.122145
188	0.0634678
188	0.0892383
188	0.0510195
188	0.0962417
188	0.0341552
188	0.0727049
188	0.124857
188	0.172315
188	0.162547
188	0.0947704
188	0.13047
188	0.102015
188	0.0642382
188	0.0689946
188	0.0884543
188	0.104252
188	0.0437251
188	0.085888
188	0.0535118
188	0.0945563
188	0.0432787
188	0.0518296
188	0.0316295
188	0.13064
188	0.0354636
188	0.0234686
188	0.123176
188	0.0960264
188	0.0987821
188	0.0796318
188	0.0425154
188	0.0857116
188	0.0918
188	0.0729373
188	0.102575
188	0.0641379
188	0
188	0.153568
188	0.060924
188	0.0424007
188	0.066925
188	0.137824
188	0.0444797
188	0.0363311
188	0.285709
188	0.124658
188	0.117059
188	0.101907
188	0.0999854
188	0.0241222
188	0.0721379
188	0.0661859
188	0.019474
188	0.0405231
188	0.126369
188	0.0396271
188	0.0835903
188	0.0720396
188	0.115931
188	0.127523
188	0.0982869
188	0.157062
188	0.114992
188	0.0603683
188	0.0448136
188	0.167205
188	0.0473004
188	0.147287
188	0.105371
188	0.084255
188	0.0981692
188	0.08467
188	0.0545811
191	0.144227
191	0.0623803
191	0.0526906
191	0.0457484
191	0.0525275
191	0.0546718
191	0.0868413
191	0.141092
191	0.0485672
191	0.0233035
191	0.107124
191	0.00354904
191	0.0510014
191	0.0546179
191	0.0872044
191	0.0222932
191	0.0354559
191	0.0942132
191	0.101037
191	0.070816
191	0.0803697
191	0.0753266
191	0.123084
191	0.0220765
191	0.0782625
191	0.0556646
191	0.0961857
191	0.126297
191	0.108076
191	0.0513699
191	0.0385339
191	0.0624369
191	0.0234868
191	0.0891196
191	0.0495397
191	0.0828114
191	0.0873414
191	0.0709998
191	0.0775361
191	0.0936345
191	0.0196791
191	0.0496448
191	0.0959369
191	0.0598709
191	0.0508732
191	0.0423031
191	0.134919
191	0.107319
191	0.0507968
191	0.0761589
191	0.0487231
191	0.0697179
191	0.146076
191	0.105323
191	0.0924693
191	0.0705951
191	0.0647584
191	0.0262416
191	0.104139
191	0.12276
191	0.0276552
191	0.0163239
191	0.0388438
191	0.0533815
191	0.0504182
191	0.104607
191	0.053198
191	0.0812904
191	0.209052
191	0.0264209
191	0.0245948
191	0.0777316
191	0.0481865
191	0.0859122
191	0.0293961
191	0.0450998
191	0.00482183
191	0.0919298
191	0.0690008
191	0.0581106
191	0.0422752
191	0.0327424
191	0.0367142
191	0.0609302
191	0.0549944
191	0.103979
191	0.0395201
191	0.0302841
191	0.0656729
191	0.274616
191	0.0997682
191	0.101397
191	0.0730549
191	0.019564
191	0.121525
191	0.0553352
191	0.125838
191	0.0495654
191	0.0941255
191	0.0231213
194	0.112981
194	0.0660549
194	0.0418661
194	0.0196057
194	0.043785
194	0.112342
194	0.0684984
194	0.0309762
194	0.0956964
194	0.0963917
194	0.0266986
194	0.0434548
194	0.10109
194	0.0522602
194	0.0708242
194	0.0438503
194	0.120877
194	0.0484833
194	0.140183
194	0.0391892
194	0.00707493
194	0.0308453
194	0.0798642
194	0.0475765
194	0.225931
194	0.139514
194	0.226973
194	0.05387
194	0.069791
194	0.103315
194	0.109302
194	0.0677162
194	0.0172432
194	0.0636994
194	0.0832032
194	0.0800843
194	0.10731
194	0.103193
194	0.0952837
194	0.074091
194	0.0522324
194	0.0365568
194	0.0684801
194	0.0522476
194	0.0787405
194	0.0670305
194	0.0800422
194	0.109613
194	0.103581
194	0.0338145
194	0.110421
194	0.303352
194	0.0242773
194	0.099213
194	0.0690894
194	0.0673939
194	0.0789115
194	0.0638385
194	0.0949395
194	0.290745
194	0.0577607
194	0.0612331
194	0.0874836
194	0.114535
194	0.0636202
194	0.0743163
194	0.078171
194	0.0991322
194	0.104921
194	0.0973485
194	0.0510456
194	0.015871
194	0.072517
194	0.0441126
194	0.058565
194	0.0907539
194	0.01996
194	0.0816218
194	0.0664139
194	0.0600596
194	0.134962
194	0.0628858
194	0.0817886
194	0.0477793
194	0.0783623
194	0.276122
194	0.0756969
194	0.0618024
194	0.0173611
194	0.0755092
194	0.0827442
194	0.132381
194	0.171095
194	0.0623308
194	0.1
194	0.0817282
194	0.0722368
194	0.0464722
194	0.0526154
194	0.0697277
197	0.0258895
197	0.130115
197	0.0687608
197	0.0187905
197	0.0312144
197	0.055805
197	0.0720652
197	0.102063
197	0.0672971
197	0.0741128
197	0.0484722
197	0.032304
197	0.0585694
197	0.0717181
197	0.0133757
197	0.0495908
197	0.0718843
197	0.225218
197	0.0722832
197	0.0511274
197	0.063238
197	0.0440233
197	0.0595835
197	0.0316852
197	0.0463621
197	0.038673
197	0.0779188
197	0.14105
197	0.0780625
197	0.0673623
197	0.0349315
197	0.106123
197	0.0694499
197	0.0750193
197	0.0493512
197	0.0402308
197	0.0228614
197	0.100435
197	0.0420543
197	0.0735524
197	0.0479561
197	0.0449864
197	0.0412309
197	0.0428042
197	0.0867594
197	0.0901343
197	0.0523798
197	0.0334493
197	0.066832
197	0.0548572
197	0.125862
197	0.0692643
197	0.0460019
197	0.129322
197	0.0677142
197	0.421019
197	0.0217085
197	0.010296
197	0.0663795
197	0.0399863
197	0.0445534
197	0.0264348
197	0.102492
197	0.0629849
197	0.107395
197	0.0600035
197	0.367514
197	0.0459435
197	0.0613599
197	0.11549
197	0.0350131
197	0.10999
197	0.0339303
197	0.267027
197	0.0723977
197	0.0256265
197	0.0770393
197	0.0477274
197	0.0566667
197	0.0817868
197	0.11244
197	0.0336458
197	0.387113
197	0.0709434
197	0.0584719
197	0.0746244
197	0.0640253
197	0.050533
197	0.0760955
197	0.0724099
197	0.0280319
197	0.122654
197	0.0419293
197	0.153437
197	0.100233
197	0.0602031
197	0.0356649
197	0.0672974
197	0.0870484
197	0.0784119
200	0.0821021
200	0.0544849
200	0.243546
200	0.0564567
200	0.0464762
200	0.0255669
200	0.0996733
200	0.240392
200	0.0714691
200	0.148696
200	0.226831
200	0.146936
200	0.0263024
200	0.0934646
200	0.0208877
200	0.0780179
200	0.109683
200	0.120807
200	0.058628
200	0.0778243
200	0.0694325
200	0.100627
200	0.0825548
200	0.0685677
200	0.0949891
200	0.182859
200	0.0911967
200	0.0920225
200	0.0425957
200	0.475086
200	0.0489302
200	0.0717993
200	0.13506
200	0.319954
200	0.0538352
200	0.0844249
200	0.047543
200	0.0553538
200	0.0843321
200	0.0675132
200	0.0841473
200	0.124191
200	0.0507953
200	0.0184564
200	0.0492242
200	0.0960967
200	0.111971
200	0.118506
200	0.109682
200	0.0638224
200	0.0684967
200	0.0164403
200	0.0356009
200	0.117622
200	0.0811604
200	0.0390611
200	0.0334557
200	0.070808
200	0.0320321
200	0.0387049
200	0.0306989
200	0.0984304
200	0.11263
200	0.0623861
200	0.0984073
200	0.136238
200	0.0847213
200	0.10889
200	0.00635094
200	0.0893833
200	0.0289555
200	0.00404699
200	0.0277543
200	0.174591
200	0.0739384
200	0.0491703
200	0.0238586
200	0.302383
200	0.0550991
200	0.0834498
200	0.0687064
200	0.04
200	0.0815247
200	0.103731
200	0.0980388
200	0.0569627
200	0.0821842
200	0.0502966
200	0.0549825
200	0.104095
200	0.0471583
200	0.0879434
200	0.0521424
200	0.0033672
200	0.081953
200	0.0513558
200	0.129171
200	0.0429898
200	0.0470884
200	0.0424938
