var	minCostFlow
30	0.154387
30	0.0339842
30	0.0310239
30	0.179876
30	0.144472
30	0.0585736
30	0.102681
30	0.153892
30	0.0719294
30	0.0818261
30	0.0700568
30	0
30	0.17565
30	0.0218542
30	0.116032
30	0.0660734
30	0.204007
30	0.0558948
30	0.161028
30	0.173163
30	0.0446429
30	0.0489697
30	0.0804113
30	0.166895
30	0.0398621
30	0.0947629
30	0.0693258
30	0.148975
30	0.111308
30	0.0411163
30	0.111443
30	0.0293439
30	0.0945518
30	0.0423652
30	0.0892045
30	0.0708994
30	0.0637325
30	0.0806963
30	0.10335
30	0.00862069
30	0.0252651
30	0.0937435
30	0.0360414
30	0.162889
30	0.131446
30	0.178841
30	0.116576
30	0.092693
30	0.157192
30	0.0300598
30	0.155172
30	0
30	0.15793
30	0.214934
30	0.044992
30	0.0315061
30	0.0978396
30	0.0842343
30	0.298241
30	0.249684
30	0.0853579
30	0.188887
30	0.110388
30	0.0900547
30	0.148885
30	0.142267
30	0.143809
30	0.087005
30	0.0753073
30	0.274658
30	0.140743
30	0.0659841
30	0.0938189
30	0.0481167
30	0.0884578
30	0.0182137
30	0.0184721
30	0.084756
30	0.0959457
30	0.0683909
30	0.0112845
30	0.0534401
30	0.0568154
30	0.123103
30	0.121384
30	0.11274
30	0.0568667
30	0.0674842
30	0.00477932
30	0.120659
30	0.0032895
30	0.224664
30	0.164572
30	0.1875
30	0.0582799
30	0.0517241
30	0.068101
30	0
30	0.239972
30	0.0143111
32	0.0817047
32	0.177735
32	0.0782046
32	0.0333333
32	0.107899
32	0.00862069
32	0.1073
32	0.144732
32	0.139139
32	0.0564516
32	0.185413
32	0.055149
32	0.151965
32	0.0489356
32	0.201472
32	0.119378
32	0.034597
32	0.16223
32	0.0916134
32	0.0954637
32	0.04598
32	0.0216906
32	0.0769209
32	0.20579
32	0.110516
32	0.133144
32	0.00783203
32	0.0594018
32	0.00889776
32	0.200981
32	0.0456716
32	0.0740425
32	0.152104
32	0.143091
32	0.0866784
32	0.0185185
32	0.0601479
32	0.246905
32	0.0771586
32	0.138215
32	0.0679884
32	0.103134
32	0.13086
32	0.169355
32	0.064651
32	0.0230805
32	0.242693
32	0.0946009
32	0.11446
32	0.116667
32	0.172128
32	0.146474
32	0.121817
32	0.0553036
32	0.0300816
32	0.189179
32	0.0729885
32	0.0969859
32	0.0693648
32	0.104441
32	0.132294
32	0.0914428
32	0.259619
32	0.220092
32	0.0367317
32	0.0944899
32	0.0728372
32	0.0867446
32	0.125992
32	0.150114
32	0.0439675
32	0.0894607
32	0.0812326
32	0.196809
32	0.0739324
32	0.016129
32	0.153651
32	0.0712101
32	0.0508002
32	0.0599067
32	0.0954013
32	0.144283
32	0.0922584
32	0.0446429
32	0.234562
32	0.171773
32	0.110858
32	0.21755
32	0.0464818
32	0.136216
32	0.0707708
32	0.082088
32	0.0712548
32	0.218274
32	0.0933438
32	0.0974577
32	0.302221
32	0.0332112
32	0.145253
32	0.0948046
34	0.0509732
34	0.140209
34	0.0305184
34	0.0605455
34	0.123361
34	0.0927563
34	0.0241935
34	0.0633901
34	0.0419615
34	0.0479182
34	0.0321199
34	0.147252
34	0.0680258
34	0.05
34	0.0900751
34	0.100905
34	0.112129
34	0.11966
34	0.015625
34	0.0300718
34	0.0961799
34	0.0757206
34	0.265438
34	0.148572
34	0.0759876
34	0.225193
34	0.00493207
34	0.0266918
34	0.0233756
34	0.0904021
34	0.121579
34	0.0777777
34	0.108288
34	0.12161
34	0.0946313
34	0.292948
34	0.10269
34	0.0183872
34	0.126768
34	0.101562
34	0.030973
34	0.44697
34	0.102763
34	0.0840106
34	0.181698
34	0.105641
34	0.135655
34	0.0427018
34	0.0472895
34	0.0651102
34	0.123923
34	0.0562506
34	0.30303
34	0.18461
34	0.134476
34	0.141857
34	0.119122
34	0.0510326
34	0.0582156
34	0.131763
34	0.0567163
34	0.0806452
34	0.18022
34	0.0772979
34	0.180378
34	0
34	0.104839
34	0.107446
34	0.145756
34	0.161297
34	0.136463
34	0.281741
34	0.0852379
34	0.143966
34	0.0930573
34	0.0594753
34	0.124896
34	0.0523539
34	0.0929423
34	0.0820496
34	0.237965
34	0.00757576
34	0.102881
34	0.0625
34	0.228364
34	0.101761
34	0.078004
34	0.168235
34	0.0508407
34	0.104285
34	0.0370346
34	0.0527064
34	0.0227263
34	0.356115
34	0.113806
34	0.0692877
34	0.0403226
34	0.0573212
34	0.135607
34	0.0980516
36	0.0624074
36	0.0371415
36	0.141671
36	0.0979569
36	0.037616
36	0.116333
36	0.0333244
36	0.00108329
36	0.111071
36	0.0661765
36	0.0436697
36	0.0931521
36	0.0882353
36	0.127842
36	0.0720753
36	0.0847267
36	0.0256263
36	0.175041
36	0.0870483
36	0.00647273
36	0.0415355
36	0.143552
36	0.0598456
36	0.184217
36	0.119294
36	0.0418611
36	0.120968
36	0.0805773
36	0.0692108
36	0.160011
36	0.0201268
36	0.155823
36	0.0825626
36	0.020849
36	0.342466
36	0.158308
36	0.0676458
36	0.106623
36	0.0769908
36	0.0766306
36	0.0740268
36	0.0688403
36	0.110294
36	0.126173
36	0.163891
36	0.192265
36	0.0896345
36	0.166372
36	0.166053
36	0.167919
36	0.0441806
36	0.106277
36	0.14135
36	0.178895
36	0.0616514
36	0.117242
36	0.205068
36	0.0108631
36	0.0407356
36	0.206548
36	0.19868
36	0.0805313
36	0.00735294
36	0.0965158
36	0.201476
36	0.0630407
36	0.168134
36	0.209322
36	0.115069
36	0.133753
36	0.148438
36	0.140702
36	0.0467927
36	0.0352761
36	0.154412
36	0.143807
36	0.121564
36	0.0910083
36	0.0556111
36	0.066428
36	0.0411842
36	0.128788
36	0.0209779
36	0.194878
36	0.0571429
36	0.114286
36	0.191126
36	0.0971619
36	0.121212
36	0.143596
36	0.0395487
36	0.0294514
36	0.142891
36	0.127711
36	0.110909
36	0.17501
36	0.104247
36	0.104996
36	0.152504
36	0.175396
38	0.118056
38	0.00828365
38	0.0549714
38	0.0417859
38	0.0558672
38	0.0509216
38	0.083468
38	0.0861243
38	0.080467
38	0.0607792
38	0.0436274
38	0.092664
38	0.133952
38	0.228571
38	0.0559884
38	0.11616
38	0.0486111
38	0.0602342
38	0.102118
38	0.184637
38	0.0634878
38	0.00714286
38	0.110888
38	0.0590104
38	0.20427
38	0
38	0.0387361
38	0.027529
38	0.0905347
38	0.106034
38	0.0770344
38	0.0230158
38	0.162934
38	0.112535
38	0.0296252
38	0.145609
38	0.102067
38	0.0308353
38	0.121835
38	0.106827
38	0.216721
38	0.095676
38	0.0691096
38	0.125385
38	0.200272
38	0.115868
38	0.0704964
38	0.0285714
38	0.266021
38	0.0560654
38	0.12974
38	0.129138
38	0.163909
38	0.0697414
38	0.0641049
38	0.140243
38	0.222397
38	1
38	0.120672
38	0.0489303
38	0.102114
38	0.257789
38	0.077403
38	0.0185247
38	0.178065
38	0.269723
38	0.106454
38	0.106655
38	0.0536946
38	0.165015
38	0.14044
38	0.0681503
38	0.0627088
38	0.108266
38	0.23042
38	0.144416
38	0.0756804
38	0.101497
38	0.211338
38	0.11003
38	0.000923929
38	0.0473853
38	0.0771859
38	0.105231
38	0.023588
38	0.0272071
38	0.0743709
38	0.154681
38	0.0295668
38	0.114645
38	0.198394
38	0.0968865
38	0.0326187
38	0.0434379
38	0.0198068
38	0.0382612
38	0.291577
38	0.0783314
38	0.235717
38	0.140662
40	0.143383
40	0.10603
40	0.138889
40	0.192129
40	0.0625715
40	0.0957316
40	0.100851
40	0.0184767
40	0.140527
40	0.0306068
40	0.0172709
40	0.0638663
40	0.0804852
40	0.0546145
40	0.123769
40	0.136651
40	0.00189221
40	0.0610148
40	0.11998
40	0.0462282
40	0.0380965
40	0.0452525
40	0.0956089
40	0.0474845
40	0.172819
40	0.205883
40	0.159722
40	0.0856056
40	0.0502418
40	0.0184979
40	0.121622
40	0.0789711
40	0.0974414
40	0.163008
40	0.19672
40	0.105011
40	0.0855263
40	0.046746
40	0.0603063
40	0.14457
40	0.0531538
40	0.0331222
40	0.0566669
40	0.0276201
40	0.14605
40	0.0611827
40	0.0458938
40	0.0641026
40	0.260403
40	0.0163978
40	0.0962039
40	0.00797294
40	0.141752
40	0.102101
40	0.0567308
40	0.0250111
40	0.0961907
40	0.116432
40	0.0546521
40	0.0525786
40	0.213806
40	0.181155
40	0.08562
40	0.0169649
40	0.173574
40	0.0744597
40	0.0285385
40	0.160431
40	0.104265
40	0.0765364
40	0.141976
40	0.0751815
40	0.0266489
40	0.0302024
40	0.164092
40	0.0892965
40	0.171362
40	0.113132
40	0.105002
40	0.0975877
40	0.0486455
40	0.0814273
40	0.124318
40	0.166075
40	0.0344177
40	1
40	0.070961
40	0.0980238
40	0.156683
40	0.0873845
40	0.123256
40	0.0981306
40	0.054099
40	0.131074
40	0.102941
40	0.135364
40	0.324324
40	0.0500421
40	0.105613
40	0.136556
42	0.0376903
42	0.104237
42	0.0604202
42	0.0980997
42	0.313681
42	0.0563371
42	0.0525311
42	0.0452725
42	0.111671
42	0.122428
42	0.0914595
42	1
42	0.147597
42	0.148649
42	0.0306
42	0.283784
42	0.0932397
42	0.184766
42	0.172974
42	0.0723427
42	0.0389677
42	0.0286359
42	0.108722
42	0.0333251
42	0.0631855
42	0.0310856
42	0.12551
42	0.0189378
42	0.123714
42	0.153145
42	0.0621694
42	0.0386006
42	0.197368
42	0.148282
42	0.0730722
42	0.153779
42	0.0699013
42	0.133871
42	0.165191
42	0.0677507
42	0.0761599
42	0.0681151
42	0.0700441
42	0.0301448
42	0.0902489
42	0.0916472
42	0.0850331
42	0.108193
42	0.0207733
42	0.277845
42	0.0875555
42	0.194192
42	0
42	0.245966
42	0.120449
42	0.0348604
42	0.0751875
42	0.110466
42	0.23298
42	0.212791
42	0.107182
42	0.00401594
42	0.0810368
42	0.0387305
42	0.0823772
42	0.119488
42	0.0554567
42	0.0802607
42	0.10828
42	0.0812725
42	0.160039
42	0.174777
42	0.125458
42	0.124945
42	0.105654
42	0.119906
42	0.110589
42	0.000722219
42	0.156885
42	0.114017
42	0.0251993
42	0.0589432
42	0.115988
42	0.0474582
42	0.0994851
42	1
42	0.0522947
42	0.160305
42	0.298305
42	0.12215
42	0.07301
42	0.0567476
42	0.0463378
42	0.126632
42	0.0735854
42	0.0345712
42	0.0538974
42	0.164157
42	0.165645
42	0.0571259
44	0.0920603
44	0.105158
44	0.0796328
44	0.0775206
44	0.0930703
44	0.141656
44	0.0516004
44	0.247914
44	0.0489491
44	0.155094
44	0.16195
44	0.0480903
44	0
44	0.16912
44	0.0604042
44	0.0671998
44	0.129111
44	0.096976
44	0.144254
44	1
44	0.05
44	0.114576
44	0.0770559
44	0.0830983
44	0.26015
44	0.0609756
44	0.0242306
44	0.0518377
44	0.0697455
44	0.0577969
44	0.0961991
44	0.0575896
44	0.0609756
44	0.0672007
44	0.0720965
44	0.107143
44	0.0933035
44	0.153598
44	0.107341
44	0.0514715
44	0.0589682
44	0.121105
44	0.118751
44	0.190384
44	0.0275157
44	0.0408095
44	0.0433064
44	0.173673
44	0.0962391
44	0.06464
44	0.110614
44	0.0568036
44	0.131259
44	0.0933004
44	0.0675301
44	0.196222
44	0.0127971
44	0.133692
44	0.057222
44	0.0624173
44	0.0128948
44	0.0161259
44	0.0768902
44	0.053035
44	0.106063
44	0.109979
44	0.0675676
44	0.00762805
44	0.13158
44	0.065378
44	0.0444173
44	0.0462034
44	0.116279
44	0.0490532
44	0.0165754
44	0.137881
44	0.0627482
44	0.205542
44	0.157795
44	0.177876
44	0.133151
44	0.0217382
44	0.066683
44	0.0821379
44	0.00278181
44	0.0322509
44	0.0672432
44	0.0632851
44	0.156975
44	0.0897392
44	0.0483375
44	0.069788
44	0.112282
44	0.0550514
44	0.0313263
44	0.271331
44	0.0236129
44	0.0604745
44	0.310263
44	1
46	0.221785
46	0.135639
46	0.157984
46	0.0890459
46	0.0923527
46	0.159657
46	0.0751027
46	0.106801
46	0.102213
46	0.108461
46	0.245532
46	0.095192
46	0.102471
46	0.0251021
46	0.121594
46	0.0272926
46	0.0692921
46	0.00466434
46	0.0915608
46	0.0832511
46	0.0831254
46	0.00801558
46	0.118808
46	0.0703203
46	0.0146934
46	0.237141
46	0.0907285
46	0.0642721
46	0.0687622
46	0.0723732
46	0.00284303
46	0.126323
46	0.0858302
46	0.0766486
46	0.109237
46	0.208491
46	0.128545
46	1
46	0.0874443
46	0.0121921
46	0.0900416
46	0.273995
46	0.050161
46	1
46	0.112119
46	0.10217
46	0.070212
46	0.153707
46	0.0433538
46	0.0859459
46	0.145913
46	0.101701
46	0.158524
46	0.154988
46	0.045595
46	0.0771547
46	0.0536357
46	0.145334
46	0.149431
46	0.101346
46	0.256979
46	0.0865074
46	0.0750626
46	0.0573807
46	0.187004
46	0.201053
46	0.0767212
46	0.0642714
46	0.0884365
46	0.205936
46	0.0288009
46	0.0826932
46	0.0686309
46	0.208333
46	0.227574
46	0.302444
46	0.0563696
46	0.182927
46	0
46	0.0856055
46	0.0790749
46	0.0224386
46	0.168391
46	0.0152339
46	0.0756831
46	0.0910253
46	0.0332281
46	0.235187
46	0.000716683
46	0
46	0.108754
46	0.0996538
46	0.108897
46	0.236316
46	0.0659279
46	0.00919005
46	0.0808486
46	0.113982
46	0.0185304
46	0.00573264
48	0.0823149
48	0.0392405
48	0.215743
48	0.0506444
48	0.0920704
48	0.114899
48	0.0795277
48	0.0767517
48	0.164255
48	0.126908
48	0.0189018
48	0.0426583
48	0.126413
48	0.142868
48	0.23551
48	0.0199177
48	0.156518
48	0.00853367
48	0.0617957
48	0.0709416
48	0.0873622
48	0.184539
48	0.121758
48	0.075431
48	0.00818374
48	0.122247
48	0.125139
48	0.0268228
48	0.00250041
48	0.0656386
48	0.116065
48	0.0607138
48	0.172374
48	0.252469
48	0.0957447
48	0.0165272
48	0.137476
48	0.0116393
48	0.185632
48	0.0333333
48	0.0978938
48	0.118899
48	0.0822004
48	0.137615
48	0.0357681
48	0.0968831
48	0.00270464
48	0.0967217
48	0.032632
48	0.0588779
48	0.0866166
48	0.118463
48	0.263426
48	0.0935826
48	0.0769525
48	0.0648522
48	0.032372
48	0.244114
48	0.107115
48	0.0907637
48	0.0107827
48	0.119946
48	0.0621022
48	0.0565827
48	0.0333663
48	0.0435292
48	0.0895254
48	0.0343492
48	0.0700598
48	0.0658528
48	0.0690832
48	0.155685
48	0.12431
48	0.0706653
48	0.0704534
48	0.09375
48	0.0123788
48	0.0074448
48	0.101944
48	0.0638352
48	0.0186909
48	0.0149164
48	0.00625
48	0.0741882
48	0.087501
48	0.0113135
48	0.0932494
48	0.12283
48	0.197213
48	0.0972381
48	0.0651252
48	0.0311708
48	0.0349809
48	0.0482478
48	0.214621
48	0.143463
48	0.0727286
48	0.0640497
48	0.0339355
48	0.0753591
50	0.0949605
50	0.02631
50	0.181615
50	0.166667
50	0.194173
50	0.0639428
50	0.0599805
50	0.115964
50	0.0965909
50	0.0735865
50	0.0779111
50	0.244078
50	0.158466
50	0.0485913
50	0.154853
50	0.118988
50	0.0966806
50	0.0922592
50	0.200315
50	0.0492248
50	0.0773269
50	0.0862135
50	0.0358864
50	0.083545
50	0.20122
50	0.279067
50	0.0460664
50	0.107579
50	0.112172
50	0.19285
50	0.21982
50	0.30814
50	0.0357143
50	0.0636619
50	0.330097
50	0.0372733
50	0.1875
50	0.0618104
50	0.150369
50	0.138552
50	0.177075
50	0.213253
50	0.219631
50	0.0893121
50	0.0490652
50	0.0915399
50	1
50	0.0920615
50	0.133721
50	0.168686
50	0.0488252
50	0.196444
50	0.026128
50	0.0169115
50	0.0119472
50	0.0957127
50	0.0954368
50	0.017695
50	0.0483107
50	0.0446938
50	0.157532
50	0.133386
50	0.0603641
50	0.0478723
50	0.136086
50	0.0512147
50	0.0763653
50	0.0832037
50	0.085643
50	0.0182942
50	0.0907665
50	0.0734543
50	0.132187
50	0.00299524
50	0.400195
50	0.172383
50	0.154692
50	0.121082
50	0.0675736
50	0.0724522
50	0.0718171
50	0.123748
50	0.0227867
50	0.0924769
50	0.0458351
50	0.307836
50	0.196327
50	0.0921662
50	0.127883
50	0.0169926
50	0.0617565
50	0.00254485
50	0.00568182
50	0.0368809
50	0.0663368
50	0.0661914
50	0.017154
50	0.10853
50	0.000324703
50	0.180255
52	0.116676
52	0.0421393
52	0.21413
52	0.188858
52	0.0964387
52	0.0600312
52	0.0714193
52	0.10579
52	0.156689
52	0.219999
52	0.00919708
52	0.0428687
52	0.14761
52	0.168755
52	0.0888754
52	0.0429198
52	0.271052
52	0.283041
52	0.0934734
52	0.00774106
52	0.0011632
52	0.0904867
52	0.0259885
52	0.0338488
52	0.14041
52	0.162797
52	0.0793065
52	0.0854595
52	0.0579507
52	0.0208632
52	0.0886642
52	0.0170455
52	0.167855
52	0.247239
52	0.162449
52	0.203156
52	0.0856361
52	0.0913064
52	0.138948
52	0.0961136
52	0.0940647
52	0.0709754
52	0.101463
52	0.116552
52	0.0601016
52	0.0721098
52	0.0204654
52	0.0744074
52	0.0407564
52	0.0510918
52	0.0271779
52	0.0416667
52	0.0659823
52	7.51044e-05
52	0.130354
52	0.0128242
52	0.0536603
52	0.00957498
52	0.280468
52	0.170712
52	0.00904847
52	0.128566
52	0.0319149
52	0.0268235
52	0.0147301
52	0.080606
52	0.0463644
52	0.0640969
52	0.244898
52	0.146483
52	0.0643962
52	0.046875
52	0.055636
52	0.142979
52	0.0529145
52	0.0708038
52	0.0971369
52	0.158297
52	0.137459
52	0.13372
52	0.198119
52	0.12645
52	0.0790221
52	0.150199
52	0.107382
52	0.276042
52	0.128293
52	0.0302181
52	0.0184041
52	0.109169
52	0.0627747
52	0.123906
52	0.0280384
52	0.012552
52	0.0392313
52	0.209302
52	0.0778649
52	0.0365714
52	0.112438
52	0
54	0.0905703
54	0.0269716
54	0.00436176
54	0.0612245
54	0.279958
54	0.0746438
54	0.0802512
54	0.100125
54	0.26
54	0.0811786
54	0.0160773
54	0.00471748
54	0.11413
54	0.05265
54	0.00260044
54	0.0880248
54	0.0909091
54	0.00165769
54	0.161745
54	0.113242
54	0.113931
54	0.120744
54	0.0462678
54	0.0663265
54	0.0795437
54	0.037332
54	0.0679266
54	0.140342
54	0.272275
54	0.0860827
54	0.153441
54	0.0352478
54	0.155474
54	0.0228915
54	0.0883296
54	0.0380553
54	0.0633734
54	0.0102041
54	0.0954653
54	0.0395111
54	0.116593
54	0.112075
54	0.0335538
54	0.0624292
54	0.00599263
54	0.00057256
54	0.0773722
54	0.0243983
54	0.0606794
54	0.0788265
54	0.0639769
54	0.0962367
54	0.199703
54	0.0562136
54	0.0753771
54	0.0787919
54	0.0265475
54	0.0984526
54	0.0221876
54	0.0468262
54	0.133751
54	0.0366144
54	0.0602064
54	0.0427057
54	0.00777066
54	0.0206186
54	0.0859737
54	1
54	0.194938
54	0.0221529
54	0.0244773
54	1
54	0.164076
54	0.101177
54	0.17572
54	0.0748662
54	0.112286
54	0.0591927
54	0.0448126
54	0.125264
54	0.00986664
54	0.114583
54	0.0879543
54	0.0237013
54	0.0596187
54	0.120718
54	0.0245082
54	0.065506
54	0.145602
54	0.0231169
54	0.172708
54	0.0843566
54	0.0836866
54	0.0313092
54	0.0522984
54	0.158064
54	0.0760829
54	0.0215858
54	0.0531915
54	0.119959
56	0.265625
56	0.100675
56	0.0647044
56	0.166932
56	0.267072
56	0.039516
56	0.172541
56	0.153991
56	0.181703
56	0.0425579
56	0.0827345
56	0.0952205
56	0.198724
56	0.0445425
56	0.189364
56	0.0310753
56	0.0613208
56	0.221644
56	0.0625156
56	0.0588427
56	0.0919813
56	0.109044
56	0.102041
56	0.223948
56	0.0578427
56	0.0331058
56	0.0269253
56	0.0558488
56	0.28
56	0.0272037
56	0.0812299
56	0.0945639
56	0.0224643
56	0.0261109
56	0.0346767
56	0.0937429
56	0.0396708
56	0.133664
56	0.0852558
56	0.192858
56	0.0704513
56	0.0269987
56	0
56	0.0721154
56	0.0827077
56	0.15472
56	0.0265031
56	0.119355
56	0.0632956
56	0.0225542
56	0.0900405
56	0.0862838
56	0.111969
56	0.198255
56	0.151571
56	0.0810977
56	0.0627318
56	0.141146
56	0.0732888
56	0.0704301
56	0.0350674
56	0.106889
56	0.0241441
56	0.0704558
56	0.0248759
56	0.0828236
56	0.0686884
56	0.102041
56	0.0048622
56	0.0524092
56	0.131312
56	0.275759
56	0.174922
56	0.230309
56	0.0485976
56	0
56	0.129052
56	0.0434326
56	0.110297
56	0.072759
56	0.0689961
56	0.0663619
56	0.0673509
56	0.173682
56	0.223958
56	0.0810384
56	0.0700464
56	0.110498
56	0.0425179
56	0.150691
56	0.0557507
56	0.0689261
56	0.0584555
56	0.113395
56	0.0446685
56	0.0694323
56	0.122262
56	0.185442
56	0.118423
56	0.128744
58	0.10031
58	0.0903976
58	0.102044
58	0.0614717
58	0.0475144
58	0.129808
58	0.269769
58	0.072243
58	0.114511
58	0.022627
58	0.167847
58	0.0763182
58	0.0320612
58	0.119654
58	0.0927337
58	0.125
58	0.150094
58	0.0697569
58	0.0826531
58	0.0874149
58	0.072276
58	0.0663417
58	0.138086
58	0.0408508
58	0.138881
58	0
58	0.0818752
58	0.0225832
58	0.16321
58	0.0884689
58	0.0256483
58	0.160977
58	0.220824
58	0.0818655
58	0.0800072
58	0.174104
58	0.189737
58	0.0590027
58	0.213839
58	0.0645194
58	0.135498
58	0.0331183
58	0.0724962
58	0.088171
58	0.085
58	0.0322281
58	0.108616
58	0.0975167
58	0.0847801
58	0.104104
58	0.122527
58	0.0755618
58	0.0760376
58	1
58	0.0256224
58	0.049592
58	0.0953526
58	0.14252
58	0.0177382
58	0.0714286
58	0.105746
58	0.0746438
58	0.178224
58	0.0602741
58	0.165362
58	0.0881943
58	0.123219
58	0.0675596
58	0.0557952
58	0.275
58	0.0909204
58	0.297387
58	0.166997
58	0.0837626
58	0.0959429
58	0.0834374
58	0.0857427
58	0.0381341
58	0.195184
58	0.15541
58	0.109214
58	0.021292
58	0.0889079
58	0.159887
58	0.0889439
58	0
58	0.0308633
58	0.104506
58	0.0718273
58	0.102041
58	0.132342
58	0.0318394
58	0.105
58	0.159194
58	0.0776131
58	0.0349415
58	0.136438
58	0.116383
58	0.009546
58	0.0814148
60	0.11386
60	0.237868
60	0.0948045
60	0.248463
60	0.0203733
60	0.0545455
60	0.12162
60	0.140319
60	0.138021
60	0.0335994
60	0.0873787
60	0
60	0.168
60	0.0267619
60	0.26
60	0.0911081
60	0.235067
60	0.138201
60	0.016525
60	0.106616
60	0
60	0.142471
60	0.111808
60	0.0600778
60	0.162037
60	0.127451
60	0.0740376
60	0.19204
60	0.0468102
60	0.0625
60	0.046524
60	0.185391
60	0.0873541
60	0.254962
60	0.0879954
60	0.0742252
60	0.0972218
60	0.0983777
60	0.215121
60	0.0183419
60	0.0220717
60	0.0292803
60	0.180152
60	0.0819043
60	0.210784
60	0.00336302
60	0.388265
60	0.0333192
60	0.0887959
60	0.119165
60	0.074494
60	0.0397218
60	0.0638245
60	0.0728759
60	0.0451509
60	0.11267
60	0.271354
60	0.0522813
60	0.0714286
60	0.255628
60	0.322115
60	0.249779
60	0.150591
60	0.086955
60	0.145656
60	0.0700251
60	0.0182181
60	0.197615
60	0.0571429
60	0.0954545
60	0.0499208
60	0.137162
60	0.0636397
60	0.0541243
60	0.0735506
60	0.147832
60	1
60	0.122052
60	0.0461685
60	0.0815901
60	0.0218094
60	0.0102041
60	0.0354475
60	0.199639
60	0.0329097
60	0.0833333
60	0.0801415
60	0.110772
60	0.0694444
60	0.0247037
60	0.104577
60	0.057156
60	0.12689
60	0.0566038
60	0.0478086
60	0.00730855
60	0.134127
60	0.0036916
60	0.0462121
60	0.140998
62	0.00605049
62	0.32518
62	0.0270807
62	0.118647
62	0.221806
62	0.041095
62	0.058215
62	0.0258636
62	0.146546
62	0.0882115
62	0.1319
62	0.1059
62	0.0587658
62	0.0183854
62	0.107363
62	0.117327
62	0.0301836
62	0.0197401
62	0.172347
62	0.138372
62	0.0488961
62	0.202393
62	0.115741
62	0.0584692
62	0.140748
62	0.240571
62	0.0831849
62	0.0138889
62	0.172826
62	0.159479
62	0.299958
62	0.00487864
62	0.0615472
62	0.209129
62	0.0938714
62	0.0698597
62	0.045034
62	0.146343
62	0.00706052
62	0.1137
62	0.0723552
62	0.0749576
62	0.269231
62	0.032928
62	1
62	0.100438
62	0.0283799
62	0.0863826
62	0.133929
62	0.0222628
62	0.23646
62	0.0430836
62	0.148721
62	0.0201323
62	0.193973
62	0.0690019
62	0.0638893
62	0.0388723
62	0.107902
62	0.174528
62	0.19991
62	0.154979
62	0.0461213
62	0.0527244
62	0.0657753
62	0.0807228
62	0.081644
62	0.18632
62	0.0794093
62	0.0635006
62	0.0619346
62	0.162463
62	0.145813
62	0.066877
62	0.134915
62	0.173755
62	0.0589355
62	0.0396915
62	0.0303462
62	0.0363802
62	0.137278
62	0.0542186
62	0.119619
62	0.0522175
62	0.123668
62	0.0741795
62	0.0564072
62	0.132169
62	0.0430914
62	0.00643342
62	0.225761
62	0
62	0.117461
62	0.0462963
62	0.1394
62	0.089702
62	0.0189794
62	0.0583369
62	0.116605
62	0.0599034
64	0.0437054
64	0.143074
64	0.173534
64	0.0530686
64	0.0394737
64	0.019945
64	0.0690625
64	0.000137093
64	0.0537292
64	0.175291
64	0.0788751
64	0.0482046
64	0.138256
64	0.256698
64	0.0620316
64	1
64	0.223767
64	0.107097
64	0.108593
64	0.100905
64	0.109649
64	0.106301
64	0.0375785
64	0.0519037
64	0.0446429
64	0.181484
64	0.0238591
64	0.292
64	0.391122
64	0.106667
64	0.069805
64	0.101308
64	0.205451
64	0.115385
64	0.096218
64	0.0316756
64	0.187188
64	0
64	0.219814
64	0.0655724
64	0.0339736
64	0.0207161
64	0.118107
64	0.201793
64	0.109091
64	0.0799196
64	0.053294
64	0.0191812
64	0.143409
64	0.0246896
64	0.0598621
64	0.119433
64	0.0525365
64	0.0996797
64	0.0389897
64	0.03266
64	0.222706
64	0.0580731
64	0.228448
64	0.193019
64	0.0292299
64	0.203946
64	0.115532
64	0.112009
64	0.117049
64	0.0870626
64	0.0392349
64	0.087739
64	0.0377569
64	0.069857
64	0.112491
64	0.17993
64	0.0717061
64	0.147321
64	1
64	0.150345
64	0.0799196
64	0.096302
64	0.152711
64	0.14069
64	0.0763753
64	0.140126
64	0
64	0.0304124
64	0.206054
64	0.0749039
64	0.0225126
64	0.0382868
64	0.125241
64	0.152542
64	0.115911
64	0.152103
64	0.0952933
64	1
64	0.057027
64	0.0631751
64	0.246806
64	0.115741
64	0.111145
64	0.107143
66	0.051385
66	0.0580033
66	0.134337
66	0.288202
66	0.184068
66	0.0834397
66	1
66	0.112041
66	0.140165
66	0.149799
66	0.0361818
66	0.0649035
66	0.160171
66	0.0127561
66	0.0923935
66	0.220687
66	0.056575
66	0.0788382
66	0.131565
66	0.0335552
66	0
66	0.0700075
66	0.0723548
66	0.0754176
66	0.0137916
66	1
66	0.0493003
66	0.0322532
66	0.0787054
66	0.0389211
66	0.107275
66	0.0578894
66	0.06829
66	0.0496484
66	0.0788098
66	0.174111
66	0.243223
66	0.0273404
66	0.12085
66	0.0337313
66	0.126686
66	0.168103
66	0.125376
66	0.000604586
66	0.0468423
66	0.171701
66	0.113117
66	0.0957727
66	0.13438
66	0.0203838
66	0.0948276
66	0.241228
66	0.0674086
66	0.0699055
66	0.0889031
66	0.018811
66	0.119121
66	0.0751111
66	0.119587
66	0.0899149
66	1
66	0.0728707
66	0.0415322
66	0.153023
66	0.222676
66	1
66	0.0357455
66	0.127909
66	0.205206
66	0.0299145
66	0.0273599
66	0.0616319
66	0.0102031
66	0.0772727
66	0
66	0.0162725
66	0.245796
66	0.0557836
66	0.263317
66	0.0738186
66	0.155923
66	0.136409
66	0.0708419
66	0.042248
66	0.12117
66	0.0728233
66	0.124264
66	0.0975539
66	0.067288
66	0.0824777
66	0.0616077
66	0.0628989
66	0.0327869
66	0.0178788
66	0.108817
66	0.103455
66	1
66	0.0796864
66	0.103448
66	0.237288
68	0.137951
68	0.0420449
68	0.0464583
68	0
68	0.134437
68	0.0070862
68	0.127211
68	0
68	0.0172414
68	0.0548318
68	0.139242
68	0.15529
68	0.134184
68	0.110169
68	0.0936973
68	0.0982371
68	0.0726376
68	0.0178571
68	0.050587
68	0.212582
68	0.0230561
68	0.069671
68	0.12273
68	0.111003
68	0.199219
68	0.145514
68	0.0117188
68	0.051072
68	0.0406589
68	0.0242375
68	0.0736687
68	0.0611952
68	0.0990002
68	0.017338
68	0.0920195
68	0.0914631
68	0.0935141
68	0.0555602
68	0.0553095
68	0.0726986
68	0.0261919
68	0.144831
68	0.0578367
68	0.00341228
68	0.0315161
68	1
68	0.135593
68	0.0647762
68	0.0438086
68	0.123735
68	0.0403226
68	0.0641971
68	0.0334711
68	0.137063
68	0.233496
68	0.135073
68	0.213725
68	0.0710677
68	0.0458628
68	0.0659828
68	0.0357362
68	0.0485719
68	0.0808271
68	0.123338
68	0.0618748
68	0.0601501
68	0.0148109
68	0.0432548
68	0.019751
68	0.0195312
68	0.116667
68	0.03923
68	0.139611
68	0.0817006
68	0.21285
68	0.130812
68	0.0558827
68	0.0210658
68	0.110546
68	0.0665428
68	0.0612201
68	0.0913017
68	0.132861
68	0.0695888
68	0.0946808
68	0.048326
68	0.151091
68	0.0410957
68	0.129096
68	0.113421
68	0.0843512
68	0.118905
68	0.0376769
68	0.0431212
68	0.0910265
68	0.0724839
68	0.0278826
68	0.069793
68	0.0983083
68	0.116724
70	0.0520173
70	0.207274
70	0.0974576
70	0.0588812
70	0.122593
70	0.215385
70	0.0076598
70	0.0721251
70	0.141529
70	0.0434598
70	0.0122508
70	0.126651
70	0.129322
70	0.0756028
70	0.0473925
70	0.108453
70	0
70	0.10061
70	0.150794
70	0.102738
70	0.0218195
70	0.173657
70	0.0535362
70	0.0292398
70	0.183513
70	1
70	0.202586
70	0.0865786
70	0.0607486
70	0
70	0.0574442
70	0.0354804
70	0.225079
70	0.0168725
70	0.025515
70	0.264969
70	0.0446783
70	0.055964
70	0.112078
70	0.18611
70	0.0235157
70	0.178919
70	0.0328944
70	0.168673
70	0.0530826
70	0.0873613
70	0.111254
70	1
70	0.0629406
70	0.0903058
70	0.0369513
70	0.106021
70	0.139064
70	0.0798443
70	0.121244
70	0.218443
70	0.135209
70	0.0372007
70	0.175
70	0.125289
70	0.0474707
70	0.1524
70	0.00575349
70	0.0699558
70	0.263265
70	0.225
70	0.0398423
70	0.202638
70	0.0746011
70	0.0351934
70	0.36014
70	0.0346788
70	0.0705209
70	0.123498
70	0.192345
70	0.135458
70	0.00860552
70	0.164354
70	0.141095
70	0.083486
70	0.1329
70	0.0967644
70	0.0503976
70	0.018811
70	0.167969
70	0.0159313
70	0.098558
70	0.0294322
70	0.0548318
70	0.0244369
70	0.113506
70	0.144737
70	0.127049
70	0.0725402
70	0.064409
70	0.0392868
70	0.0567082
70	0.0198572
70	0.150354
70	0.12808
72	0.101903
72	0.25494
72	0.0161895
72	0.0461087
72	0.0253944
72	0.377975
72	0.238009
72	0.217463
72	0.136985
72	0.180328
72	0.067432
72	0.152808
72	0.297038
72	0.120087
72	0.0616167
72	0.0685484
72	0.0531215
72	0.108336
72	0.135092
72	0.0778345
72	0.106061
72	0.0830076
72	0.00112162
72	0.134487
72	0.0788925
72	0.187341
72	0.206349
72	0.0958333
72	0.071298
72	0.137344
72	0.148039
72	0.108416
72	0.0776569
72	0.0243072
72	0.11527
72	0.0203466
72	0.0532787
72	0
72	0.348509
72	0.048242
72	0.0966118
72	0.0357624
72	0.0357419
72	0.22295
72	0.0503934
72	0.244801
72	0.0430052
72	0.0527287
72	0.0421123
72	0.0918587
72	0.284967
72	0.0371892
72	0.115522
72	0.032229
72	0.20537
72	0.0344813
72	0.158847
72	0.0267962
72	0.196798
72	0.109865
72	0.0430222
72	0.230769
72	0.0543843
72	0.0644406
72	0.105686
72	0.119602
72	0.0974576
72	0.0263158
72	0.231464
72	0.031457
72	0.143613
72	0.0532199
72	0.0950689
72	0.108111
72	0.104
72	0.119115
72	0.107498
72	0.0350877
72	1
72	0.0812242
72	0.105918
72	0.0337404
72	0.200803
72	0.0192308
72	0.0820312
72	0.0968791
72	0.037984
72	0.0638364
72	0.151093
72	0.0702516
72	0.010581
72	0.215738
72	0.0255963
72	0.0263158
72	0.0339288
72	0.0807405
72	0.0572708
72	0.016746
72	0.049209
72	0.148448
74	0.10372
74	0.113576
74	0.134355
74	0.0663404
74	0.0553716
74	0.116635
74	0.191365
74	0.0671375
74	0.0688966
74	0.0198413
74	0.0812361
74	0.0173449
74	0.137203
74	0.117493
74	0.173102
74	0.0477423
74	0.19408
74	0.127592
74	0.066001
74	0.136162
74	0.344851
74	0.0166945
74	0.211329
74	0.0411933
74	0.0989741
74	0.0668923
74	0.275212
74	0.157195
74	0.0636976
74	0.0670306
74	0.0415833
74	0.112333
74	0.00105132
74	0.0298639
74	0.0917188
74	0.155899
74	0.139848
74	0.0427224
74	0.087742
74	0.0916133
74	0.0508836
74	0.139795
74	0.0730769
74	0.0480734
74	0.135814
74	0.075437
74	0.245579
74	0.0122951
74	0.0391218
74	0.0357698
74	0.191727
74	0.0682804
74	0.363636
74	0.0737251
74	0.110386
74	0.15976
74	0.0918259
74	0.031103
74	0.186957
74	0.2011
74	0.108209
74	0.0323596
74	0.0216478
74	0.117181
74	0.129847
74	0.200623
74	0.157209
74	0.117994
74	0.0513194
74	0.0477498
74	0.0425962
74	0.0481106
74	0.00277793
74	0.117712
74	0.0858425
74	0.131579
74	0.038
74	0.0617372
74	0.0467244
74	0.118077
74	0.0194727
74	0.0673069
74	0.114636
74	0.136442
74	0.0408768
74	0.180587
74	1
74	0.106817
74	0.0703125
74	0.364212
74	0.19885
74	0.101879
74	0.242188
74	0.102178
74	0.0252077
74	0.0615321
74	0.0344235
74	0.0418415
74	0.107495
74	0.0642747
76	0.0738863
76	0.0780407
76	0.239937
76	0
76	0.150712
76	0.0349237
76	0.0642959
76	0.197967
76	0.0896251
76	0.141275
76	0.0461538
76	0.101419
76	0.119447
76	0.0323099
76	0.0657593
76	0.0821146
76	0.0667024
76	0.026084
76	1
76	0.197088
76	0.312264
76	0.0515667
76	0.0454685
76	0.133045
76	0.04124
76	0.0225073
76	0.189394
76	0.0874052
76	0.0840155
76	0.09965
76	0.0512822
76	0.0924491
76	0.117746
76	0.158011
76	0.0162468
76	0.0997223
76	0.159036
76	0.128894
76	0.0836439
76	0.0615102
76	0.215909
76	0.12355
76	0.0345173
76	0.0685484
76	0.0373134
76	0.154762
76	0.227563
76	0.264706
76	0
76	0.0206754
76	0.140353
76	0.0856286
76	0.0161522
76	0.11052
76	1
76	1
76	0.0602613
76	0.120837
76	0.0942469
76	0.215673
76	0.0537323
76	0.22628
76	0.143348
76	0.227941
76	0.118967
76	0.0030209
76	0.0507812
76	0.328946
76	0.1709
76	0
76	0.0346226
76	0.0748061
76	0.0967742
76	0.0594436
76	0.0664062
76	0.0807707
76	0.0906538
76	0.123606
76	0.0454545
76	0.0117741
76	0.107798
76	0.113392
76	0.0666074
76	0.152885
76	0.0249843
76	0.0343447
76	0.185007
76	0.066557
76	0.00756391
76	0.0326885
76	0.10637
76	0.100459
76	0.178995
76	0.0643976
76	0.0797279
76	0.21371
76	0.258557
76	0.126866
76	0.0775889
76	0.209065
78	0.0358536
78	0.0566889
78	0.131342
78	0.170522
78	0.229138
78	0.133568
78	0.0174333
78	0.236355
78	0.0188491
78	0.328976
78	1
78	0.118581
78	0.0896393
78	0.0551043
78	0.027804
78	0.140587
78	0.0307692
78	0.308219
78	0.217802
78	0.124436
78	1
78	0.11431
78	0.191196
78	0.215894
78	0.0919118
78	0.133694
78	0.0275023
78	0.0711273
78	0.112075
78	0.197665
78	0.238971
78	0.167789
78	1
78	0.103556
78	0.0604322
78	0.0190366
78	0.0483871
78	0.0785764
78	0.0999382
78	0.0466038
78	0.184127
78	0.00985738
78	0.169554
78	0.0107921
78	0.0814138
78	0.144523
78	0.0652836
78	0.130545
78	0.0758003
78	0.127868
78	0.0796087
78	0.102941
78	0.0396316
78	0.0768262
78	0.100083
78	0.221688
78	0.12112
78	0.0650893
78	0.0418415
78	0.148024
78	0.282357
78	0.115942
78	0
78	0.0534876
78	0.199896
78	0.047619
78	0.161538
78	0.131414
78	0.149247
78	0.113176
78	0.137566
78	0.209077
78	0.0486378
78	0.096084
78	0.071123
78	0.0795579
78	0.10576
78	0.0984986
78	0.102072
78	0.124405
78	0.229743
78	0.181854
78	0.043517
78	0.0655738
78	0.0270373
78	0.156026
78	0.00779221
78	0.0111605
78	0.074146
78	0.128527
78	1
78	0.167565
78	0.253788
78	0.166569
78	0.0811092
78	0.0195574
78	0
78	0
78	0.207934
78	0.0475767
80	0.125673
80	0.0549478
80	0.0634328
80	0.261029
80	0.156045
80	0.0249486
80	0.0266898
80	0.126815
80	0.126798
80	0.105284
80	0.0502721
80	0.184775
80	0.250389
80	0.0385607
80	0.0885669
80	0.102259
80	0.089417
80	0.192029
80	0.0421174
80	0.154569
80	0.0572589
80	0.0537745
80	0.0581026
80	0.0663819
80	0.181071
80	0.218077
80	0.0612843
80	0.205642
80	0.0920939
80	0.10138
80	0.140376
80	0.00785948
80	0.0390373
80	0.16431
80	0.207229
80	0.135563
80	0.103113
80	0.0829081
80	0.117605
80	0.150976
80	0.0692915
80	0.111295
80	0.142188
80	0.278169
80	0.0360697
80	0.127699
80	0.039947
80	0.0931541
80	0.0809307
80	0.0767734
80	0.0217386
80	0.0647371
80	0.05
80	0.231314
80	0.0743859
80	0.0573151
80	0.163195
80	0.0294243
80	0.0989919
80	0.0428347
80	0.0671784
80	0.0869578
80	0.275009
80	0.0725806
80	0.0665977
80	0.12412
80	0.0535084
80	0.066589
80	0.0642292
80	0.0931635
80	0.0985915
80	0.0160955
80	0.15493
80	0.0195418
80	0.186341
80	0.0784397
80	0.0469096
80	0.0297043
80	0.0115111
80	0.240675
80	0.153846
80	0.0316188
80	0.0441279
80	1
80	0.123477
80	0.1
80	0.156657
80	0.0701525
80	0.21519
80	0.139861
80	0.0291026
80	0.11018
80	0.140301
80	0.0249858
80	0.0655541
80	0.136569
80	0.0489401
80	0.142465
80	0.0458699
80	1
82	0.182774
82	0.0725373
82	0.0841282
82	0.280405
82	0.0417109
82	0.101959
82	0.115807
82	0.268927
82	0.172323
82	0.153819
82	0.242697
82	1
82	0.167093
82	0.0843002
82	0.054865
82	0.032617
82	0.0429339
82	0.0145501
82	0.0631403
82	0.0146156
82	0.242305
82	0.114975
82	0.0629052
82	0.110472
82	0.0330467
82	0.0349497
82	0.0530192
82	0.238438
82	0.138064
82	0.15297
82	0.0311025
82	0.0707676
82	0.0360636
82	0.116919
82	0.123966
82	0.11703
82	0.0322992
82	1
82	0.208713
82	0.0461673
82	0.291859
82	0.128528
82	0.247547
82	0.0904803
82	1
82	0.17126
82	0.0405711
82	0.0805708
82	0.153275
82	0.0380422
82	0.161034
82	0.0347242
82	0.0453568
82	0.133069
82	0.126996
82	0.0319054
82	0.134295
82	0.011027
82	0.0601209
82	0.0786761
82	0.073589
82	1
82	0.131947
82	0.212243
82	0.130597
82	0.075219
82	1
82	0.190432
82	0.104446
82	0.0639275
82	0.0256936
82	0.0704225
82	0.101322
82	0.166314
82	0.102941
82	0.105171
82	0.137324
82	0.194199
82	0.0244136
82	1
82	0.0738246
82	0.0372208
82	0.0310692
82	0.0725518
82	0.0890013
82	0.0623723
82	0.0837665
82	0.236111
82	0.0520231
82	0.0489305
82	0.0679928
82	0.0453455
82	0.0430589
82	0.147622
82	0.128451
82	0.180208
82	0.0979065
82	0.069206
82	0.1703
82	0.0766725
84	0.246479
84	0.0696928
84	0.10736
84	0.118315
84	0.0771719
84	0.271917
84	0.0302919
84	0.0147828
84	0.0638009
84	0.0206874
84	0.00893233
84	0.0500099
84	0.0629803
84	0.10788
84	0.0932836
84	0.0641755
84	0.210411
84	0.169015
84	0.177765
84	0.144164
84	0.181075
84	0.087733
84	0.138768
84	0.0559701
84	0.0302058
84	0.160705
84	0.251806
84	0.0586827
84	0.0877914
84	0.0809981
84	0.181178
84	0.0396865
84	0.131875
84	0.142922
84	1
84	0.0266156
84	0.10977
84	0.115157
84	0.0151843
84	0.00136758
84	0.0714543
84	0
84	0.127659
84	1
84	1
84	0.16324
84	0.181766
84	0.0602476
84	0.137681
84	0.0315138
84	0.0181174
84	0.116321
84	0.0272283
84	0.133692
84	0.200579
84	0.163472
84	0.0536102
84	0.0788381
84	0.0119041
84	0.286232
84	0.0514718
84	0.0643341
84	0.0599061
84	0.0665219
84	0.0886173
84	0.141557
84	0.174528
84	0.0810815
84	0.295177
84	1
84	0.112859
84	0.0779363
84	0.0494163
84	0.0666691
84	0.0161912
84	0.0204841
84	0.197585
84	0.197958
84	0.0809859
84	0.0155064
84	0.0932287
84	0.0838906
84	0.109008
84	0.167587
84	0.0431305
84	0.0978384
84	0.141894
84	0.080778
84	0.0358267
84	0.234817
84	0.0305247
84	0.266751
84	0.0467609
84	0.0353096
84	0.121778
84	0.0877506
84	0.25438
84	0.0772769
84	0.122677
84	0.0846525
86	0.105682
86	0.0331304
86	0.132101
86	0.0191064
86	0.185993
86	0.0873459
86	0.0915394
86	0.161938
86	0.189027
86	0.0844595
86	0.0471014
86	0.0757882
86	0.255438
86	0.015687
86	0.0861344
86	0.0631525
86	0.0645676
86	0.125672
86	0.0515782
86	0.0810799
86	0.0545709
86	0.0259118
86	0.0469389
86	0.105792
86	0.151474
86	0.0297848
86	0.180147
86	0.0216123
86	0.146429
86	0.0241604
86	0.178571
86	0.266889
86	1
86	0.0276291
86	0.15266
86	0.181719
86	0.0802071
86	0.0356688
86	0.130282
86	1
86	0.163194
86	0.125554
86	0.109786
86	0.0766614
86	0.179104
86	0.19352
86	0.151642
86	0.0496565
86	0.0214124
86	0.0955364
86	0.0530169
86	0.0633803
86	0.122885
86	0.101354
86	1
86	0.147973
86	0.124529
86	0.00837771
86	0.015548
86	0.070026
86	0.0417481
86	0.0655474
86	0.0659722
86	0.0461692
86	0.122164
86	0.218341
86	0.0346016
86	0.0105547
86	0.165302
86	0.187952
86	0.0557275
86	0.227733
86	0.0971666
86	0.120834
86	0.213507
86	0.0669552
86	0.0924108
86	0.0407158
86	0.100515
86	0.0194133
86	0.108674
86	0.119565
86	0.0221764
86	0.187414
86	0.114593
86	1
86	0.0670522
86	0.0206281
86	0.0747683
86	0.0503929
86	0.193833
86	1
86	0.048563
86	0.0530944
86	0.0224469
86	0.0969411
86	0.131313
86	0.0522869
86	0.0590278
86	1
88	0.0619578
88	0.127321
88	0.171905
88	1
88	0.253623
88	0.302327
88	0.0751359
88	0.0530031
88	0.0872045
88	0.202587
88	0.132911
88	0.0493386
88	0.0914104
88	0.171712
88	0.0627936
88	0.0903984
88	0.18643
88	0.0477551
88	0.10036
88	0.0213731
88	0.496642
88	0.0290399
88	0.0320526
88	0.164685
88	0.0291815
88	0.0653189
88	0.0386661
88	0.0580049
88	0.0914402
88	0.0501801
88	0.0153994
88	0.204381
88	0.316135
88	0.115979
88	0.221597
88	0.0180946
88	0
88	0.0689918
88	0.041362
88	0.372914
88	0.13892
88	0.265616
88	0.0589702
88	0.0460018
88	0.131961
88	0.16992
88	0.113022
88	0.190497
88	0.294309
88	0.0345788
88	0
88	0.151974
88	0.126752
88	0.107615
88	0.0137937
88	0.123377
88	0.0107876
88	0.0948277
88	0.0637751
88	0.207107
88	0.160006
88	0.227869
88	0.0816519
88	0.197977
88	0.227593
88	0.106239
88	0.179054
88	0.0532754
88	0.0341831
88	0.0475621
88	0.0500992
88	0.0656143
88	0.0399487
88	0.00282972
88	0.0999652
88	0.304795
88	0.137709
88	0.0383661
88	0.0564363
88	0
88	0.0400895
88	0.0912656
88	0.0747954
88	0.239865
88	0.143863
88	0.0278533
88	0.0180688
88	0.0722455
88	0.03002
88	0.0893624
88	0.0508386
88	0.0532977
88	0.090464
88	0.0188955
88	0.113738
88	0.0582975
88	0.195205
88	1
88	0.0659032
88	0.207677
90	0.0652842
90	0.0411919
90	0.116631
90	0.123377
90	0.15877
90	0.0287778
90	0.0417205
90	1
90	0.0821429
90	1
90	0.0706072
90	0.105156
90	0.0329852
90	0.205802
90	0.0789474
90	0.192945
90	0.0844541
90	0.0853291
90	0.107315
90	0.157534
90	0.0687348
90	0.0316041
90	0.217138
90	0.0413289
90	0.199512
90	0.0597623
90	0.162411
90	0.0282419
90	0.0902778
90	0.140627
90	0.165025
90	0.0973567
90	0.197994
90	0.15411
90	0.14118
90	0.115739
90	0.240762
90	0.03081
90	0.170848
90	0.0334444
90	0.147963
90	0.0921053
90	0.105356
90	0.0314445
90	0.281217
90	0.0105483
90	0.0626701
90	0.143575
90	0.109845
90	0.00626078
90	0.0651814
90	0.162531
90	0.0275916
90	0.0292208
90	0.0753425
90	0.0448889
90	0.0135174
90	0.203024
90	1
90	0.196467
90	0.2
90	0.066352
90	0.104167
90	0.186182
90	0.106368
90	0.119863
90	0.186817
90	0.03125
90	0.0231719
90	0.00649351
90	0.290119
90	0.162623
90	0.00986842
90	0.10961
90	0.0966574
90	0.0278817
90	0.0928335
90	0.0861608
90	0.0672708
90	0.0371622
90	0.0935741
90	1
90	0.148723
90	0.144737
90	0.324761
90	0.146094
90	0.0774013
90	0.0598826
90	0.00986842
90	0.0219076
90	0.137345
90	0.0603482
90	0.0999518
90	0.0938791
90	0.189773
90	0.0322367
90	0.123047
90	0.0628672
90	0.339744
90	0.0628916
92	0.1952
92	0.104747
92	0.10548
92	0.131944
92	0.0672988
92	0.0380764
92	0.0336024
92	0.128205
92	0.14916
92	0.153825
92	0.152822
92	0.0431986
92	0.123972
92	0.107634
92	0.165541
92	0.0868208
92	0.0527029
92	0.141765
92	0.086082
92	0.106954
92	0.0594205
92	0.0721198
92	0.0965982
92	0.157937
92	0.0907418
92	0.163459
92	0.115642
92	0.0509392
92	0.0319967
92	0.111849
92	0.277641
92	0.0480428
92	0.196196
92	0.0780112
92	0.102037
92	0.144449
92	0.112994
92	0.0875
92	0.0268876
92	0.164938
92	0.144366
92	0.158626
92	0.0645229
92	0.141193
92	0.0631296
92	0.116025
92	0.125834
92	0.0218167
92	0.115545
92	0.185845
92	0.0751821
92	0.057785
92	0.0877687
92	0.0168445
92	0.0457805
92	0.070616
92	0.0626994
92	0.078394
92	0.153333
92	1
92	0.0444141
92	0.124004
92	0.111834
92	0.184211
92	0.069858
92	0.146245
92	0.280825
92	0.171233
92	0.00658773
92	0.104764
92	0.0292758
92	0.037229
92	0.0564267
92	0.152068
92	0.134868
92	0.0922835
92	0.0533137
92	0.136877
92	0.0337686
92	0.0466667
92	0.0477987
92	0.115717
92	0.0824094
92	0.0654205
92	0.085829
92	0.220369
92	0.0865385
92	0.162196
92	0.128506
92	0.029123
92	0.339338
92	0.0300794
92	0.285938
92	0.0138733
92	0.0434998
92	0.0229404
92	0.0794932
92	0.106777
92	0.175676
92	0.100084
94	0.0269392
94	0.199148
94	0.0241016
94	0.0731774
94	0.114968
94	0.127284
94	0.0224891
94	0.177735
94	0.0721623
94	0.000111917
94	0.277114
94	0.176997
94	0.039697
94	0.066397
94	0.109399
94	0.13141
94	0.10928
94	0.0667326
94	0.0918141
94	0.172201
94	0.24
94	0.0178117
94	0.140358
94	0.0611991
94	0.139278
94	0.054199
94	0.25316
94	0.145945
94	0.110759
94	0.154605
94	0.130842
94	1
94	0.0593425
94	0.140914
94	0.0781078
94	0.0297348
94	0.125143
94	0.0457249
94	0.122645
94	0.166399
94	0.0998064
94	0.229157
94	0.231082
94	0.103204
94	0.0914342
94	0.125616
94	0.0370815
94	0.18125
94	0.121072
94	0.119989
94	0.0133223
94	0.0449916
94	0.17657
94	0.0136204
94	0.156505
94	0.0894084
94	0.0575566
94	0.096875
94	0.0320513
94	0.0827606
94	0.0529333
94	0.259392
94	1
94	0.0226189
94	0.186089
94	0.0986355
94	0.126808
94	0.108403
94	0.057962
94	0.0388481
94	0.0474083
94	0.327573
94	0.141926
94	0.123418
94	0.0601465
94	0.201736
94	0.212683
94	0.0401126
94	0.156287
94	0.0335321
94	0.0539013
94	0.0135138
94	0.129383
94	0.166793
94	0.0769686
94	0.1669
94	0.111842
94	0.0397486
94	0.104575
94	0.310732
94	0.347712
94	0.191082
94	0.159816
94	0.167763
94	0.0703659
94	0.079769
94	0.168482
94	0.0524428
94	0.0440559
94	0.208889
96	0.0298655
96	0.168557
96	0.0966028
96	0.133658
96	0.110401
96	0.188406
96	0.161772
96	0.0819982
96	0.129238
96	1
96	0.076946
96	0.0420248
96	0.0815104
96	0.0709176
96	0.0438646
96	0.132812
96	0.115547
96	0.170497
96	0.108764
96	0.196648
96	0.0685655
96	0.223431
96	0.0277823
96	0.142765
96	0.185555
96	0.212025
96	0.122275
96	0.0323514
96	0.122836
96	0.019908
96	0.132693
96	0
96	0.0333333
96	0.0640572
96	0.105196
96	0.186242
96	0.138153
96	0.0860589
96	0.0492403
96	0.170403
96	0.151845
96	0.0372063
96	0.127361
96	0.056962
96	0.180042
96	0.160186
96	0.0392855
96	0.0576745
96	0.0460064
96	0.2499
96	0.16642
96	0.244029
96	0.0984091
96	0.265823
96	0.0876623
96	0.0797632
96	0.169223
96	0.0432099
96	0.126333
96	0.108598
96	0.318111
96	0.326576
96	0.0729481
96	0.0618525
96	0.17762
96	0.145062
96	0.0427949
96	0.0172827
96	0.0259874
96	0.200059
96	0.189459
96	0.2
96	0.102941
96	0.25625
96	0.0641475
96	0.213049
96	0.0735685
96	0.0174097
96	0.430545
96	0.0297007
96	0.109294
96	0.0914926
96	0.113416
96	0.0354602
96	0.110576
96	0.174013
96	0.0255524
96	0.130335
96	0.293773
96	0.0140944
96	0.0875232
96	0.0548978
96	0.29602
96	0.0426675
96	0.00438038
96	0.162024
96	0.086948
96	0.0782036
96	0.304054
96	0.154015
98	0.131522
98	0.189062
98	0.102942
98	0.0512048
98	0.304878
98	0.162398
98	0.135152
98	0.116918
98	0.0688573
98	0.163568
98	0.0714286
98	0.0238944
98	0.275675
98	0.009375
98	0.109222
98	0.0713569
98	0.223298
98	0.111938
98	0.208333
98	0.0392693
98	0.274294
98	0.100366
98	1
98	0.0314058
98	0.207728
98	0.0869426
98	0.084375
98	0.0406759
98	0.0355034
98	0.0446132
98	0.153646
98	0.149972
98	0.0257313
98	0.172738
98	0.141935
98	0.0437044
98	0.075704
98	0.0960545
98	0.0303111
98	0.13779
98	0.135163
98	0.117099
98	0.141025
98	0.260145
98	0.0668465
98	0.06
98	0.151902
98	0.0863526
98	0.250046
98	0.0918348
98	0.157633
98	0.244018
98	0.0830279
98	0.113783
98	0.0422523
98	0.11834
98	0.0255612
98	0.0691129
98	0.124467
98	0.0603874
98	0.0767724
98	0.0818958
98	0.0360627
98	0.0335292
98	0.0228776
98	0.0953599
98	1
98	0.0816881
98	0.111199
98	0.0625
98	0.200558
98	0.0512821
98	0.0907446
98	0.0833333
98	0.156307
98	0.120157
98	0.0951836
98	0.0762195
98	0.0952536
98	0.0541416
98	0.0461103
98	0.20532
98	0.15262
98	0.172112
98	0.0715588
98	0.18482
98	0.163286
98	0.315091
98	0.124335
98	0.159036
98	1
98	0.106654
98	0.121152
98	0.0646794
98	0.125828
98	0.0618123
98	0.200704
98	0.0101351
98	0.151832
98	0.0586679
100	0.159832
100	0.0531046
100	0.0593273
100	0.0486032
100	0.143775
100	0.0334231
100	0.177068
100	0.131147
100	0.06809
100	0.181397
100	0.121351
100	0.225126
100	0.136039
100	0.262195
100	0.0648093
100	0.0146188
100	0.228546
100	0.0660437
100	0.0881694
100	0.0275106
100	0.0752996
100	0.1133
100	0.050277
100	0.0273783
100	0.207646
100	0.143093
100	0.0289518
100	0.266684
100	0.118898
100	0.138248
100	1
100	0.0340476
100	0.156604
100	0.0918673
100	0.138874
100	0.132395
100	0.227564
100	0.226461
100	0.0210112
100	0.0628046
100	0.175
100	0.0733132
100	0.0937173
100	0.0854823
100	0.171446
100	0.137222
100	0.0460997
100	0.103269
100	0.195436
100	0.00882529
100	0.0672674
100	0.150171
100	0.0543727
100	0.0369434
100	0.115263
100	0.0158208
100	0.103244
100	0.12488
100	0.0256417
100	0.0272585
100	0.232218
100	0.010116
100	0.225
100	0.119318
100	0.0814437
100	0.0141804
100	0.077684
100	0.138314
100	0.06284
100	0.135445
100	0.0819809
100	0.0508887
100	0.174164
100	0.0528312
100	0.0789337
100	0.356747
100	0.228659
100	0.0757505
100	0.0921871
100	0.111019
100	0.243421
100	0.185286
100	0.198947
100	0.223759
100	0.0922726
100	0.0917574
100	0.0498528
100	0.16601
100	0.0132406
100	0.017717
100	0.0204131
100	0.174265
100	0.0428427
100	0.0270037
100	0.0931487
100	0.0985163
100	0.120459
100	0.0784137
100	0.0948027
100	0.040625
102	0.0901001
102	0.0968235
102	0.0611767
102	0.0689185
102	0.170035
102	0.0486799
102	0.153707
102	0.0657274
102	0.108984
102	0.0375202
102	0.0893067
102	0.209958
102	0.0438383
102	1
102	0.0856643
102	0.191762
102	0.0210369
102	0.0534197
102	0.0250849
102	0.0279053
102	0.139962
102	0.161783
102	0.144067
102	0.0226734
102	0.118743
102	0.0372754
102	0.0575846
102	0.27381
102	0.273256
102	0.304241
102	0.0384088
102	0.242794
102	0.225803
102	0.117737
102	0.101488
102	0.113643
102	0.0816146
102	0.208191
102	0.186782
102	0.0316958
102	0.0562925
102	0.224851
102	0.165625
102	0.070731
102	0.179699
102	0.317211
102	0.269031
102	0.0354488
102	0.122837
102	0.152121
102	0.0351751
102	0.0993132
102	0.240085
102	0.0301394
102	0.0476225
102	0.175156
102	0.0584907
102	0.126623
102	0.0891035
102	0.228934
102	0.0905905
102	0.125247
102	0.184537
102	0.061549
102	0.0877832
102	1
102	0.101606
102	0.0998423
102	0.0382047
102	0.114253
102	0.103382
102	0.0773092
102	0.100619
102	0.0821896
102	0.0799556
102	0.129747
102	0.255752
102	0.225309
102	0.0655595
102	0.0413433
102	0.0908888
102	0.0764706
102	0.145062
102	0.0102447
102	0.288775
102	0.0711952
102	0.000883081
102	0.096666
102	0.204858
102	0.109153
102	0.10061
102	0.0562794
102	0.0919738
102	0.0277778
102	0.310976
102	0.0276769
102	0.348101
102	0.0364674
102	0.133495
102	0.147182
104	0.0130752
104	0.241176
104	0.242973
104	0.158611
104	0.177584
104	0.0381964
104	0.0448718
104	0.0948214
104	0.213979
104	0.115606
104	0.0968978
104	0.0264605
104	0.175049
104	0.0925907
104	0.0817938
104	0.0493364
104	0.121564
104	0.0416667
104	0.0352893
104	0.0563139
104	0.181571
104	0.18974
104	0.128332
104	0.147727
104	0.13645
104	0.110259
104	0.0297785
104	0.0940547
104	0.122854
104	0.0939658
104	0.0658548
104	0.14298
104	0.434783
104	0.091779
104	0.158304
104	0.105712
104	0.123122
104	0.232957
104	0.130814
104	0.117037
104	0.278481
104	0.152903
104	0.0498291
104	0.0725123
104	0.137837
104	0.209184
104	0.0333371
104	0.0756665
104	0.103708
104	0.155351
104	0.131231
104	0.218021
104	0.140897
104	1
104	0.134186
104	0.111692
104	0.0840916
104	0.108242
104	0.168738
104	0.0326651
104	0.0876854
104	0.162518
104	0.0392727
104	0.152831
104	0.120981
104	0.0584055
104	0.0745456
104	0.0671207
104	0.165609
104	0.0824402
104	0.0863664
104	0.483202
104	0.0236952
104	0.162
104	0.0794147
104	0.1274
104	0.152995
104	0.0325202
104	0.187123
104	0.0952215
104	0.0556134
104	0.0971759
104	0.240964
104	0.18492
104	0.0307354
104	0.0702803
104	0.159229
104	0.0164363
104	0.0648281
104	0.0338555
104	0.287745
104	0.214736
104	0.268338
104	0.015288
104	0.264525
104	0.0659551
104	0.191224
104	0.0348769
104	0.0824842
104	0.0892629
106	0.0851729
106	0.113092
106	0.135174
106	0.140147
106	0.301188
106	0.191004
106	0.117474
106	0.0509144
106	0.164335
106	0.0808383
106	0.163929
106	0.106365
106	0.24984
106	0.086595
106	0.172459
106	0.0974344
106	0.0469491
106	0.167895
106	0.166396
106	0.19855
106	0.210405
106	1
106	0.0261218
106	0.16123
106	0.116708
106	0.0993349
106	0.0391566
106	0.0658941
106	0.0458992
106	0.0164122
106	0.164611
106	0.172431
106	0.00588235
106	0.0127996
106	0.0714649
106	0.053926
106	0.124432
106	0.172622
106	0.210674
106	0.157262
106	0.117613
106	0.241982
106	0.179607
106	0.0863305
106	0.217057
106	0.0722945
106	0.107819
106	0.131098
106	0.0609235
106	0.0838355
106	0.0933298
106	0.0834818
106	0.158595
106	0.127676
106	0.140836
106	0.221815
106	1
106	0.0975126
106	0.077742
106	0.0496527
106	0.148989
106	0.151656
106	0.0290751
106	0.0320642
106	0.0440601
106	0.177992
106	0.0608866
106	0.168594
106	0.086474
106	0.0744048
106	0.0970588
106	0.218068
106	0.145089
106	0.144569
106	0.177326
106	0.0292869
106	0.0894741
106	0.0515571
106	0.129774
106	0.158455
106	0.0581744
106	0.0484128
106	0.154919
106	0.107033
106	0.228713
106	0.0826316
106	0.0774379
106	0.310246
106	0.11569
106	0.12726
106	0.17758
106	0.0971097
106	0.105513
106	0.0949702
106	0.188875
106	0.10939
106	0.0573929
106	0.0123746
106	0.198238
106	0.0583034
108	0.0357143
108	0.235955
108	0.0426919
108	0.235194
108	0.0913711
108	0.0794118
108	0.041273
108	0.12345
108	0.195065
108	0.0303646
108	0.314024
108	0.0124094
108	0.0851278
108	0.11298
108	0.1273
108	0.196144
108	0.057228
108	0.386905
108	0.0503928
108	0.125086
108	0.166972
108	0.123463
108	0.146501
108	0.0816812
108	0.105604
108	0.0282911
108	0.197187
108	0.0169972
108	0.0340458
108	0.203179
108	0.188944
108	0
108	1
108	0.0205324
108	0.184034
108	0.107906
108	0.0904037
108	0.0910112
108	0.116133
108	0.108434
108	0.267998
108	0.0997046
108	0.118262
108	0
108	0.0537525
108	0.162809
108	0.301479
108	0.052785
108	0.13202
108	0.0610103
108	0.127804
108	0.117998
108	0.0569964
108	0.012689
108	0.0764754
108	0.114527
108	0.0311721
108	0.109833
108	0.109182
108	0.0924557
108	0.171361
108	0.0144056
108	0.0477977
108	0.127057
108	0.145792
108	0.0107815
108	0.0993351
108	0.0965681
108	0.179228
108	0.0697056
108	0.0683756
108	1
108	0.0975472
108	0.186019
108	0.116895
108	0.0243476
108	0.0754959
108	0.154323
108	0.286852
108	0.0929798
108	0.0218011
108	0.264268
108	0.0796923
108	0.0749267
108	0.117816
108	0.123483
108	0.133155
108	0.109845
108	0.157215
108	0.0318956
108	0.145943
108	0.110119
108	0.172836
108	0.0656665
108	0.02291
108	0.0758185
108	0.117775
108	0.0635294
108	0.0428069
108	0.125296
110	0.153817
110	0.0983483
110	0.123794
110	0.18124
110	0.336455
110	0.145664
110	0.128161
110	0.203488
110	0.0871363
110	0.0885074
110	0.0544014
110	0.0924032
110	0.166859
110	0.121301
110	0.0250722
110	0.0391036
110	0.101831
110	0.0884551
110	0.0531942
110	0.126382
110	0.262458
110	1
110	0.131799
110	0.174157
110	0.0770656
110	0.120324
110	0.187949
110	0.0191419
110	0.073226
110	0.252778
110	0.0917722
110	0.100358
110	0.0320857
110	0.197921
110	0.210227
110	0.0659438
110	0.121683
110	0.119353
110	0.188164
110	0.0442435
110	0.122799
110	0.140043
110	0.126417
110	0.0744048
110	0.128846
110	0.0606558
110	0
110	0.0130719
110	0.196128
110	0.093712
110	0.15138
110	0.0639271
110	0.0811924
110	0.216208
110	1
110	0.20679
110	0.108554
110	0.0597109
110	0.173136
110	1
110	0.125374
110	0.0592296
110	0.0115756
110	0.152721
110	0.13823
110	0.00207143
110	0.122684
110	0.0704623
110	0.0807033
110	0.172722
110	0.0344127
110	0.279727
110	1
110	0.0544794
110	0.244506
110	0.0635493
110	0.15796
110	0.183503
110	0.159654
110	0.0295633
110	0.0609468
110	0.184203
110	0.120614
110	0.107468
110	0.174757
110	0.180371
110	0.102633
110	0.140094
110	0.130063
110	0.160516
110	0.0912025
110	0.0741734
110	0.0733494
110	0.0712901
110	0.131046
110	0.112036
110	0.104448
110	0.0497467
110	1
110	0.0407729
112	0.123656
112	0.132761
112	0.152757
112	0.0848981
112	0.0923913
112	0.209349
112	0.143624
112	0.0667841
112	0.0384943
112	0.170538
112	0.0567583
112	0.0840611
112	0.145018
112	0.11216
112	0.121372
112	0.152609
112	0.301814
112	0.0981254
112	0.118052
112	0.157363
112	0.183897
112	0.141751
112	0.0433014
112	0.192981
112	0.178571
112	0.365448
112	0.0704898
112	0.188967
112	0.290115
112	0.154891
112	0.143609
112	0.0479358
112	0.0722846
112	0.0606422
112	0.0671502
112	0.0987767
112	0.0771861
112	0.322894
112	0.0627315
112	0.167918
112	0.0831102
112	0.147633
112	0.0823864
112	0.0258077
112	0.105226
112	0.0220883
112	0.0255071
112	0.137293
112	0.160946
112	0.0867895
112	0.0327856
112	0.0814413
112	0.0794118
112	0.0493221
112	0.127909
112	0.195022
112	1
112	0.0756314
112	0.062716
112	0.0144866
112	0.0794544
112	0.015244
112	0.0551954
112	0.0163171
112	0.16573
112	0.25639
112	0.00842697
112	0.0462031
112	0.111868
112	0.0799328
112	0.139449
112	0.0431034
112	0.242758
112	0.256707
112	0.101188
112	1
112	0.0419194
112	0.239762
112	0.045782
112	1
112	0.207206
112	0.14061
112	0.0968689
112	0.117415
112	0.259456
112	0.0881922
112	0.143134
112	0.135298
112	0.250277
112	0.178161
112	0.0587434
112	0.144054
112	0.269297
112	0.126584
112	0.103369
112	0.102484
112	0.17242
112	0.347947
112	0.13147
112	0.0570488
114	0.149425
114	0.153961
114	0.145992
114	0.0340054
114	0.271739
114	0.0412294
114	0.209433
114	0.0601594
114	0.092999
114	0.168222
114	1
114	0.13573
114	0.15647
114	0.00979023
114	0.0487861
114	0.0683337
114	0.148074
114	0.248531
114	0.182616
114	0.0727162
114	1
114	0.0733961
114	0.151923
114	0.0707031
114	0.157715
114	0.125395
114	0.269444
114	0.0492509
114	0.0227733
114	0.0303965
114	0.130553
114	0.029989
114	0.118935
114	0.155462
114	0.0672043
114	0.11162
114	0.159151
114	0.135479
114	0.186565
114	0
114	0.131297
114	0.0316598
114	0.0865882
114	0.0549946
114	0.195593
114	0.166328
114	0.124084
114	0.174511
114	0.072948
114	0.124836
114	0.223556
114	0.0353507
114	0.272134
114	0.151016
114	0.0631621
114	0.0526001
114	0.0225989
114	0.1519
114	0.12716
114	0.0867492
114	0.130293
114	0.126306
114	0.0124302
114	0.0648674
114	0.151351
114	0.119051
114	0.0931065
114	0.155844
114	0.105466
114	0.263293
114	0.0632657
114	0.117479
114	0.097219
114	0.191736
114	0.267132
114	0.106263
114	0.0714059
114	0.173235
114	0.137574
114	0.0184521
114	0.0882216
114	0.0897359
114	0.0901721
114	0.176093
114	0.0348837
114	0.117373
114	0.0405842
114	0.270153
114	0.0913065
114	0.312205
114	0.0690607
114	0.0320093
114	0.12352
114	0.029694
114	0.119878
114	0.0866064
114	0.0462992
114	0.130468
114	0.225725
114	0.127778
116	0.174552
116	0.0844349
116	0.133523
116	0.0944315
116	0.0786517
116	0.132485
116	0.298285
116	0.14934
116	0.0701589
116	0.0435856
116	0.138802
116	0.2858
116	0.179171
116	0.117502
116	0.067148
116	0.157984
116	0.169295
116	0.0560705
116	0.0826444
116	0.0712177
116	0.632627
116	0.216489
116	0.156715
116	0.144886
116	0.0754104
116	0.169271
116	0.0236259
116	0.118579
116	0.0889158
116	0.117914
116	0.10915
116	0.0494506
116	0.101984
116	0.066976
116	0.0570652
116	0.0825428
116	0.0377522
116	0.0287536
116	0.0458976
116	0.225152
116	0.0144649
116	0.0809652
116	0.0237585
116	0.0997573
116	0.307439
116	0.0617978
116	0.123985
116	0.0793839
116	0.155644
116	0.0326087
116	0.114476
116	0.173009
116	0.0949876
116	0.165501
116	0.0116276
116	0.155047
116	0.0791656
116	0.250013
116	0.142701
116	0.123296
116	0.156547
116	0.0242526
116	0.0609904
116	0.095077
116	0.0989734
116	0.138111
116	0.0262832
116	0.154281
116	0.0824756
116	0.0990674
116	0.0412015
116	0.105114
116	0.128721
116	0.503351
116	0.149309
116	0.243767
116	0.248399
116	0.203866
116	0.116186
116	0.0441163
116	0.118435
116	0.0285495
116	0.156094
116	0.0425942
116	0.0292941
116	0.019595
116	0.0337019
116	0.0710873
116	0.153358
116	0.263771
116	0.136795
116	0.0512997
116	0.130103
116	0.214674
116	0.0632606
116	0.124807
116	0.0816523
116	0.0277959
116	0.0147792
116	0.0212582
118	0.130531
118	0.119993
118	0.161473
118	0.0791287
118	0.0527778
118	0.0784716
118	0.0951661
118	0.0602664
118	0.202247
118	0.290314
118	0.094086
118	0.0118935
118	0.0929351
118	0.122025
118	0.239404
118	0.00842697
118	0.0887029
118	0.195621
118	0.0871573
118	0.234662
118	0.125
118	0.125809
118	0.206395
118	0.036282
118	0.0486769
118	0.10084
118	0.203689
118	0.142857
118	0.0852975
118	0.123442
118	0.0662574
118	0.12486
118	0.0656641
118	0.301205
118	0.171795
118	0.0714511
118	0.128875
118	0.132694
118	0.173757
118	0.109343
118	0.0755343
118	0.0990813
118	0.0874995
118	0.142762
118	0.149294
118	0.0144951
118	0.152255
118	0.140276
118	0.0877859
118	0.0553713
118	0.150386
118	0.15269
118	0.116653
118	0.0556116
118	0.103883
118	0.138991
118	0.151645
118	0.179778
118	0.0150436
118	0.0847472
118	0.126016
118	0.115888
118	0.169271
118	0.0664894
118	0.127385
118	0.479907
118	0.0401873
118	0.130675
118	0.0786164
118	0.0587111
118	0.224205
118	0.0656116
118	0.139405
118	0.0490038
118	0
118	0.0237575
118	0.0913259
118	0.0898046
118	0.0399961
118	0.0971396
118	0.152453
118	0.128171
118	0.23003
118	0.11938
118	0.077492
118	0.110564
118	0.0854901
118	0.109617
118	0.077267
118	0.0897834
118	0.0550948
118	0.0855291
118	0.0900321
118	0.109864
118	0.133611
118	0.0895038
118	0.227119
118	0.0383696
118	0.0277822
118	0.174042
120	0.143617
120	0.174326
120	0.0909081
120	0.144126
120	0.129959
120	0.0560363
120	0.183691
120	0.0665327
120	0.160518
120	1
120	0.0480407
120	0.0645749
120	0.233516
120	0.237451
120	0.0824176
120	0.0492187
120	0.148294
120	0.278061
120	0.097367
120	0.186706
120	0.207918
120	0.0445595
120	0.0434047
120	0.101605
120	0.176027
120	0.0711426
120	0.118743
120	0.0703335
120	0.0962409
120	0.142213
120	0.0835456
120	0.0194694
120	0.188742
120	0.0575807
120	0.0398701
120	0.084416
120	0.164019
120	0.130725
120	0.130684
120	0.119714
120	0.107084
120	0.13778
120	0.328098
120	0.160617
120	0.0364047
120	0.114485
120	0.0720923
120	0.0860402
120	0.13542
120	0.140044
120	0.0267096
120	0.108889
120	0.209922
120	0.296643
120	0
120	0.0778979
120	0.0283336
120	0.0743671
120	0.103492
120	0.102041
120	0.0792211
120	0.167889
120	0.128058
120	0.056192
120	0.0862022
120	0.203864
120	0.20009
120	0.120192
120	0.215714
120	0.0426123
120	0.00773847
120	0.0275279
120	0.211885
120	0.0903143
120	0.053441
120	0.0801205
120	0.442648
120	0.210504
120	0.0516582
120	0.0985859
120	1
120	0.386129
120	0.167085
120	0.0293207
120	0.122206
120	0.087766
120	0.0109691
120	0.0634859
120	0.132928
120	0.256363
120	0.201862
120	0.114687
120	0.0102514
120	0.0947368
120	0.0986756
120	0.130555
120	0.229538
120	0.192131
120	0.0512128
120	0.235473
