var	minCostFlow
50	0.173046
50	0.250221
50	0.172563
50	0.218013
50	0.153815
50	0.104201
50	0.298854
50	0.176747
50	0.179162
50	0.300855
50	0.309902
50	0.246596
50	0.173372
50	0.316224
50	0.699064
50	0.245993
50	0.220855
50	0.187459
50	0.250267
50	0.116538
50	0.218514
50	0.240893
50	0.220602
50	0.197157
50	0.204848
50	0.196064
50	0.207519
50	0.214515
50	0.140822
50	0.286988
50	0.121637
50	0.196355
50	0.183539
50	0.245426
50	0.221198
50	0.207111
50	0.150491
50	0.276578
50	0.0750217
50	0.148125
50	0.200324
50	0.174499
50	0.335131
50	0.203917
50	0.30483
50	0.158837
50	0.269074
50	0.193144
50	0.173012
50	0.157874
50	0.158951
50	0.19973
50	0.143968
50	0.1946
50	0.143677
50	0.173655
50	0.18136
50	0.230239
50	0.166195
50	0.279659
50	0.167796
50	0.160884
50	0.176377
50	0.104674
50	0.22465
50	0.157809
50	0.137115
50	0.144563
50	0.200514
50	0.148331
50	0.331126
50	0.170798
50	0.132036
50	0.203131
50	0.0754792
50	0.149152
50	0.278612
50	0.283701
50	0.195608
50	0.129132
50	0.284489
50	0.204813
50	0.196875
50	0.216875
50	0.254019
50	0.317629
50	0.0886901
50	0.227813
50	0.134444
50	0.312802
50	0.149636
50	0.176481
50	0.234737
50	0.251281
50	0.17275
50	0.280764
50	0.213573
50	0.185227
50	0.265295
50	0.188282
55	0.140283
55	0.213674
55	0.22765
55	0.258514
55	0.230634
55	0.181633
55	0.23374
55	0.24963
55	0.304101
55	0.172005
55	0.237012
55	0.188785
55	0.132518
55	0.262653
55	0.236252
55	0.165482
55	0.153469
55	0.292591
55	0.146822
55	0.17032
55	0.38416
55	0.182447
55	0.249865
55	0.200667
55	0.136132
55	0.195241
55	0.150775
55	0.230307
55	0.190308
55	0.202469
55	0.213595
55	0.235012
55	0.169461
55	0.193917
55	0.144791
55	0.170139
55	0.123543
55	0.174597
55	0.320525
55	0.237024
55	0.177585
55	0.355984
55	0.217019
55	0.240144
55	0.161548
55	0.305169
55	0.241861
55	0.192078
55	0.231229
55	0.127999
55	0.20303
55	0.269611
55	0.105577
55	0.244798
55	0.19374
55	0.134387
55	0.180566
55	0.10894
55	0.301699
55	0.204737
55	0.222392
55	0.177934
55	0.187211
55	0.208763
55	0.218519
55	0.133445
55	0.169397
55	0.305367
55	0.175442
55	0.129501
55	0.155185
55	0.370322
55	0.219778
55	0.124641
55	0.157416
55	0.225281
55	0.129758
55	0.167372
55	0.276053
55	0.196529
55	0.238669
55	0.228224
55	0.0716241
55	0.159092
55	0.140866
55	0.179451
55	0.237325
55	0.267364
55	0.198171
55	0.217696
55	0.216692
55	0.17535
55	0.192087
55	0.171142
55	0.202231
55	0.195596
55	0.160714
55	0.112857
55	0.188337
55	0.137648
60	0.129863
60	0.204553
60	0.232738
60	0.120276
60	0.136624
60	0.212519
60	0.199827
60	0.194064
60	0.136975
60	0.213164
60	0.148143
60	0.128295
60	0.243485
60	0.108423
60	0.202701
60	0.0837193
60	0.231093
60	0.20279
60	0.225558
60	0.149698
60	0.198817
60	0.179036
60	0.0988001
60	0.17424
60	0.113744
60	0.157986
60	0.13116
60	0.245716
60	0.228616
60	0.252302
60	0.165682
60	0.111326
60	0.217557
60	0.151528
60	0.187371
60	0.167823
60	0.27055
60	0.33239
60	0.169039
60	0.270395
60	0.177281
60	0.136365
60	0.222454
60	0.23112
60	0.190206
60	0.165907
60	0.274978
60	0.263085
60	0.235343
60	0.233077
60	0.191044
60	0.265734
60	0.181423
60	0.16751
60	0.194001
60	0.143492
60	0.152564
60	0.118796
60	0.144617
60	0.204734
60	0.0948905
60	0.190138
60	0.260438
60	0.105346
60	0.17407
60	0.264675
60	0.253044
60	0.174368
60	0.208891
60	0.158933
60	0.141767
60	0.20791
60	0.117736
60	0.181015
60	0.149969
60	0.170948
60	0.254927
60	0.310274
60	0.201888
60	0.199826
60	0.134065
60	0.241607
60	0.170982
60	0.259512
60	0.109996
60	0.181016
60	0.713978
60	0.266526
60	0.120365
60	0.254964
60	0.203995
60	0.157148
60	0.250273
60	0.309181
60	0.162385
60	0.16887
60	0.10274
60	0.199799
60	0.240279
60	0.247226
65	0.24909
65	0.206055
65	0.201314
65	0.192113
65	0.0261201
65	0.113072
65	0.153377
65	0.137085
65	0.187051
65	0.182415
65	0.159448
65	0.257073
65	0.215667
65	0.196593
65	0.272353
65	0.231526
65	0.189096
65	0.168354
65	0.238898
65	0.0600985
65	0.201621
65	0.112152
65	0.264277
65	0.204369
65	0.195195
65	0.206083
65	0.340365
65	0.202212
65	0.204564
65	0.232716
65	0.17132
65	0.196735
65	0.175301
65	0.187539
65	0.213749
65	0.20036
65	0.151379
65	0.0934596
65	0.185342
65	0.121699
65	0.194628
65	0.265994
65	0.193984
65	0.21209
65	0.120754
65	0.156129
65	0.228344
65	0.129074
65	0.261496
65	0.227646
65	0.138266
65	0.179802
65	0.130183
65	0.19847
65	0.261058
65	0.138806
65	0.324972
65	0.213323
65	0.212922
65	0.162033
65	0.0877339
65	0.189704
65	0.19034
65	0.215543
65	0.225554
65	0.214175
65	0.161906
65	0.116029
65	0.20224
65	0.275764
65	0.218241
65	0.278779
65	0.188297
65	0.180089
65	0.173602
65	0.171874
65	0.188737
65	0.276272
65	0.186841
65	0.193112
65	0.216773
65	0.190566
65	0.300715
65	0.244574
65	0.203498
65	0.33266
65	0.141
65	0.194563
65	0.141931
65	0.228324
65	0.234219
65	0.150904
65	0.0994
65	0.170085
65	0.190897
65	0.183917
65	0.204317
65	0.324812
65	0.22695
65	0.163862
70	0.235131
70	0.177009
70	0.176151
70	0.104951
70	0.186021
70	0.251168
70	0.225021
70	0.25454
70	0.366127
70	0.235973
70	0.178153
70	0.172109
70	0.155264
70	0.304891
70	0.256912
70	0.199359
70	0.240133
70	0.161447
70	0.134381
70	0.21934
70	0.164851
70	0.298751
70	0.257195
70	0.160977
70	0.189822
70	0.188526
70	0.30138
70	0.146946
70	0.229461
70	0.219989
70	0.141097
70	0.212654
70	0.265855
70	0.193225
70	0.151223
70	0.275638
70	0.198603
70	0.275283
70	0.235705
70	0.257
70	0.161829
70	0.271679
70	0.144925
70	0.164679
70	0.328882
70	0.225348
70	0.180493
70	0.169963
70	0.188988
70	0.0872284
70	0.158163
70	0.219136
70	0.125147
70	0.148331
70	0.257973
70	0.0694967
70	0.244163
70	0.117223
70	0.236259
70	0.19672
70	0.277665
70	0.194359
70	0.114548
70	0.209633
70	0.0978023
70	0.260342
70	0.235556
70	0.170832
70	0.149336
70	0.217166
70	0.292186
70	0.279684
70	0.1766
70	0.140838
70	0.137043
70	0.145056
70	0.221909
70	0.274264
70	0.214936
70	0.227545
70	0.0992295
70	0.322809
70	0.185123
70	0.280399
70	0.132336
70	0.11013
70	0.131445
70	0.107899
70	0.125649
70	0.118776
70	0.259605
70	0.137324
70	0.208366
70	0.167371
70	0.263031
70	0.187574
70	0.208848
70	0.14648
70	0.216714
70	0.136676
75	0.150186
75	0.145032
75	0.212314
75	0.15376
75	0.240968
75	0.240798
75	0.207622
75	0.277294
75	0.215122
75	0.245272
75	0.254271
75	0.277947
75	0.158538
75	0.230649
75	0.200715
75	0.103343
75	0.163461
75	0.34935
75	0.27132
75	0.191106
75	0.169146
75	0.283173
75	0.274565
75	0.146046
75	0.111387
75	0.253855
75	0.151468
75	0.215138
75	0.22771
75	0.228064
75	0.247046
75	0.409268
75	0.180147
75	0.139358
75	0.205865
75	0.285891
75	0.249007
75	0.214544
75	0.246674
75	0.212993
75	0.226013
75	0.0500422
75	0.202674
75	0.147885
75	0.248557
75	0.0883445
75	0.264413
75	0.195914
75	0.191785
75	0.273031
75	0.188662
75	0.106592
75	0.132623
75	0.241679
75	0.159549
75	0.173623
75	0.094349
75	0.201874
75	0.0822338
75	0.172351
75	0.200358
75	0.238235
75	0.271505
75	0.134999
75	0.198749
75	0.177217
75	0.0959212
75	0.123371
75	0.107689
75	0.298893
75	0.193677
75	0.111174
75	0.162609
75	0.243049
75	0.252863
75	0.231803
75	0.232152
75	0.13659
75	0.334653
75	0.061623
75	0.248189
75	0.232863
75	0.201165
75	0.246714
75	0.0818848
75	0.18908
75	0.157041
75	0.153694
75	0.162019
75	0.201295
75	0.298807
75	0.195981
75	0.176134
75	0.25782
75	0.267705
75	0.245182
75	0.188117
75	0.161458
75	0.136511
75	0.0853301
80	0.188587
80	0.141276
80	0.128034
80	0.175173
80	0.201391
80	0.138421
80	0.206826
80	0.150797
80	0.199134
80	0.23659
80	0.264327
80	0.173066
80	0.652193
80	0.228977
80	0.185915
80	0.136129
80	0.0806522
80	0.639173
80	0.199812
80	0.209583
80	0.176711
80	0.194977
80	0.2736
80	0.179369
80	0.168326
80	0.261227
80	0.207898
80	0.244078
80	0.189676
80	0.124667
80	0.269307
80	0.0958441
80	0.161372
80	0.225949
80	0.110036
80	0.182483
80	0.139331
80	0.226312
80	0.220648
80	0.20836
80	0.228214
80	0.100052
80	0.151533
80	0.102315
80	0.143174
80	0.238711
80	0.140675
80	0.0467493
80	0.24576
80	0.291088
80	0.135051
80	0.13474
80	0.236701
80	0.0901083
80	0.160264
80	0.285583
80	0.164491
80	0.3053
80	0.288716
80	0.16289
80	0.177452
80	0.217668
80	0.181444
80	0.318785
80	0.279987
80	0.28483
80	0.203068
80	0.264506
80	0.258994
80	0.12827
80	0.194878
80	0.241323
80	0.297889
80	0.254824
80	0.165045
80	0.287242
80	0.223358
80	0.109325
80	0.13566
80	0.167731
80	0.194844
80	0.236993
80	0.208298
80	0.242009
80	0.152301
80	0.199999
80	0.272956
80	0.277582
80	0.1262
80	0.238309
80	0.226976
80	0.227173
80	0.20567
80	0.250498
80	0.157173
80	0.329176
80	0.188893
80	0.113302
80	0.186448
80	0.184411
85	0.267661
85	0.0723278
85	0.206219
85	0.205323
85	0.243966
85	0.213281
85	0.262049
85	0.127573
85	0.161638
85	0.243324
85	0.290115
85	0.258608
85	0.179564
85	0.23112
85	0.242202
85	0.202564
85	0.193316
85	0.155923
85	0.225445
85	0.205423
85	0.0700674
85	0.270455
85	0.163492
85	0.14551
85	0.208023
85	0.174308
85	0.122762
85	0.215913
85	0.184651
85	0.215007
85	0.143162
85	0.11265
85	0.206445
85	0.289476
85	0.148792
85	0.0964852
85	0.111569
85	0.254954
85	0.259244
85	0.0902653
85	0.0903614
85	0.202426
85	0.117346
85	0.314717
85	0.0851113
85	0.239885
85	0.135493
85	0.253296
85	0.0630668
85	0.167894
85	0.168728
85	0.347539
85	0.199002
85	0.10615
85	0.23635
85	0.131429
85	0.140036
85	0.252576
85	0.343776
85	0.230469
85	0.206237
85	0.19986
85	0.177393
85	0.222173
85	0.119664
85	0.172148
85	0.167476
85	0.143669
85	0.231686
85	0.197385
85	0.163371
85	0.197766
85	0.21063
85	0.0995333
85	0.253542
85	0.154997
85	0.156805
85	0.231552
85	0.206108
85	0.272606
85	0.221048
85	0.233694
85	0.178124
85	0.182218
85	0.192932
85	0.186142
85	0.19595
85	0.297807
85	0.205397
85	0.181033
85	0.222399
85	0.116238
85	0.184676
85	0.284799
85	0.229313
85	0.171407
85	0.151292
85	0.152149
85	0.153645
85	0.307515
90	0.0992602
90	0.093064
90	0.301846
90	0.0942172
90	0.214474
90	0.15984
90	0.245193
90	0.110608
90	0.116074
90	0.219575
90	0.202228
90	0.215109
90	0.248189
90	0.192669
90	0.313439
90	0.19399
90	0.132708
90	0.278506
90	0.207281
90	0.241513
90	0.232313
90	0.262409
90	0.266866
90	0.221726
90	0.218638
90	0.150694
90	0.187203
90	0.137975
90	0.161277
90	0.233245
90	0.166033
90	0.192566
90	0.247048
90	0.126461
90	0.0522559
90	0.262865
90	0.139792
90	0.195925
90	0.211815
90	0.179347
90	0.191101
90	0.222348
90	0.34612
90	0.216152
90	0.253684
90	0.148744
90	0.0647302
90	0.0938479
90	0.116248
90	0.0698976
90	0.216033
90	0.208627
90	0.165666
90	0.18269
90	0.230351
90	0.15622
90	0.217171
90	0.250805
90	0.210024
90	0.252564
90	0.178758
90	0.0378053
90	0.221524
90	0.242557
90	0.172
90	0.197446
90	0.207202
90	0.247963
90	0.130989
90	0.311489
90	0.210226
90	0.149028
90	0.19907
90	0.237062
90	0.202865
90	0.157225
90	0.367281
90	0.187218
90	0.191044
90	0.174133
90	0.243207
90	0.205714
90	0.206375
90	0.313165
90	0.149253
90	0.225267
90	0.201703
90	0.283451
90	0.240873
90	0.235373
90	0.319704
90	0.322259
90	0.143748
90	0.194034
90	0.128433
90	0.16547
90	0.0496959
90	0.159511
90	0.186204
90	0.19238
95	0.153714
95	0.280659
95	0.0936637
95	0.108008
95	0.150342
95	0.195829
95	0.190192
95	0.211452
95	0.211639
95	0.265541
95	0.221832
95	0.23995
95	0.365104
95	0.149618
95	0.196348
95	0.267465
95	0.205918
95	0.224453
95	0.206552
95	0.0974175
95	0.209864
95	0.198171
95	0.189035
95	0.185513
95	0.144643
95	0.158301
95	0.168204
95	0.187105
95	0.397698
95	0.213055
95	0.155238
95	0.155343
95	0.214053
95	0.207175
95	0.198489
95	0.146555
95	0.132375
95	0.088873
95	0.121087
95	0.196047
95	0.0773758
95	0.227181
95	0.148298
95	0.200731
95	0.215282
95	0.260103
95	0.322054
95	0.182934
95	0.16158
95	0.112482
95	0.208095
95	0.240003
95	0.224591
95	0.201977
95	0.206214
95	0.146334
95	0.221996
95	0.127473
95	0.134418
95	0.288864
95	0.248428
95	0.0997443
95	0.281246
95	0.203937
95	0.155468
95	0.176396
95	0.544559
95	0.145687
95	0.201677
95	0.263913
95	0.09207
95	0.136895
95	0.244264
95	0.129375
95	0.201637
95	0.103174
95	0.249128
95	0.210834
95	0.174563
95	0.173678
95	0.224273
95	0.0895631
95	0.213397
95	0.177844
95	0.16422
95	0.134227
95	0.139969
95	0.0940421
95	0.176156
95	0.2214
95	0.155501
95	0.153291
95	0.259876
95	0.250956
95	0.227868
95	0.206767
95	0.179656
95	0.330565
95	0.195565
95	0.281717
100	0.127829
100	0.193437
100	0.187389
100	0.247909
100	0.311279
100	0.291058
100	0.307008
100	0.117778
100	0.094149
100	0.0914584
100	0.187114
100	0.142556
100	0.160234
100	0.224123
100	0.378608
100	0.221213
100	0.219802
100	0.22803
100	0.207557
100	0.201389
100	0.263099
100	0.239597
100	0.106981
100	0.0678134
100	0.171494
100	0.160108
100	0.264041
100	0.243019
100	0.234225
100	0.233387
100	0.229359
100	0.188591
100	0.322043
100	0.302678
100	0.197419
100	0.19311
100	0.181082
100	0.140655
100	0.225987
100	0.175345
100	0.123448
100	0.109208
100	0.249274
100	0.228744
100	0.159846
100	0.150836
100	0.157105
100	0.113191
100	0.16129
100	0.183272
100	0.247489
100	0.13567
100	0.156726
100	0.247322
100	0.275075
100	0.344789
100	0.0923893
100	0.151232
100	0.371572
100	0.243085
100	0.242246
100	0.284771
100	0.309078
100	0.080821
100	0.361217
100	0.271538
100	0.206187
100	0.225296
100	0.200392
100	0.0765383
100	0.188744
100	0.283522
100	0.185304
100	0.187862
100	0.208654
100	0.171248
100	0.249783
100	0.091029
100	0.143188
100	0.188543
100	0.177201
100	0.176914
100	0.141984
100	0.0892208
100	0.213703
100	0.0758416
100	0.220238
100	0.206022
100	0.205939
100	0.171907
100	0.218679
100	0.234792
100	0.273341
100	0.16905
100	0.320195
100	0.319429
100	0.183262
100	0.15998
100	0.228848
100	0.266552
105	0.237054
105	0.246138
105	0.354603
105	0.188406
105	0.288504
105	0.203387
105	0.180516
105	0.312981
105	0.206069
105	0.216433
105	0.229801
105	0.159635
105	0.176654
105	0.186625
105	0.144309
105	0.197187
105	0.126552
105	0.249161
105	0.13543
105	0.0734345
105	0.231072
105	0.192689
105	0.303564
105	0.180801
105	0.0594263
105	0.218524
105	0.251878
105	0.309283
105	0.0938468
105	0.184417
105	0.147738
105	0.198951
105	0.284881
105	0.194126
105	0.316072
105	0.19289
105	0.183768
105	0.204052
105	0.163742
105	0.530242
105	0.170753
105	0.281498
105	0.0962959
105	0.202421
105	0.329707
105	0.166796
105	0.241931
105	0.135993
105	0.0859259
105	0.227809
105	0.175345
105	0.167374
105	0.185098
105	0.209377
105	0.327586
105	0.285944
105	0.220323
105	0.151918
105	0.0991437
105	0.309521
105	0.168482
105	0.238261
105	0.150019
105	0.101575
105	0.197058
105	0.230729
105	0.140423
105	0.0668402
105	0.223192
105	0.180635
105	0.249899
105	0.224857
105	0.18866
105	0.145767
105	0.155483
105	0.218037
105	0.16697
105	0.185402
105	0.181892
105	0.261269
105	0.106187
105	0.297752
105	0.149988
105	0.255814
105	0.212922
105	0.164699
105	0.347518
105	0.0901235
105	0.196736
105	0.254238
105	0.322991
105	0.18302
105	0.598151
105	0.367128
105	0.18576
105	0.108696
105	0.226718
105	0.274416
105	0.238685
105	0.199163
110	0.417261
110	0.168352
110	0.23646
110	0.162185
110	0.378547
110	0.522434
110	0.2546
110	0.268498
110	0.485404
110	0.29978
110	0.15147
110	0.519653
110	0.153112
110	0.16427
110	0.142417
110	0.164592
110	0.241618
110	0.19787
110	0.2046
110	0.250589
110	0.499747
110	0.368328
110	0.254696
110	0.163079
110	0.182893
110	0.256172
110	0.229263
110	0.100304
110	0.437074
110	0.241496
110	0.148828
110	0.282582
110	0.363046
110	0.0604205
110	0.251002
110	0.403813
110	0.192617
110	0.333523
110	0.194617
110	0.153824
110	0.684246
110	0.209619
110	0.206977
110	0.153468
110	0.354438
110	0.263318
110	0.195652
110	0.178712
110	0.0734641
110	0.206013
110	0.170184
110	0.216016
110	0.289417
110	0.264412
110	0.216203
110	0.167387
110	0.124243
110	0.316426
110	0.285664
110	0.127172
110	0.255691
110	0.181542
110	0.256782
110	0.215135
110	0.177027
110	0.165076
110	0.122476
110	0.327119
110	0.24423
110	0.251776
110	0.168703
110	0.143631
110	0.16217
110	0.231608
110	0.176627
110	0.266976
110	0.164125
110	0.160119
110	0.208188
110	0.206697
110	0.202594
110	0.49213
110	0.327617
110	0.102712
110	0.476764
110	0.124445
110	0.183186
110	0.156051
110	0.245728
110	0.132326
110	0.202721
110	0.208291
110	0.142775
110	0.183283
110	0.23322
110	0.105164
110	0.110541
110	0.270808
110	0.253489
110	0.389568
115	0.283971
115	0.264585
115	0.270098
115	0.277332
115	0.428295
115	0.281106
115	0.258685
115	0.271198
115	0.169675
115	0.268799
115	0.192056
115	0.149215
115	0.32882
115	0.24864
115	0.180784
115	0.173326
115	0.179934
115	0.30953
115	0.240237
115	0.164888
115	0.222745
115	0.202602
115	0.29481
115	0.212746
115	0.258705
115	0.228314
115	0.176589
115	0.145111
115	0.570554
115	0.137121
115	0.124219
115	0.264032
115	0.206129
115	0.213498
115	0.248141
115	0.437892
115	0.216235
115	0.332583
115	0.191327
115	0.263145
115	0.232761
115	0.249844
115	0.321216
115	0.183254
115	0.485436
115	0.0926262
115	0.214725
115	0.200475
115	0.242205
115	0.212777
115	0.472116
115	0.127767
115	0.578456
115	0.157862
115	0.19551
115	0.095388
115	0.218547
115	0.16757
115	0.123084
115	0.240786
115	0.177471
115	0.23494
115	0.308589
115	0.235055
115	0.185979
115	0.14041
115	0.211342
115	0.500035
115	0.146957
115	0.288548
115	0.261322
115	0.583132
115	0.28246
115	0.199632
115	0.137646
115	0.155876
115	0.218068
115	0.249193
115	0.177901
115	0.219635
115	0.178337
115	0.277594
115	0.22615
115	0.150872
115	0.565381
115	0.221976
115	0.199773
115	0.189866
115	0.230194
115	0.252943
115	0.253299
115	0.179911
115	0.430671
115	0.259769
115	0.242557
115	0.502685
115	0.194289
115	0.16816
115	0.20917
115	0.122406
120	0.17314
120	0.345193
120	0.445432
120	0.154988
120	0.162042
120	0.210524
120	0.16539
120	0.481015
120	0.21464
120	0.134217
120	0.397514
120	0.226186
120	0.0905329
120	0.478503
120	0.182835
120	0.0925872
120	0.231161
120	0.501659
120	0.117256
120	0.233798
120	0.174194
120	0.153361
120	0.257588
120	0.11301
120	0.208276
120	0.252771
120	0.511701
120	0.150722
120	0.168965
120	0.252401
120	0.247169
120	0.328043
120	0.470239
120	0.138062
120	0.266821
120	0.213041
120	0.178822
120	0.229805
120	0.138538
120	0.206051
120	0.28798
120	0.45684
120	0.233023
120	0.319887
120	0.155834
120	0.246492
120	0.28908
120	0.155238
120	0.292644
120	0.2368
120	0.301712
120	0.110582
120	0.153928
120	0.170774
120	0.308213
120	0.416028
120	0.176329
120	0.211728
120	0.434576
120	0.387815
120	0.615895
120	0.465463
120	0.184089
120	0.154788
120	0.136268
120	0.269269
120	0.14875
120	0.406478
120	0.164304
120	0.141045
120	0.122269
120	0.192148
120	0.131402
120	0.410309
120	0.138667
120	0.269245
120	0.408435
120	0.33456
120	0.228514
120	0.249259
120	0.400679
120	0.488974
120	0.214941
120	0.12298
120	0.570626
120	0.665078
120	0.252904
120	0.147981
120	0.122785
120	0.26567
120	0.163224
120	0.535293
120	0.194426
120	0.379351
120	0.376789
120	0.208616
120	0.120251
120	0.142636
120	0.237903
120	0.513236
125	0.298455
125	0.270563
125	0.396195
125	0.154254
125	0.284694
125	0.370216
125	0.537943
125	0.1646
125	0.521123
125	0.375605
125	0.306488
125	0.40316
125	0.410468
125	0.200236
125	0.474248
125	0.167794
125	0.119541
125	0.16844
125	0.37956
125	0.277658
125	0.438877
125	0.514763
125	0.157999
125	0.302839
125	0.279998
125	0.451452
125	0.108318
125	0.171742
125	0.258322
125	0.231533
125	0.200409
125	0.106679
125	0.595885
125	0.163434
125	0.135582
125	0.587416
125	0.308521
125	0.0788504
125	0.429041
125	0.162185
125	0.248832
125	0.274485
125	0.296423
125	0.284716
125	0.508701
125	0.256167
125	0.293058
125	0.22375
125	0.228631
125	0.277821
125	0.348444
125	0.3189
125	0.265435
125	0.226722
125	0.539334
125	0.379645
125	0.241741
125	0.186185
125	0.318425
125	0.528977
125	0.223693
125	0.347451
125	0.253128
125	0.19598
125	0.343756
125	0.237397
125	0.153431
125	0.184813
125	0.112766
125	0.293442
125	0.11045
125	0.372487
125	0.382834
125	0.234434
125	0.217426
125	0.191151
125	0.141598
125	0.266308
125	0.153443
125	0.521768
125	0.40175
125	0.431488
125	0.341334
125	0.295881
125	0.214743
125	0.194053
125	0.49708
125	0.186662
125	0.449486
125	0.162022
125	0.266699
125	0.388101
125	0.353114
125	0.143618
125	0.235782
125	0.274641
125	0.217011
125	0.291171
125	0.120565
125	0.167193
130	0.245206
130	0.289058
130	0.198711
130	0.225386
130	0.137377
130	0.16366
130	0.175244
130	0.51788
130	0.32432
130	0.465818
130	0.329425
130	0.294241
130	0.163555
130	0.190907
130	0.24293
130	0.324332
130	0.461901
130	0.275071
130	0.476944
130	0.163203
130	0.255603
130	0.343518
130	0.27525
130	0.104348
130	0.252609
130	0.292658
130	0.234386
130	0.412718
130	0.189343
130	0.360054
130	0.404671
130	0.219955
130	0.127165
130	0.186255
130	0.17352
130	0.150143
130	0.315874
130	0.145861
130	0.313551
130	0.31471
130	0.0916156
130	0.207324
130	0.241974
130	0.252638
130	0.2764
130	0.560312
130	0.13143
130	0.242916
130	0.22361
130	0.368251
130	0.408071
130	0.401623
130	0.446735
130	0.41671
130	0.448269
130	0.340516
130	0.153585
130	0.402838
130	0.632406
130	0.306786
130	0.386799
130	0.233277
130	0.193802
130	0.303654
130	0.447848
130	0.175453
130	0.423607
130	0.159015
130	0.256561
130	0.290157
130	0.503308
130	0.204309
130	0.16088
130	0.379206
130	0.183859
130	0.169641
130	0.335773
130	0.270139
130	0.169152
130	0.209354
130	0.187766
130	0.1395
130	0.440349
130	0.131859
130	0.242275
130	0.290383
130	0.139029
130	0.42017
130	0.168641
130	0.279195
130	0.153362
130	0.432259
130	0.572711
130	0.189391
130	0.171145
130	0.3166
130	0.346965
130	0.224617
130	0.37922
130	0.403617
135	0.297281
135	0.317988
135	0.197125
135	0.358681
135	0.30755
135	0.280216
135	0.249611
135	0.191935
135	0.197487
135	0.0934783
135	0.197231
135	0.205892
135	0.269888
135	0.330421
135	0.136803
135	0.305094
135	0.451625
135	0.145631
135	0.225876
135	0.0700178
135	0.128241
135	0.292075
135	0.217742
135	0.310771
135	0.245376
135	0.335105
135	0.378289
135	0.157406
135	0.232644
135	0.131002
135	0.169573
135	0.106674
135	0.291412
135	0.396128
135	0.282864
135	0.285867
135	0.212631
135	0.187532
135	0.350639
135	0.243389
135	0.452509
135	0.478819
135	0.430693
135	0.244214
135	0.191236
135	0.422909
135	0.196845
135	0.174571
135	0.132891
135	0.200604
135	0.147097
135	0.181359
135	0.14187
135	0.218945
135	0.104624
135	0.267372
135	0.500346
135	0.280715
135	0.297315
135	0.407903
135	0.27378
135	0.200169
135	0.186211
135	0.246082
135	0.273385
135	0.274369
135	0.197284
135	0.304153
135	0.322918
135	0.217973
135	0.265534
135	0.232007
135	0.134967
135	0.129278
135	0.27259
135	0.170608
135	0.122797
135	0.29194
135	0.108219
135	0.34164
135	0.201204
135	0.293601
135	0.156723
135	0.223734
135	0.132116
135	0.394084
135	0.297744
135	0.264156
135	0.424486
135	0.437801
135	0.299651
135	0.104878
135	0.26777
135	0.283181
135	0.123877
135	0.149075
135	0.183434
135	0.27175
135	0.353284
135	0.256975
140	0.196769
140	0.1714
140	0.23502
140	0.133576
140	0.204054
140	0.411994
140	0.332067
140	0.286211
140	0.230919
140	0.202906
140	0.395238
140	0.194839
140	0.20088
140	0.366291
140	0.203709
140	0.168892
140	0.22213
140	0.313247
140	0.230248
140	0.222432
140	0.26502
140	0.12677
140	0.206405
140	0.237922
140	0.282036
140	0.228279
140	0.401732
140	0.406884
140	0.171937
140	0.278098
140	0.203196
140	0.203689
140	0.301418
140	0.452465
140	0.0938412
140	0.334776
140	0.168562
140	0.251478
140	0.268383
140	0.35112
140	0.245877
140	0.147169
140	0.38116
140	0.421167
140	0.177414
140	0.183997
140	0.23228
140	0.157959
140	0.207817
140	0.133656
140	0.368861
140	0.240734
140	0.175246
140	0.372487
140	0.112947
140	0.390041
140	0.256437
140	0.233981
140	0.445628
140	0.180028
140	0.317592
140	0.39143
140	0.143741
140	0.225463
140	0.230907
140	0.538967
140	0.46666
140	0.325552
140	0.301251
140	0.336361
140	0.429319
140	0.189811
140	0.348051
140	0.267322
140	0.223655
140	0.184642
140	0.222138
140	0.471995
140	0.16956
140	0.217288
140	0.255288
140	0.270332
140	0.145794
140	0.288419
140	0.354518
140	0.251708
140	0.29401
140	0.154071
140	0.310975
140	0.106122
140	0.166215
140	0.260055
140	0.310995
140	0.168128
140	0.253841
140	0.195423
140	0.149753
140	0.11739
140	0.216984
140	0.156194
145	0.347856
145	0.419102
145	0.151622
145	0.345933
145	0.168335
145	0.194216
145	0.27515
145	0.295489
145	0.159144
145	0.315867
145	0.104049
145	0.342102
145	0.187011
145	0.106578
145	0.21932
145	0.125986
145	0.169649
145	0.159202
145	0.246824
145	0.130198
145	0.275627
145	0.187655
145	0.36435
145	0.239962
145	0.343679
145	0.207199
145	0.253162
145	0.22319
145	0.262023
145	0.301116
145	0.286061
145	0.227799
145	0.33262
145	0.343546
145	0.206518
145	0.247109
145	0.125938
145	0.167252
145	0.165545
145	0.276663
145	0.100946
145	0.166225
145	0.186181
145	0.154031
145	0.278102
145	0.343551
145	0.142193
145	0.457353
145	0.184313
145	0.285486
145	0.261272
145	0.230633
145	0.364384
145	0.0796105
145	0.314717
145	0.198711
145	0.191316
145	0.285855
145	0.285388
145	0.268391
145	0.258215
145	0.415454
145	0.140175
145	0.33799
145	0.218215
145	0.341353
145	0.263432
145	0.1845
145	0.0929156
145	0.272776
145	0.191834
145	0.401367
145	0.178877
145	0.14202
145	0.336849
145	0.0768671
145	0.223279
145	0.30077
145	0.154544
145	0.415277
145	0.33248
145	0.203408
145	0.29955
145	0.370596
145	0.280398
145	0.14822
145	0.188904
145	0.269253
145	0.426198
145	0.140029
145	0.153473
145	0.0680405
145	0.172661
145	0.240982
145	0.258732
145	0.424215
145	0.155673
145	0.191121
145	0.262468
145	0.141654
150	0.273528
150	0.357562
150	0.156876
150	0.223354
150	0.337861
150	0.124594
150	0.227624
150	0.170307
150	0.264284
150	0.183037
150	0.41364
150	0.216615
150	0.231865
150	0.285175
150	0.220846
150	0.169389
150	0.150818
150	0.182588
150	0.409454
150	0.268584
150	0.128906
150	0.314441
150	0.31517
150	0.245767
150	0.484044
150	0.32166
150	0.221884
150	0.306574
150	0.211399
150	0.125014
150	0.224032
150	0.368475
150	0.365351
150	0.193942
150	0.360632
150	0.206122
150	0.22441
150	0.163415
150	0.190036
150	0.139137
150	0.295938
150	0.250419
150	0.311107
150	0.247964
150	0.195578
150	0.247687
150	0.0494281
150	0.210909
150	0.369585
150	0.0988233
150	0.144756
150	0.209452
150	0.217552
150	0.360675
150	0.322301
150	0.426546
150	0.297971
150	0.215707
150	0.213677
150	0.255575
150	0.154032
150	0.206446
150	0.159335
150	0.289403
150	0.211194
150	0.25554
150	0.350292
150	0.222723
150	0.174555
150	0.161452
150	0.19147
150	0.223569
150	0.210101
150	0.299271
150	0.346637
150	0.160643
150	0.138617
150	0.420272
150	0.228881
150	0.308481
150	0.285846
150	0.306778
150	0.171269
150	0.136808
150	0.248688
150	0.199718
150	0.288069
150	0.257654
150	0.199217
150	0.217596
150	0.248191
150	0.239628
150	0.172788
150	0.16375
150	0.140307
150	0.237177
150	0.16059
150	0.294576
150	0.392627
150	0.241629
155	0.108508
155	0.257798
155	0.270329
155	0.154925
155	0.253571
155	0.240375
155	0.189666
155	0.24397
155	0.32813
155	0.286145
155	0.192587
155	0.257416
155	0.235144
155	0.458545
155	0.283004
155	0.161263
155	0.232003
155	0.192415
155	0.208049
155	0.287967
155	0.246265
155	0.140218
155	0.248199
155	0.195713
155	0.191455
155	0.185282
155	0.186982
155	0.0895929
155	0.184927
155	0.220306
155	0.30498
155	0.260812
155	0.229067
155	0.324603
155	0.247443
155	0.212533
155	0.131847
155	0.161476
155	0.259371
155	0.235808
155	0.22975
155	0.226172
155	0.17115
155	0.218294
155	0.308342
155	0.17222
155	0.289643
155	0.261917
155	0.135204
155	0.183063
155	0.396624
155	0.207487
155	0.178923
155	0.167297
155	0.167298
155	0.328947
155	0.16982
155	0.481258
155	0.423216
155	0.169393
155	0.229047
155	0.190543
155	0.198413
155	0.262135
155	0.148599
155	0.144775
155	0.284287
155	0.309109
155	0.388616
155	0.155191
155	0.253692
155	0.258155
155	0.319477
155	0.102456
155	0.202685
155	0.125568
155	0.241683
155	0.221264
155	0.213465
155	0.179008
155	0.22819
155	0.358198
155	0.4018
155	0.211077
155	0.327629
155	0.202206
155	0.152851
155	0.327836
155	0.257559
155	0.153539
155	0.286418
155	0.133257
155	0.266379
155	0.243566
155	0.209711
155	0.29922
155	0.217424
155	0.291194
155	0.293837
155	0.220616
160	0.212861
160	0.230314
160	0.243035
160	0.177341
160	0.22583
160	0.214864
160	0.314872
160	0.227999
160	0.211069
160	0.334074
160	0.193283
160	0.19179
160	0.266127
160	0.26557
160	0.150502
160	0.0955453
160	0.15607
160	0.247174
160	0.180601
160	0.199789
160	0.216739
160	0.149019
160	0.210844
160	0.243795
160	0.410727
160	0.331564
160	0.200246
160	0.188911
160	0.196166
160	0.168127
160	0.382753
160	0.169712
160	0.19759
160	0.210534
160	0.264202
160	0.215891
160	0.167977
160	0.207189
160	0.30262
160	0.137099
160	0.264093
160	0.102724
160	0.331401
160	0.152053
160	0.275348
160	0.203685
160	0.143581
160	0.358131
160	0.315944
160	0.209018
160	0.166159
160	0.19595
160	0.311624
160	0.203384
160	0.310486
160	0.27174
160	0.298774
160	0.264048
160	0.191421
160	0.218368
160	0.258538
160	0.189423
160	0.309054
160	0.285903
160	0.317108
160	0.252204
160	0.178296
160	0.239394
160	0.308234
160	0.251439
160	0.27078
160	0.256938
160	0.164864
160	0.197823
160	0.21328
160	0.252608
160	0.165208
160	0.224276
160	0.266282
160	0.151463
160	0.130966
160	0.22137
160	0.283636
160	0.217686
160	0.118227
160	0.232667
160	0.264821
160	0.137038
160	0.341057
160	0.193513
160	0.163668
160	0.15736
160	0.209539
160	0.217385
160	0.166253
160	0.239823
160	0.231217
160	0.200992
160	0.243149
160	0.230797
165	0.173427
165	0.181301
165	0.215928
165	0.209941
165	0.181712
165	0.183287
165	0.245317
165	0.247864
165	0.243567
165	0.25513
165	0.377035
165	0.180269
165	0.30908
165	0.118049
165	0.205905
165	0.163737
165	0.286394
165	0.191189
165	0.119227
165	0.192455
165	0.22265
165	0.149084
165	0.243289
165	0.257175
165	0.167507
165	0.33348
165	0.218149
165	0.271812
165	0.221022
165	0.198244
165	0.182668
165	0.158218
165	0.213725
165	0.184102
165	0.213734
165	0.218376
165	0.205338
165	0.231862
165	0.19134
165	0.144307
165	0.196106
165	0.301272
165	0.217774
165	0.0998672
165	0.160788
165	0.162911
165	0.128586
165	0.126907
165	0.186134
165	0.129453
165	0.208402
165	0.203033
165	0.228088
165	0.211422
165	0.328822
165	0.216637
165	0.341651
165	0.193368
165	0.178626
165	0.172994
165	0.258318
165	0.228782
165	0.195169
165	0.160776
165	0.201572
165	0.289733
165	0.205923
165	0.309391
165	0.202519
165	0.104617
165	0.19096
165	0.0863075
165	0.169492
165	0.146717
165	0.172188
165	0.147927
165	0.22095
165	0.213046
165	0.177996
165	0.19976
165	0.157045
165	0.172959
165	0.164316
165	0.272868
165	0.177932
165	0.273511
165	0.0782609
165	0.0834666
165	0.248402
165	0.209115
165	0.0882988
165	0.192088
165	0.20479
165	0.208027
165	0.146483
165	0.348263
165	0.255048
165	0.307981
165	0.26271
165	0.220232
170	0.123521
170	0.161809
170	0.156889
170	0.169235
170	0.170517
170	0.191536
170	0.174809
170	0.108582
170	0.113018
170	0.172294
170	0.216449
170	0.222056
170	0.280291
170	0.0970075
170	0.193152
170	0.18327
170	0.180792
170	0.162202
170	0.246114
170	0.249942
170	0.0994526
170	0.140074
170	0.197697
170	0.207881
170	0.140056
170	0.141482
170	0.2276
170	0.214399
170	0.186489
170	0.211187
170	0.242898
170	0.162982
170	0.191158
170	0.0939161
170	0.226031
170	0.295506
170	0.1745
170	0.185547
170	0.169244
170	0.22897
170	0.21629
170	0.145465
170	0.217435
170	0.197259
170	0.213894
170	0.255137
170	0.152677
170	0.224063
170	0.269542
170	0.215724
170	0.150665
170	0.109649
170	0.179268
170	0.274615
170	0.191403
170	0.176614
170	0.158185
170	0.169943
170	0.200189
170	0.262894
170	0.123807
170	0.2369
170	0.26139
170	0.204625
170	0.170904
170	0.136195
170	0.126821
170	0.198432
170	0.172091
170	0.209837
170	0.214108
170	0.16402
170	0.165811
170	0.233621
170	0.306428
170	0.149247
170	0.16431
170	0.201021
170	0.227147
170	0.233665
170	0.225567
170	0.119128
170	0.174034
170	0.0904891
170	0.227298
170	0.16229
170	0.172958
170	0.189954
170	0.208895
170	0.0470979
170	0.0757629
170	0.15282
170	0.160848
170	0.163732
170	0.180476
170	0.143346
170	0.219101
170	0.123801
170	0.14147
170	0.121168
175	0.175686
175	0.186118
175	0.161569
175	0.175257
175	0.117873
175	0.181472
175	0.189496
175	0.193843
175	0.0879755
175	0.106649
175	0.201266
175	0.128968
175	0.135158
175	0.184113
175	0.146416
175	0.123328
175	0.129875
175	0.232064
175	0.115064
175	0.186743
175	0.199775
175	0.163392
175	0.1894
175	0.199392
175	0.175175
175	0.0981127
175	0.219149
175	0.127013
175	0.11054
175	0.16171
175	0.184902
175	0.212112
175	0.215794
175	0.134678
175	0.157487
175	0.085801
175	0.129858
175	0.164611
175	0.0627196
175	0.0532322
175	0.163446
175	0.14051
175	0.192711
175	0.130896
175	0.2893
175	0.172163
175	0.108071
175	0.103938
175	0.131709
175	0.116348
175	0.21946
175	0.127838
175	0.139972
175	0.137956
175	0.119342
175	0.218454
175	0.222215
175	0.184566
175	0.251472
175	0.171793
175	0.185874
175	0.189365
175	0.199859
175	0.164485
175	0.143917
175	0.131162
175	0.100712
175	0.179485
175	0.19585
175	0.179163
175	0.136067
175	0.171934
175	0.148767
175	0.208547
175	0.161609
175	0.197896
175	0.18767
175	0.125614
175	0.2145
175	0.063549
175	0.0957285
175	0.220788
175	0.0847888
175	0.209669
175	0.179754
175	0.165811
175	0.191145
175	0.196794
175	0.164609
175	0.124829
175	0.107939
175	0.15121
175	0.185931
175	0.104481
175	0.0925027
175	0.14071
175	0.211623
175	0.154087
175	0.216491
175	0.211084
180	0.131443
180	0.106242
180	0.132725
180	0.182315
180	0.133854
180	0.181964
180	0.131199
180	0.106861
180	0.186554
180	0.214637
180	0.214024
180	0.181948
180	0.187294
180	0.194634
180	0.0964608
180	0.184794
180	0.0751485
180	0.149063
180	0.186731
180	0.131456
180	0.133397
180	0.270522
180	0.228033
180	0.1318
180	0.146515
180	0.157209
180	0.210364
180	0.0963531
180	0.0984684
180	0.147864
180	0.128645
180	0.208725
180	0.215154
180	0.170921
180	0.159939
180	0.10073
180	0.128372
180	0.18956
180	0.178165
180	0.118184
180	0.11075
180	0.210659
180	0.220604
180	0.199552
180	0.149337
180	0.137435
180	0.134356
180	0.134351
180	0.114835
180	0.119697
180	0.164451
180	0.0991384
180	0.181281
180	0.166894
180	0.208334
180	0.156093
180	0.180834
180	0.132012
180	0.122982
180	0.140486
180	0.155992
180	0.215829
180	0.133967
180	0.154062
180	0.0783145
180	0.219756
180	0.172302
180	0.140099
180	0.183793
180	0.17439
180	0.102774
180	0.279222
180	0.154154
180	0.150177
180	0.196827
180	0.166915
180	0.172661
180	0.169926
180	0.119036
180	0.215884
180	0.196177
180	0.107358
180	0.143505
180	0.143573
180	0.192885
180	0.207394
180	0.193564
180	0.110729
180	0.14628
180	0.192429
180	0.17845
180	0.118288
180	0.0702276
180	0.111254
180	0.191527
180	0.101764
180	0.0696687
180	0.106721
180	0.206435
180	0.117407
185	0.124142
185	0.132474
185	0.116279
185	0.0733219
185	0.208036
185	0.0906728
185	0.205749
185	0.144849
185	0.108089
185	0.181727
185	0.221778
185	0.164178
185	0.130682
185	0.152994
185	0.100471
185	0.146171
185	0.129466
185	0.191254
185	0.103501
185	0.108193
185	0.153151
185	0.13825
185	0.108977
185	0.142605
185	0.102194
185	0.182772
185	0.166755
185	0.140147
185	0.143681
185	0.146159
185	0.136141
185	0.166852
185	0.143099
185	0.245384
185	0.150725
185	0.187138
185	0.109584
185	0.267484
185	0.121979
185	0.138415
185	0.143837
185	0.108633
185	0.150353
185	0.121143
185	0.21819
185	0.118688
185	0.161129
185	0.193107
185	0.27721
185	0.128445
185	0.243519
185	0.33304
185	0.214481
185	0.130994
185	0.182194
185	0.137299
185	0.209654
185	0.0911916
185	0.18236
185	0.117588
185	0.206245
185	0.214109
185	0.124135
185	0.0962431
185	0.248149
185	0.14786
185	0.181558
185	0.114132
185	0.177653
185	0.15252
185	0.0674363
185	0.168833
185	0.157372
185	0.244278
185	0.0964591
185	0.0881239
185	0.161991
185	0.149092
185	0.0760518
185	0.163117
185	0.148205
185	0.0711727
185	0.153534
185	0.0983917
185	0.113568
185	0.158326
185	0.163891
185	0.14441
185	0.115874
185	0.187247
185	0.151332
185	0.125229
185	0.0642842
185	0.117345
185	0.110492
185	0.0890925
185	0.116869
185	0.185117
185	0.187488
185	0.0851106
190	0.093953
190	0.108177
190	0.197603
190	0.110512
190	0.138769
190	0.0780906
190	0.0787347
190	0.0886877
190	0.0765879
190	0.1483
190	0.108396
190	0.200176
190	0.198575
190	0.153221
190	0.25392
190	0.0920465
190	0.0780124
190	0.0732216
190	0.0576959
190	0.114459
190	0.156546
190	0.123666
190	0.134046
190	0.207398
190	0.134592
190	0.166304
190	0.154061
190	0.220505
190	0.226933
190	0.0964627
190	0.161085
190	0.175718
190	0.0974222
190	0.131241
190	0.0425634
190	0.19266
190	0.126272
190	0.0372093
190	0.0731533
190	0.0841166
190	0.135987
190	0.0974186
190	0.134874
190	0.156444
190	0.109608
190	0.139819
190	0.0851096
190	0.0974803
190	0.133298
190	0.155702
190	0.184
190	0.144839
190	0.165263
190	0.105493
190	0.0914158
190	0.100371
190	0.132964
190	0.0726331
190	0.184872
190	0.168888
190	0.197486
190	0.109387
190	0.0641583
190	0.105032
190	0.0951459
190	0.170427
190	0.101821
190	0.123482
190	0.127488
190	0.123003
190	0.142191
190	0.123071
190	0.157893
190	0.120097
190	0.153215
190	0.124442
190	0.153977
190	0.0863289
190	0.13373
190	0.0870745
190	0.0785531
190	0.0969541
190	0.214657
190	0.15334
190	0.229196
190	0.0806065
190	0.19426
190	0.121924
190	0.0974069
190	0.104736
190	0.0902595
190	0.156412
190	0.059259
190	0.125278
190	0.159929
190	0.134772
190	0.053934
190	0.133489
190	0.138807
190	0.122351
195	0.133683
195	0.0449363
195	0.0497522
195	0.139318
195	0.15149
195	0.128407
195	0.109228
195	0.10787
195	0.15311
195	0.0780536
195	0.126374
195	0.0788408
195	0.124392
195	0.141472
195	0.0736447
195	0.137982
195	0.107017
195	0.067707
195	0.157926
195	0.110741
195	0.154757
195	0.118823
195	0.117993
195	0.126757
195	0.080942
195	0.0573171
195	0.139074
195	0.216548
195	0.155154
195	0.0954912
195	0.136227
195	0.0932019
195	0.148439
195	0.183739
195	0.15871
195	0.143454
195	0.0564028
195	0.124639
195	0.0830668
195	0.124867
195	0.145779
195	0.0835372
195	0.116867
195	0.173694
195	0.0795281
195	0.0657489
195	0.101945
195	0.0936047
195	0.0964766
195	0.075131
195	0.119496
195	0.167805
195	0.141222
195	0.0903793
195	0.0729998
195	0.0566518
195	0.0998333
195	0.176639
195	0.106709
195	0.0931177
195	0.114087
195	0.0968125
195	0.0977242
195	0.185788
195	0.120537
195	0.144576
195	0.126132
195	0.127333
195	0.0804739
195	0.155393
195	0.115504
195	0.072036
195	0.145454
195	0.10224
195	0.122768
195	0.104022
195	0.292977
195	0.100385
195	0.101491
195	0.120383
195	0.15094
195	0.118307
195	0.101454
195	0.112379
195	0.137428
195	0.259833
195	0.128236
195	0.0673724
195	0.168508
195	0.0874829
195	0.117891
195	0.106503
195	0.155854
195	0.0718444
195	0.117622
195	0.104109
195	0.07931
195	0.107503
195	0.0699922
195	0.0565246
200	0.0980262
200	0.138241
200	0.103741
200	0.207788
200	0.039402
200	0.127186
200	0.0401819
200	0.141927
200	0.124173
200	0.0816163
200	0.0637715
200	0.13085
200	0.116205
200	0.085393
200	0.056551
200	0.0790057
200	0.138894
200	0.0792633
200	0.0873764
200	0.0410253
200	0.0446023
200	0.0734736
200	0.0576707
200	0.0981409
200	0.129364
200	0.109915
200	0.0746379
200	0.10862
200	0.0677707
200	0.0673874
200	0.070414
200	0.050915
200	0.0912809
200	0.0585667
200	0.0775858
200	0.134375
200	0.0892614
200	0.184096
200	0.113774
200	0.121025
200	0.0874784
200	0.046558
200	0.0749565
200	0.112006
200	0.109756
200	0.0794175
200	0.0511505
200	0.0527422
200	0.168117
200	0.227243
200	0.103884
200	0.0814806
200	0.140806
200	0.076215
200	0.162197
200	0.121934
200	0.104241
200	0.0594175
200	0.114251
200	0.101909
200	0.0977273
200	0.0916193
200	0.0648408
200	0.186518
200	0.0924667
200	0.062152
200	0.137894
200	0.0707256
200	0.11486
200	0.103973
200	0.0899267
200	0.175617
200	0.0647869
200	0.180887
200	0.0772894
200	0.120339
200	0.0806978
200	0.0937084
200	0.120937
200	0.10908
200	0.0857651
200	0.0772641
200	0.114982
200	0.154545
200	0.0506859
200	0.136093
200	0.121246
200	0.123182
200	0.152738
200	0.114754
200	0.0744001
200	0.067982
200	0.0367797
200	0.105362
200	0.136919
200	0.145457
200	0.0663647
200	0.085536
200	0.0840438
200	0.12921
205	0.100364
205	0.0655294
205	0.0900078
205	0.0888285
205	0.067911
205	0.125521
205	0.150674
205	0.0956529
205	0.0926984
205	0.0906897
205	0.13118
205	0.0759916
205	0.0585691
205	0.119637
205	0.0826099
205	0.0963845
205	0.062465
205	0.0371847
205	0.0799971
205	0.0669389
205	0.0803064
205	0.0730004
205	0.0672428
205	0.0672169
205	0.0370749
205	0.0596109
205	0.103418
205	0.115829
205	0.0915206
205	0.0816288
205	0.097781
205	0.0766862
205	0.0828004
205	0.0311524
205	0.0657245
205	0.119486
205	0.193613
205	0.136678
205	0.0899356
205	0.13553
205	0.0879047
205	0.0978074
205	0.109309
205	0.0999548
205	0.0426592
205	0.137391
205	0.0755841
205	0.0689038
205	0.124363
205	0.0517189
205	0.107581
205	0.0648754
205	0.0588661
205	0.0559632
205	0.114792
205	0.076187
205	0.0702128
205	0.129611
205	0.0972658
205	0.0955592
205	0.163413
205	0.117296
205	0.102201
205	0.105588
205	0.0813504
205	0.128662
205	0.0614133
205	0.0347487
205	0.0943888
205	0.116209
205	0.0951206
205	0.0890386
205	0.0838925
205	0.168062
205	0.0993759
205	0.146145
205	0.12178
205	0.109976
205	0.112564
205	0.0752902
205	0.0649192
205	0.0834443
205	0.0483938
205	0.15845
205	0.0471957
205	0.0943236
205	0.108026
205	0.0779686
205	0.0228537
205	0.0369601
205	0.094471
205	0.114154
205	0.0893549
205	0.044751
205	0.05419
205	0.140958
205	0.140734
205	0.09232
205	0.0692201
205	0.126286
210	0.0382204
210	0.0625092
210	0.101351
210	0.128139
210	0.0653826
210	0.0447768
210	0.0979864
210	0.0867522
210	0.0634146
210	0.0458497
210	0.074492
210	0.0692273
210	0.0977745
210	0.119312
210	0.0961084
210	0.0636264
210	0.0673351
210	0.039705
210	0.0899425
210	0.104142
210	0.0702148
210	0.0639175
210	0.0911244
210	0.046778
210	0.102274
210	0.100497
210	0.106324
210	0.0370908
210	0.0564625
210	0.0991607
210	0.0582827
210	0.0627271
210	0.0546285
210	0.13432
210	0.0886995
210	0.0655388
210	0.125188
210	0.0740389
210	0.0609966
210	0.0718543
210	0.0918113
210	0.0405976
210	0.061734
210	0.121442
210	0.0378652
210	0.07273
210	0.0989668
210	0.0808216
210	0.0718814
210	0.0580293
210	0.0783343
210	0.0666807
210	0.0935407
210	0.0563972
210	0.0744623
210	0.0778413
210	0.0283522
210	0.0486769
210	0.114523
210	0.059272
210	0.0703801
210	0.0980207
210	0.0719948
210	0.109719
210	0.0634941
210	0.071728
210	0.117205
210	0.0431201
210	0.114322
210	0.0802175
210	0.0786318
210	0.12609
210	0.0547567
210	0.0658798
210	0.059644
210	0.0804169
210	0.101381
210	0.0781776
210	0.0986341
210	0.0561459
210	0.0775194
210	0.0577345
210	0.0689916
210	0.0528395
210	0.0421316
210	0.0840055
210	0.115258
210	0.0520352
210	0.050646
210	0.0243902
210	0.0665938
210	0.100385
210	0.0807662
210	0.0720507
210	0.0398488
210	0.0504252
210	0.139491
210	0.101753
210	0.105215
210	0.0991685
215	0.0690476
215	0.090303
215	0.0626463
215	0.074358
215	0.0505368
215	0.0289641
215	0.060243
215	0.0666517
215	0.0624363
215	0.0675585
215	0.0360991
215	0.0494732
215	0.0779356
215	0.063024
215	0.0659314
215	0.040937
215	0.123848
215	0.0592622
215	0.0283838
215	0.0651249
215	0.0591721
215	0.083573
215	0.0807208
215	0.0759811
215	0.0610471
215	0.0183441
215	0.0886193
215	0.00733902
215	0.0569702
215	0.0391927
215	0.0662444
215	0.0281976
215	0.0915395
215	0.156668
215	0.0172169
215	0.0661957
215	0.0491983
215	0.101373
215	0.0665397
215	0.0985063
215	0.0632358
215	0.0299789
215	0.0392824
215	0.0800862
215	0.0925254
215	0.0541401
215	0.0267811
215	0.174574
215	0.0654818
215	0.116902
215	0.0680851
215	0.0706859
215	0.0638923
215	0.0418605
215	0.0757764
215	0.0620408
215	0.034874
215	0.0821353
215	0.0874656
215	0.087
215	0.0412867
215	0.064189
215	0.0377144
215	0.0892345
215	0.0605093
215	0.0927936
215	0.0272575
215	0.0490564
215	0.0500624
215	0.050224
215	0.065505
215	0.0476013
215	0.0780108
215	0.0881856
215	0.0425525
215	0.0306504
215	0.0186349
215	0.0171329
215	0.0921852
215	0.0643237
215	0.0967604
215	0.0649766
215	0.0517877
215	0.0368765
215	0.0704981
215	0.0570243
215	0.0523577
215	0.0547745
215	0.0277355
215	0.0649241
215	0.0259877
215	0.0727803
215	0.0261239
215	0.04
215	0.069594
215	0.0481036
215	0.0395349
215	0.0442719
215	0.0742367
215	0.108348
220	0.0366169
220	0.0505802
220	0.101165
220	0.0507522
220	0.0370422
220	0.054963
220	0.0268178
220	0.0409516
220	0.0616866
220	0.0840258
220	0.0988052
220	0.0656339
220	0.157436
220	0.0337234
220	0.0551094
220	0.0523524
220	0.0204349
220	0.0130435
220	0.129033
220	0.0330657
220	0.0282609
220	0.0293037
220	0.0575758
220	0.0355556
220	0.10319
220	0.0366925
220	0.0874693
220	0.0363339
220	0.0177766
220	0.0816706
220	0.0661434
220	0.0688666
220	0.0466426
220	0.0288545
220	0.0375
220	0.117727
220	0.0703333
220	0.0880637
220	0.011633
220	0.0358231
220	0.0162456
220	0.0673005
220	0.0189026
220	0.0890152
220	0.053266
220	0.0136364
220	0.00222222
220	0.0495057
220	0.0358513
220	0.0195703
220	0.0399779
220	0.0179661
220	0.06265
220	0.0124241
220	0.0394937
220	0.0175982
220	0.02811
220	0.0587791
220	0.0442424
220	0.0812827
220	0.0404602
220	0.0512446
220	0.0823628
220	0.0445052
220	0.0417249
220	0.0665205
220	0.01875
220	0.0685407
220	0.0333653
220	0.0401239
220	0.0418031
220	0.0507883
220	0.0444724
220	0.0954188
220	0.0871161
220	0.0599624
220	0.0621355
220	0.0162158
220	0.00888889
220	0.0350056
220	0.0673913
220	0.023913
220	0.0474137
220	0.0111111
220	0.0933071
220	0.0139535
220	0.0880028
220	0.0714125
220	0.0818627
220	0.0541667
220	0.024789
220	0.0154589
220	0.00888889
220	0.0393293
220	0.0418605
220	0.0572866
220	0.0298443
220	0.0679967
220	0.0359227
220	0.0329528
225	0.00217391
225	0.00679374
225	0.0332606
225	0.0465924
225	0.0217165
225	0.0333986
225	0.0142857
225	0.0866667
225	0.0434783
225	0.0217391
225	0.0209302
225	0.0273729
225	0.0153999
225	0.0588596
225	0.0314006
225	0.00571785
225	0.025042
225	0.00652174
225	0.0311111
225	0
225	0.0141968
225	0.0579618
225	0.0558477
225	0.0227273
225	0.0192813
225	0.0553795
225	0.0275729
225	0.0326588
225	0.0635225
225	0.0410719
225	0.0232558
225	0.00666667
225	0.0458333
225	0.0590909
225	0.0294783
225	0.0162791
225	0.00985863
225	0.0609033
225	0.050793
225	0.0386118
225	0.0227273
225	0.00487805
225	0.0241023
225	0.0417081
225	0.0620649
225	0.0418605
225	0.0664979
225	0.0699552
225	0.0177778
225	0.0377582
225	0.00865385
225	0.0964988
225	0.0287426
225	0.00208333
225	0.0488889
225	0.0116279
225	0.0573987
225	0.0920847
225	0.0177778
225	0.017031
225	0.0449279
225	0.0433373
225	0.0153505
225	0.0978755
225	0.0161211
225	0.0271294
225	0.0361702
225	0.00232558
225	0.0584216
225	0.0149165
225	0.0136364
225	0.0507626
225	0.0314672
225	0.00425532
225	0.0190476
225	0.00715778
225	0.0288889
225	0.0124809
225	0.0801151
225	0.0484074
225	0.0475977
225	0.0233408
225	0.0209113
225	0.0232073
225	0.0504756
225	0.0243902
225	0.0375199
225	0.0325581
225	0.00869565
225	0.0192847
225	0.00930233
225	0.0650154
225	0.0212766
225	0.0155556
225	0.00425532
225	0.0288889
225	0.0288889
225	0.00454545
225	0.0333333
225	0.0166667
230	0
230	0.00681818
230	0.0191489
230	0.0292683
230	0
230	0.0311111
230	0
230	0
230	0.00454545
230	0.00638298
230	0.0212766
230	0.00888889
230	0.02
230	0.0162791
230	0.00465116
230	0
230	0.023913
230	0.0458333
230	0.0111111
230	0.00833333
230	0.00697674
230	0
230	0
230	0.0152174
230	0.00444444
230	0.0291667
230	0.0355556
230	0.0152174
230	0
230	0.0116279
230	0
230	0.0595238
230	0.0255319
230	0.0772727
230	0
230	0.00217391
230	0.0953488
230	0
230	0.0454545
230	0.0395349
230	0.0361702
230	0.0590909
230	0.0361702
230	0
230	0.0446809
230	0.0204545
230	0.02
230	0
230	0.0755556
230	0.00444444
230	0.0309524
230	0.0232558
230	0.00888889
230	0.0772727
230	0.0173913
230	0.0232558
230	0.00625
230	0.00888889
230	0.00434783
230	0.00204082
230	0.0244444
230	0.0106383
230	0.0285714
230	0.0162791
230	0.0577778
230	0.00888889
230	0.0478261
230	0.0116279
230	0.0285714
230	0
230	0
230	0.0367347
230	0.0113636
230	0.0227273
230	0.0511628
230	0.0145833
230	0.02
230	0.0434783
230	0
230	0.025
230	0.02
230	0
230	0.00434783
230	0.0162791
230	0.0840909
230	0.0181818
230	0.0102041
230	0.0533333
230	0.0479167
230	0.00909091
230	0.0229167
230	0.0195652
230	0.0651163
230	0
230	0
230	0.0478261
230	0
230	0.0191489
230	0
230	0.00652174
