10	56
9	0.1
8	0.1
7	0.1
6	0.1
5	0.1
4	0.1
3	0.1
2	0.1
1	0.1
0	0.1
65	1.76908e-05
64	2.18234e-05
63	3.12513e-05
62	3.9229e-05
61	5.14434e-05
60	6.30387e-05
59	7.6861e-05
58	0.000116257
57	0.000123915
56	0.000156785
55	0.000188268
54	0.000219029
53	0.000291845
52	0.000447257
51	0.000522366
50	0.00060283
49	0.000602888
48	0.00085092
47	0.00106253
46	0.00126456
45	0.00173029
44	0.00199384
43	0.00312263
42	0.00355938
41	0.00370357
40	0.00433705
39	0.00521237
38	0.00568876
37	0.00581422
36	0.00838258
35	0.00871849
34	0.00927852
33	0.0102543
32	0.0121852
31	0.0125863
30	0.0178242
29	0.0180957
28	0.0195234
27	0.0203676
26	0.0224269
25	0.0250287
24	0.0312061
23	0.0350402
22	0.0409061
21	0.042777
20	0.0456795
19	0.0487542
18	0.0541476
17	0.055807
16	0.057131
15	0.0580129
14	0.0584003
13	0.0604139
12	0.0611166
11	0.0618356
10	0.0621873
50	9	27	0.75
50	8	10	0.43
50	7	20	0.42
50	6	14	0.42
50	5	18	0.4
50	4	13	0.47
50	3	22	0.49
50	2	15	0.44
50	1	19	0.41
50	0	16	0.47
