var	threshold	abdncError	methylCallError	TP	FN	FP
5	0.1	0	0	0	10	3.25
5	0.15	0.0136031	0.00272331	0.02	9.98	3.23
5	0.2	0.05009	0.011718	0.07	9.93	3.18
5	0.25	0.0589629	0.0138718	0.08	9.92	3.17
5	0.3	0.0589629	0.0138718	0.08	9.92	3.17
5	0.35	0.074354	0.025042	0.13	9.87	3.14
5	0.4	0.127186	0.0550403	0.21	9.79	3.06
8	0.1	0.010709	0.000993964	0.02	9.98	3.03
8	0.15	0.0196087	0.00218799	0.03	9.97	3.02
8	0.2	0.0215711	0.0039737	0.05	9.95	3
8	0.25	0.0324224	0.0109297	0.09	9.91	2.96
8	0.3	0.0648841	0.0253059	0.17	9.83	2.89
8	0.35	0.0769712	0.0332973	0.27	9.73	2.81
8	0.4	0.0885912	0.0415575	0.33	9.67	2.76
11	0.1	0.0170841	0.00411936	0.07	9.93	5.29
11	0.15	0.0215328	0.00770717	0.13	9.87	5.23
11	0.2	0.0391094	0.0244934	0.28	9.72	5.09
11	0.25	0.0695103	0.0480433	0.6	9.4	4.77
11	0.3	0.0762349	0.06043	0.81	9.19	4.58
11	0.35	0.068289	0.0688421	1.23	8.77	4.2
11	0.4	0.0769072	0.0853703	1.7	8.3	3.86
14	0.1	0.0387015	0.0114592	0.22	9.78	8.39
14	0.15	0.0531522	0.0283585	0.53	9.47	8.08
14	0.2	0.0601711	0.0462142	0.92	9.08	7.69
14	0.25	0.0515264	0.0581253	1.38	8.62	7.23
14	0.3	0.0447334	0.07011	1.89	8.11	6.74
14	0.35	0.0403296	0.08164	2.43	7.57	6.27
14	0.4	0.0538596	0.0989679	2.97	7.03	5.91
17	0.1	0.0744285	0.0267848	0.81	9.19	16.74
17	0.15	0.0896321	0.05444	1.55	8.45	16
17	0.2	0.0853416	0.0850542	2.47	7.53	15.08
17	0.25	0.073854	0.112007	3.7	6.3	13.85
17	0.3	0.0695553	0.128795	4.63	5.37	12.96
17	0.35	0.0645804	0.150324	5.79	4.21	11.9
17	0.4	0.0624228	0.162208	6.46	3.54	11.3
20	0.1	0.0861563	0.0353672	1.08	8.92	21.91
20	0.15	0.0947479	0.0661827	2.07	7.93	20.92
20	0.2	0.0873698	0.0931069	3.23	6.77	19.77
20	0.25	0.0777731	0.118584	4.48	5.52	18.54
20	0.3	0.0722988	0.138051	5.71	4.29	17.31
20	0.35	0.0685617	0.15651	6.78	3.22	16.32
20	0.4	0.0675151	0.16705	7.37	2.63	15.8
23	0.1	0.125927	0.0474029	1.74	8.26	29.88
23	0.15	0.113058	0.0778282	3.1	6.9	28.52
23	0.2	0.0986125	0.107789	4.63	5.37	26.99
23	0.25	0.091542	0.129107	5.94	4.06	25.68
23	0.3	0.0864626	0.155761	7.51	2.49	24.14
23	0.35	0.0840247	0.172186	8.47	1.53	23.24
23	0.4	0.083169	0.181822	8.96	1.04	22.79
26	0.1	0.102897	0.0438921	2.15	7.85	33.23
26	0.15	0.0966935	0.0799787	3.79	6.21	31.59
26	0.2	0.0855785	0.104276	5.38	4.62	30
26	0.25	0.0802787	0.127119	7.01	2.99	28.38
26	0.3	0.078854	0.144562	8.14	1.86	27.27
26	0.35	0.0777172	0.157112	8.87	1.13	26.59
26	0.4	0.0773697	0.163342	9.16	0.84	26.32
29	0.1	0.10394	0.0494007	2.62	7.38	39.09
29	0.15	0.0949892	0.0806187	4.42	5.58	37.29
29	0.2	0.0883782	0.103617	5.99	4.01	35.72
29	0.25	0.0837908	0.127372	7.66	2.34	34.08
29	0.3	0.0821624	0.144975	8.83	1.17	32.92
29	0.35	0.0816742	0.154015	9.37	0.63	32.41
29	0.4	0.0815031	0.158334	9.57	0.43	32.22
32	0.1	0.107967	0.0528089	3.17	6.83	43.01
32	0.15	0.0930387	0.0769513	4.84	5.16	41.34
32	0.2	0.0865518	0.101145	6.53	3.47	39.65
32	0.25	0.0834828	0.124171	8.15	1.85	38.04
32	0.3	0.0825032	0.138625	9.06	0.94	37.14
32	0.35	0.0819308	0.147118	9.54	0.46	36.66
32	0.4	0.0816935	0.150821	9.71	0.29	36.5
35	0.1	0.0992503	0.0483738	3.3	6.7	48.43
35	0.15	0.093146	0.0787303	5.24	4.76	46.49
35	0.2	0.0850649	0.104724	7.18	2.82	44.55
35	0.25	0.0829369	0.124835	8.69	1.31	43.04
35	0.3	0.0821984	0.137425	9.52	0.48	42.22
35	0.35	0.0820063	0.143472	9.87	0.13	41.88
35	0.4	0.081932	0.145234	9.95	0.05	41.8
38	0.1	0.0972082	0.0503766	3.83	6.17	51.01
38	0.15	0.0894781	0.0750261	5.71	4.29	49.13
38	0.2	0.0846704	0.0984382	7.45	2.55	47.39
38	0.25	0.0831985	0.116979	8.8	1.2	46.06
38	0.3	0.0826312	0.127838	9.5	0.5	45.36
38	0.35	0.0824878	0.133319	9.8	0.2	45.07
38	0.4	0.0824703	0.134554	9.86	0.14	45.01
41	0.1	0.0927666	0.0465006	4.43	5.57	55.39
41	0.15	0.0868434	0.0722343	6.44	3.56	53.38
41	0.2	0.0835146	0.092468	8.02	1.98	51.8
41	0.25	0.0819466	0.10836	9.18	0.82	50.64
41	0.3	0.0814599	0.117475	9.73	0.27	50.09
41	0.35	0.0814682	0.121608	9.95	0.05	49.87
41	0.4	0.0815204	0.122514	9.99	0.01	49.83
44	0.1	0.0894867	0.0470313	5.05	4.95	58.06
44	0.15	0.0834455	0.0672687	6.84	3.16	56.27
44	0.2	0.0816896	0.0876798	8.46	1.54	54.65
44	0.25	0.0811005	0.101467	9.48	0.52	53.63
44	0.3	0.0809459	0.107987	9.88	0.12	53.24
44	0.35	0.0810215	0.109963	9.98	0.02	53.14
44	0.4	0.0809869	0.110448	10	0	53.12
47	0.1	0.0905917	0.045536	4.55	5.45	60.74
47	0.15	0.0830236	0.0722618	6.86	3.14	58.43
47	0.2	0.0806128	0.092998	8.62	1.38	56.67
47	0.25	0.0799054	0.104132	9.49	0.51	55.8
47	0.3	0.0798957	0.107912	9.73	0.27	55.56
47	0.35	0.0799733	0.110531	9.87	0.13	55.43
47	0.4	0.0799435	0.11125	9.9	0.1	55.4
50	0.1	0.0861933	0.0491907	5.12	4.88	63.79
50	0.15	0.0803094	0.0701219	7.19	2.81	61.72
50	0.2	0.0796304	0.0880807	8.7	1.3	60.21
50	0.25	0.0794062	0.098393	9.5	0.5	59.41
50	0.3	0.0793116	0.103599	9.82	0.18	59.09
50	0.35	0.079326	0.10475	9.88	0.12	59.03
50	0.4	0.0793473	0.10529	9.9	0.1	59.01
53	0.1	0.0855459	0.0474507	5.53	4.47	67.18
53	0.15	0.0805284	0.0663014	7.42	2.58	65.29
53	0.2	0.0793069	0.0847578	8.97	1.03	63.74
53	0.25	0.0794941	0.0951086	9.74	0.26	62.97
53	0.3	0.0794895	0.0985539	9.95	0.05	62.76
53	0.35	0.0795217	0.099274	9.98	0.02	62.73
53	0.4	0.0795311	0.0998154	10	0	62.71
56	0.1	0.0823637	0.0445848	5.92	4.08	69.98
56	0.15	0.0793209	0.0621585	7.65	2.35	68.25
56	0.2	0.0786818	0.0798125	9.1	0.9	66.8
56	0.25	0.078398	0.0877576	9.7	0.3	66.2
56	0.3	0.0785852	0.0906983	9.87	0.13	66.03
56	0.35	0.0786172	0.0912849	9.9	0.1	66
56	0.4	0.0786172	0.0912849	9.9	0.1	66
59	0.1	0.0834244	0.0446564	5.93	4.07	73.92
59	0.15	0.0806496	0.0649596	7.95	2.05	71.9
59	0.2	0.0805489	0.0785981	9.11	0.89	70.74
59	0.25	0.0805347	0.0887012	9.87	0.13	69.98
59	0.3	0.0805676	0.0909664	10	0	69.85
59	0.35	0.0805676	0.0909664	10	0	69.85
59	0.4	0.0805676	0.0909664	10	0	69.85
62	0.1	0.080635	0.0442802	6.39	3.61	77.91
62	0.15	0.0793432	0.060512	8.08	1.92	76.22
62	0.2	0.0797047	0.0750181	9.33	0.67	74.97
62	0.25	0.0797035	0.0831796	9.93	0.07	74.37
62	0.3	0.0796896	0.0840673	9.98	0.02	74.32
62	0.35	0.0797045	0.0845404	10	0	74.3
62	0.4	0.0797045	0.0845404	10	0	74.3
65	0.1	0.0818951	0.0445443	6.45	3.55	79.6
65	0.15	0.0800487	0.0616112	8.25	1.75	77.8
65	0.2	0.0799606	0.0753813	9.42	0.58	76.63
65	0.25	0.0800311	0.0819685	9.89	0.11	76.16
65	0.3	0.0801245	0.0834165	9.97	0.03	76.08
65	0.35	0.0801515	0.0841234	10	0	76.05
65	0.4	0.0801515	0.0841234	10	0	76.05
68	0.1	0.0809812	0.0416461	6.74	3.26	83.26
68	0.15	0.0795255	0.0576321	8.44	1.56	81.56
68	0.2	0.0795882	0.0685656	9.37	0.63	80.63
68	0.25	0.0797373	0.0759174	9.88	0.12	80.12
68	0.3	0.0797856	0.0779208	9.99	0.01	80.01
68	0.35	0.0797995	0.0781969	10	0	80
68	0.4	0.0797995	0.0781969	10	0	80
71	0.1	0.0818997	0.0424994	6.51	3.49	86.67
71	0.15	0.0805158	0.0599804	8.28	1.72	84.9
71	0.2	0.0803139	0.074267	9.51	0.49	83.67
71	0.25	0.080473	0.0800439	9.91	0.09	83.27
71	0.3	0.0805429	0.0815933	10	0	83.18
71	0.35	0.0805429	0.0815933	10	0	83.18
71	0.4	0.0805429	0.0815933	10	0	83.18
74	0.1	0.0772671	0.0388422	7.23	2.77	87.24
74	0.15	0.0768182	0.0533153	8.76	1.24	85.71
74	0.2	0.0776784	0.0638587	9.64	0.36	84.83
74	0.25	0.0777276	0.0680985	9.91	0.09	84.56
74	0.3	0.0778631	0.0697212	10	0	84.47
74	0.35	0.0778631	0.0697212	10	0	84.47
74	0.4	0.0778631	0.0697212	10	0	84.47
77	0.1	0.0791579	0.0408762	6.97	3.03	90.69
77	0.15	0.078784	0.0564044	8.56	1.44	89.1
77	0.2	0.0791349	0.0684292	9.59	0.41	88.07
77	0.25	0.0792936	0.073206	9.95	0.05	87.71
77	0.3	0.0793625	0.0740464	10	0	87.66
77	0.35	0.0793625	0.0740464	10	0	87.66
77	0.4	0.0793625	0.0740464	10	0	87.66
80	0.1	0.0776352	0.037295	7.46	2.54	92.81
80	0.15	0.0772431	0.0503109	8.79	1.21	91.48
80	0.2	0.0779263	0.0616322	9.69	0.31	90.58
80	0.25	0.0781552	0.0657282	9.98	0.02	90.29
80	0.3	0.0781737	0.0660828	10	0	90.27
80	0.35	0.0781737	0.0660828	10	0	90.27
80	0.4	0.0781737	0.0660828	10	0	90.27
83	0.1	0.0787312	0.0383286	7.31	2.69	94.52
83	0.15	0.0788249	0.0536441	9	1	92.83
83	0.2	0.0791171	0.0626123	9.76	0.24	92.07
83	0.25	0.0793519	0.0658027	9.99	0.01	91.84
83	0.3	0.0793573	0.0659942	10	0	91.83
83	0.35	0.0793573	0.0659942	10	0	91.83
83	0.4	0.0793573	0.0659942	10	0	91.83
86	0.1	0.0779929	0.034544	7.73	2.27	97.67
86	0.15	0.0780486	0.0476695	9.07	0.93	96.33
86	0.2	0.0784807	0.0562265	9.76	0.24	95.64
86	0.25	0.0787417	0.0595248	9.97	0.03	95.43
86	0.3	0.0788039	0.0600457	10	0	95.4
86	0.35	0.0788039	0.0600457	10	0	95.4
86	0.4	0.0788039	0.0600457	10	0	95.4
89	0.1	0.0765301	0.0345644	7.98	2.02	96.48
89	0.15	0.0767225	0.0461173	9.19	0.81	95.27
89	0.2	0.0771225	0.0531046	9.74	0.26	94.72
89	0.25	0.0774029	0.0565521	9.96	0.04	94.5
89	0.3	0.0774367	0.057317	10	0	94.46
89	0.35	0.0774367	0.057317	10	0	94.46
89	0.4	0.0774367	0.057317	10	0	94.46
92	0.1	0.0765283	0.0346163	7.69	2.31	101.04
92	0.15	0.0767323	0.0470119	9	1	99.73
92	0.2	0.0775697	0.0566026	9.77	0.23	98.96
92	0.25	0.0778122	0.0598463	9.99	0.01	98.74
92	0.3	0.0778152	0.0600254	10	0	98.73
92	0.35	0.0778152	0.0600254	10	0	98.73
92	0.4	0.0778152	0.0600254	10	0	98.73
95	0.1	0.0768991	0.0334903	7.86	2.14	103.5
95	0.15	0.0773306	0.045341	9.08	0.92	102.28
95	0.2	0.0779413	0.0543293	9.81	0.19	101.55
95	0.25	0.0780936	0.056604	9.96	0.04	101.4
95	0.3	0.078148	0.0574212	10	0	101.36
95	0.35	0.078148	0.0574212	10	0	101.36
95	0.4	0.078148	0.0574212	10	0	101.36
98	0.1	0.0758422	0.0341181	8.01	1.99	106.73
98	0.15	0.0764198	0.0462388	9.27	0.73	105.47
98	0.2	0.0770993	0.0533344	9.82	0.18	104.92
98	0.25	0.0772742	0.0560485	9.99	0.01	104.75
98	0.3	0.0772884	0.0562401	10	0	104.74
98	0.35	0.0772884	0.0562401	10	0	104.74
98	0.4	0.0772884	0.0562401	10	0	104.74
101	0.1	0.074407	0.0327317	8.12	1.88	106.21
101	0.15	0.0752097	0.0438727	9.34	0.66	104.99
101	0.2	0.0758185	0.0509741	9.91	0.09	104.42
101	0.25	0.0759114	0.052436	10	0	104.33
101	0.3	0.0759114	0.052436	10	0	104.33
101	0.35	0.0759114	0.052436	10	0	104.33
101	0.4	0.0759114	0.052436	10	0	104.33
104	0.1	0.074457	0.0317864	8.43	1.57	108.17
104	0.15	0.0751713	0.0417217	9.46	0.54	107.14
104	0.2	0.0756662	0.0474812	9.91	0.09	106.69
104	0.25	0.0758095	0.0488146	9.99	0.01	106.61
104	0.3	0.0758252	0.0490156	10	0	106.6
104	0.35	0.0758252	0.0490156	10	0	106.6
104	0.4	0.0758252	0.0490156	10	0	106.6
107	0.1	0.0755615	0.031767	8.2	1.8	111.51
107	0.15	0.0759568	0.0430475	9.39	0.61	110.32
107	0.2	0.0764555	0.0489849	9.87	0.13	109.84
107	0.25	0.076595	0.0509534	10	0	109.71
107	0.3	0.076595	0.0509534	10	0	109.71
107	0.35	0.076595	0.0509534	10	0	109.71
107	0.4	0.076595	0.0509534	10	0	109.71
110	0.1	0.0742788	0.0311047	8.46	1.54	113.48
110	0.15	0.0747709	0.039715	9.35	0.65	112.59
110	0.2	0.0756708	0.0471127	9.92	0.08	112.02
110	0.25	0.0757275	0.0480787	9.98	0.02	111.96
110	0.3	0.0757517	0.048542	10	0	111.94
110	0.35	0.0757517	0.048542	10	0	111.94
110	0.4	0.0757517	0.048542	10	0	111.94
113	0.1	0.0741621	0.0317753	8.43	1.57	113.64
113	0.15	0.0752219	0.0418045	9.44	0.56	112.63
113	0.2	0.0754664	0.0475557	9.88	0.12	112.19
113	0.25	0.0755218	0.0494319	10	0	112.07
113	0.3	0.0755218	0.0494319	10	0	112.07
113	0.35	0.0755218	0.0494319	10	0	112.07
113	0.4	0.0755218	0.0494319	10	0	112.07
116	0.1	0.0740355	0.0321831	8.41	1.59	117.33
116	0.15	0.0749542	0.0415993	9.46	0.54	116.28
116	0.2	0.0756146	0.0477322	9.94	0.06	115.8
116	0.25	0.07575	0.0487067	10	0	115.74
116	0.3	0.07575	0.0487067	10	0	115.74
116	0.35	0.07575	0.0487067	10	0	115.74
116	0.4	0.07575	0.0487067	10	0	115.74
119	0.1	0.0745456	0.0311167	8.52	1.48	118
119	0.15	0.0754791	0.0404423	9.45	0.55	117.07
119	0.2	0.0760015	0.046223	9.91	0.09	116.61
119	0.25	0.0760825	0.0476632	10	0	116.52
119	0.3	0.0760825	0.0476632	10	0	116.52
119	0.35	0.0760825	0.0476632	10	0	116.52
119	0.4	0.0760825	0.0476632	10	0	116.52
122	0.1	0.0743391	0.0287028	8.72	1.28	119.76
122	0.15	0.0748974	0.036714	9.55	0.45	118.93
122	0.2	0.0754569	0.0418771	9.94	0.06	118.54
122	0.25	0.0755873	0.0429009	10	0	118.48
122	0.3	0.0755873	0.0429009	10	0	118.48
122	0.35	0.0755873	0.0429009	10	0	118.48
122	0.4	0.0755873	0.0429009	10	0	118.48
125	0.1	0.0739593	0.0276713	8.68	1.32	121.04
125	0.15	0.0748867	0.035457	9.46	0.54	120.26
125	0.2	0.0756069	0.041313	9.92	0.08	119.8
125	0.25	0.0757531	0.0426805	10	0	119.72
125	0.3	0.0757531	0.0426805	10	0	119.72
125	0.35	0.0757531	0.0426805	10	0	119.72
125	0.4	0.0757531	0.0426805	10	0	119.72
128	0.1	0.0735095	0.0279772	8.71	1.29	123.57
128	0.15	0.0745859	0.0359102	9.49	0.51	122.79
128	0.2	0.0754055	0.0422034	9.97	0.03	122.31
128	0.25	0.0754789	0.0427281	10	0	122.28
128	0.3	0.0754789	0.0427281	10	0	122.28
128	0.35	0.0754789	0.0427281	10	0	122.28
128	0.4	0.0754789	0.0427281	10	0	122.28
131	0.1	0.0733551	0.0252563	8.96	1.04	123.69
131	0.15	0.0741149	0.0322584	9.65	0.35	123
131	0.2	0.0744119	0.0363446	9.96	0.04	122.69
131	0.25	0.0744573	0.0370728	10	0	122.65
131	0.3	0.0744573	0.0370728	10	0	122.65
131	0.35	0.0744573	0.0370728	10	0	122.65
131	0.4	0.0744573	0.0370728	10	0	122.65
134	0.1	0.0716528	0.0249882	8.85	1.15	124.89
134	0.15	0.0727079	0.0320223	9.56	0.44	124.18
134	0.2	0.0733892	0.0372803	9.95	0.05	123.79
134	0.25	0.0734722	0.0381266	10	0	123.74
134	0.3	0.0734722	0.0381266	10	0	123.74
134	0.35	0.0734722	0.0381266	10	0	123.74
134	0.4	0.0734722	0.0381266	10	0	123.74
137	0.1	0.071505	0.0249514	9.05	0.95	126.45
137	0.15	0.0722578	0.0312348	9.68	0.32	125.82
137	0.2	0.0727385	0.0347802	9.95	0.05	125.56
137	0.25	0.0727412	0.0356395	10	0	125.51
137	0.3	0.0727412	0.0356395	10	0	125.51
137	0.35	0.0727412	0.0356395	10	0	125.51
137	0.4	0.0727412	0.0356395	10	0	125.51
140	0.1	0.0714095	0.0248391	9.09	0.91	127.91
140	0.15	0.0723361	0.0312112	9.76	0.24	127.24
140	0.2	0.0728107	0.0342731	9.99	0.01	127.01
140	0.25	0.0728431	0.0344578	10	0	127
140	0.3	0.0728431	0.0344578	10	0	127
140	0.35	0.0728431	0.0344578	10	0	127
140	0.4	0.0728431	0.0344578	10	0	127
143	0.1	0.071879	0.0239343	9.22	0.78	129.31
143	0.15	0.0727515	0.0294336	9.76	0.24	128.77
143	0.2	0.073128	0.0325069	9.98	0.02	128.55
143	0.25	0.0731828	0.0328229	10	0	128.53
143	0.3	0.0731828	0.0328229	10	0	128.53
143	0.35	0.0731828	0.0328229	10	0	128.53
143	0.4	0.0731828	0.0328229	10	0	128.53
146	0.1	0.0720326	0.0252007	9.01	0.99	130.65
146	0.15	0.0728823	0.0318615	9.69	0.31	129.97
146	0.2	0.0733835	0.0354363	9.96	0.04	129.7
146	0.25	0.073474	0.036064	10	0	129.66
146	0.3	0.073474	0.036064	10	0	129.66
146	0.35	0.073474	0.036064	10	0	129.66
146	0.4	0.073474	0.036064	10	0	129.66
149	0.1	0.0696096	0.0217913	9.17	0.83	131.63
149	0.15	0.0705402	0.0273795	9.72	0.28	131.08
149	0.2	0.0710585	0.030873	9.97	0.03	130.83
149	0.25	0.0711362	0.0313959	10	0	130.8
149	0.3	0.0711362	0.0313959	10	0	130.8
149	0.35	0.0711362	0.0313959	10	0	130.8
149	0.4	0.0711362	0.0313959	10	0	130.8
152	0.1	0.071051	0.0255217	9.07	0.93	133.62
152	0.15	0.0720009	0.0316943	9.71	0.29	132.98
152	0.2	0.0724159	0.0351775	9.97	0.03	132.72
152	0.25	0.0724877	0.0357193	10	0	132.69
152	0.3	0.0724877	0.0357193	10	0	132.69
152	0.35	0.0724877	0.0357193	10	0	132.69
152	0.4	0.0724877	0.0357193	10	0	132.69
155	0.1	0.0706294	0.0234465	9.05	0.95	135.13
155	0.15	0.0714151	0.0301053	9.73	0.27	134.45
155	0.2	0.071792	0.033153	9.96	0.04	134.22
155	0.25	0.0718767	0.0338251	10	0	134.18
155	0.3	0.0718767	0.0338251	10	0	134.18
155	0.35	0.0718767	0.0338251	10	0	134.18
155	0.4	0.0718767	0.0338251	10	0	134.18
158	0.1	0.0699104	0.0225006	9.3	0.7	134.85
158	0.15	0.0710311	0.0284056	9.86	0.14	134.29
158	0.2	0.0712257	0.03025	9.99	0.01	134.16
158	0.25	0.0712404	0.0304183	10	0	134.15
158	0.3	0.0712404	0.0304183	10	0	134.15
158	0.35	0.0712404	0.0304183	10	0	134.15
158	0.4	0.0712404	0.0304183	10	0	134.15
161	0.1	0.0694305	0.0216643	9.33	0.67	137.37
161	0.15	0.0704849	0.0273899	9.89	0.11	136.81
161	0.2	0.0706012	0.0287796	9.99	0.01	136.71
161	0.25	0.0706252	0.0289757	10	0	136.7
161	0.3	0.0706252	0.0289757	10	0	136.7
161	0.35	0.0706252	0.0289757	10	0	136.7
161	0.4	0.0706252	0.0289757	10	0	136.7
164	0.1	0.0695854	0.0227513	9.4	0.6	139.33
164	0.15	0.0702481	0.0271886	9.83	0.17	138.9
164	0.2	0.0705759	0.0292259	9.98	0.02	138.75
164	0.25	0.0706083	0.0295637	10	0	138.73
164	0.3	0.0706083	0.0295637	10	0	138.73
164	0.35	0.0706083	0.0295637	10	0	138.73
164	0.4	0.0706083	0.0295637	10	0	138.73
167	0.1	0.0703185	0.0209317	9.45	0.55	140.17
167	0.15	0.0710177	0.0248211	9.83	0.17	139.79
167	0.2	0.0713495	0.0271447	9.99	0.01	139.63
167	0.25	0.0713604	0.0273071	10	0	139.62
167	0.3	0.0713604	0.0273071	10	0	139.62
167	0.35	0.0713604	0.0273071	10	0	139.62
167	0.4	0.0713604	0.0273071	10	0	139.62
170	0.1	0.0688364	0.0214219	9.44	0.56	140.62
170	0.15	0.0696309	0.0258083	9.84	0.16	140.22
170	0.2	0.0699701	0.0278248	9.98	0.02	140.08
170	0.25	0.0700187	0.0281612	10	0	140.06
170	0.3	0.0700187	0.0281612	10	0	140.06
170	0.35	0.0700187	0.0281612	10	0	140.06
170	0.4	0.0700187	0.0281612	10	0	140.06
173	0.1	0.0689844	0.0210438	9.34	0.66	140.74
173	0.15	0.06996	0.0261444	9.83	0.17	140.25
173	0.2	0.0702916	0.0281672	9.98	0.02	140.1
173	0.25	0.0703403	0.0285359	10	0	140.08
173	0.3	0.0703403	0.0285359	10	0	140.08
173	0.35	0.0703403	0.0285359	10	0	140.08
173	0.4	0.0703403	0.0285359	10	0	140.08
176	0.1	0.0684861	0.021011	9.39	0.61	144.01
176	0.15	0.0694402	0.0257899	9.87	0.13	143.53
176	0.2	0.0697058	0.0273026	9.98	0.02	143.42
176	0.25	0.0697632	0.0276722	10	0	143.4
176	0.3	0.0697632	0.0276722	10	0	143.4
176	0.35	0.0697632	0.0276722	10	0	143.4
176	0.4	0.0697632	0.0276722	10	0	143.4
179	0.1	0.0677564	0.0201719	9.39	0.61	144.7
179	0.15	0.0685062	0.0246488	9.83	0.17	144.26
179	0.2	0.068787	0.0267706	9.99	0.01	144.1
179	0.25	0.0688343	0.0269536	10	0	144.09
179	0.3	0.0688343	0.0269536	10	0	144.09
179	0.35	0.0688343	0.0269536	10	0	144.09
179	0.4	0.0688343	0.0269536	10	0	144.09
182	0.1	0.0676132	0.0188942	9.56	0.44	145.36
182	0.15	0.0680705	0.0214868	9.81	0.19	145.11
182	0.2	0.0684398	0.0240288	9.98	0.02	144.94
182	0.25	0.0684722	0.0243606	10	0	144.92
182	0.3	0.0684722	0.0243606	10	0	144.92
182	0.35	0.0684722	0.0243606	10	0	144.92
182	0.4	0.0684722	0.0243606	10	0	144.92
185	0.1	0.0671345	0.0189006	9.57	0.43	143.94
185	0.15	0.0680102	0.0222736	9.89	0.11	143.62
185	0.2	0.0683473	0.0238351	10	0	143.51
185	0.25	0.0683473	0.0238351	10	0	143.51
185	0.3	0.0683473	0.0238351	10	0	143.51
185	0.35	0.0683473	0.0238351	10	0	143.51
185	0.4	0.0683473	0.0238351	10	0	143.51
188	0.1	0.0662883	0.0177828	9.59	0.41	143.13
188	0.15	0.0668521	0.0205987	9.85	0.15	142.87
188	0.2	0.0672849	0.0227978	10	0	142.72
188	0.25	0.0672849	0.0227978	10	0	142.72
188	0.3	0.0672849	0.0227978	10	0	142.72
188	0.35	0.0672849	0.0227978	10	0	142.72
188	0.4	0.0672849	0.0227978	10	0	142.72
191	0.1	0.0661681	0.0183631	9.72	0.28	145.11
191	0.15	0.0666296	0.0208963	9.95	0.05	144.88
191	0.2	0.0667696	0.0216598	10	0	144.83
191	0.25	0.0667696	0.0216598	10	0	144.83
191	0.3	0.0667696	0.0216598	10	0	144.83
191	0.35	0.0667696	0.0216598	10	0	144.83
191	0.4	0.0667696	0.0216598	10	0	144.83
194	0.1	0.0672529	0.0195616	9.7	0.3	148
194	0.15	0.0677351	0.0221133	9.95	0.05	147.75
194	0.2	0.0678598	0.0228201	10	0	147.7
194	0.25	0.0678598	0.0228201	10	0	147.7
194	0.3	0.0678598	0.0228201	10	0	147.7
194	0.35	0.0678598	0.0228201	10	0	147.7
194	0.4	0.0678598	0.0228201	10	0	147.7
197	0.1	0.0666142	0.0192302	9.66	0.34	146.84
197	0.15	0.0669485	0.0213482	9.85	0.15	146.65
197	0.2	0.0673534	0.0230171	9.97	0.03	146.53
197	0.25	0.0673747	0.0235537	10	0	146.5
197	0.3	0.0673747	0.0235537	10	0	146.5
197	0.35	0.0673747	0.0235537	10	0	146.5
197	0.4	0.0673747	0.0235537	10	0	146.5
200	0.1	0.0659576	0.0178223	9.74	0.26	150.06
200	0.15	0.0662438	0.0204272	9.98	0.02	149.82
200	0.2	0.0663172	0.0207131	10	0	149.8
200	0.25	0.0663172	0.0207131	10	0	149.8
200	0.3	0.0663172	0.0207131	10	0	149.8
200	0.35	0.0663172	0.0207131	10	0	149.8
200	0.4	0.0663172	0.0207131	10	0	149.8
