var	minCostFlow
5	0.556958
5	0.530406
5	0.59243
5	0.557177
5	0.681241
5	0.658034
5	0.516767
5	0.695449
5	0.531638
5	0.44725
5	0.576226
5	0.715609
5	0.743838
5	0.513303
5	0.542233
5	0.579114
5	0.575011
5	0.487267
5	0.628374
5	0.645029
5	0.734307
5	0.515293
5	0.708472
5	0.739921
5	0.528594
5	0.675711
5	0.698583
5	0.642745
5	0.58818
5	0.397388
5	0.407692
5	0.406735
5	0.598991
5	0.671658
5	0.617569
5	0.484997
5	0.643769
5	0.566835
5	0.683262
5	0.575663
5	0.626789
5	0.505837
5	0.51037
5	0.621256
5	0.450209
5	0.394926
5	0.613109
5	0.534315
5	0.649207
5	0.609288
5	0.655424
5	0.64233
5	0.685196
5	0.6501
5	0.720254
5	0.637778
5	0.592572
5	0.665265
5	0.654393
5	0.622442
5	0.65919
5	0.575252
5	0.624787
5	0.719444
5	0.456652
5	0.637527
5	0.538775
5	0.643485
5	0.60587
5	0.725394
5	0.641144
5	0.641871
5	0.664259
5	0.628475
5	0.692004
5	0.686293
5	0.374075
5	0.657828
5	0.502013
5	0.623395
5	0.485498
5	0.641829
5	0.657537
5	0.597831
5	0.496346
5	0.693631
5	0.538642
5	0.467197
5	0.741369
5	0.453509
5	0.572609
5	0.618438
5	0.591758
5	0.614904
5	0.429695
5	0.556447
5	0.547088
5	0.658745
5	0.44007
5	0.666331
8	0.375348
8	0.400944
8	0.348516
8	0.519815
8	0.430779
8	0.454561
8	0.265808
8	0.264671
8	0.333578
8	0.405447
8	0.30926
8	0.47555
8	0.49552
8	0.346882
8	0.423262
8	0.252716
8	0.427745
8	0.395246
8	0.338673
8	0.306959
8	0.438795
8	0.36469
8	0.369193
8	0.394331
8	0.330315
8	0.284285
8	0.338384
8	0.399684
8	0.366753
8	0.374714
8	0.409986
8	0.397865
8	0.389087
8	0.349533
8	0.467292
8	0.373332
8	0.377047
8	0.344781
8	0.470981
8	0.434666
8	0.511815
8	0.367493
8	0.292967
8	0.389219
8	0.382937
8	0.568561
8	0.280762
8	0.315292
8	0.343889
8	0.375093
8	0.379279
8	0.512396
8	0.31131
8	0.353142
8	0.497988
8	0.462568
8	0.296752
8	0.339283
8	0.452257
8	0.470251
8	0.436621
8	0.471768
8	0.318176
8	0.499256
8	0.404877
8	0.32971
8	0.416422
8	0.337652
8	0.265594
8	0.435975
8	0.480863
8	0.275043
8	0.625461
8	0.392415
8	0.342147
8	0.426807
8	0.527087
8	0.537788
8	0.544971
8	0.4325
8	0.275459
8	0.310548
8	0.535311
8	0.422984
8	0.324968
8	0.435624
8	0.524512
8	0.428079
8	0.335029
8	0.592256
8	0.334501
8	0.310102
8	0.403607
8	0.659932
8	0.534882
8	0.300662
8	0.300909
8	0.504264
8	0.323612
8	0.557592
11	0.351395
11	0.280112
11	0.408631
11	0.292259
11	0.317071
11	0.190679
11	0.31022
11	0.282775
11	0.294143
11	0.362564
11	0.375227
11	0.471962
11	0.33419
11	0.419044
11	0.245742
11	0.33796
11	0.232411
11	0.462581
11	0.317369
11	0.506199
11	0.242702
11	0.416563
11	0.282289
11	0.30991
11	0.417187
11	0.278603
11	0.415505
11	0.311443
11	0.381199
11	0.253338
11	0.349211
11	0.221697
11	0.349036
11	0.315612
11	0.313624
11	0.296516
11	0.290352
11	0.335999
11	0.366508
11	0.244668
11	0.239482
11	0.349483
11	0.24695
11	0.284836
11	0.365085
11	0.439019
11	0.34411
11	0.368964
11	0.299648
11	0.352001
11	0.260481
11	0.393203
11	0.348885
11	0.253699
11	0.282383
11	0.340683
11	0.365258
11	0.33663
11	0.283045
11	0.32026
11	0.328426
11	0.3451
11	0.398583
11	0.32008
11	0.251624
11	0.377055
11	0.372546
11	0.269229
11	0.267052
11	0.481818
11	0.320581
11	0.327992
11	0.306862
11	0.416665
11	0.478444
11	0.255112
11	0.431134
11	0.286498
11	0.338106
11	0.314041
11	0.390473
11	0.297143
11	0.303585
11	0.269907
11	0.334161
11	0.297795
11	0.268908
11	0.318808
11	0.293476
11	0.342638
11	0.424793
11	0.31274
11	0.253051
11	0.333429
11	0.387356
11	0.290669
11	0.200803
11	0.269098
11	0.353726
11	0.306102
14	0.356888
14	0.343358
14	0.301579
14	0.246842
14	0.415997
14	0.279304
14	0.322574
14	0.215369
14	0.382424
14	0.239317
14	0.249972
14	0.255037
14	0.297052
14	0.348119
14	0.273743
14	0.273914
14	0.305268
14	0.267488
14	0.33146
14	0.363798
14	0.274876
14	0.295459
14	0.371856
14	0.256951
14	0.34062
14	0.321504
14	0.312958
14	0.254802
14	0.276718
14	0.259085
14	0.357277
14	0.316554
14	0.275353
14	0.272586
14	0.236228
14	0.381911
14	0.271817
14	0.28424
14	0.220853
14	0.269887
14	0.401253
14	0.291167
14	0.281203
14	0.305763
14	0.357122
14	0.170459
14	0.24258
14	0.226785
14	0.2809
14	0.255059
14	0.233653
14	0.269395
14	0.197135
14	0.293365
14	0.295161
14	0.30622
14	0.298807
14	0.244364
14	0.18509
14	0.29143
14	0.30484
14	0.29724
14	0.294523
14	0.309421
14	0.278008
14	0.272803
14	0.207538
14	0.292176
14	0.225537
14	0.238976
14	0.313365
14	0.228575
14	0.374516
14	0.388416
14	0.281298
14	0.187525
14	0.274766
14	0.353924
14	0.341646
14	0.238543
14	0.278466
14	0.319554
14	0.227519
14	0.309439
14	0.244059
14	0.328755
14	0.309792
14	0.263887
14	0.279973
14	0.376379
14	0.317044
14	0.305608
14	0.283296
14	0.305972
14	0.277733
14	0.298523
14	0.30995
14	0.276986
14	0.301828
14	0.334844
17	0.235097
17	0.261737
17	0.291776
17	0.266363
17	0.285393
17	0.340792
17	0.225283
17	0.211276
17	0.320082
17	0.251037
17	0.279272
17	0.293526
17	0.263202
17	0.334966
17	0.358679
17	0.317495
17	0.248624
17	0.282693
17	0.296435
17	0.277626
17	0.306614
17	0.223315
17	0.286961
17	0.30627
17	0.276404
17	0.271247
17	0.28389
17	0.354102
17	0.312224
17	0.306666
17	0.250691
17	0.309838
17	0.258822
17	0.344799
17	0.273642
17	0.236856
17	0.272989
17	0.279369
17	0.294803
17	0.257134
17	0.382337
17	0.346335
17	0.345572
17	0.296573
17	0.254393
17	0.34111
17	0.280419
17	0.293838
17	0.278564
17	0.270924
17	0.249238
17	0.264167
17	0.215337
17	0.272306
17	0.323891
17	0.288097
17	0.26877
17	0.262653
17	0.394327
17	0.335602
17	0.266559
17	0.364566
17	0.221151
17	0.292456
17	0.2855
17	0.274523
17	0.296228
17	0.244253
17	0.321032
17	0.270386
17	0.233189
17	0.298231
17	0.223943
17	0.280887
17	0.25482
17	0.312681
17	0.191849
17	0.285508
17	0.270118
17	0.302132
17	0.262362
17	0.288716
17	0.286702
17	0.260799
17	0.281162
17	0.263748
17	0.296422
17	0.258711
17	0.286362
17	0.289459
17	0.350635
17	0.278916
17	0.308065
17	0.266856
17	0.324915
17	0.276269
17	0.245091
17	0.214837
17	0.242733
17	0.3504
20	0.269211
20	0.275524
20	0.268404
20	0.300081
20	0.278551
20	0.2547
20	0.258297
20	0.291109
20	0.241534
20	0.275036
20	0.287046
20	0.273836
20	0.302549
20	0.274665
20	0.267188
20	0.228724
20	0.20823
20	0.312058
20	0.316384
20	0.295509
20	0.288367
20	0.275249
20	0.282976
20	0.358688
20	0.263488
20	0.223033
20	0.288563
20	0.224456
20	0.273541
20	0.3333
20	0.352212
20	0.315931
20	0.188414
20	0.302631
20	0.31579
20	0.266147
20	0.27411
20	0.252638
20	0.338155
20	0.256184
20	0.239855
20	0.218712
20	0.240474
20	0.286645
20	0.300105
20	0.295049
20	0.264863
20	0.300449
20	0.270298
20	0.271551
20	0.26558
20	0.201236
20	0.298017
20	0.266571
20	0.313475
20	0.278968
20	0.292341
20	0.321238
20	0.230343
20	0.303302
20	0.319005
20	0.302532
20	0.210078
20	0.288639
20	0.279626
20	0.260473
20	0.284635
20	0.27577
20	0.207445
20	0.250143
20	0.251917
20	0.32311
20	0.255323
20	0.317704
20	0.291694
20	0.341603
20	0.243533
20	0.187168
20	0.302345
20	0.222651
20	0.27919
20	0.322077
20	0.251208
20	0.323221
20	0.292571
20	0.26157
20	0.318623
20	0.304567
20	0.297959
20	0.320134
20	0.3203
20	0.243936
20	0.230791
20	0.238578
20	0.24221
20	0.271608
20	0.258223
20	0.258069
20	0.319516
20	0.244832
23	0.322194
23	0.188888
23	0.253437
23	0.255775
23	0.252702
23	0.247885
23	0.268449
23	0.228923
23	0.295184
23	0.258766
23	0.252472
23	0.249715
23	0.232228
23	0.265305
23	0.243637
23	0.272716
23	0.26742
23	0.197695
23	0.245171
23	0.213171
23	0.296409
23	0.23041
23	0.239994
23	0.303316
23	0.265579
23	0.263875
23	0.29159
23	0.198121
23	0.284612
23	0.290024
23	0.217817
23	0.275362
23	0.24066
23	0.241896
23	0.289468
23	0.299197
23	0.243279
23	0.234657
23	0.248744
23	0.234773
23	0.293255
23	0.241245
23	0.236349
23	0.316434
23	0.224197
23	0.246086
23	0.294243
23	0.284518
23	0.246015
23	0.301499
23	0.328088
23	0.24659
23	0.170028
23	0.279985
23	0.206464
23	0.241533
23	0.281651
23	0.282483
23	0.289494
23	0.293332
23	0.300541
23	0.249928
23	0.211888
23	0.249254
23	0.297365
23	0.30541
23	0.288791
23	0.258459
23	0.284512
23	0.281591
23	0.273539
23	0.258585
23	0.182223
23	0.303751
23	0.282289
23	0.279103
23	0.237077
23	0.220051
23	0.280026
23	0.223055
23	0.270635
23	0.295151
23	0.270989
23	0.255155
23	0.242592
23	0.181543
23	0.257946
23	0.270197
23	0.26331
23	0.305697
23	0.254713
23	0.248864
23	0.25656
23	0.245688
23	0.196298
23	0.261257
23	0.242331
23	0.261031
23	0.275592
23	0.286654
26	0.284318
26	0.263554
26	0.249176
26	0.207886
26	0.232318
26	0.293994
26	0.269962
26	0.239621
26	0.262129
26	0.278295
26	0.27274
26	0.224187
26	0.241471
26	0.236685
26	0.25887
26	0.295903
26	0.253117
26	0.209129
26	0.274206
26	0.294969
26	0.360481
26	0.215426
26	0.254121
26	0.266346
26	0.245017
26	0.280895
26	0.240187
26	0.222143
26	0.282363
26	0.262604
26	0.256612
26	0.289551
26	0.28652
26	0.207459
26	0.308449
26	0.254656
26	0.280703
26	0.214991
26	0.26588
26	0.292737
26	0.310449
26	0.241445
26	0.287244
26	0.258871
26	0.255335
26	0.25172
26	0.271064
26	0.269461
26	0.229971
26	0.213689
26	0.248589
26	0.245153
26	0.245082
26	0.230337
26	0.290569
26	0.295896
26	0.285447
26	0.305811
26	0.292623
26	0.288975
26	0.212783
26	0.209783
26	0.26
26	0.188747
26	0.200799
26	0.256382
26	0.285568
26	0.282235
26	0.311571
26	0.283875
26	0.248064
26	0.286886
26	0.233332
26	0.247133
26	0.327955
26	0.273535
26	0.273741
26	0.259653
26	0.211137
26	0.304795
26	0.226329
26	0.288244
26	0.27122
26	0.264005
26	0.273354
26	0.227255
26	0.204016
26	0.223776
26	0.300946
26	0.257147
26	0.262803
26	0.241098
26	0.264024
26	0.328942
26	0.287457
26	0.252095
26	0.27456
26	0.260822
26	0.261694
26	0.299962
29	0.253402
29	0.28595
29	0.316725
29	0.282914
29	0.268936
29	0.262157
29	0.257819
29	0.287634
29	0.279981
29	0.326624
29	0.267207
29	0.264696
29	0.301077
29	0.277163
29	0.246933
29	0.229965
29	0.266945
29	0.270944
29	0.276803
29	0.276664
29	0.254763
29	0.221834
29	0.198548
29	0.204118
29	0.253107
29	0.268538
29	0.237335
29	0.298552
29	0.314261
29	0.279341
29	0.317445
29	0.306056
29	0.270161
29	0.278498
29	0.265097
29	0.258045
29	0.257924
29	0.312533
29	0.204336
29	0.257571
29	0.239811
29	0.307706
29	0.283383
29	0.242108
29	0.251406
29	0.247374
29	0.300944
29	0.282801
29	0.208593
29	0.246251
29	0.270434
29	0.293897
29	0.280237
29	0.245793
29	0.243596
29	0.263413
29	0.223239
29	0.293705
29	0.277175
29	0.26302
29	0.277138
29	0.267389
29	0.280577
29	0.270411
29	0.258322
29	0.278675
29	0.268556
29	0.276746
29	0.2839
29	0.264142
29	0.330075
29	0.291576
29	0.242974
29	0.337343
29	0.247787
29	0.305941
29	0.258902
29	0.257562
29	0.23859
29	0.279569
29	0.247832
29	0.272934
29	0.249995
29	0.317937
29	0.25322
29	0.299871
29	0.224793
29	0.299146
29	0.215835
29	0.278168
29	0.286902
29	0.230462
29	0.28189
29	0.251777
29	0.263132
29	0.18842
29	0.242371
29	0.258293
29	0.301371
29	0.253682
32	0.217537
32	0.243185
32	0.304555
32	0.254173
32	0.289192
32	0.266063
32	0.210088
32	0.260564
32	0.276999
32	0.323099
32	0.294639
32	0.212056
32	0.224441
32	0.261621
32	0.21622
32	0.290256
32	0.236437
32	0.240877
32	0.24087
32	0.270216
32	0.277347
32	0.257771
32	0.260644
32	0.16096
32	0.267021
32	0.302098
32	0.25351
32	0.294603
32	0.282598
32	0.269739
32	0.30762
32	0.227144
32	0.217245
32	0.327685
32	0.242563
32	0.206602
32	0.271462
32	0.27918
32	0.253243
32	0.299155
32	0.212143
32	0.276856
32	0.260286
32	0.235833
32	0.190005
32	0.2628
32	0.251403
32	0.253659
32	0.282518
32	0.285999
32	0.295952
32	0.246505
32	0.276041
32	0.278076
32	0.22822
32	0.228984
32	0.288112
32	0.271711
32	0.251291
32	0.299838
32	0.315019
32	0.245362
32	0.319298
32	0.30013
32	0.316945
32	0.249189
32	0.19506
32	0.272976
32	0.252632
32	0.28565
32	0.297499
32	0.252449
32	0.312576
32	0.277776
32	0.254801
32	0.222097
32	0.244926
32	0.24901
32	0.198759
32	0.294112
32	0.28431
32	0.286424
32	0.298567
32	0.254249
32	0.254548
32	0.249966
32	0.259912
32	0.262775
32	0.222885
32	0.275195
32	0.237606
32	0.220589
32	0.241524
32	0.223494
32	0.263224
32	0.288676
32	0.20564
32	0.24183
32	0.201237
32	0.232103
35	0.175584
35	0.281221
35	0.213498
35	0.307038
35	0.273391
35	0.272248
35	0.276294
35	0.25642
35	0.23935
35	0.265844
35	0.221985
35	0.245921
35	0.307565
35	0.322515
35	0.278137
35	0.235109
35	0.212325
35	0.244416
35	0.247813
35	0.220659
35	0.244083
35	0.274523
35	0.269506
35	0.256915
35	0.286569
35	0.250222
35	0.250816
35	0.222856
35	0.252583
35	0.23249
35	0.281083
35	0.282527
35	0.224674
35	0.281926
35	0.255222
35	0.262325
35	0.258556
35	0.292119
35	0.232706
35	0.21029
35	0.272167
35	0.276415
35	0.251508
35	0.300762
35	0.219142
35	0.242121
35	0.264767
35	0.230543
35	0.299364
35	0.253855
35	0.249859
35	0.233326
35	0.252507
35	0.255208
35	0.22714
35	0.240529
35	0.235752
35	0.228674
35	0.237477
35	0.273922
35	0.224649
35	0.27287
35	0.274931
35	0.222449
35	0.271903
35	0.269081
35	0.23364
35	0.232788
35	0.206886
35	0.297185
35	0.259103
35	0.263362
35	0.235817
35	0.262195
35	0.257536
35	0.238336
35	0.208176
35	0.247326
35	0.275946
35	0.268562
35	0.224572
35	0.188805
35	0.232472
35	0.251909
35	0.242852
35	0.271479
35	0.227277
35	0.247503
35	0.293046
35	0.257269
35	0.30653
35	0.258723
35	0.26986
35	0.250892
35	0.250516
35	0.284922
35	0.23193
35	0.224662
35	0.296522
35	0.262356
38	0.2106
38	0.229633
38	0.280509
38	0.270982
38	0.152562
38	0.288989
38	0.269068
38	0.266573
38	0.207778
38	0.246369
38	0.279717
38	0.258867
38	0.283837
38	0.222133
38	0.221398
38	0.229896
38	0.253626
38	0.23163
38	0.280141
38	0.266316
38	0.246311
38	0.262791
38	0.28596
38	0.231349
38	0.239506
38	0.279645
38	0.277927
38	0.263173
38	0.271443
38	0.210593
38	0.280137
38	0.27785
38	0.215357
38	0.251201
38	0.259325
38	0.287809
38	0.278605
38	0.2498
38	0.273749
38	0.254444
38	0.245752
38	0.239252
38	0.299236
38	0.288101
38	0.236952
38	0.214207
38	0.249875
38	0.243641
38	0.293697
38	0.280606
38	0.266785
38	0.236954
38	0.250412
38	0.293483
38	0.22545
38	0.258194
38	0.22345
38	0.225202
38	0.250239
38	0.25178
38	0.285611
38	0.245508
38	0.295136
38	0.246643
38	0.297319
38	0.238932
38	0.236053
38	0.256401
38	0.261189
38	0.271338
38	0.177357
38	0.297073
38	0.277379
38	0.20375
38	0.269563
38	0.251495
38	0.226455
38	0.255401
38	0.273514
38	0.257143
38	0.243985
38	0.211372
38	0.264103
38	0.216375
38	0.248041
38	0.249092
38	0.281784
38	0.231843
38	0.22943
38	0.252147
38	0.28435
38	0.263971
38	0.273692
38	0.286928
38	0.258198
38	0.230263
38	0.298973
38	0.279053
38	0.253359
38	0.264808
41	0.244633
41	0.233974
41	0.226699
41	0.239787
41	0.231952
41	0.24934
41	0.238082
41	0.220219
41	0.240271
41	0.263909
41	0.245809
41	0.223952
41	0.200714
41	0.26963
41	0.295359
41	0.27809
41	0.245185
41	0.2104
41	0.226852
41	0.248554
41	0.248092
41	0.236379
41	0.23552
41	0.277425
41	0.217069
41	0.24905
41	0.292967
41	0.301742
41	0.252037
41	0.280839
41	0.261919
41	0.285534
41	0.291353
41	0.304691
41	0.2801
41	0.258221
41	0.287485
41	0.277023
41	0.251507
41	0.28179
41	0.241821
41	0.258937
41	0.244734
41	0.24391
41	0.196382
41	0.273038
41	0.308352
41	0.280524
41	0.268488
41	0.252933
41	0.245068
41	0.271289
41	0.270286
41	0.240543
41	0.214158
41	0.313193
41	0.235965
41	0.210677
41	0.270843
41	0.282852
41	0.251036
41	0.246067
41	0.219206
41	0.270129
41	0.261032
41	0.232028
41	0.247493
41	0.319164
41	0.279902
41	0.260558
41	0.293935
41	0.224345
41	0.23346
41	0.203438
41	0.247949
41	0.220043
41	0.236304
41	0.229869
41	0.25722
41	0.242554
41	0.251663
41	0.229766
41	0.247853
41	0.267958
41	0.231067
41	0.313844
41	0.260102
41	0.21494
41	0.269189
41	0.263196
41	0.296161
41	0.270118
41	0.248808
41	0.206486
41	0.252455
41	0.31634
41	0.272872
41	0.276119
41	0.261777
41	0.286906
44	0.240329
44	0.244451
44	0.232788
44	0.274596
44	0.239029
44	0.262703
44	0.183094
44	0.309134
44	0.257595
44	0.243815
44	0.260224
44	0.273455
44	0.270866
44	0.191
44	0.265324
44	0.257066
44	0.228517
44	0.203978
44	0.235542
44	0.248148
44	0.254635
44	0.289898
44	0.222785
44	0.253508
44	0.268837
44	0.252237
44	0.201241
44	0.2759
44	0.273153
44	0.235004
44	0.279545
44	0.262734
44	0.267597
44	0.282906
44	0.199841
44	0.242496
44	0.237749
44	0.273911
44	0.24848
44	0.28171
44	0.295671
44	0.2773
44	0.281155
44	0.237741
44	0.25614
44	0.241647
44	0.296131
44	0.261154
44	0.239463
44	0.272161
44	0.251396
44	0.224616
44	0.325424
44	0.265871
44	0.243502
44	0.235537
44	0.251449
44	0.278233
44	0.238162
44	0.279074
44	0.247953
44	0.207718
44	0.278814
44	0.260252
44	0.255918
44	0.265079
44	0.246991
44	0.256495
44	0.219959
44	0.258353
44	0.273086
44	0.252505
44	0.226607
44	0.205799
44	0.273803
44	0.257305
44	0.261417
44	0.22262
44	0.246875
44	0.255498
44	0.232062
44	0.237352
44	0.283404
44	0.292621
44	0.30102
44	0.18912
44	0.217706
44	0.273596
44	0.247343
44	0.250027
44	0.331251
44	0.273128
44	0.299951
44	0.240524
44	0.248141
44	0.269806
44	0.289887
44	0.233488
44	0.321878
44	0.263154
47	0.250403
47	0.246351
47	0.277295
47	0.251003
47	0.22176
47	0.262398
47	0.240192
47	0.291855
47	0.251172
47	0.209809
47	0.329195
47	0.27205
47	0.291099
47	0.238742
47	0.253317
47	0.279108
47	0.242632
47	0.314703
47	0.277943
47	0.261297
47	0.248612
47	0.233209
47	0.247975
47	0.272421
47	0.280847
47	0.276176
47	0.283454
47	0.257997
47	0.229614
47	0.265943
47	0.246187
47	0.265713
47	0.269607
47	0.287112
47	0.258708
47	0.282237
47	0.253194
47	0.220621
47	0.240305
47	0.28226
47	0.306439
47	0.255682
47	0.211806
47	0.237514
47	0.246271
47	0.274107
47	0.193589
47	0.27399
47	0.268867
47	0.261281
47	0.288038
47	0.269088
47	0.287687
47	0.242015
47	0.224059
47	0.231812
47	0.284
47	0.262481
47	0.273598
47	0.218796
47	0.201971
47	0.250447
47	0.196747
47	0.243134
47	0.293876
47	0.254389
47	0.252382
47	0.267866
47	0.285195
47	0.309371
47	0.248352
47	0.265176
47	0.260101
47	0.266935
47	0.208093
47	0.254923
47	0.219805
47	0.272324
47	0.235337
47	0.311322
47	0.24222
47	0.221491
47	0.256781
47	0.275962
47	0.267899
47	0.236469
47	0.285632
47	0.235685
47	0.231739
47	0.251172
47	0.263779
47	0.265417
47	0.219333
47	0.230912
47	0.251328
47	0.261419
47	0.283441
47	0.235454
47	0.217577
47	0.301635
50	0.271791
50	0.209132
50	0.247858
50	0.272391
50	0.306684
50	0.260242
50	0.24337
50	0.260145
50	0.254789
50	0.23236
50	0.216438
50	0.22527
50	0.230715
50	0.271846
50	0.238424
50	0.27319
50	0.242344
50	0.259374
50	0.27021
50	0.249062
50	0.284356
50	0.256307
50	0.249265
50	0.241613
50	0.29916
50	0.291017
50	0.292336
50	0.265571
50	0.233328
50	0.242923
50	0.261265
50	0.273262
50	0.237837
50	0.292446
50	0.259691
50	0.268767
50	0.22229
50	0.257013
50	0.252804
50	0.28317
50	0.224137
50	0.207
50	0.226081
50	0.230775
50	0.194184
50	0.237468
50	0.307924
50	0.303915
50	0.228011
50	0.292256
50	0.246974
50	0.243521
50	0.237737
50	0.21543
50	0.228901
50	0.275393
50	0.228078
50	0.242013
50	0.219847
50	0.255192
50	0.230869
50	0.271903
50	0.204196
50	0.219903
50	0.258636
50	0.277981
50	0.252554
50	0.210333
50	0.260394
50	0.24136
50	0.269144
50	0.243828
50	0.233518
50	0.287001
50	0.251474
50	0.240595
50	0.240507
50	0.24553
50	0.256684
50	0.251336
50	0.221657
50	0.297644
50	0.285045
50	0.246179
50	0.232127
50	0.232069
50	0.287653
50	0.249757
50	0.203334
50	0.226682
50	0.239621
50	0.248079
50	0.273717
50	0.239347
50	0.20626
50	0.232542
50	0.251031
50	0.255026
50	0.306757
50	0.225239
53	0.231254
53	0.302817
53	0.20215
53	0.246499
53	0.269558
53	0.276052
53	0.2539
53	0.246121
53	0.217646
53	0.276655
53	0.234795
53	0.260233
53	0.231301
53	0.211816
53	0.248085
53	0.232607
53	0.260149
53	0.245123
53	0.194517
53	0.264601
53	0.272379
53	0.222903
53	0.313558
53	0.260965
53	0.254807
53	0.247708
53	0.235389
53	0.239119
53	0.270678
53	0.214375
53	0.258853
53	0.273605
53	0.262858
53	0.271683
53	0.247147
53	0.269832
53	0.268139
53	0.213776
53	0.247713
53	0.266626
53	0.297316
53	0.188409
53	0.246255
53	0.18186
53	0.284828
53	0.243076
53	0.278684
53	0.244786
53	0.262058
53	0.269708
53	0.245903
53	0.260646
53	0.233428
53	0.224999
53	0.292288
53	0.242609
53	0.240614
53	0.240456
53	0.234013
53	0.253657
53	0.239341
53	0.217526
53	0.272188
53	0.286889
53	0.273705
53	0.296399
53	0.31524
53	0.213005
53	0.208878
53	0.265571
53	0.222015
53	0.341393
53	0.225319
53	0.259345
53	0.235722
53	0.222776
53	0.271297
53	0.217432
53	0.208355
53	0.270328
53	0.266202
53	0.261051
53	0.233552
53	0.20334
53	0.226847
53	0.234865
53	0.229882
53	0.278472
53	0.292011
53	0.242792
53	0.223442
53	0.257727
53	0.246536
53	0.234332
53	0.231892
53	0.267531
53	0.290853
53	0.239926
53	0.304276
53	0.236584
56	0.213342
56	0.235993
56	0.28111
56	0.282513
56	0.290472
56	0.268851
56	0.254308
56	0.235712
56	0.281182
56	0.258546
56	0.237504
56	0.238363
56	0.244046
56	0.284029
56	0.261235
56	0.212237
56	0.196357
56	0.28256
56	0.240083
56	0.265824
56	0.26068
56	0.23189
56	0.238375
56	0.299839
56	0.223406
56	0.22237
56	0.224533
56	0.259856
56	0.233872
56	0.235023
56	0.254329
56	0.218785
56	0.227713
56	0.268316
56	0.260818
56	0.259537
56	0.230698
56	0.184945
56	0.243063
56	0.251282
56	0.272054
56	0.249709
56	0.30867
56	0.256208
56	0.19839
56	0.268239
56	0.275315
56	0.241322
56	0.249785
56	0.231354
56	0.249076
56	0.26949
56	0.222569
56	0.256995
56	0.259086
56	0.28289
56	0.236847
56	0.265148
56	0.239361
56	0.266891
56	0.271884
56	0.268179
56	0.27642
56	0.226124
56	0.2378
56	0.229497
56	0.233533
56	0.229119
56	0.213692
56	0.301153
56	0.272445
56	0.264645
56	0.241129
56	0.218565
56	0.214115
56	0.250769
56	0.214182
56	0.215318
56	0.282891
56	0.29128
56	0.245415
56	0.248628
56	0.263947
56	0.264532
56	0.240824
56	0.215102
56	0.199382
56	0.255424
56	0.226904
56	0.258059
56	0.269434
56	0.250322
56	0.24673
56	0.240065
56	0.230817
56	0.265644
56	0.256887
56	0.250163
56	0.229357
56	0.260673
59	0.266728
59	0.197298
59	0.258288
59	0.236184
59	0.265793
59	0.264334
59	0.250541
59	0.231499
59	0.245821
59	0.249944
59	0.161431
59	0.227535
59	0.303643
59	0.219396
59	0.234548
59	0.22732
59	0.298681
59	0.295359
59	0.267661
59	0.261095
59	0.264499
59	0.21111
59	0.247257
59	0.269634
59	0.237968
59	0.209346
59	0.292658
59	0.24906
59	0.280395
59	0.268309
59	0.250456
59	0.280362
59	0.280333
59	0.257441
59	0.253792
59	0.207223
59	0.233252
59	0.285989
59	0.279227
59	0.279571
59	0.267932
59	0.247867
59	0.254996
59	0.274943
59	0.217491
59	0.272875
59	0.274874
59	0.22831
59	0.295289
59	0.241611
59	0.228032
59	0.243931
59	0.189065
59	0.219166
59	0.205161
59	0.258959
59	0.282355
59	0.220906
59	0.214464
59	0.238783
59	0.21628
59	0.209743
59	0.246944
59	0.253753
59	0.253168
59	0.280672
59	0.240113
59	0.223151
59	0.291303
59	0.252977
59	0.210642
59	0.222535
59	0.283878
59	0.306213
59	0.219505
59	0.259925
59	0.271506
59	0.233258
59	0.266952
59	0.244042
59	0.228355
59	0.259826
59	0.215128
59	0.324992
59	0.281399
59	0.266771
59	0.249738
59	0.220823
59	0.275443
59	0.248177
59	0.269242
59	0.203467
59	0.26458
59	0.226298
59	0.231254
59	0.296768
59	0.211917
59	0.248488
59	0.261983
59	0.202866
62	0.226219
62	0.216087
62	0.246746
62	0.282487
62	0.227294
62	0.244414
62	0.227245
62	0.280434
62	0.262987
62	0.24022
62	0.265821
62	0.260485
62	0.252937
62	0.229854
62	0.248199
62	0.207888
62	0.224595
62	0.225517
62	0.272834
62	0.245295
62	0.24554
62	0.228217
62	0.222925
62	0.236084
62	0.16422
62	0.238256
62	0.226132
62	0.304206
62	0.282793
62	0.254323
62	0.173718
62	0.259907
62	0.268562
62	0.218597
62	0.225548
62	0.211322
62	0.246478
62	0.251139
62	0.286381
62	0.300594
62	0.263557
62	0.273506
62	0.241678
62	0.247928
62	0.28546
62	0.272781
62	0.252223
62	0.264936
62	0.251764
62	0.19432
62	0.2505
62	0.218674
62	0.262294
62	0.214854
62	0.27105
62	0.230078
62	0.247758
62	0.23276
62	0.251413
62	0.236188
62	0.259355
62	0.253208
62	0.215202
62	0.227819
62	0.23934
62	0.264836
62	0.240516
62	0.230482
62	0.235702
62	0.283251
62	0.222892
62	0.2667
62	0.257895
62	0.25673
62	0.268205
62	0.255876
62	0.251862
62	0.277914
62	0.254195
62	0.262429
62	0.269438
62	0.218634
62	0.229769
62	0.262719
62	0.224824
62	0.270019
62	0.216458
62	0.238435
62	0.246295
62	0.273923
62	0.231772
62	0.230297
62	0.251551
62	0.24198
62	0.259401
62	0.224489
62	0.214226
62	0.228583
62	0.172382
62	0.271815
65	0.239863
65	0.2582
65	0.235957
65	0.19521
65	0.262189
65	0.308659
65	0.252775
65	0.227303
65	0.268142
65	0.226631
65	0.269209
65	0.26487
65	0.236059
65	0.258976
65	0.242793
65	0.24164
65	0.283709
65	0.272095
65	0.230371
65	0.257003
65	0.220001
65	0.251554
65	0.268125
65	0.256337
65	0.280896
65	0.218147
65	0.226396
65	0.241444
65	0.22767
65	0.237963
65	0.280218
65	0.286834
65	0.227541
65	0.250986
65	0.240036
65	0.295325
65	0.256913
65	0.278427
65	0.247398
65	0.253149
65	0.249132
65	0.229395
65	0.271143
65	0.259948
65	0.23814
65	0.300699
65	0.224286
65	0.21099
65	0.2268
65	0.251646
65	0.26809
65	0.260891
65	0.269657
65	0.232127
65	0.268555
65	0.275433
65	0.232178
65	0.234844
65	0.272114
65	0.240652
65	0.227776
65	0.234451
65	0.208767
65	0.249536
65	0.264805
65	0.261501
65	0.261496
65	0.26846
65	0.230363
65	0.265673
65	0.249952
65	0.240072
65	0.239922
65	0.225125
65	0.264722
65	0.235109
65	0.296168
65	0.272617
65	0.254963
65	0.242347
65	0.253589
65	0.243398
65	0.208727
65	0.30484
65	0.221106
65	0.262587
65	0.256908
65	0.236823
65	0.235977
65	0.248198
65	0.226421
65	0.207005
65	0.22488
65	0.258114
65	0.245722
65	0.242334
65	0.242395
65	0.246156
65	0.270406
65	0.220799
68	0.252164
68	0.252202
68	0.261065
68	0.242297
68	0.23615
68	0.268322
68	0.237228
68	0.187022
68	0.225035
68	0.231588
68	0.219796
68	0.245244
68	0.286027
68	0.244314
68	0.246866
68	0.260642
68	0.262761
68	0.285195
68	0.244366
68	0.241688
68	0.275163
68	0.243483
68	0.20687
68	0.284887
68	0.255702
68	0.253392
68	0.293038
68	0.254596
68	0.217907
68	0.203264
68	0.28744
68	0.24107
68	0.250028
68	0.24813
68	0.258116
68	0.240903
68	0.245815
68	0.280973
68	0.271142
68	0.280319
68	0.271864
68	0.189643
68	0.267937
68	0.262095
68	0.232583
68	0.239048
68	0.277213
68	0.254474
68	0.306535
68	0.233282
68	0.266918
68	0.307112
68	0.206388
68	0.260892
68	0.275915
68	0.262005
68	0.279
68	0.31029
68	0.216641
68	0.267636
68	0.207566
68	0.257608
68	0.255447
68	0.234209
68	0.248347
68	0.276072
68	0.206476
68	0.249976
68	0.252371
68	0.281906
68	0.193212
68	0.296211
68	0.229618
68	0.274811
68	0.28211
68	0.234482
68	0.212496
68	0.290835
68	0.289578
68	0.250742
68	0.270786
68	0.1596
68	0.242579
68	0.24888
68	0.274075
68	0.250988
68	0.213459
68	0.242946
68	0.25239
68	0.245682
68	0.281605
68	0.274676
68	0.248169
68	0.21225
68	0.274766
68	0.252518
68	0.174606
68	0.239196
68	0.25932
68	0.189559
71	0.234584
71	0.254614
71	0.256398
71	0.25668
71	0.233175
71	0.228853
71	0.225938
71	0.256988
71	0.239705
71	0.253481
71	0.296928
71	0.261473
71	0.222452
71	0.215241
71	0.247812
71	0.224191
71	0.2453
71	0.232001
71	0.253697
71	0.247911
71	0.217799
71	0.244617
71	0.257783
71	0.208138
71	0.213653
71	0.258037
71	0.185597
71	0.245812
71	0.269362
71	0.254238
71	0.247433
71	0.235707
71	0.281764
71	0.226462
71	0.221639
71	0.276531
71	0.153799
71	0.236135
71	0.234392
71	0.214651
71	0.283557
71	0.230881
71	0.216712
71	0.230328
71	0.243496
71	0.226726
71	0.251455
71	0.248281
71	0.24509
71	0.250616
71	0.297768
71	0.223718
71	0.246188
71	0.284419
71	0.222655
71	0.255231
71	0.260083
71	0.262715
71	0.20802
71	0.290782
71	0.28067
71	0.245227
71	0.24199
71	0.231255
71	0.220643
71	0.311977
71	0.239652
71	0.204332
71	0.284659
71	0.226213
71	0.23465
71	0.273262
71	0.265869
71	0.283271
71	0.244626
71	0.226985
71	0.272007
71	0.249363
71	0.221488
71	0.257765
71	0.226266
71	0.226486
71	0.303766
71	0.289256
71	0.265033
71	0.223015
71	0.226523
71	0.294353
71	0.24553
71	0.242648
71	0.271914
71	0.252625
71	0.227566
71	0.26824
71	0.202883
71	0.253422
71	0.274414
71	0.259465
71	0.256287
71	0.227894
74	0.23078
74	0.244664
74	0.241897
74	0.235249
74	0.248895
74	0.219828
74	0.250834
74	0.192456
74	0.194078
74	0.245926
74	0.272034
74	0.245767
74	0.274646
74	0.220546
74	0.211133
74	0.162084
74	0.266245
74	0.266005
74	0.257459
74	0.241307
74	0.23791
74	0.223661
74	0.261418
74	0.265961
74	0.2139
74	0.187007
74	0.244142
74	0.23099
74	0.256228
74	0.271214
74	0.281246
74	0.247238
74	0.241984
74	0.272783
74	0.222768
74	0.27336
74	0.268146
74	0.2517
74	0.235073
74	0.22237
74	0.270809
74	0.216279
74	0.225709
74	0.250473
74	0.25759
74	0.237416
74	0.25025
74	0.244817
74	0.192126
74	0.244234
74	0.240232
74	0.228707
74	0.223936
74	0.234235
74	0.222711
74	0.219879
74	0.272678
74	0.213217
74	0.234423
74	0.278062
74	0.228901
74	0.186994
74	0.211012
74	0.238185
74	0.237628
74	0.266742
74	0.286808
74	0.253414
74	0.274029
74	0.219152
74	0.225399
74	0.262207
74	0.309193
74	0.268658
74	0.21048
74	0.25982
74	0.290434
74	0.237542
74	0.289392
74	0.258085
74	0.271118
74	0.277191
74	0.26606
74	0.215618
74	0.209858
74	0.281899
74	0.273638
74	0.19813
74	0.259013
74	0.298962
74	0.271478
74	0.259154
74	0.256192
74	0.230103
74	0.250502
74	0.230773
74	0.231592
74	0.261542
74	0.212907
74	0.240292
77	0.305441
77	0.290237
77	0.237548
77	0.253617
77	0.250082
77	0.259327
77	0.24634
77	0.203096
77	0.257512
77	0.241435
77	0.26546
77	0.247457
77	0.305034
77	0.24496
77	0.22508
77	0.273888
77	0.2316
77	0.257705
77	0.229642
77	0.224727
77	0.24478
77	0.257136
77	0.180109
77	0.214269
77	0.272472
77	0.262223
77	0.221955
77	0.267848
77	0.226009
77	0.252357
77	0.250927
77	0.227103
77	0.238971
77	0.262055
77	0.246898
77	0.215396
77	0.237739
77	0.273
77	0.204571
77	0.284744
77	0.243094
77	0.224455
77	0.209124
77	0.281316
77	0.277105
77	0.275539
77	0.256967
77	0.243711
77	0.252648
77	0.23272
77	0.225511
77	0.259975
77	0.190621
77	0.259684
77	0.21876
77	0.188442
77	0.219011
77	0.221427
77	0.230841
77	0.258034
77	0.250441
77	0.267431
77	0.256942
77	0.253933
77	0.268412
77	0.222731
77	0.263813
77	0.221343
77	0.289147
77	0.236328
77	0.252662
77	0.256235
77	0.253141
77	0.242434
77	0.257422
77	0.253078
77	0.219945
77	0.27053
77	0.219655
77	0.218962
77	0.256449
77	0.226465
77	0.250188
77	0.255596
77	0.308959
77	0.218623
77	0.248733
77	0.292432
77	0.23996
77	0.235007
77	0.253234
77	0.236468
77	0.228621
77	0.24345
77	0.24496
77	0.271489
77	0.250906
77	0.244629
77	0.220029
77	0.231213
80	0.256291
80	0.205784
80	0.230882
80	0.223723
80	0.254423
80	0.243691
80	0.246771
80	0.268217
80	0.229785
80	0.281854
80	0.247822
80	0.247879
80	0.253969
80	0.245569
80	0.283461
80	0.260702
80	0.24231
80	0.208937
80	0.199898
80	0.259617
80	0.266889
80	0.26472
80	0.277825
80	0.244866
80	0.214463
80	0.258082
80	0.251282
80	0.233255
80	0.205805
80	0.257325
80	0.194331
80	0.205077
80	0.276897
80	0.214269
80	0.234323
80	0.236284
80	0.22464
80	0.271827
80	0.250744
80	0.270638
80	0.220907
80	0.242639
80	0.269835
80	0.220337
80	0.258426
80	0.255842
80	0.255406
80	0.234742
80	0.224391
80	0.225313
80	0.238255
80	0.213781
80	0.226717
80	0.25069
80	0.225858
80	0.262733
80	0.229466
80	0.276063
80	0.248215
80	0.272594
80	0.255264
80	0.250966
80	0.247497
80	0.249939
80	0.232001
80	0.246438
80	0.224561
80	0.257693
80	0.208977
80	0.242082
80	0.227146
80	0.225649
80	0.242655
80	0.25337
80	0.202131
80	0.232167
80	0.240653
80	0.235774
80	0.269558
80	0.238353
80	0.232481
80	0.264974
80	0.272885
80	0.263876
80	0.247799
80	0.291345
80	0.242921
80	0.267896
80	0.20662
80	0.27876
80	0.242505
80	0.208013
80	0.208749
80	0.25838
80	0.296565
80	0.255268
80	0.255246
80	0.240203
80	0.206623
80	0.303366
83	0.2572
83	0.229468
83	0.232337
83	0.256584
83	0.271032
83	0.256287
83	0.245708
83	0.265595
83	0.185279
83	0.203046
83	0.238473
83	0.259524
83	0.23678
83	0.219316
83	0.228176
83	0.203015
83	0.231389
83	0.240568
83	0.237
83	0.25099
83	0.229761
83	0.265683
83	0.225053
83	0.24859
83	0.179712
83	0.214867
83	0.22969
83	0.211213
83	0.268487
83	0.219624
83	0.227343
83	0.260819
83	0.208168
83	0.267177
83	0.248246
83	0.242797
83	0.24496
83	0.25168
83	0.265053
83	0.191427
83	0.232939
83	0.213004
83	0.291647
83	0.242963
83	0.238991
83	0.240636
83	0.245278
83	0.209519
83	0.284568
83	0.232763
83	0.245311
83	0.202843
83	0.243429
83	0.212993
83	0.255185
83	0.214111
83	0.268492
83	0.270174
83	0.227649
83	0.24325
83	0.206163
83	0.263609
83	0.231973
83	0.237207
83	0.256761
83	0.24689
83	0.236062
83	0.244442
83	0.223129
83	0.244335
83	0.260322
83	0.248286
83	0.279395
83	0.251928
83	0.262925
83	0.232482
83	0.268086
83	0.255653
83	0.203205
83	0.242838
83	0.220235
83	0.237312
83	0.239276
83	0.244094
83	0.223661
83	0.226525
83	0.183176
83	0.253823
83	0.276424
83	0.263401
83	0.272058
83	0.235349
83	0.231593
83	0.235599
83	0.250978
83	0.260539
83	0.235897
83	0.219311
83	0.276532
83	0.250883
86	0.252094
86	0.268871
86	0.185235
86	0.254955
86	0.256553
86	0.232126
86	0.261964
86	0.277695
86	0.243052
86	0.217482
86	0.21897
86	0.257492
86	0.230375
86	0.247138
86	0.232348
86	0.260029
86	0.275851
86	0.230901
86	0.202006
86	0.210608
86	0.240695
86	0.267477
86	0.201363
86	0.236554
86	0.259438
86	0.250707
86	0.22429
86	0.275638
86	0.207051
86	0.206528
86	0.238394
86	0.230751
86	0.267773
86	0.248177
86	0.237596
86	0.27114
86	0.210528
86	0.242968
86	0.248398
86	0.245095
86	0.235496
86	0.26166
86	0.227247
86	0.233099
86	0.219428
86	0.259966
86	0.266613
86	0.209289
86	0.225817
86	0.277352
86	0.231406
86	0.248723
86	0.264288
86	0.194143
86	0.257717
86	0.257868
86	0.263673
86	0.235951
86	0.237188
86	0.208839
86	0.269817
86	0.211014
86	0.256998
86	0.243265
86	0.222707
86	0.226128
86	0.21776
86	0.208718
86	0.256297
86	0.245156
86	0.186624
86	0.257004
86	0.246301
86	0.218594
86	0.241874
86	0.263529
86	0.227372
86	0.182779
86	0.213247
86	0.248067
86	0.254032
86	0.270394
86	0.197813
86	0.237782
86	0.22942
86	0.275226
86	0.26296
86	0.278377
86	0.234996
86	0.239967
86	0.260066
86	0.268007
86	0.232171
86	0.244731
86	0.191572
86	0.235541
86	0.235328
86	0.241329
86	0.225769
86	0.237221
89	0.246426
89	0.260358
89	0.219912
89	0.252533
89	0.22821
89	0.25294
89	0.235787
89	0.262674
89	0.240948
89	0.217031
89	0.248976
89	0.255046
89	0.248696
89	0.254035
89	0.248182
89	0.230855
89	0.251326
89	0.197537
89	0.276664
89	0.245305
89	0.22786
89	0.215908
89	0.217747
89	0.216738
89	0.240493
89	0.269393
89	0.224373
89	0.220624
89	0.213675
89	0.205321
89	0.189822
89	0.261652
89	0.234691
89	0.282736
89	0.218691
89	0.243904
89	0.258736
89	0.225293
89	0.274646
89	0.259094
89	0.247097
89	0.245685
89	0.243358
89	0.257531
89	0.259953
89	0.269737
89	0.212458
89	0.249768
89	0.218968
89	0.251774
89	0.240508
89	0.244318
89	0.261737
89	0.216302
89	0.230672
89	0.207656
89	0.298176
89	0.255934
89	0.257851
89	0.256725
89	0.273531
89	0.281473
89	0.275542
89	0.238978
89	0.215157
89	0.251033
89	0.272185
89	0.26417
89	0.280108
89	0.259317
89	0.216475
89	0.240262
89	0.260987
89	0.264849
89	0.287048
89	0.225792
89	0.247878
89	0.214728
89	0.23095
89	0.2402
89	0.236549
89	0.245521
89	0.229938
89	0.21938
89	0.269107
89	0.231869
89	0.204934
89	0.245379
89	0.235896
89	0.252373
89	0.238679
89	0.22981
89	0.203284
89	0.233473
89	0.190071
89	0.252368
89	0.234817
89	0.22525
89	0.261656
89	0.22823
92	0.278145
92	0.248732
92	0.290498
92	0.230959
92	0.233298
92	0.229319
92	0.262497
92	0.245589
92	0.269239
92	0.263262
92	0.23242
92	0.236574
92	0.236716
92	0.205732
92	0.248844
92	0.23008
92	0.216094
92	0.271677
92	0.259234
92	0.257427
92	0.207091
92	0.235076
92	0.24478
92	0.255108
92	0.234895
92	0.259029
92	0.218385
92	0.244714
92	0.238222
92	0.22356
92	0.222149
92	0.226252
92	0.256121
92	0.180804
92	0.250686
92	0.274605
92	0.224806
92	0.17932
92	0.190028
92	0.264176
92	0.239884
92	0.164717
92	0.202592
92	0.251961
92	0.240274
92	0.196175
92	0.256728
92	0.220309
92	0.226635
92	0.263801
92	0.23084
92	0.337615
92	0.263719
92	0.257403
92	0.223721
92	0.255082
92	0.233038
92	0.251913
92	0.208395
92	0.229259
92	0.262987
92	0.260818
92	0.244962
92	0.285423
92	0.27139
92	0.207423
92	0.228352
92	0.207249
92	0.24679
92	0.278098
92	0.239247
92	0.199395
92	0.197203
92	0.248377
92	0.26198
92	0.275371
92	0.262374
92	0.290154
92	0.267422
92	0.236343
92	0.225532
92	0.200232
92	0.220466
92	0.26761
92	0.242456
92	0.253419
92	0.214174
92	0.259354
92	0.235607
92	0.266567
92	0.223238
92	0.213945
92	0.274193
92	0.209287
92	0.223272
92	0.233772
92	0.244222
92	0.230159
92	0.262983
92	0.231071
95	0.253994
95	0.223286
95	0.285593
95	0.222028
95	0.255868
95	0.195801
95	0.241392
95	0.215806
95	0.26105
95	0.227604
95	0.226789
95	0.22818
95	0.19499
95	0.271517
95	0.248274
95	0.176244
95	0.195915
95	0.236614
95	0.205704
95	0.239995
95	0.19632
95	0.216928
95	0.25844
95	0.265042
95	0.268333
95	0.223371
95	0.238545
95	0.254706
95	0.230868
95	0.26244
95	0.249064
95	0.253248
95	0.278845
95	0.249421
95	0.256336
95	0.207411
95	0.276775
95	0.22684
95	0.221785
95	0.252449
95	0.298685
95	0.211427
95	0.197698
95	0.259616
95	0.229983
95	0.252784
95	0.270524
95	0.28034
95	0.243907
95	0.198792
95	0.230203
95	0.243583
95	0.222841
95	0.273814
95	0.248339
95	0.276466
95	0.25423
95	0.183845
95	0.205403
95	0.210944
95	0.255697
95	0.24484
95	0.234072
95	0.260748
95	0.2254
95	0.248388
95	0.241509
95	0.272341
95	0.251063
95	0.261032
95	0.264127
95	0.19697
95	0.282662
95	0.27075
95	0.200073
95	0.2469
95	0.261541
95	0.25878
95	0.253758
95	0.236632
95	0.219884
95	0.214456
95	0.257348
95	0.241854
95	0.199
95	0.274609
95	0.235518
95	0.243732
95	0.292387
95	0.264168
95	0.200318
95	0.235765
95	0.245356
95	0.239794
95	0.257566
95	0.273524
95	0.267265
95	0.208441
95	0.261182
95	0.181078
98	0.232713
98	0.231252
98	0.265967
98	0.262039
98	0.237207
98	0.224223
98	0.288775
98	0.206128
98	0.221114
98	0.24021
98	0.204536
98	0.261089
98	0.229961
98	0.259876
98	0.252467
98	0.230416
98	0.198072
98	0.212265
98	0.260369
98	0.238061
98	0.253759
98	0.216645
98	0.236664
98	0.212934
98	0.250975
98	0.232695
98	0.247522
98	0.257584
98	0.23522
98	0.250171
98	0.255191
98	0.208104
98	0.268611
98	0.243187
98	0.281151
98	0.231245
98	0.193517
98	0.219625
98	0.185361
98	0.220519
98	0.24843
98	0.223005
98	0.207552
98	0.221911
98	0.258063
98	0.2157
98	0.2087
98	0.193507
98	0.22299
98	0.194393
98	0.271926
98	0.264699
98	0.276056
98	0.217981
98	0.249503
98	0.270695
98	0.250634
98	0.267272
98	0.22491
98	0.213641
98	0.209639
98	0.256518
98	0.201811
98	0.254992
98	0.220807
98	0.232491
98	0.236757
98	0.218784
98	0.22636
98	0.290954
98	0.251331
98	0.261532
98	0.238999
98	0.2415
98	0.224709
98	0.275464
98	0.292119
98	0.244106
98	0.273891
98	0.257135
98	0.22886
98	0.265375
98	0.224671
98	0.214612
98	0.253216
98	0.229581
98	0.23737
98	0.25626
98	0.23553
98	0.225755
98	0.246655
98	0.201393
98	0.26186
98	0.254092
98	0.292697
98	0.28097
98	0.145306
98	0.242389
98	0.205706
98	0.211682
101	0.228809
101	0.250683
101	0.243368
101	0.260523
101	0.228596
101	0.25188
101	0.243303
101	0.249625
101	0.308791
101	0.239861
101	0.266053
101	0.244428
101	0.240988
101	0.252665
101	0.262904
101	0.269835
101	0.26158
101	0.245603
101	0.160325
101	0.248307
101	0.248277
101	0.256028
101	0.232295
101	0.210482
101	0.22542
101	0.19638
101	0.228339
101	0.247266
101	0.241245
101	0.277178
101	0.236822
101	0.230135
101	0.207382
101	0.231095
101	0.214699
101	0.217167
101	0.251091
101	0.236378
101	0.225921
101	0.240181
101	0.233461
101	0.257923
101	0.23074
101	0.175853
101	0.234181
101	0.255893
101	0.25732
101	0.221863
101	0.18856
101	0.222436
101	0.239178
101	0.185231
101	0.228734
101	0.211793
101	0.243211
101	0.231935
101	0.268196
101	0.235729
101	0.251036
101	0.251324
101	0.259399
101	0.268894
101	0.191025
101	0.258779
101	0.266
101	0.231748
101	0.244696
101	0.262675
101	0.266258
101	0.283969
101	0.264022
101	0.22122
101	0.224406
101	0.213727
101	0.257695
101	0.229427
101	0.217844
101	0.247244
101	0.196797
101	0.231664
101	0.242824
101	0.239468
101	0.227345
101	0.234764
101	0.255546
101	0.236699
101	0.259953
101	0.244067
101	0.206961
101	0.222989
101	0.23063
101	0.215303
101	0.25023
101	0.186879
101	0.239324
101	0.217623
101	0.206646
101	0.275647
101	0.233151
101	0.25448
104	0.229863
104	0.258584
104	0.310587
104	0.202861
104	0.268455
104	0.242589
104	0.22568
104	0.243966
104	0.178244
104	0.27492
104	0.26321
104	0.216379
104	0.231888
104	0.218406
104	0.262907
104	0.210453
104	0.227709
104	0.191808
104	0.241884
104	0.182743
104	0.251198
104	0.24548
104	0.290242
104	0.232182
104	0.239239
104	0.258393
104	0.197273
104	0.251616
104	0.228746
104	0.244281
104	0.237666
104	0.222617
104	0.205341
104	0.280755
104	0.250065
104	0.253504
104	0.24101
104	0.260552
104	0.212027
104	0.281074
104	0.239898
104	0.245438
104	0.231005
104	0.184957
104	0.244015
104	0.196393
104	0.221331
104	0.233801
104	0.213262
104	0.235494
104	0.236151
104	0.221361
104	0.265898
104	0.241096
104	0.248057
104	0.252004
104	0.243385
104	0.302458
104	0.239877
104	0.211063
104	0.187882
104	0.223927
104	0.229048
104	0.28454
104	0.238204
104	0.22449
104	0.234846
104	0.196826
104	0.220488
104	0.215359
104	0.251537
104	0.181004
104	0.282348
104	0.219982
104	0.242674
104	0.190882
104	0.264587
104	0.258393
104	0.220261
104	0.280403
104	0.245519
104	0.212501
104	0.245773
104	0.188624
104	0.258531
104	0.216566
104	0.195157
104	0.274302
104	0.243322
104	0.262808
104	0.271066
104	0.264673
104	0.213116
104	0.216443
104	0.255484
104	0.246449
104	0.232901
104	0.221342
104	0.208113
104	0.238094
107	0.243218
107	0.234691
107	0.258592
107	0.209634
107	0.222422
107	0.21173
107	0.235075
107	0.228062
107	0.235757
107	0.226516
107	0.237472
107	0.234196
107	0.213683
107	0.26326
107	0.235145
107	0.236715
107	0.219843
107	0.228275
107	0.206247
107	0.259224
107	0.227519
107	0.257442
107	0.27671
107	0.236395
107	0.223399
107	0.226536
107	0.22125
107	0.260184
107	0.218762
107	0.28211
107	0.212474
107	0.283619
107	0.227173
107	0.25863
107	0.24898
107	0.258495
107	0.259456
107	0.274846
107	0.159071
107	0.236719
107	0.245909
107	0.23724
107	0.238034
107	0.237334
107	0.260485
107	0.262778
107	0.232436
107	0.218347
107	0.254968
107	0.23759
107	0.218107
107	0.239591
107	0.203356
107	0.208372
107	0.223772
107	0.270633
107	0.235053
107	0.231725
107	0.269657
107	0.183418
107	0.220039
107	0.223779
107	0.259897
107	0.252283
107	0.25268
107	0.260116
107	0.267554
107	0.199334
107	0.221073
107	0.189659
107	0.243414
107	0.204952
107	0.277162
107	0.22552
107	0.235791
107	0.195102
107	0.256662
107	0.21933
107	0.259095
107	0.243252
107	0.236648
107	0.241961
107	0.186152
107	0.222817
107	0.24733
107	0.26804
107	0.241847
107	0.241076
107	0.19556
107	0.253079
107	0.256896
107	0.17543
107	0.244642
107	0.232413
107	0.300475
107	0.21438
107	0.223407
107	0.269
107	0.234885
107	0.248012
110	0.203812
110	0.264937
110	0.193201
110	0.237682
110	0.274393
110	0.278532
110	0.221326
110	0.228053
110	0.239875
110	0.261138
110	0.271177
110	0.2119
110	0.238462
110	0.267621
110	0.258945
110	0.242309
110	0.247812
110	0.268636
110	0.233267
110	0.246195
110	0.277784
110	0.248214
110	0.234991
110	0.21869
110	0.23009
110	0.252242
110	0.271471
110	0.257994
110	0.216993
110	0.249458
110	0.260706
110	0.186646
110	0.204478
110	0.260541
110	0.234863
110	0.267466
110	0.215442
110	0.269855
110	0.254329
110	0.270191
110	0.235264
110	0.228189
110	0.246424
110	0.25829
110	0.146357
110	0.21674
110	0.24768
110	0.250001
110	0.211342
110	0.221145
110	0.239609
110	0.249989
110	0.230057
110	0.273673
110	0.248821
110	0.255818
110	0.251619
110	0.256122
110	0.20894
110	0.231558
110	0.193577
110	0.250694
110	0.219655
110	0.180856
110	0.210791
110	0.185923
110	0.236581
110	0.265669
110	0.211327
110	0.195964
110	0.238405
110	0.240927
110	0.270616
110	0.236541
110	0.263412
110	0.240122
110	0.235584
110	0.255803
110	0.218804
110	0.23996
110	0.245711
110	0.255413
110	0.210163
110	0.253353
110	0.282452
110	0.217257
110	0.225634
110	0.274635
110	0.270099
110	0.266284
110	0.266024
110	0.226722
110	0.254268
110	0.24228
110	0.224365
110	0.168721
110	0.259744
110	0.208785
110	0.220529
110	0.254495
113	0.288455
113	0.260701
113	0.280799
113	0.258688
113	0.261522
113	0.226318
113	0.208281
113	0.231174
113	0.186257
113	0.220465
113	0.246847
113	0.219504
113	0.272103
113	0.228478
113	0.273732
113	0.256612
113	0.231987
113	0.243185
113	0.267276
113	0.26666
113	0.27624
113	0.286297
113	0.295594
113	0.247094
113	0.251951
113	0.201619
113	0.215648
113	0.159049
113	0.23964
113	0.260253
113	0.260705
113	0.250536
113	0.202616
113	0.222551
113	0.238296
113	0.221327
113	0.228342
113	0.260239
113	0.257753
113	0.232575
113	0.244205
113	0.249415
113	0.252472
113	0.222272
113	0.243701
113	0.193109
113	0.231735
113	0.231771
113	0.26155
113	0.275083
113	0.254597
113	0.224073
113	0.216943
113	0.271582
113	0.250375
113	0.259108
113	0.224103
113	0.250491
113	0.252628
113	0.254977
113	0.20888
113	0.254999
113	0.218908
113	0.21939
113	0.251392
113	0.23894
113	0.229171
113	0.251196
113	0.234503
113	0.227486
113	0.236936
113	0.214392
113	0.271648
113	0.215221
113	0.209282
113	0.257266
113	0.196281
113	0.230488
113	0.208969
113	0.261264
113	0.2468
113	0.251369
113	0.215752
113	0.185698
113	0.208141
113	0.250029
113	0.218827
113	0.235517
113	0.172922
113	0.203002
113	0.222371
113	0.255217
113	0.211278
113	0.180326
113	0.267891
113	0.2511
113	0.245442
113	0.23403
113	0.222585
113	0.22817
116	0.228673
116	0.201672
116	0.200813
116	0.228626
116	0.241282
116	0.228095
116	0.270968
116	0.226461
116	0.207683
116	0.277615
116	0.252127
116	0.268321
116	0.236917
116	0.249386
116	0.193676
116	0.236375
116	0.228573
116	0.267644
116	0.224024
116	0.24662
116	0.275041
116	0.185817
116	0.229659
116	0.225771
116	0.236928
116	0.25943
116	0.225158
116	0.232673
116	0.169686
116	0.222233
116	0.236608
116	0.213708
116	0.227237
116	0.247601
116	0.214703
116	0.247495
116	0.242806
116	0.258381
116	0.247735
116	0.211188
116	0.247387
116	0.26715
116	0.229344
116	0.213659
116	0.233665
116	0.224536
116	0.251154
116	0.225977
116	0.240759
116	0.241607
116	0.215123
116	0.213932
116	0.278392
116	0.240126
116	0.213228
116	0.267887
116	0.233249
116	0.236289
116	0.254965
116	0.236202
116	0.253552
116	0.26282
116	0.220554
116	0.210709
116	0.24734
116	0.251553
116	0.273113
116	0.224911
116	0.267351
116	0.26765
116	0.235181
116	0.264787
116	0.254189
116	0.262939
116	0.257537
116	0.235691
116	0.222597
116	0.246046
116	0.255582
116	0.246152
116	0.186464
116	0.211584
116	0.256006
116	0.248319
116	0.22921
116	0.2505
116	0.2454
116	0.229881
116	0.226221
116	0.235925
116	0.251024
116	0.257308
116	0.225608
116	0.236658
116	0.209859
116	0.234381
116	0.24317
116	0.202598
116	0.204829
116	0.264061
119	0.261268
119	0.226099
119	0.264813
119	0.239843
119	0.205959
119	0.2449
119	0.203428
119	0.231816
119	0.203138
119	0.24923
119	0.200645
119	0.247476
119	0.229165
119	0.224157
119	0.272127
119	0.268576
119	0.225329
119	0.224693
119	0.270078
119	0.226582
119	0.253616
119	0.238236
119	0.20994
119	0.203196
119	0.286985
119	0.250112
119	0.184217
119	0.210077
119	0.25144
119	0.245362
119	0.234303
119	0.225573
119	0.262667
119	0.256362
119	0.26878
119	0.236665
119	0.233671
119	0.26471
119	0.240291
119	0.255755
119	0.234169
119	0.225779
119	0.237194
119	0.203361
119	0.24578
119	0.206337
119	0.283113
119	0.218331
119	0.218199
119	0.198556
119	0.277359
119	0.276515
119	0.241333
119	0.21585
119	0.227865
119	0.20949
119	0.252957
119	0.217095
119	0.237467
119	0.1918
119	0.249873
119	0.229171
119	0.209677
119	0.258547
119	0.251297
119	0.279832
119	0.262046
119	0.243226
119	0.210569
119	0.2087
119	0.27916
119	0.254756
119	0.249649
119	0.253677
119	0.245817
119	0.20849
119	0.212135
119	0.221058
119	0.22399
119	0.179978
119	0.221335
119	0.227612
119	0.254752
119	0.255731
119	0.237777
119	0.228608
119	0.207152
119	0.210657
119	0.227362
119	0.236964
119	0.219146
119	0.246692
119	0.207868
119	0.231429
119	0.242396
119	0.202157
119	0.233576
119	0.256559
119	0.216765
119	0.214221
