10	103
9	0.1
8	0.1
7	0.1
6	0.1
5	0.1
4	0.1
3	0.1
2	0.1
1	0.1
0	0.1
112	1.71158e-06
111	1.9062e-06
110	2.02542e-06
109	3.53725e-06
108	4.73805e-06
107	5.53407e-06
106	5.98218e-06
105	7.35991e-06
104	9.1662e-06
103	9.5426e-06
102	1.13978e-05
101	1.47827e-05
100	1.65748e-05
99	1.68281e-05
98	2.20638e-05
97	3.17456e-05
96	3.6653e-05
95	4.51889e-05
94	4.82941e-05
93	4.97579e-05
92	5.14153e-05
91	5.83088e-05
90	7.03898e-05
89	7.77466e-05
88	8.7202e-05
87	0.000100632
86	0.000111799
85	0.000130148
84	0.000159639
83	0.000169696
82	0.000201504
81	0.000218471
80	0.000231892
79	0.000274794
78	0.000337121
77	0.000359383
76	0.000375124
75	0.000434542
74	0.000441045
73	0.000483832
72	0.000528566
71	0.000530882
70	0.000531222
69	0.000638986
68	0.000772885
67	0.00078449
66	0.000814864
65	0.000833024
64	0.000856759
63	0.00104154
62	0.00116431
61	0.00119198
60	0.00132396
59	0.00132452
58	0.00142629
57	0.00145011
56	0.00181938
55	0.00188396
54	0.00202528
53	0.00203643
52	0.00238788
51	0.00255591
50	0.00288576
49	0.00309329
48	0.00339386
47	0.00389802
46	0.00401439
45	0.00422697
44	0.00426183
43	0.00436049
42	0.00448298
41	0.00529999
40	0.00582709
39	0.00616484
38	0.0063749
37	0.00684079
36	0.00715921
35	0.00740614
34	0.00778041
33	0.00835517
32	0.00906422
31	0.010718
30	0.0111195
29	0.012552
28	0.0141553
27	0.0148091
26	0.0149407
25	0.0157645
24	0.0166108
23	0.0177547
22	0.0201674
21	0.0222467
20	0.0259089
19	0.0278976
18	0.0290573
17	0.0298682
16	0.0334349
15	0.0361526
14	0.0555081
13	0.0601494
12	0.088224
11	0.111601
10	0.193826
119	9	112	0.68
119	9	111	0.733333
119	9	110	0.653333
119	9	109	0.306667
119	9	108	0.453333
119	9	107	0.546667
119	9	106	0.426667
119	9	105	0.56
119	9	104	0.626667
119	9	103	0.333333
119	9	102	0.386667
119	9	101	0.32
119	9	100	0.373333
119	9	99	0.386667
119	9	98	0.386667
119	9	97	0.4
119	9	96	0.56
119	9	95	0.546667
119	9	94	0.733333
119	9	93	0.506667
119	9	92	0.613333
119	9	91	0.6
119	9	90	0.613333
119	9	89	0.76
119	9	88	0.48
119	9	87	0.6
119	9	86	0.493333
119	9	85	0.4
119	9	84	0.373333
119	9	83	0.266667
119	9	82	0.56
119	9	81	0.453333
119	9	80	0.68
119	9	79	0.466667
119	9	78	0.466667
119	9	77	0.626667
119	9	76	0.48
119	9	75	0.4
119	9	74	0.52
119	9	73	0.373333
119	9	72	0.48
119	9	71	0.586667
119	9	70	0.493333
119	9	69	0.346667
119	9	68	0.666667
119	9	67	0.52
119	9	66	0.426667
119	9	65	0.653333
119	9	64	0.44
119	9	63	0.573333
119	9	62	0.32
119	9	61	0.666667
119	9	60	0.533333
119	9	59	0.493333
119	9	58	0.586667
119	9	57	0.453333
119	9	56	0.626667
119	9	55	0.706667
119	9	54	0.626667
119	9	53	0.506667
119	9	52	0.733333
119	9	51	0.693333
119	9	50	0.333333
119	9	49	0.52
119	9	48	0.306667
119	9	47	0.4
119	9	46	0.6
119	9	45	0.426667
119	9	44	0.253333
119	9	43	0.44
119	9	42	0.706667
119	9	41	0.52
119	9	40	0.493333
119	9	39	0.44
119	9	38	0.453333
119	9	37	0.546667
119	9	36	0.466667
119	9	35	0.426667
119	9	34	0.426667
119	9	33	0.4
119	9	32	0.546667
119	9	31	0.506667
119	9	30	0.6
119	9	29	0.506667
119	9	28	0.293333
119	9	27	0.333333
119	9	26	0.706667
119	9	25	0.386667
119	9	24	0.733333
119	9	23	0.626667
119	9	22	0.24
119	9	21	0.68
119	9	20	0.733333
119	9	19	0.346667
119	9	18	0.373333
119	9	17	0.706667
119	9	16	0.36
119	9	15	0.306667
119	9	14	0.573333
119	9	13	0.56
119	9	12	0.36
119	9	11	0.24
119	9	10	0.346667
119	8	112	0.6
119	8	111	0.573333
119	8	110	0.573333
119	8	109	0.44
119	8	108	0.346667
119	8	107	0.466667
119	8	106	0.426667
119	8	105	0.533333
119	8	104	0.52
119	8	103	0.36
119	8	102	0.386667
119	8	101	0.453333
119	8	100	0.4
119	8	99	0.36
119	8	98	0.466667
119	8	97	0.293333
119	8	96	0.346667
119	8	95	0.52
119	8	94	0.573333
119	8	93	0.426667
119	8	92	0.64
119	8	91	0.493333
119	8	90	0.586667
119	8	89	0.733333
119	8	88	0.373333
119	8	87	0.573333
119	8	86	0.6
119	8	85	0.293333
119	8	84	0.453333
119	8	83	0.346667
119	8	82	0.64
119	8	81	0.24
119	8	80	0.413333
119	8	79	0.44
119	8	78	0.413333
119	8	77	0.52
119	8	76	0.4
119	8	75	0.373333
119	8	74	0.573333
119	8	73	0.4
119	8	72	0.293333
119	8	71	0.613333
119	8	70	0.546667
119	8	69	0.4
119	8	68	0.693333
119	8	67	0.333333
119	8	66	0.4
119	8	65	0.733333
119	8	64	0.573333
119	8	63	0.44
119	8	62	0.293333
119	8	61	0.48
119	8	60	0.426667
119	8	59	0.36
119	8	58	0.48
119	8	57	0.346667
119	8	56	0.653333
119	8	55	0.546667
119	8	54	0.52
119	8	53	0.586667
119	8	52	0.546667
119	8	51	0.693333
119	8	50	0.28
119	8	49	0.333333
119	8	48	0.12
119	8	47	0.293333
119	8	46	0.493333
119	8	45	0.4
119	8	44	0.28
119	8	43	0.493333
119	8	42	0.52
119	8	41	0.573333
119	8	40	0.36
119	8	39	0.386667
119	8	38	0.586667
119	8	37	0.546667
119	8	36	0.573333
119	8	35	0.4
119	8	34	0.266667
119	8	33	0.32
119	8	32	0.44
119	8	31	0.373333
119	8	30	0.413333
119	8	29	0.48
119	8	28	0.213333
119	8	27	0.333333
119	8	26	0.52
119	8	25	0.36
119	8	24	0.546667
119	8	23	0.6
119	8	22	0.266667
119	8	21	0.573333
119	8	20	0.653333
119	8	19	0.293333
119	8	18	0.24
119	8	17	0.52
119	8	16	0.253333
119	8	15	0.2
119	8	14	0.546667
119	8	13	0.373333
119	8	12	0.333333
119	8	11	0.293333
119	8	10	0.16
119	7	112	0.413333
119	7	111	0.386667
119	7	110	0.546667
119	7	109	0.32
119	7	108	0.6
119	7	107	0.573333
119	7	106	0.28
119	7	105	0.72
119	7	104	0.613333
119	7	103	0.44
119	7	102	0.453333
119	7	101	0.373333
119	7	100	0.533333
119	7	99	0.533333
119	7	98	0.32
119	7	97	0.546667
119	7	96	0.653333
119	7	95	0.56
119	7	94	0.56
119	7	93	0.413333
119	7	92	0.52
119	7	91	0.6
119	7	90	0.666667
119	7	89	0.573333
119	7	88	0.6
119	7	87	0.506667
119	7	86	0.48
119	7	85	0.306667
119	7	84	0.453333
119	7	83	0.44
119	7	82	0.56
119	7	81	0.546667
119	7	80	0.453333
119	7	79	0.28
119	7	78	0.4
119	7	77	0.493333
119	7	76	0.52
119	7	75	0.28
119	7	74	0.64
119	7	73	0.506667
119	7	72	0.253333
119	7	71	0.493333
119	7	70	0.32
119	7	69	0.28
119	7	68	0.466667
119	7	67	0.453333
119	7	66	0.653333
119	7	65	0.48
119	7	64	0.426667
119	7	63	0.533333
119	7	62	0.333333
119	7	61	0.653333
119	7	60	0.613333
119	7	59	0.666667
119	7	58	0.493333
119	7	57	0.333333
119	7	56	0.426667
119	7	55	0.64
119	7	54	0.56
119	7	53	0.573333
119	7	52	0.586667
119	7	51	0.6
119	7	50	0.48
119	7	49	0.4
119	7	48	0.426667
119	7	47	0.44
119	7	46	0.586667
119	7	45	0.546667
119	7	44	0.4
119	7	43	0.373333
119	7	42	0.586667
119	7	41	0.613333
119	7	40	0.493333
119	7	39	0.373333
119	7	38	0.4
119	7	37	0.613333
119	7	36	0.52
119	7	35	0.28
119	7	34	0.493333
119	7	33	0.306667
119	7	32	0.613333
119	7	31	0.573333
119	7	30	0.533333
119	7	29	0.52
119	7	28	0.373333
119	7	27	0.306667
119	7	26	0.586667
119	7	25	0.4
119	7	24	0.546667
119	7	23	0.573333
119	7	22	0.493333
119	7	21	0.6
119	7	20	0.466667
119	7	19	0.453333
119	7	18	0.546667
119	7	17	0.48
119	7	16	0.306667
119	7	15	0.586667
119	7	14	0.333333
119	7	13	0.413333
119	7	12	0.44
119	7	11	0.2
119	7	10	0.24
119	6	112	0.6
119	6	111	0.52
119	6	110	0.573333
119	6	109	0.36
119	6	108	0.613333
119	6	107	0.306667
119	6	106	0.373333
119	6	105	0.613333
119	6	104	0.6
119	6	103	0.44
119	6	102	0.44
119	6	101	0.186667
119	6	100	0.293333
119	6	99	0.466667
119	6	98	0.413333
119	6	97	0.56
119	6	96	0.453333
119	6	95	0.386667
119	6	94	0.52
119	6	93	0.266667
119	6	92	0.533333
119	6	91	0.573333
119	6	90	0.373333
119	6	89	0.546667
119	6	88	0.666667
119	6	87	0.52
119	6	86	0.546667
119	6	85	0.293333
119	6	84	0.373333
119	6	83	0.24
119	6	82	0.48
119	6	81	0.346667
119	6	80	0.466667
119	6	79	0.44
119	6	78	0.573333
119	6	77	0.413333
119	6	76	0.186667
119	6	75	0.506667
119	6	74	0.493333
119	6	73	0.293333
119	6	72	0.293333
119	6	71	0.506667
119	6	70	0.68
119	6	69	0.346667
119	6	68	0.586667
119	6	67	0.253333
119	6	66	0.426667
119	6	65	0.573333
119	6	64	0.706667
119	6	63	0.36
119	6	62	0.346667
119	6	61	0.293333
119	6	60	0.373333
119	6	59	0.546667
119	6	58	0.426667
119	6	57	0.346667
119	6	56	0.626667
119	6	55	0.52
119	6	54	0.52
119	6	53	0.64
119	6	52	0.626667
119	6	51	0.586667
119	6	50	0.306667
119	6	49	0.52
119	6	48	0.333333
119	6	47	0.266667
119	6	46	0.546667
119	6	45	0.293333
119	6	44	0.333333
119	6	43	0.253333
119	6	42	0.653333
119	6	41	0.413333
119	6	40	0.2
119	6	39	0.546667
119	6	38	0.373333
119	6	37	0.573333
119	6	36	0.333333
119	6	35	0.266667
119	6	34	0.4
119	6	33	0.32
119	6	32	0.2
119	6	31	0.56
119	6	30	0.573333
119	6	29	0.506667
119	6	28	0.32
119	6	27	0.306667
119	6	26	0.52
119	6	25	0.226667
119	6	24	0.493333
119	6	23	0.546667
119	6	22	0.213333
119	6	21	0.573333
119	6	20	0.52
119	6	19	0.16
119	6	18	0.213333
119	6	17	0.546667
119	6	16	0.253333
119	6	15	0.253333
119	6	14	0.6
119	6	13	0.213333
119	6	12	0.306667
119	6	11	0.64
119	6	10	0.293333
119	5	112	0.44
119	5	111	0.453333
119	5	110	0.466667
119	5	109	0.413333
119	5	108	0.506667
119	5	107	0.533333
119	5	106	0.4
119	5	105	0.48
119	5	104	0.413333
119	5	103	0.68
119	5	102	0.466667
119	5	101	0.573333
119	5	100	0.693333
119	5	99	0.546667
119	5	98	0.44
119	5	97	0.56
119	5	96	0.413333
119	5	95	0.24
119	5	94	0.373333
119	5	93	0.48
119	5	92	0.493333
119	5	91	0.453333
119	5	90	0.346667
119	5	89	0.413333
119	5	88	0.48
119	5	87	0.493333
119	5	86	0.466667
119	5	85	0.586667
119	5	84	0.626667
119	5	83	0.546667
119	5	82	0.52
119	5	81	0.52
119	5	80	0.28
119	5	79	0.6
119	5	78	0.453333
119	5	77	0.453333
119	5	76	0.573333
119	5	75	0.64
119	5	74	0.2
119	5	73	0.666667
119	5	72	0.48
119	5	71	0.466667
119	5	70	0.493333
119	5	69	0.506667
119	5	68	0.44
119	5	67	0.64
119	5	66	0.533333
119	5	65	0.333333
119	5	64	0.6
119	5	63	0.32
119	5	62	0.666667
119	5	61	0.493333
119	5	60	0.453333
119	5	59	0.333333
119	5	58	0.506667
119	5	57	0.653333
119	5	56	0.48
119	5	55	0.133333
119	5	54	0.44
119	5	53	0.213333
119	5	52	0.44
119	5	51	0.36
119	5	50	0.586667
119	5	49	0.48
119	5	48	0.493333
119	5	47	0.64
119	5	46	0.12
119	5	45	0.666667
119	5	44	0.666667
119	5	43	0.413333
119	5	42	0.213333
119	5	41	0.333333
119	5	40	0.64
119	5	39	0.6
119	5	38	0.373333
119	5	37	0.24
119	5	36	0.36
119	5	35	0.533333
119	5	34	0.426667
119	5	33	0.546667
119	5	32	0.4
119	5	31	0.493333
119	5	30	0.36
119	5	29	0.373333
119	5	28	0.506667
119	5	27	0.6
119	5	26	0.266667
119	5	25	0.493333
119	5	24	0.453333
119	5	23	0.493333
119	5	22	0.546667
119	5	21	0.56
119	5	20	0.293333
119	5	19	0.586667
119	5	18	0.373333
119	5	17	0.4
119	5	16	0.666667
119	5	15	0.44
119	5	14	0.36
119	5	13	0.32
119	5	12	0.52
119	5	11	0.56
119	5	10	0.693333
119	4	112	0.306667
119	4	111	0.32
119	4	110	0.333333
119	4	109	0.573333
119	4	108	0.506667
119	4	107	0.426667
119	4	106	0.533333
119	4	105	0.506667
119	4	104	0.36
119	4	103	0.413333
119	4	102	0.706667
119	4	101	0.6
119	4	100	0.586667
119	4	99	0.52
119	4	98	0.573333
119	4	97	0.56
119	4	96	0.52
119	4	95	0.4
119	4	94	0.24
119	4	93	0.506667
119	4	92	0.386667
119	4	91	0.453333
119	4	90	0.373333
119	4	89	0.44
119	4	88	0.373333
119	4	87	0.386667
119	4	86	0.36
119	4	85	0.453333
119	4	84	0.786667
119	4	83	0.653333
119	4	82	0.413333
119	4	81	0.626667
119	4	80	0.2
119	4	79	0.466667
119	4	78	0.32
119	4	77	0.32
119	4	76	0.6
119	4	75	0.373333
119	4	74	0.333333
119	4	73	0.56
119	4	72	0.293333
119	4	71	0.36
119	4	70	0.226667
119	4	69	0.4
119	4	68	0.333333
119	4	67	0.48
119	4	66	0.56
119	4	65	0.36
119	4	64	0.333333
119	4	63	0.373333
119	4	62	0.48
119	4	61	0.44
119	4	60	0.613333
119	4	59	0.413333
119	4	58	0.4
119	4	57	0.466667
119	4	56	0.293333
119	4	55	0.346667
119	4	54	0.306667
119	4	53	0.426667
119	4	52	0.333333
119	4	51	0.44
119	4	50	0.586667
119	4	49	0.533333
119	4	48	0.44
119	4	47	0.506667
119	4	46	0.333333
119	4	45	0.613333
119	4	44	0.613333
119	4	43	0.493333
119	4	42	0.32
119	4	41	0.333333
119	4	40	0.506667
119	4	39	0.493333
119	4	38	0.4
119	4	37	0.453333
119	4	36	0.386667
119	4	35	0.48
119	4	34	0.586667
119	4	33	0.306667
119	4	32	0.4
119	4	31	0.306667
119	4	30	0.413333
119	4	29	0.16
119	4	28	0.533333
119	4	27	0.466667
119	4	26	0.506667
119	4	25	0.6
119	4	24	0.293333
119	4	23	0.413333
119	4	22	0.6
119	4	21	0.346667
119	4	20	0.24
119	4	19	0.506667
119	4	18	0.666667
119	4	17	0.4
119	4	16	0.453333
119	4	15	0.626667
119	4	14	0.146667
119	4	13	0.453333
119	4	12	0.68
119	4	11	0.506667
119	4	10	0.373333
119	3	112	0.533333
119	3	111	0.573333
119	3	110	0.506667
119	3	109	0.506667
119	3	108	0.546667
119	3	107	0.36
119	3	106	0.386667
119	3	105	0.626667
119	3	104	0.4
119	3	103	0.373333
119	3	102	0.453333
119	3	101	0.373333
119	3	100	0.36
119	3	99	0.346667
119	3	98	0.346667
119	3	97	0.493333
119	3	96	0.373333
119	3	95	0.573333
119	3	94	0.573333
119	3	93	0.36
119	3	92	0.533333
119	3	91	0.573333
119	3	90	0.52
119	3	89	0.56
119	3	88	0.466667
119	3	87	0.533333
119	3	86	0.426667
119	3	85	0.253333
119	3	84	0.506667
119	3	83	0.4
119	3	82	0.533333
119	3	81	0.266667
119	3	80	0.426667
119	3	79	0.32
119	3	78	0.626667
119	3	77	0.52
119	3	76	0.32
119	3	75	0.386667
119	3	74	0.586667
119	3	73	0.36
119	3	72	0.333333
119	3	71	0.506667
119	3	70	0.64
119	3	69	0.333333
119	3	68	0.586667
119	3	67	0.333333
119	3	66	0.44
119	3	65	0.666667
119	3	64	0.586667
119	3	63	0.493333
119	3	62	0.226667
119	3	61	0.373333
119	3	60	0.466667
119	3	59	0.346667
119	3	58	0.52
119	3	57	0.346667
119	3	56	0.626667
119	3	55	0.573333
119	3	54	0.48
119	3	53	0.6
119	3	52	0.506667
119	3	51	0.64
119	3	50	0.36
119	3	49	0.44
119	3	48	0.346667
119	3	47	0.36
119	3	46	0.533333
119	3	45	0.306667
119	3	44	0.386667
119	3	43	0.24
119	3	42	0.573333
119	3	41	0.4
119	3	40	0.333333
119	3	39	0.48
119	3	38	0.52
119	3	37	0.626667
119	3	36	0.373333
119	3	35	0.306667
119	3	34	0.413333
119	3	33	0.453333
119	3	32	0.36
119	3	31	0.56
119	3	30	0.586667
119	3	29	0.546667
119	3	28	0.413333
119	3	27	0.346667
119	3	26	0.44
119	3	25	0.266667
119	3	24	0.546667
119	3	23	0.426667
119	3	22	0.373333
119	3	21	0.706667
119	3	20	0.653333
119	3	19	0.146667
119	3	18	0.173333
119	3	17	0.466667
119	3	16	0.386667
119	3	15	0.213333
119	3	14	0.666667
119	3	13	0.253333
119	3	12	0.186667
119	3	11	0.44
119	3	10	0.333333
119	2	112	0.453333
119	2	111	0.36
119	2	110	0.586667
119	2	109	0.413333
119	2	108	0.533333
119	2	107	0.52
119	2	106	0.48
119	2	105	0.546667
119	2	104	0.653333
119	2	103	0.613333
119	2	102	0.413333
119	2	101	0.533333
119	2	100	0.493333
119	2	99	0.466667
119	2	98	0.52
119	2	97	0.48
119	2	96	0.466667
119	2	95	0.426667
119	2	94	0.533333
119	2	93	0.346667
119	2	92	0.626667
119	2	91	0.44
119	2	90	0.6
119	2	89	0.4
119	2	88	0.693333
119	2	87	0.466667
119	2	86	0.733333
119	2	85	0.4
119	2	84	0.346667
119	2	83	0.493333
119	2	82	0.666667
119	2	81	0.36
119	2	80	0.573333
119	2	79	0.373333
119	2	78	0.426667
119	2	77	0.466667
119	2	76	0.386667
119	2	75	0.453333
119	2	74	0.573333
119	2	73	0.493333
119	2	72	0.4
119	2	71	0.653333
119	2	70	0.706667
119	2	69	0.453333
119	2	68	0.573333
119	2	67	0.373333
119	2	66	0.506667
119	2	65	0.573333
119	2	64	0.76
119	2	63	0.373333
119	2	62	0.48
119	2	61	0.466667
119	2	60	0.36
119	2	59	0.653333
119	2	58	0.453333
119	2	57	0.36
119	2	56	0.613333
119	2	55	0.506667
119	2	54	0.573333
119	2	53	0.666667
119	2	52	0.52
119	2	51	0.653333
119	2	50	0.373333
119	2	49	0.24
119	2	48	0.626667
119	2	47	0.48
119	2	46	0.52
119	2	45	0.453333
119	2	44	0.453333
119	2	43	0.36
119	2	42	0.453333
119	2	41	0.68
119	2	40	0.386667
119	2	39	0.493333
119	2	38	0.626667
119	2	37	0.666667
119	2	36	0.56
119	2	35	0.453333
119	2	34	0.373333
119	2	33	0.52
119	2	32	0.586667
119	2	31	0.6
119	2	30	0.44
119	2	29	0.773333
119	2	28	0.44
119	2	27	0.506667
119	2	26	0.266667
119	2	25	0.573333
119	2	24	0.546667
119	2	23	0.56
119	2	22	0.44
119	2	21	0.6
119	2	20	0.52
119	2	19	0.52
119	2	18	0.4
119	2	17	0.373333
119	2	16	0.52
119	2	15	0.52
119	2	14	0.613333
119	2	13	0.4
119	2	12	0.293333
119	2	11	0.506667
119	2	10	0.52
119	1	112	0.4
119	1	111	0.506667
119	1	110	0.266667
119	1	109	0.666667
119	1	108	0.413333
119	1	107	0.4
119	1	106	0.626667
119	1	105	0.306667
119	1	104	0.293333
119	1	103	0.293333
119	1	102	0.693333
119	1	101	0.546667
119	1	100	0.413333
119	1	99	0.4
119	1	98	0.586667
119	1	97	0.466667
119	1	96	0.493333
119	1	95	0.506667
119	1	94	0.346667
119	1	93	0.52
119	1	92	0.413333
119	1	91	0.426667
119	1	90	0.306667
119	1	89	0.453333
119	1	88	0.253333
119	1	87	0.4
119	1	86	0.293333
119	1	85	0.466667
119	1	84	0.68
119	1	83	0.546667
119	1	82	0.413333
119	1	81	0.6
119	1	80	0.373333
119	1	79	0.48
119	1	78	0.506667
119	1	77	0.453333
119	1	76	0.493333
119	1	75	0.413333
119	1	74	0.346667
119	1	73	0.413333
119	1	72	0.466667
119	1	71	0.386667
119	1	70	0.32
119	1	69	0.413333
119	1	68	0.466667
119	1	67	0.506667
119	1	66	0.36
119	1	65	0.453333
119	1	64	0.266667
119	1	63	0.56
119	1	62	0.386667
119	1	61	0.413333
119	1	60	0.493333
119	1	59	0.293333
119	1	58	0.413333
119	1	57	0.52
119	1	56	0.426667
119	1	55	0.453333
119	1	54	0.293333
119	1	53	0.44
119	1	52	0.426667
119	1	51	0.466667
119	1	50	0.56
119	1	49	0.72
119	1	48	0.32
119	1	47	0.386667
119	1	46	0.426667
119	1	45	0.413333
119	1	44	0.586667
119	1	43	0.506667
119	1	42	0.506667
119	1	41	0.186667
119	1	40	0.533333
119	1	39	0.506667
119	1	38	0.44
119	1	37	0.453333
119	1	36	0.346667
119	1	35	0.573333
119	1	34	0.573333
119	1	33	0.36
119	1	32	0.293333
119	1	31	0.28
119	1	30	0.506667
119	1	29	0.0933333
119	1	28	0.413333
119	1	27	0.346667
119	1	26	0.693333
119	1	25	0.533333
119	1	24	0.32
119	1	23	0.293333
119	1	22	0.493333
119	1	21	0.266667
119	1	20	0.346667
119	1	19	0.386667
119	1	18	0.546667
119	1	17	0.586667
119	1	16	0.346667
119	1	15	0.426667
119	1	14	0.24
119	1	13	0.546667
119	1	12	0.56
119	1	11	0.6
119	1	10	0.333333
119	0	112	0.506667
119	0	111	0.413333
119	0	110	0.48
119	0	109	0.493333
119	0	108	0.48
119	0	107	0.413333
119	0	106	0.453333
119	0	105	0.493333
119	0	104	0.6
119	0	103	0.373333
119	0	102	0.52
119	0	101	0.32
119	0	100	0.333333
119	0	99	0.466667
119	0	98	0.493333
119	0	97	0.426667
119	0	96	0.493333
119	0	95	0.506667
119	0	94	0.506667
119	0	93	0.346667
119	0	92	0.573333
119	0	91	0.466667
119	0	90	0.52
119	0	89	0.56
119	0	88	0.533333
119	0	87	0.493333
119	0	86	0.6
119	0	85	0.293333
119	0	84	0.346667
119	0	83	0.333333
119	0	82	0.586667
119	0	81	0.386667
119	0	80	0.52
119	0	79	0.346667
119	0	78	0.48
119	0	77	0.466667
119	0	76	0.253333
119	0	75	0.373333
119	0	74	0.653333
119	0	73	0.333333
119	0	72	0.32
119	0	71	0.546667
119	0	70	0.546667
119	0	69	0.346667
119	0	68	0.626667
119	0	67	0.293333
119	0	66	0.426667
119	0	65	0.653333
119	0	64	0.573333
119	0	63	0.533333
119	0	62	0.293333
119	0	61	0.44
119	0	60	0.386667
119	0	59	0.573333
119	0	58	0.4
119	0	57	0.28
119	0	56	0.586667
119	0	55	0.586667
119	0	54	0.52
119	0	53	0.746667
119	0	52	0.653333
119	0	51	0.626667
119	0	50	0.346667
119	0	49	0.48
119	0	48	0.2
119	0	47	0.213333
119	0	46	0.653333
119	0	45	0.32
119	0	44	0.346667
119	0	43	0.44
119	0	42	0.666667
119	0	41	0.52
119	0	40	0.333333
119	0	39	0.413333
119	0	38	0.52
119	0	37	0.613333
119	0	36	0.533333
119	0	35	0.426667
119	0	34	0.4
119	0	33	0.2
119	0	32	0.32
119	0	31	0.413333
119	0	30	0.52
119	0	29	0.426667
119	0	28	0.173333
119	0	27	0.186667
119	0	26	0.666667
119	0	25	0.386667
119	0	24	0.386667
119	0	23	0.506667
119	0	22	0.28
119	0	21	0.333333
119	0	20	0.413333
119	0	19	0.306667
119	0	18	0.373333
119	0	17	0.56
119	0	16	0.0133333
119	0	15	0.36
119	0	14	0.4
119	0	13	0.4
119	0	12	0.373333
119	0	11	0.506667
119	0	10	0.0933333
