10	24
9	0.1
8	0.1
7	0.1
6	0.1
5	0.1
4	0.1
3	0.1
2	0.1
1	0.1
0	0.1
33	5.77491e-05
32	0.000194393
31	0.000518319
30	0.00075946
29	0.00125673
28	0.00188439
27	0.00203373
26	0.00214601
25	0.00282154
24	0.00569176
23	0.00647066
22	0.0100295
21	0.0102984
20	0.0148246
19	0.0188676
18	0.0197088
17	0.0217089
16	0.0274286
15	0.0807576
14	0.0866024
13	0.116987
12	0.140443
11	0.197773
10	0.230735
180	9	13	0.22449
180	8	18	0.197279
180	7	20	0.115646
180	6	10	0.0748299
180	5	20	0.0748299
180	4	19	0.197279
180	3	16	0.122449
180	2	10	0.102041
180	1	11	0.0612245
180	0	10	0.244898
