var	minCostFlow
30	0.312107
30	0.301824
30	0.29247
30	0.287843
30	0.242612
30	0.272838
30	0.278492
30	0.311473
30	0.33122
30	0.303216
30	0.260329
30	0.259428
30	0.259895
30	0.30797
30	0.317912
30	0.30816
30	0.317498
30	0.269033
30	0.322876
30	0.355827
30	0.308846
30	0.265047
30	0.233896
30	0.240872
30	0.205802
30	0.252295
30	0.289314
30	0.26027
30	0.217832
30	0.259612
30	0.246327
30	0.350059
30	0.266578
30	0.278121
30	0.265787
30	0.185356
30	0.237636
30	0.344126
30	0.252379
30	0.307011
30	0.264459
30	0.325373
30	0.269983
30	0.27249
30	0.232679
30	0.25561
30	0.256704
30	0.395509
30	0.332735
30	0.224241
30	0.241039
30	0.322041
30	0.335809
30	0.258062
30	0.277744
30	0.254129
30	0.240026
30	0.302011
30	0.249914
30	0.324709
30	0.27607
30	0.359986
30	0.26056
30	0.23092
30	0.247227
30	0.309219
30	0.35302
30	0.315467
30	0.304583
30	0.273258
30	0.341686
30	0.292338
30	0.211163
30	0.258383
30	0.244567
30	0.255643
30	0.346448
30	0.287396
30	0.28788
30	0.331168
30	0.268654
30	0.283111
30	0.272369
30	0.315931
30	0.199164
30	0.208242
30	0.323945
30	0.24605
30	0.345824
30	0.278435
30	0.282284
30	0.273517
30	0.319497
30	0.281173
30	0.26999
30	0.317864
30	0.287029
30	0.233194
30	0.306242
30	0.275048
33	0.250952
33	0.30848
33	0.237939
33	0.329852
33	0.259729
33	0.385272
33	0.234615
33	0.302717
33	0.362309
33	0.254177
33	0.304344
33	0.276926
33	0.244411
33	0.321994
33	0.408288
33	0.266058
33	0.305355
33	0.299801
33	0.282971
33	0.281316
33	0.301526
33	0.320437
33	0.304601
33	0.311416
33	0.293568
33	0.25867
33	0.316509
33	0.321295
33	0.251082
33	0.268497
33	0.301369
33	0.330423
33	0.284562
33	0.327623
33	0.309118
33	0.349078
33	0.268236
33	0.326411
33	0.297903
33	0.269786
33	0.327286
33	0.33789
33	0.268373
33	0.27086
33	0.249322
33	0.344443
33	0.294943
33	0.275996
33	0.291784
33	0.311797
33	0.290647
33	0.249985
33	0.237457
33	0.270511
33	0.335055
33	0.269157
33	0.325996
33	0.24987
33	0.207201
33	0.309962
33	0.297001
33	0.268038
33	0.284739
33	0.274343
33	0.257268
33	0.316584
33	0.274904
33	0.342421
33	0.28184
33	0.197988
33	0.281364
33	0.232538
33	0.276616
33	0.280271
33	0.259558
33	0.335143
33	0.285621
33	0.287917
33	0.255226
33	0.339282
33	0.323666
33	0.382507
33	0.238746
33	0.341498
33	0.243454
33	0.220648
33	0.332048
33	0.292485
33	0.230491
33	0.267172
33	0.299791
33	0.367709
33	0.244438
33	0.319622
33	0.283211
33	0.286079
33	0.332355
33	0.287387
33	0.305266
33	0.263044
36	0.284558
36	0.240661
36	0.311767
36	0.307169
36	0.337367
36	0.3014
36	0.298344
36	0.259066
36	0.315106
36	0.289263
36	0.261516
36	0.279716
36	0.221411
36	0.362873
36	0.299142
36	0.285297
36	0.300422
36	0.306145
36	0.314514
36	0.322216
36	0.305678
36	0.251452
36	0.280174
36	0.289011
36	0.240163
36	0.290335
36	0.279604
36	0.253621
36	0.222953
36	0.224425
36	0.293391
36	0.26764
36	0.230457
36	0.23342
36	0.302917
36	0.286381
36	0.257954
36	0.264125
36	0.306534
36	0.327517
36	0.290952
36	0.289556
36	0.284671
36	0.312211
36	0.297007
36	0.325811
36	0.281938
36	0.305347
36	0.320599
36	0.283651
36	0.285995
36	0.277127
36	0.292318
36	0.264798
36	0.329131
36	0.357372
36	0.313331
36	0.309433
36	0.261096
36	0.322724
36	0.2142
36	0.219551
36	0.330893
36	0.231388
36	0.333132
36	0.27775
36	0.345754
36	0.263425
36	0.236295
36	0.260138
36	0.291816
36	0.317582
36	0.274856
36	0.333498
36	0.212013
36	0.324815
36	0.260191
36	0.270662
36	0.337215
36	0.283002
36	0.270826
36	0.262449
36	0.26778
36	0.279552
36	0.245709
36	0.286775
36	0.271601
36	0.264283
36	0.26235
36	0.203908
36	0.271164
36	0.282647
36	0.363457
36	0.252039
36	0.241961
36	0.246633
36	0.295685
36	0.28151
36	0.26478
36	0.244803
39	0.284736
39	0.298952
39	0.203009
39	0.311189
39	0.26393
39	0.284206
39	0.330312
39	0.299386
39	0.310122
39	0.290851
39	0.285392
39	0.315494
39	0.307113
39	0.324965
39	0.261476
39	0.350638
39	0.29543
39	0.291776
39	0.266947
39	0.25324
39	0.203818
39	0.334741
39	0.260335
39	0.317865
39	0.277216
39	0.262261
39	0.216941
39	0.335037
39	0.302799
39	0.261903
39	0.244141
39	0.330764
39	0.292073
39	0.33454
39	0.295778
39	0.340843
39	0.254948
39	0.296387
39	0.256126
39	0.287125
39	0.328653
39	0.292796
39	0.32512
39	0.283193
39	0.326805
39	0.298077
39	0.285168
39	0.268724
39	0.251015
39	0.309961
39	0.280475
39	0.278097
39	0.362069
39	0.309779
39	0.24791
39	0.312532
39	0.301837
39	0.289993
39	0.25081
39	0.275815
39	0.308997
39	0.354725
39	0.295648
39	0.30798
39	0.279433
39	0.29659
39	0.281574
39	0.253948
39	0.256549
39	0.199996
39	0.26756
39	0.238741
39	0.322122
39	0.294257
39	0.333773
39	0.354379
39	0.336861
39	0.300548
39	0.278327
39	0.322006
39	0.305025
39	0.288368
39	0.239785
39	0.248139
39	0.315454
39	0.281015
39	0.287165
39	0.244878
39	0.261664
39	0.286354
39	0.28586
39	0.283187
39	0.283628
39	0.287258
39	0.320049
39	0.231946
39	0.25053
39	0.227873
39	0.320281
39	0.270538
42	0.266239
42	0.284421
42	0.274596
42	0.302812
42	0.277522
42	0.335789
42	0.266281
42	0.315174
42	0.307317
42	0.269644
42	0.325406
42	0.275151
42	0.273958
42	0.274341
42	0.2961
42	0.254555
42	0.275873
42	0.306069
42	0.242954
42	0.315556
42	0.320104
42	0.301826
42	0.238183
42	0.327597
42	0.278857
42	0.340139
42	0.296448
42	0.275136
42	0.318302
42	0.292477
42	0.275164
42	0.327075
42	0.306279
42	0.285324
42	0.250748
42	0.337949
42	0.318371
42	0.301927
42	0.279782
42	0.270809
42	0.258282
42	0.286282
42	0.274872
42	0.26749
42	0.267508
42	0.253545
42	0.291481
42	0.241898
42	0.321193
42	0.276809
42	0.251866
42	0.263698
42	0.275455
42	0.280627
42	0.218091
42	0.312702
42	0.292099
42	0.21958
42	0.192686
42	0.279222
42	0.25999
42	0.225245
42	0.317363
42	0.249038
42	0.342082
42	0.263938
42	0.308462
42	0.248541
42	0.296349
42	0.370291
42	0.245367
42	0.306303
42	0.293725
42	0.309625
42	0.263217
42	0.301299
42	0.253048
42	0.252201
42	0.284748
42	0.324058
42	0.362924
42	0.287633
42	0.274712
42	0.275569
42	0.360349
42	0.270558
42	0.296762
42	0.27157
42	0.347327
42	0.313249
42	0.267484
42	0.335593
42	0.268744
42	0.268289
42	0.309624
42	0.310493
42	0.260508
42	0.2646
42	0.324959
42	0.271425
45	0.252253
45	0.291285
45	0.341208
45	0.291261
45	0.314192
45	0.276131
45	0.278598
45	0.342056
45	0.319606
45	0.286826
45	0.357666
45	0.295028
45	0.291788
45	0.353209
45	0.277843
45	0.355777
45	0.311645
45	0.258923
45	0.236487
45	0.310227
45	0.335671
45	0.26368
45	0.315486
45	0.259603
45	0.341213
45	0.324878
45	0.31798
45	0.277843
45	0.250997
45	0.336408
45	0.269823
45	0.278987
45	0.281052
45	0.307497
45	0.330774
45	0.27311
45	0.268264
45	0.328264
45	0.263338
45	0.265079
45	0.267167
45	0.33975
45	0.290225
45	0.334406
45	0.309361
45	0.277418
45	0.319693
45	0.263101
45	0.285412
45	0.266158
45	0.277752
45	0.320565
45	0.293136
45	0.289525
45	0.252783
45	0.276723
45	0.303384
45	0.284846
45	0.30789
45	0.275695
45	0.330683
45	0.340103
45	0.242688
45	0.299123
45	0.279718
45	0.242249
45	0.271777
45	0.354194
45	0.272684
45	0.362492
45	0.34183
45	0.299504
45	0.314812
45	0.311437
45	0.214207
45	0.300736
45	0.285631
45	0.268417
45	0.236174
45	0.263361
45	0.265391
45	0.215214
45	0.344179
45	0.261577
45	0.331716
45	0.267218
45	0.242282
45	0.334632
45	0.282539
45	0.160407
45	0.327932
45	0.27418
45	0.231917
45	0.248252
45	0.280555
45	0.266235
45	0.24914
45	0.306948
45	0.283269
45	0.29981
48	0.263664
48	0.286657
48	0.232176
48	0.301609
48	0.288477
48	0.299763
48	0.268175
48	0.277896
48	0.299098
48	0.335081
48	0.310679
48	0.288228
48	0.257899
48	0.309881
48	0.310878
48	0.225573
48	0.311202
48	0.25924
48	0.216591
48	0.238808
48	0.250548
48	0.316619
48	0.279428
48	0.339234
48	0.282751
48	0.262114
48	0.309259
48	0.243387
48	0.262528
48	0.242864
48	0.277944
48	0.221542
48	0.272374
48	0.239718
48	0.260838
48	0.316146
48	0.23605
48	0.298566
48	0.300167
48	0.292344
48	0.317987
48	0.235618
48	0.297303
48	0.302665
48	0.353821
48	0.297446
48	0.278635
48	0.289976
48	0.253104
48	0.311676
48	0.256943
48	0.303841
48	0.288451
48	0.2975
48	0.248679
48	0.290926
48	0.269569
48	0.286814
48	0.263614
48	0.266196
48	0.277496
48	0.31141
48	0.301161
48	0.261766
48	0.259148
48	0.25867
48	0.261782
48	0.332086
48	0.296392
48	0.311511
48	0.23297
48	0.301671
48	0.261715
48	0.330315
48	0.291638
48	0.291336
48	0.325959
48	0.298787
48	0.277053
48	0.283888
48	0.280701
48	0.331619
48	0.325238
48	0.230817
48	0.273725
48	0.281803
48	0.229752
48	0.267275
48	0.302804
48	0.317884
48	0.307751
48	0.298668
48	0.251715
48	0.255268
48	0.307912
48	0.284885
48	0.297178
48	0.324063
48	0.305684
48	0.243134
51	0.232922
51	0.26431
51	0.269654
51	0.259047
51	0.318994
51	0.334773
51	0.238036
51	0.264492
51	0.328055
51	0.276605
51	0.238738
51	0.230897
51	0.334337
51	0.420765
51	0.31573
51	0.335632
51	0.283575
51	0.251543
51	0.250824
51	0.235902
51	0.23381
51	0.210926
51	0.245767
51	0.310711
51	0.23753
51	0.292338
51	0.314211
51	0.310529
51	0.267075
51	0.281294
51	0.274859
51	0.263438
51	0.310412
51	0.294642
51	0.28887
51	0.333258
51	0.350098
51	0.282666
51	0.265821
51	0.347042
51	0.261265
51	0.314536
51	0.290639
51	0.25321
51	0.216742
51	0.321133
51	0.220315
51	0.303873
51	0.254426
51	0.27246
51	0.295626
51	0.327914
51	0.298402
51	0.298472
51	0.326419
51	0.244385
51	0.265436
51	0.252754
51	0.277922
51	0.370538
51	0.26248
51	0.303747
51	0.219902
51	0.276578
51	0.245987
51	0.257018
51	0.274563
51	0.252061
51	0.289715
51	0.329623
51	0.379733
51	0.258394
51	0.275866
51	0.383098
51	0.250051
51	0.275044
51	0.279069
51	0.296945
51	0.301217
51	0.330599
51	0.311814
51	0.295491
51	0.282185
51	0.300403
51	0.304086
51	0.27904
51	0.267672
51	0.277887
51	0.306158
51	0.295531
51	0.286769
51	0.297339
51	0.263594
51	0.252166
51	0.259458
51	0.313041
51	0.331874
51	0.224949
51	0.290557
51	0.272995
54	0.354567
54	0.273669
54	0.309344
54	0.287315
54	0.24283
54	0.319701
54	0.285767
54	0.24255
54	0.2593
54	0.284041
54	0.251526
54	0.307421
54	0.25445
54	0.274206
54	0.294592
54	0.283278
54	0.254635
54	0.190778
54	0.245124
54	0.231025
54	0.24598
54	0.324174
54	0.295335
54	0.267707
54	0.250377
54	0.304334
54	0.246996
54	0.251985
54	0.306253
54	0.381159
54	0.253195
54	0.262505
54	0.310024
54	0.295234
54	0.286602
54	0.286534
54	0.320847
54	0.308513
54	0.286478
54	0.25771
54	0.279263
54	0.297182
54	0.280785
54	0.288982
54	0.248397
54	0.25459
54	0.287684
54	0.241426
54	0.242839
54	0.279916
54	0.270634
54	0.318096
54	0.321042
54	0.287539
54	0.280241
54	0.271927
54	0.26722
54	0.311295
54	0.240345
54	0.356062
54	0.263543
54	0.288626
54	0.315093
54	0.238768
54	0.311782
54	0.203145
54	0.304509
54	0.289295
54	0.231354
54	0.278053
54	0.232602
54	0.302715
54	0.287497
54	0.280116
54	0.223232
54	0.253699
54	0.321958
54	0.295382
54	0.310291
54	0.279519
54	0.233531
54	0.262533
54	0.298747
54	0.28401
54	0.262189
54	0.319598
54	0.194192
54	0.280357
54	0.298541
54	0.31223
54	0.228303
54	0.256924
54	0.316377
54	0.306529
54	0.311967
54	0.297462
54	0.289677
54	0.28207
54	0.282909
54	0.280164
57	0.197037
57	0.305822
57	0.323317
57	0.294499
57	0.26096
57	0.255307
57	0.279632
57	0.257
57	0.345944
57	0.296473
57	0.256744
57	0.261443
57	0.314037
57	0.351997
57	0.334189
57	0.302495
57	0.312982
57	0.305556
57	0.261859
57	0.297019
57	0.277904
57	0.294101
57	0.235632
57	0.247316
57	0.340142
57	0.256241
57	0.346601
57	0.297413
57	0.236766
57	0.302734
57	0.353282
57	0.301997
57	0.266763
57	0.348968
57	0.325794
57	0.314253
57	0.269206
57	0.327585
57	0.274929
57	0.315247
57	0.303809
57	0.294326
57	0.312414
57	0.251234
57	0.290338
57	0.279375
57	0.284087
57	0.256916
57	0.318956
57	0.333758
57	0.285832
57	0.245857
57	0.273291
57	0.279789
57	0.269703
57	0.267975
57	0.255464
57	0.277293
57	0.310992
57	0.288251
57	0.263289
57	0.301529
57	0.223698
57	0.246513
57	0.297318
57	0.289525
57	0.27549
57	0.311957
57	0.27274
57	0.315653
57	0.221349
57	0.282736
57	0.270868
57	0.280271
57	0.276007
57	0.302699
57	0.263194
57	0.194632
57	0.360003
57	0.268829
57	0.303683
57	0.241308
57	0.293148
57	0.216481
57	0.274167
57	0.275747
57	0.297483
57	0.300606
57	0.306829
57	0.271919
57	0.336163
57	0.27096
57	0.311716
57	0.319872
57	0.261245
57	0.263248
57	0.282754
57	0.299211
57	0.332379
57	0.26586
60	0.259112
60	0.191921
60	0.243091
60	0.32106
60	0.293051
60	0.308612
60	0.269156
60	0.289772
60	0.246069
60	0.250832
60	0.29434
60	0.318037
60	0.290457
60	0.23677
60	0.303993
60	0.305533
60	0.319348
60	0.304029
60	0.273754
60	0.204597
60	0.507583
60	0.302032
60	0.217513
60	0.285341
60	0.30455
60	0.287494
60	0.27575
60	0.201656
60	0.288232
60	0.375704
60	0.329095
60	0.328685
60	0.205535
60	0.295734
60	0.227675
60	0.287712
60	0.312525
60	0.306504
60	0.289516
60	0.284411
60	0.299093
60	0.307217
60	0.316313
60	0.286519
60	0.282651
60	0.286107
60	0.279082
60	0.250883
60	0.270465
60	0.257004
60	0.22362
60	0.251999
60	0.243329
60	0.235209
60	0.386784
60	0.252804
60	0.24142
60	0.309743
60	0.257382
60	0.28951
60	0.287776
60	0.315713
60	0.329866
60	0.241662
60	0.293326
60	0.297493
60	0.327414
60	0.322125
60	0.277144
60	0.245063
60	0.335479
60	0.342468
60	0.289321
60	0.291256
60	0.265472
60	0.293088
60	0.250609
60	0.269727
60	0.339775
60	0.227703
60	0.261755
60	0.248013
60	0.238738
60	0.336687
60	0.238813
60	0.285602
60	0.377488
60	0.211494
60	0.29817
60	0.23987
60	0.241667
60	0.269864
60	0.284942
60	0.293021
60	0.258351
60	0.289693
60	0.309605
60	0.257988
60	0.285295
60	0.294094
63	0.283916
63	0.252301
63	0.284073
63	0.277421
63	0.220335
63	0.227867
63	0.301626
63	0.310217
63	0.258446
63	0.31498
63	0.276779
63	0.360854
63	0.27494
63	0.275938
63	0.307636
63	0.249208
63	0.276918
63	0.245958
63	0.267329
63	0.282483
63	0.280604
63	0.262579
63	0.346323
63	0.35549
63	0.276506
63	0.291814
63	0.253357
63	0.271855
63	0.320396
63	0.2988
63	0.246252
63	0.311033
63	0.263697
63	0.299704
63	0.238053
63	0.276328
63	0.213802
63	0.227373
63	0.293324
63	0.269773
63	0.263483
63	0.243335
63	0.273285
63	0.27163
63	0.243351
63	0.285692
63	0.246653
63	0.339042
63	0.292605
63	0.271969
63	0.309179
63	0.229984
63	0.230223
63	0.295395
63	0.260991
63	0.273498
63	0.269732
63	0.304839
63	0.317581
63	0.276607
63	0.288124
63	0.315392
63	0.23421
63	0.281176
63	0.257449
63	0.283467
63	0.248984
63	0.258227
63	0.319615
63	0.259579
63	0.341105
63	0.276605
63	0.324504
63	0.22374
63	0.191248
63	0.261817
63	0.360825
63	0.266663
63	0.345465
63	0.38039
63	0.270696
63	0.298251
63	0.228208
63	0.317421
63	0.20739
63	0.219684
63	0.28787
63	0.250137
63	0.396471
63	0.216526
63	0.272823
63	0.232721
63	0.34687
63	0.30309
63	0.274794
63	0.238853
63	0.239481
63	0.260303
63	0.278016
63	0.261432
66	0.316681
66	0.283492
66	0.245436
66	0.28702
66	0.275633
66	0.268959
66	0.285453
66	0.229292
66	0.2814
66	0.295898
66	0.290772
66	0.25759
66	0.241389
66	0.256996
66	0.309121
66	0.32724
66	0.249923
66	0.285899
66	0.206337
66	0.296572
66	0.22676
66	0.259547
66	0.274439
66	0.292057
66	0.290788
66	0.256896
66	0.226633
66	0.325783
66	0.287686
66	0.306875
66	0.370663
66	0.249002
66	0.220426
66	0.317455
66	0.287927
66	0.330735
66	0.240984
66	0.301807
66	0.298498
66	0.253163
66	0.253906
66	0.314526
66	0.309113
66	0.29945
66	0.271357
66	0.272921
66	0.239246
66	0.280018
66	0.258146
66	0.295499
66	0.264976
66	0.322845
66	0.239125
66	0.237994
66	0.305921
66	0.255422
66	0.236838
66	0.307557
66	0.279905
66	0.262027
66	0.264168
66	0.324018
66	0.268185
66	0.318481
66	0.326275
66	0.286083
66	0.29574
66	0.257416
66	0.312904
66	0.284004
66	0.238955
66	0.270359
66	0.31052
66	0.296774
66	0.285537
66	0.239486
66	0.228418
66	0.309163
66	0.270731
66	0.302483
66	0.281048
66	0.341798
66	0.282749
66	0.349893
66	0.283272
66	0.334088
66	0.251666
66	0.277824
66	0.33274
66	0.286558
66	0.290964
66	0.293273
66	0.214492
66	0.289175
66	0.211531
66	0.314264
66	0.287683
66	0.231017
66	0.200006
66	0.304427
69	0.336628
69	0.248113
69	0.259297
69	0.255317
69	0.328772
69	0.323219
69	0.267418
69	0.289151
69	0.286075
69	0.31323
69	0.283136
69	0.21701
69	0.217193
69	0.292616
69	0.255314
69	0.260005
69	0.249637
69	0.313386
69	0.213663
69	0.301106
69	0.296417
69	0.309637
69	0.299747
69	0.286912
69	0.281836
69	0.287679
69	0.292498
69	0.308569
69	0.267327
69	0.307051
69	0.294427
69	0.298255
69	0.311732
69	0.250061
69	0.243989
69	0.320383
69	0.295566
69	0.312341
69	0.291467
69	0.231464
69	0.320118
69	0.289906
69	0.293429
69	0.32261
69	0.380688
69	0.278285
69	0.268135
69	0.323571
69	0.282286
69	0.261854
69	0.288999
69	0.293417
69	0.287432
69	0.257478
69	0.288707
69	0.26945
69	0.29432
69	0.271186
69	0.322312
69	0.315677
69	0.269416
69	0.234818
69	0.203027
69	0.194961
69	0.312575
69	0.220026
69	0.244325
69	0.283629
69	0.305011
69	0.283953
69	0.194908
69	0.261744
69	0.237786
69	0.312578
69	0.247668
69	0.300543
69	0.248142
69	0.342331
69	0.309993
69	0.307504
69	0.305278
69	0.261441
69	0.26672
69	0.239924
69	0.276324
69	0.269704
69	0.238761
69	0.265906
69	0.236676
69	0.270461
69	0.272956
69	0.318424
69	0.298287
69	0.257408
69	0.304804
69	0.309854
69	0.255198
69	0.274388
69	0.287699
69	0.268895
72	0.289463
72	0.278546
72	0.293601
72	0.255691
72	0.300896
72	0.265149
72	0.277718
72	0.283983
72	0.240293
72	0.231989
72	0.26191
72	0.3272
72	0.255552
72	0.215367
72	0.306295
72	0.328885
72	0.288499
72	0.252908
72	0.294334
72	0.28039
72	0.302199
72	0.266048
72	0.282283
72	0.239614
72	0.244357
72	0.289127
72	0.286705
72	0.305822
72	0.272813
72	0.270116
72	0.26162
72	0.335647
72	0.301475
72	0.331468
72	0.25014
72	0.248699
72	0.284435
72	0.283758
72	0.241835
72	0.282041
72	0.257637
72	0.299341
72	0.259973
72	0.32404
72	0.286897
72	0.304404
72	0.294638
72	0.353771
72	0.300961
72	0.300908
72	0.274705
72	0.252409
72	0.377142
72	0.307397
72	0.272189
72	0.327621
72	0.289909
72	0.305174
72	0.299103
72	0.300528
72	0.30067
72	0.258893
72	0.223886
72	0.327295
72	0.212612
72	0.282282
72	0.264583
72	0.271719
72	0.247762
72	0.295512
72	0.247783
72	0.268758
72	0.240108
72	0.287943
72	0.294425
72	0.278195
72	0.297333
72	0.307775
72	0.339346
72	0.256792
72	0.305306
72	0.307305
72	0.347179
72	0.274723
72	0.249677
72	0.269129
72	0.271336
72	0.256377
72	0.331163
72	0.244467
72	0.222422
72	0.302281
72	0.23755
72	0.255315
72	0.285519
72	0.270545
72	0.264749
72	0.248748
72	0.306033
72	0.271822
75	0.31737
75	0.263338
75	0.26405
75	0.265598
75	0.301244
75	0.265536
75	0.259065
75	0.23994
75	0.309017
75	0.249195
75	0.288357
75	0.289111
75	0.228072
75	0.248088
75	0.264674
75	0.25229
75	0.28521
75	0.283638
75	0.257164
75	0.301244
75	0.28081
75	0.258464
75	0.279715
75	0.257167
75	0.238988
75	0.314412
75	0.287477
75	0.233389
75	0.286009
75	0.213575
75	0.231718
75	0.259552
75	0.281197
75	0.258005
75	0.252322
75	0.284332
75	0.299236
75	0.30103
75	0.258815
75	0.250818
75	0.311612
75	0.198408
75	0.228242
75	0.258529
75	0.212129
75	0.300513
75	0.309589
75	0.220468
75	0.230165
75	0.292354
75	0.2437
75	0.29502
75	0.263783
75	0.201966
75	0.140402
75	0.320888
75	0.235077
75	0.260145
75	0.330588
75	0.215315
75	0.307564
75	0.257428
75	0.265703
75	0.327227
75	0.235981
75	0.26956
75	0.21875
75	0.251857
75	0.237399
75	0.216759
75	0.297725
75	0.266102
75	0.300898
75	0.258405
75	0.301569
75	0.275901
75	0.304085
75	0.279342
75	0.216765
75	0.279834
75	0.259834
75	0.330261
75	0.265116
75	0.250151
75	0.315919
75	0.274915
75	0.318632
75	0.255292
75	0.237637
75	0.273867
75	0.258568
75	0.349641
75	0.256012
75	0.225341
75	0.294409
75	0.258762
75	0.233112
75	0.263237
75	0.276124
75	0.231996
78	0.28476
78	0.300015
78	0.312449
78	0.261583
78	0.298067
78	0.350356
78	0.245368
78	0.269757
78	0.285166
78	0.263456
78	0.303218
78	0.282123
78	0.270379
78	0.21487
78	0.280402
78	0.364057
78	0.212636
78	0.273559
78	0.222886
78	0.256601
78	0.289925
78	0.285176
78	0.29489
78	0.312007
78	0.264389
78	0.275341
78	0.269466
78	0.22842
78	0.271595
78	0.219654
78	0.288006
78	0.265551
78	0.263084
78	0.317499
78	0.329445
78	0.284759
78	0.262949
78	0.271206
78	0.277834
78	0.298592
78	0.288366
78	0.296044
78	0.224173
78	0.287089
78	0.235243
78	0.211788
78	0.310723
78	0.233852
78	0.283706
78	0.277955
78	0.278752
78	0.304871
78	0.249968
78	0.259497
78	0.264014
78	0.311457
78	0.295546
78	0.27136
78	0.204129
78	0.234694
78	0.198126
78	0.238046
78	0.264542
78	0.31826
78	0.237923
78	0.287518
78	0.263063
78	0.310181
78	0.262498
78	0.268483
78	0.261775
78	0.1668
78	0.305316
78	0.254739
78	0.319601
78	0.274707
78	0.196565
78	0.29719
78	0.256039
78	0.248202
78	0.297597
78	0.199389
78	0.320491
78	0.212229
78	0.224028
78	0.240467
78	0.25843
78	0.287353
78	0.205889
78	0.255815
78	0.329819
78	0.216743
78	0.338491
78	0.251511
78	0.266937
78	0.257359
78	0.271189
78	0.29454
78	0.287147
78	0.252279
81	0.236071
81	0.297233
81	0.260246
81	0.28421
81	0.295274
81	0.265659
81	0.281749
81	0.307181
81	0.294187
81	0.293478
81	0.24118
81	0.254604
81	0.241152
81	0.219623
81	0.287256
81	0.299629
81	0.242328
81	0.222994
81	0.259752
81	0.269798
81	0.265974
81	0.25572
81	0.268675
81	0.293101
81	0.294461
81	0.284162
81	0.25947
81	0.266394
81	0.312116
81	0.260755
81	0.202159
81	0.251726
81	0.316209
81	0.285121
81	0.319263
81	0.272472
81	0.316126
81	0.303174
81	0.249582
81	0.294928
81	0.279254
81	0.250037
81	0.299101
81	0.248966
81	0.219468
81	0.264916
81	0.254951
81	0.294978
81	0.216077
81	0.304783
81	0.331452
81	0.222069
81	0.291377
81	0.283521
81	0.300215
81	0.268801
81	0.286378
81	0.276804
81	0.28379
81	0.296975
81	0.264628
81	0.315173
81	0.256144
81	0.278667
81	0.231619
81	0.26494
81	0.23481
81	0.32818
81	0.253614
81	0.26821
81	0.272014
81	0.245738
81	0.301254
81	0.307432
81	0.280643
81	0.269027
81	0.27839
81	0.257217
81	0.319553
81	0.315114
81	0.292538
81	0.269237
81	0.291918
81	0.264091
81	0.21757
81	0.274636
81	0.17676
81	0.324433
81	0.277804
81	0.26839
81	0.281023
81	0.295639
81	0.197231
81	0.246898
81	0.241386
81	0.224995
81	0.258107
81	0.298314
81	0.346283
81	0.266095
84	0.222002
84	0.27847
84	0.236411
84	0.211058
84	0.215075
84	0.257556
84	0.253537
84	0.269156
84	0.275062
84	0.299947
84	0.276878
84	0.276685
84	0.327718
84	0.268324
84	0.278949
84	0.246559
84	0.260801
84	0.252802
84	0.22134
84	0.27053
84	0.321311
84	0.325193
84	0.266405
84	0.279011
84	0.272311
84	0.364067
84	0.270286
84	0.261097
84	0.245009
84	0.321806
84	0.250971
84	0.250292
84	0.211947
84	0.2613
84	0.203155
84	0.277824
84	0.307422
84	0.202197
84	0.280318
84	0.276867
84	0.301101
84	0.335968
84	0.240774
84	0.258023
84	0.264467
84	0.250337
84	0.264818
84	0.272528
84	0.23787
84	0.25741
84	0.318273
84	0.227423
84	0.258994
84	0.291313
84	0.251955
84	0.22524
84	0.314605
84	0.243932
84	0.242957
84	0.321802
84	0.298184
84	0.254646
84	0.227971
84	0.29124
84	0.273915
84	0.263956
84	0.223959
84	0.220691
84	0.287892
84	0.181139
84	0.304454
84	0.252286
84	0.223146
84	0.300467
84	0.253285
84	0.331782
84	0.283533
84	0.195063
84	0.203297
84	0.286742
84	0.254684
84	0.28894
84	0.295495
84	0.326577
84	0.201501
84	0.253846
84	0.290993
84	0.24822
84	0.319259
84	0.263561
84	0.230364
84	0.245573
84	0.268437
84	0.287138
84	0.275453
84	0.322564
84	0.332379
84	0.30264
84	0.257071
84	0.329046
87	0.312899
87	0.22813
87	0.208227
87	0.208889
87	0.257048
87	0.236949
87	0.310527
87	0.258205
87	0.329703
87	0.380561
87	0.310991
87	0.21088
87	0.253136
87	0.263564
87	0.265646
87	0.191874
87	0.298945
87	0.330022
87	0.228851
87	0.297334
87	0.303214
87	0.280808
87	0.243097
87	0.256623
87	0.239321
87	0.257129
87	0.243544
87	0.29878
87	0.27547
87	0.228876
87	0.247819
87	0.264013
87	0.244727
87	0.199419
87	0.25292
87	0.241714
87	0.253422
87	0.259423
87	0.282646
87	0.274572
87	0.196005
87	0.167643
87	0.323873
87	0.229364
87	0.314092
87	0.259666
87	0.290145
87	0.26474
87	0.253909
87	0.3013
87	0.218807
87	0.273177
87	0.23448
87	0.268141
87	0.265358
87	0.278281
87	0.255769
87	0.238992
87	0.272751
87	0.262301
87	0.331635
87	0.268049
87	0.287809
87	0.284234
87	0.28947
87	0.28666
87	0.277653
87	0.206698
87	0.220651
87	0.260882
87	0.254223
87	0.25168
87	0.255179
87	0.208423
87	0.329054
87	0.209475
87	0.26127
87	0.303797
87	0.278738
87	0.291535
87	0.2505
87	0.300653
87	0.287865
87	0.282671
87	0.303922
87	0.281246
87	0.290407
87	0.265975
87	0.239749
87	0.276489
87	0.282925
87	0.319036
87	0.23374
87	0.284476
87	0.29588
87	0.17868
87	0.307394
87	0.288438
87	0.308692
87	0.211656
90	0.280065
90	0.267044
90	0.242924
90	0.214504
90	0.224822
90	0.308643
90	0.284843
90	0.263228
90	0.27377
90	0.302653
90	0.264168
90	0.246714
90	0.283833
90	0.209376
90	0.270843
90	0.282334
90	0.264344
90	0.277125
90	0.172817
90	0.274381
90	0.337692
90	0.267427
90	0.260962
90	0.258494
90	0.261121
90	0.312334
90	0.290908
90	0.244077
90	0.267878
90	0.281927
90	0.29818
90	0.252388
90	0.221823
90	0.274598
90	0.311963
90	0.247013
90	0.252879
90	0.289698
90	0.264077
90	0.255737
90	0.215026
90	0.313288
90	0.272863
90	0.290285
90	0.219713
90	0.290687
90	0.24366
90	0.313049
90	0.297105
90	0.280235
90	0.311747
90	0.270122
90	0.265119
90	0.271351
90	0.262983
90	0.237565
90	0.188721
90	0.293581
90	0.225505
90	0.213078
90	0.293741
90	0.231449
90	0.285931
90	0.269282
90	0.341548
90	0.254963
90	0.299408
90	0.239358
90	0.290522
90	0.293825
90	0.308927
90	0.223157
90	0.332527
90	0.245931
90	0.282357
90	0.295895
90	0.248909
90	0.238787
90	0.284932
90	0.284966
90	0.277105
90	0.214161
90	0.252196
90	0.251736
90	0.27739
90	0.318837
90	0.25764
90	0.309539
90	0.250312
90	0.263091
90	0.253177
90	0.289109
90	0.257678
90	0.281279
90	0.275308
90	0.296648
90	0.226477
90	0.203113
90	0.253463
90	0.247907
93	0.257443
93	0.249985
93	0.235907
93	0.318498
93	0.264188
93	0.286472
93	0.320948
93	0.212408
93	0.242673
93	0.208632
93	0.255547
93	0.297189
93	0.330732
93	0.335508
93	0.296548
93	0.261054
93	0.230952
93	0.251895
93	0.272785
93	0.296029
93	0.216041
93	0.295333
93	0.281191
93	0.301091
93	0.236768
93	0.226106
93	0.260279
93	0.228897
93	0.215537
93	0.195627
93	0.311713
93	0.245904
93	0.253532
93	0.22173
93	0.219738
93	0.266631
93	0.229894
93	0.327196
93	0.268597
93	0.247567
93	0.276883
93	0.254642
93	0.279366
93	0.25726
93	0.298771
93	0.279232
93	0.230961
93	0.322958
93	0.316341
93	0.289841
93	0.271354
93	0.262925
93	0.328624
93	0.262757
93	0.292542
93	0.262444
93	0.241255
93	0.266961
93	0.26015
93	0.242429
93	0.262184
93	0.238522
93	0.299886
93	0.25913
93	0.312298
93	0.274606
93	0.286772
93	0.267611
93	0.301218
93	0.237516
93	0.22962
93	0.328286
93	0.251945
93	0.300561
93	0.28523
93	0.240435
93	0.280744
93	0.327973
93	0.24219
93	0.272094
93	0.326204
93	0.331196
93	0.260546
93	0.24881
93	0.302545
93	0.263878
93	0.198263
93	0.246148
93	0.199103
93	0.235351
93	0.223444
93	0.300543
93	0.28302
93	0.297602
93	0.316426
93	0.228194
93	0.250269
93	0.267973
93	0.218092
93	0.297745
96	0.276406
96	0.252635
96	0.236737
96	0.289663
96	0.331823
96	0.291879
96	0.177591
96	0.175461
96	0.254097
96	0.287605
96	0.314951
96	0.262249
96	0.208718
96	0.226697
96	0.332684
96	0.215383
96	0.218414
96	0.20138
96	0.177163
96	0.316972
96	0.287925
96	0.270282
96	0.293563
96	0.3173
96	0.253268
96	0.202899
96	0.211424
96	0.160867
96	0.227479
96	0.303723
96	0.320521
96	0.251722
96	0.27713
96	0.304507
96	0.312929
96	0.300863
96	0.276352
96	0.255528
96	0.206222
96	0.193108
96	0.236896
96	0.219099
96	0.305642
96	0.29434
96	0.28277
96	0.221769
96	0.232142
96	0.229285
96	0.247581
96	0.214275
96	0.259341
96	0.271902
96	0.239096
96	0.284539
96	0.234067
96	0.260079
96	0.302518
96	0.251653
96	0.231829
96	0.267085
96	0.233843
96	0.256766
96	0.296422
96	0.322862
96	0.329156
96	0.293649
96	0.240465
96	0.292684
96	0.277739
96	0.292561
96	0.266513
96	0.229782
96	0.265861
96	0.203363
96	0.24551
96	0.266549
96	0.288074
96	0.296478
96	0.235732
96	0.268983
96	0.155656
96	0.2071
96	0.239061
96	0.211495
96	0.30019
96	0.268297
96	0.218077
96	0.217333
96	0.278862
96	0.303663
96	0.266907
96	0.259857
96	0.265114
96	0.255281
96	0.204717
96	0.272809
96	0.345636
96	0.225944
96	0.325272
96	0.280997
99	0.217732
99	0.2376
99	0.251991
99	0.258112
99	0.247681
99	0.235237
99	0.259432
99	0.252975
99	0.227233
99	0.247929
99	0.29067
99	0.335626
99	0.203972
99	0.222953
99	0.28223
99	0.216826
99	0.265705
99	0.278114
99	0.352058
99	0.199488
99	0.212032
99	0.275722
99	0.239424
99	0.291527
99	0.294306
99	0.247152
99	0.245472
99	0.26331
99	0.229068
99	0.272532
99	0.264736
99	0.263755
99	0.246698
99	0.216169
99	0.257355
99	0.232424
99	0.244831
99	0.284283
99	0.275838
99	0.242427
99	0.231621
99	0.33584
99	0.279327
99	0.231684
99	0.246833
99	0.269526
99	0.256331
99	0.230348
99	0.255943
99	0.28419
99	0.296915
99	0.320376
99	0.256693
99	0.361903
99	0.281701
99	0.203081
99	0.265231
99	0.270196
99	0.252394
99	0.226513
99	0.242653
99	0.259078
99	0.276099
99	0.225876
99	0.240435
99	0.293824
99	0.320087
99	0.292221
99	0.200813
99	0.278688
99	0.250364
99	0.232185
99	0.246451
99	0.300067
99	0.245897
99	0.258673
99	0.293885
99	0.21936
99	0.325024
99	0.189165
99	0.201637
99	0.178338
99	0.271086
99	0.294268
99	0.270063
99	0.240731
99	0.238149
99	0.280508
99	0.327792
99	0.257577
99	0.258249
99	0.245958
99	0.288364
99	0.275284
99	0.22411
99	0.261562
99	0.231414
99	0.233065
99	0.248755
99	0.264871
102	0.28641
102	0.276054
102	0.214964
102	0.270794
102	0.278276
102	0.258007
102	0.259817
102	0.278769
102	0.283198
102	0.234826
102	0.264318
102	0.194717
102	0.257821
102	0.207917
102	0.318464
102	0.212129
102	0.319142
102	0.245051
102	0.280025
102	0.325355
102	0.248191
102	0.294237
102	0.293112
102	0.24771
102	0.292767
102	0.260284
102	0.273819
102	0.265391
102	0.25074
102	0.220631
102	0.216914
102	0.310873
102	0.231308
102	0.232448
102	0.290863
102	0.252067
102	0.251148
102	0.279632
102	0.204033
102	0.227792
102	0.257352
102	0.28183
102	0.273014
102	0.239169
102	0.236537
102	0.247071
102	0.273671
102	0.2657
102	0.272975
102	0.304186
102	0.265295
102	0.23017
102	0.222068
102	0.262463
102	0.236358
102	0.264496
102	0.271839
102	0.260412
102	0.302362
102	0.240081
102	0.28611
102	0.291318
102	0.279374
102	0.259445
102	0.271832
102	0.26152
102	0.259119
102	0.257464
102	0.245135
102	0.210216
102	0.196191
102	0.246008
102	0.335659
102	0.260495
102	0.23474
102	0.221931
102	0.242823
102	0.366322
102	0.20238
102	0.254798
102	0.222838
102	0.256306
102	0.212876
102	0.265637
102	0.300084
102	0.271492
102	0.227998
102	0.288291
102	0.295493
102	0.175339
102	0.212459
102	0.238259
102	0.196222
102	0.241778
102	0.269446
102	0.285466
102	0.276935
102	0.215767
102	0.199423
102	0.293192
105	0.185676
105	0.228416
105	0.231155
105	0.262152
105	0.257111
105	0.297385
105	0.240148
105	0.295055
105	0.325643
105	0.247442
105	0.258517
105	0.226655
105	0.222261
105	0.222974
105	0.184349
105	0.293747
105	0.257074
105	0.266237
105	0.301643
105	0.294597
105	0.298799
105	0.216187
105	0.251559
105	0.21907
105	0.223843
105	0.265121
105	0.28583
105	0.231554
105	0.246061
105	0.225818
105	0.243802
105	0.260672
105	0.256056
105	0.300268
105	0.22513
105	0.298045
105	0.145037
105	0.249511
105	0.274399
105	0.277125
105	0.300411
105	0.222738
105	0.260872
105	0.246321
105	0.250314
105	0.300334
105	0.21947
105	0.265369
105	0.250716
105	0.287295
105	0.190205
105	0.238805
105	0.311363
105	0.268541
105	0.385673
105	0.195462
105	0.242806
105	0.251906
105	0.207817
105	0.227586
105	0.32515
105	0.263227
105	0.210567
105	0.194692
105	0.226764
105	0.200652
105	0.267725
105	0.224686
105	0.212703
105	0.269846
105	0.237519
105	0.261121
105	0.199794
105	0.274973
105	0.307963
105	0.247473
105	0.224824
105	0.247543
105	0.279692
105	0.223418
105	0.207857
105	0.236347
105	0.22836
105	0.279675
105	0.297966
105	0.31002
105	0.28325
105	0.236211
105	0.264519
105	0.266666
105	0.23293
105	0.202957
105	0.265638
105	0.298055
105	0.242172
105	0.338223
105	0.23362
105	0.259032
105	0.209297
105	0.240264
108	0.279176
108	0.296353
108	0.344933
108	0.297338
108	0.322537
108	0.246515
108	0.250582
108	0.237092
108	0.270429
108	0.220173
108	0.222318
108	0.160775
108	0.232738
108	0.253446
108	0.283833
108	0.288886
108	0.237225
108	0.222233
108	0.235923
108	0.24483
108	0.155506
108	0.206055
108	0.228471
108	0.267971
108	0.277126
108	0.271142
108	0.23045
108	0.248775
108	0.24935
108	0.265041
108	0.221404
108	0.240037
108	0.290195
108	0.260684
108	0.208298
108	0.250342
108	0.249394
108	0.285671
108	0.276546
108	0.236483
108	0.274313
108	0.230217
108	0.243815
108	0.176595
108	0.242559
108	0.311582
108	0.288404
108	0.272068
108	0.289644
108	0.268844
108	0.291837
108	0.235056
108	0.253088
108	0.262664
108	0.270698
108	0.250173
108	0.232632
108	0.257122
108	0.288927
108	0.33819
108	0.239564
108	0.258343
108	0.267837
108	0.27759
108	0.293667
108	0.247313
108	0.288327
108	0.241608
108	0.150018
108	0.229318
108	0.250306
108	0.24977
108	0.276433
108	0.319714
108	0.212785
108	0.300982
108	0.124802
108	0.145115
108	0.246012
108	0.306908
108	0.291493
108	0.21666
108	0.309326
108	0.252345
108	0.256501
108	0.302017
108	0.232106
108	0.269376
108	0.23816
108	0.199466
108	0.315791
108	0.258348
108	0.291734
108	0.262135
108	0.280268
108	0.245011
108	0.26028
108	0.257493
108	0.253755
108	0.256682
111	0.0946653
111	0.216604
111	0.140087
111	0.159113
111	0.172326
111	0.239191
111	0.219576
111	0.295624
111	0.282956
111	0.224575
111	0.261616
111	0.286667
111	0.24513
111	0.272896
111	0.189729
111	0.169112
111	0.228968
111	0.189327
111	0.177936
111	0.197608
111	0.259886
111	0.292587
111	0.267113
111	0.243081
111	0.26319
111	0.290513
111	0.261986
111	0.218949
111	0.294647
111	0.220154
111	0.240779
111	0.22777
111	0.230467
111	0.282923
111	0.199107
111	0.240638
111	0.32889
111	0.228224
111	0.300569
111	0.235279
111	0.273324
111	0.228365
111	0.273507
111	0.24306
111	0.240459
111	0.273835
111	0.154514
111	0.236016
111	0.286302
111	0.191621
111	0.256553
111	0.237328
111	0.265951
111	0.284498
111	0.2722
111	0.241027
111	0.341518
111	0.288776
111	0.298847
111	0.282887
111	0.234426
111	0.285101
111	0.262703
111	0.299317
111	0.297249
111	0.263475
111	0.320201
111	0.278068
111	0.267214
111	0.273965
111	0.243818
111	0.24125
111	0.221441
111	0.192536
111	0.265669
111	0.247708
111	0.293304
111	0.264537
111	0.245512
111	0.226455
111	0.271561
111	0.234206
111	0.201588
111	0.260981
111	0.211476
111	0.245914
111	0.283684
111	0.220145
111	0.256599
111	0.290458
111	0.228211
111	0.282134
111	0.224988
111	0.217752
111	0.238241
111	0.190063
111	0.258431
111	0.263294
111	0.266214
111	0.288827
114	0.244957
114	0.293404
114	0.297183
114	0.23889
114	0.27903
114	0.243897
114	0.24409
114	0.300335
114	0.260131
114	0.185762
114	0.267796
114	0.203375
114	0.229225
114	0.316492
114	0.202626
114	0.245758
114	0.279588
114	0.228745
114	0.258288
114	0.150088
114	0.206693
114	0.247014
114	0.188003
114	0.215972
114	0.305564
114	0.252297
114	0.313732
114	0.272928
114	0.290786
114	0.228976
114	0.30012
114	0.224227
114	0.259716
114	0.241239
114	0.226898
114	0.178513
114	0.233948
114	0.271148
114	0.271132
114	0.21393
114	0.172287
114	0.233009
114	0.201939
114	0.286453
114	0.267873
114	0.229844
114	0.277137
114	0.291926
114	0.272438
114	0.266652
114	0.215689
114	0.218084
114	0.273955
114	0.260569
114	0.33058
114	0.255893
114	0.289638
114	0.202931
114	0.267471
114	0.23059
114	0.286759
114	0.254335
114	0.21361
114	0.265044
114	0.211338
114	0.265766
114	0.257467
114	0.214211
114	0.234434
114	0.293127
114	0.302278
114	0.24163
114	0.280554
114	0.300139
114	0.208828
114	0.30233
114	0.280342
114	0.300404
114	0.236994
114	0.216307
114	0.234449
114	0.24844
114	0.265442
114	0.203074
114	0.231287
114	0.222106
114	0.235457
114	0.249225
114	0.226001
114	0.235073
114	0.260756
114	0.253492
114	0.260921
114	0.248064
114	0.219768
114	0.274354
114	0.214932
114	0.279201
114	0.191701
114	0.140379
117	0.189428
117	0.283309
117	0.256706
117	0.228696
117	0.274674
117	0.27267
117	0.277566
117	0.238953
117	0.229869
117	0.184319
117	0.298201
117	0.215513
117	0.281335
117	0.186167
117	0.213201
117	0.238421
117	0.229042
117	0.260976
117	0.278625
117	0.186926
117	0.187388
117	0.223594
117	0.276481
117	0.241655
117	0.285421
117	0.190866
117	0.23305
117	0.220242
117	0.276467
117	0.2489
117	0.308021
117	0.193033
117	0.179341
117	0.202228
117	0.171356
117	0.257994
117	0.259048
117	0.291002
117	0.247306
117	0.261203
117	0.246323
117	0.200093
117	0.249988
117	0.239485
117	0.357661
117	0.22077
117	0.230079
117	0.232256
117	0.253641
117	0.202366
117	0.269235
117	0.233457
117	0.187417
117	0.230051
117	0.273971
117	0.221462
117	0.202797
117	0.265349
117	0.221202
117	0.2033
117	0.228333
117	0.28292
117	0.229664
117	0.20513
117	0.254355
117	0.22656
117	0.277522
117	0.219685
117	0.269097
117	0.290482
117	0.222849
117	0.320836
117	0.269707
117	0.305637
117	0.216594
117	0.230478
117	0.299853
117	0.338403
117	0.260891
117	0.28216
117	0.267286
117	0.18078
117	0.253481
117	0.285719
117	0.234846
117	0.231941
117	0.223468
117	0.226354
117	0.255719
117	0.214149
117	0.238566
117	0.234034
117	0.207657
117	0.315669
117	0.263245
117	0.298403
117	0.247312
117	0.260069
117	0.223187
117	0.361679
120	0.203752
120	0.215345
120	0.282792
120	0.303055
120	0.214889
120	0.202474
120	0.240885
120	0.24907
120	0.171932
120	0.246911
120	0.129044
120	0.205518
120	0.262037
120	0.27665
120	0.261739
120	0.268268
120	0.30957
120	0.256695
120	0.242161
120	0.188403
120	0.216981
120	0.243226
120	0.293863
120	0.270517
120	0.275712
120	0.227927
120	0.229348
120	0.210137
120	0.255036
120	0.279124
120	0.19129
120	0.195953
120	0.279882
120	0.15401
120	0.217329
120	0.288557
120	0.250485
120	0.22488
120	0.243079
120	0.24247
120	0.327347
120	0.247309
120	0.161146
120	0.292853
120	0.151706
120	0.285271
120	0.25629
120	0.195985
120	0.237632
120	0.202134
120	0.252395
120	0.277382
120	0.250633
120	0.1886
120	0.221598
120	0.212548
120	0.190228
120	0.184178
120	0.226303
120	0.215066
120	0.294944
120	0.196106
120	0.181914
120	0.237709
120	0.315299
120	0.220103
120	0.267091
120	0.201532
120	0.186626
120	0.288114
120	0.26921
120	0.24532
120	0.228105
120	0.272429
120	0.193537
120	0.200329
120	0.253727
120	0.248593
120	0.303359
120	0.154704
120	0.227248
120	0.182184
120	0.254825
120	0.223451
120	0.227911
120	0.265736
120	0.175123
120	0.17189
120	0.237272
120	0.256271
120	0.211018
120	0.290033
120	0.138702
120	0.279133
120	0.320542
120	0.190683
120	0.235498
120	0.323743
120	0.263745
120	0.224781
123	0.294781
123	0.246598
123	0.257479
123	0.217497
123	0.23842
123	0.256577
123	0.334854
123	0.210769
123	0.250672
123	0.178032
123	0.303252
123	0.202585
123	0.220285
123	0.266994
123	0.272453
123	0.206845
123	0.239114
123	0.23654
123	0.233658
123	0.281269
123	0.246606
123	0.288447
123	0.292887
123	0.199918
123	0.215337
123	0.203481
123	0.257148
123	0.269445
123	0.168977
123	0.221604
123	0.246599
123	0.255703
123	0.215519
123	0.209805
123	0.252213
123	0.253936
123	0.296695
123	0.207066
123	0.212521
123	0.179326
123	0.231564
123	0.24838
123	0.233206
123	0.246153
123	0.278594
123	0.264896
123	0.214764
123	0.143612
123	0.273853
123	0.232426
123	0.261171
123	0.260572
123	0.268471
123	0.288609
123	0.202491
123	0.243761
123	0.262541
123	0.270472
123	0.288861
123	0.198821
123	0.235752
123	0.236221
123	0.188565
123	0.227832
123	0.260904
123	0.249321
123	0.249441
123	0.281305
123	0.248343
123	0.331865
123	0.229047
123	0.231788
123	0.228001
123	0.189503
123	0.252063
123	0.250575
123	0.237643
123	0.255441
123	0.206064
123	0.308912
123	0.263855
123	0.176939
123	0.248777
123	0.226256
123	0.255254
123	0.249384
123	0.203266
123	0.134761
123	0.269693
123	0.20535
123	0.299121
123	0.287484
123	0.15636
123	0.251298
123	0.319514
123	0.232952
123	0.281087
123	0.253569
123	0.251714
123	0.219311
126	0.223577
126	0.231314
126	0.214944
126	0.25993
126	0.321424
126	0.240807
126	0.220429
126	0.291786
126	0.219786
126	0.21872
126	0.254674
126	0.263546
126	0.209189
126	0.179494
126	0.249011
126	0.214157
126	0.277029
126	0.225438
126	0.114102
126	0.222884
126	0.218256
126	0.219214
126	0.241583
126	0.231164
126	0.294588
126	0.262239
126	0.178714
126	0.202402
126	0.169824
126	0.2351
126	0.193132
126	0.228244
126	0.246264
126	0.145389
126	0.25384
126	0.167626
126	0.284163
126	0.246839
126	0.321046
126	0.244942
126	0.29923
126	0.222509
126	0.254147
126	0.23917
126	0.184962
126	0.277496
126	0.236892
126	0.175324
126	0.223647
126	0.265868
126	0.353963
126	0.203186
126	0.213437
126	0.271947
126	0.28756
126	0.175467
126	0.329065
126	0.247222
126	0.269196
126	0.233185
126	0.180985
126	0.203234
126	0.242204
126	0.245492
126	0.202902
126	0.17358
126	0.27103
126	0.294157
126	0.289721
126	0.203644
126	0.318579
126	0.289154
126	0.211137
126	0.299748
126	0.213227
126	0.328102
126	0.232994
126	0.193041
126	0.301235
126	0.202407
126	0.239448
126	0.268906
126	0.288554
126	0.271121
126	0.269084
126	0.269007
126	0.253156
126	0.147539
126	0.22685
126	0.233119
126	0.168063
126	0.210369
126	0.169318
126	0.245726
126	0.216721
126	0.188127
126	0.239138
126	0.276731
126	0.266737
126	0.217077
129	0.331665
129	0.249933
129	0.210638
129	0.197726
129	0.210646
129	0.185092
129	0.287093
129	0.252192
129	0.21963
129	0.250794
129	0.188449
129	0.195348
129	0.278654
129	0.230738
129	0.236331
129	0.199246
129	0.202785
129	0.203354
129	0.215593
129	0.295325
129	0.246204
129	0.224286
129	0.226008
129	0.296351
129	0.275728
129	0.272603
129	0.252064
129	0.196484
129	0.22927
129	0.283875
129	0.163861
129	0.26257
129	0.195994
129	0.18441
129	0.185807
129	0.29556
129	0.251987
129	0.313709
129	0.236683
129	0.23304
129	0.304716
129	0.253311
129	0.295382
129	0.233783
129	0.193848
129	0.28383
129	0.201375
129	0.183805
129	0.190515
129	0.190606
129	0.204849
129	0.190625
129	0.309106
129	0.245752
129	0.298628
129	0.19767
129	0.182181
129	0.209044
129	0.21031
129	0.269704
129	0.164334
129	0.242473
129	0.174126
129	0.229941
129	0.211203
129	0.29487
129	0.24112
129	0.291664
129	0.290254
129	0.175752
129	0.229249
129	0.209529
129	0.215417
129	0.244303
129	0.158314
129	0.270076
129	0.275875
129	0.18921
129	0.24867
129	0.234968
129	0.259605
129	0.244764
129	0.274348
129	0.230518
129	0.261586
129	0.221115
129	0.204226
129	0.229316
129	0.24116
129	0.212867
129	0.200212
129	0.193957
129	0.24201
129	0.269664
129	0.237505
129	0.242733
129	0.270661
129	0.199622
129	0.236637
129	0.277458
132	0.228009
132	0.281333
132	0.204518
132	0.260692
132	0.232017
132	0.263103
132	0.182243
132	0.165782
132	0.220143
132	0.23657
132	0.300457
132	0.283768
132	0.239979
132	0.251546
132	0.21987
132	0.220665
132	0.276423
132	0.255634
132	0.276868
132	0.195114
132	0.203844
132	0.270992
132	0.204113
132	0.241745
132	0.228269
132	0.305739
132	0.197641
132	0.220229
132	0.269981
132	0.275236
132	0.230769
132	0.260031
132	0.259565
132	0.259179
132	0.236344
132	0.21531
132	0.248747
132	0.169053
132	0.206157
132	0.127893
132	0.205623
132	0.12891
132	0.193155
132	0.250722
132	0.199079
132	0.26632
132	0.168731
132	0.231675
132	0.183496
132	0.250194
132	0.232472
132	0.300647
132	0.294594
132	0.264099
132	0.170984
132	0.233378
132	0.242649
132	0.20126
132	0.18016
132	0.207162
132	0.208034
132	0.164945
132	0.229173
132	0.143688
132	0.223644
132	0.233945
132	0.267821
132	0.215967
132	0.243122
132	0.249621
132	0.225107
132	0.238467
132	0.203814
132	0.275774
132	0.223985
132	0.195342
132	0.248781
132	0.212993
132	0.22161
132	0.185392
132	0.169566
132	0.228801
132	0.329648
132	0.241415
132	0.218413
132	0.194697
132	0.215481
132	0.214019
132	0.198705
132	0.162273
132	0.231391
132	0.178947
132	0.255984
132	0.274517
132	0.289174
132	0.174588
132	0.212836
132	0.15447
132	0.142613
132	0.294412
135	0.196856
135	0.168102
135	0.289496
135	0.261087
135	0.236229
135	0.215973
135	0.191477
135	0.135208
135	0.242093
135	0.20919
135	0.199767
135	0.244409
135	0.246919
135	0.152107
135	0.209629
135	0.289247
135	0.248928
135	0.174304
135	0.176148
135	0.252694
135	0.165791
135	0.174788
135	0.147243
135	0.227113
135	0.195159
135	0.228971
135	0.209894
135	0.211812
135	0.257576
135	0.221743
135	0.196601
135	0.226967
135	0.255707
135	0.299313
135	0.143733
135	0.169987
135	0.283775
135	0.209602
135	0.179025
135	0.299669
135	0.319026
135	0.210893
135	0.19507
135	0.203181
135	0.244905
135	0.226561
135	0.227834
135	0.211892
135	0.184381
135	0.244969
135	0.247196
135	0.217889
135	0.287087
135	0.245933
135	0.294229
135	0.260154
135	0.380986
135	0.254957
135	0.247255
135	0.272271
135	0.257431
135	0.140486
135	0.227816
135	0.238193
135	0.251957
135	0.16911
135	0.197598
135	0.285086
135	0.264845
135	0.220812
135	0.307889
135	0.187505
135	0.226522
135	0.265693
135	0.23046
135	0.237658
135	0.18556
135	0.17094
135	0.248812
135	0.257732
135	0.263917
135	0.150255
135	0.272298
135	0.264255
135	0.217112
135	0.186669
135	0.225395
135	0.249248
135	0.275501
135	0.177321
135	0.244237
135	0.235572
135	0.269231
135	0.218001
135	0.242251
135	0.216143
135	0.274743
135	0.239903
135	0.177522
135	0.234764
138	0.296312
138	0.151127
138	0.287327
138	0.238461
138	0.227079
138	0.174792
138	0.19097
138	0.196622
138	0.263854
138	0.278107
138	0.320505
138	0.176028
138	0.161643
138	0.288202
138	0.248741
138	0.271283
138	0.219636
138	0.280778
138	0.188441
138	0.255442
138	0.173495
138	0.229835
138	0.253437
138	0.165041
138	0.198801
138	0.236457
138	0.180479
138	0.263797
138	0.26019
138	0.24549
138	0.234024
138	0.214311
138	0.204012
138	0.228544
138	0.339367
138	0.217597
138	0.222877
138	0.217654
138	0.241887
138	0.285671
138	0.232365
138	0.210942
138	0.179524
138	0.193662
138	0.247953
138	0.299837
138	0.226914
138	0.245752
138	0.190442
138	0.214196
138	0.239264
138	0.248929
138	0.193125
138	0.254164
138	0.269598
138	0.164203
138	0.255205
138	0.284688
138	0.226091
138	0.185572
138	0.249252
138	0.199373
138	0.138132
138	0.272138
138	0.199819
138	0.255354
138	0.210804
138	0.225903
138	0.12202
138	0.204535
138	0.281585
138	0.197578
138	0.280546
138	0.216026
138	0.268684
138	0.270985
138	0.234146
138	0.294142
138	0.215322
138	0.244526
138	0.237661
138	0.285583
138	0.241348
138	0.166979
138	0.234799
138	0.252969
138	0.258232
138	0.157672
138	0.288528
138	0.262567
138	0.232592
138	0.263544
138	0.217974
138	0.24228
138	0.220777
138	0.178983
138	0.159776
138	0.259364
138	0.27099
138	0.181982
141	0.226872
141	0.177554
141	0.247159
141	0.288806
141	0.175876
141	0.206658
141	0.240477
141	0.208965
141	0.260312
141	0.230645
141	0.289903
141	0.211545
141	0.277155
141	0.189786
141	0.211091
141	0.201062
141	0.212442
141	0.199501
141	0.265145
141	0.255602
141	0.210421
141	0.158338
141	0.218321
141	0.261485
141	0.329255
141	0.225899
141	0.194927
141	0.251938
141	0.271894
141	0.20784
141	0.25891
141	0.184538
141	0.239106
141	0.209412
141	0.219335
141	0.205847
141	0.197125
141	0.229411
141	0.249513
141	0.26822
141	0.200276
141	0.251274
141	0.178782
141	0.173399
141	0.248704
141	0.157576
141	0.309386
141	0.27015
141	0.182338
141	0.251959
141	0.286073
141	0.282075
141	0.180088
141	0.157634
141	0.281109
141	0.187299
141	0.280836
141	0.243276
141	0.226424
141	0.220488
141	0.323421
141	0.197979
141	0.193828
141	0.21651
141	0.197448
141	0.208914
141	0.241082
141	0.201159
141	0.277967
141	0.244739
141	0.175793
141	0.189412
141	0.180407
141	0.181587
141	0.273778
141	0.158607
141	0.262387
141	0.268451
141	0.252027
141	0.208783
141	0.30509
141	0.215513
141	0.280735
141	0.181968
141	0.224867
141	0.216651
141	0.228827
141	0.238229
141	0.207157
141	0.216155
141	0.22361
141	0.184509
141	0.337695
141	0.177896
141	0.274409
141	0.207768
141	0.370397
141	0.252248
141	0.180671
141	0.284212
144	0.242854
144	0.18121
144	0.217104
144	0.226677
144	0.198538
144	0.145725
144	0.222923
144	0.192818
144	0.270961
144	0.255626
144	0.165951
144	0.187761
144	0.276326
144	0.248358
144	0.293647
144	0.257646
144	0.214997
144	0.151341
144	0.176448
144	0.160931
144	0.190119
144	0.282197
144	0.243082
144	0.215052
144	0.176444
144	0.26535
144	0.20398
144	0.272842
144	0.26205
144	0.360378
144	0.289455
144	0.194205
144	0.24962
144	0.170102
144	0.16861
144	0.201356
144	0.320379
144	0.11167
144	0.107527
144	0.161473
144	0.256424
144	0.146103
144	0.209745
144	0.199393
144	0.177918
144	0.228511
144	0.258009
144	0.242966
144	0.150024
144	0.23051
144	0.274273
144	0.230667
144	0.264589
144	0.205205
144	0.267259
144	0.247141
144	0.203333
144	0.229823
144	0.235934
144	0.191424
144	0.257958
144	0.270755
144	0.253076
144	0.217914
144	0.299477
144	0.302742
144	0.270228
144	0.272977
144	0.205468
144	0.288697
144	0.226986
144	0.178262
144	0.219869
144	0.244121
144	0.158082
144	0.221521
144	0.238377
144	0.332414
144	0.152676
144	0.197751
144	0.247267
144	0.219594
144	0.228183
144	0.207447
144	0.201056
144	0.218304
144	0.263163
144	0.213752
144	0.238125
144	0.21968
144	0.265102
144	0.224099
144	0.175457
144	0.237807
144	0.262986
144	0.197202
144	0.250148
144	0.150169
144	0.134385
144	0.112827
147	0.194005
147	0.251171
147	0.199187
147	0.263883
147	0.248485
147	0.208522
147	0.261255
147	0.295306
147	0.150893
147	0.192125
147	0.232696
147	0.206346
147	0.137059
147	0.188136
147	0.205544
147	0.181684
147	0.232363
147	0.140357
147	0.289989
147	0.222346
147	0.32513
147	0.211814
147	0.211706
147	0.186947
147	0.216149
147	0.267353
147	0.245379
147	0.188801
147	0.20328
147	0.245608
147	0.224668
147	0.292917
147	0.274051
147	0.259509
147	0.18417
147	0.324688
147	0.174143
147	0.237121
147	0.280498
147	0.236404
147	0.128986
147	0.249677
147	0.234736
147	0.268051
147	0.308115
147	0.24788
147	0.183403
147	0.220529
147	0.22289
147	0.202199
147	0.241624
147	0.207596
147	0.202011
147	0.263619
147	0.231721
147	0.244008
147	0.216343
147	0.285038
147	0.274576
147	0.261151
147	0.214416
147	0.133439
147	0.346071
147	0.20071
147	0.237457
147	0.243886
147	0.254943
147	0.189672
147	0.248819
147	0.231555
147	0.238163
147	0.247536
147	0.163002
147	0.248909
147	0.236178
147	0.259491
147	0.282246
147	0.245396
147	0.265246
147	0.2409
147	0.1897
147	0.224301
147	0.266994
147	0.20095
147	0.218919
147	0.253541
147	0.296472
147	0.199173
147	0.224896
147	0.264971
147	0.210727
147	0.14015
147	0.190017
147	0.297857
147	0.35899
147	0.259893
147	0.261583
147	0.151095
147	0.216523
147	0.194522
150	0.211246
150	0.189967
150	0.258887
150	0.180932
150	0.271117
150	0.265518
150	0.177155
150	0.18145
150	0.258403
150	0.242463
150	0.259315
150	0.125156
150	0.248983
150	0.129262
150	0.294737
150	0.25156
150	0.194424
150	0.241572
150	0.201545
150	0.270337
150	0.215536
150	0.1711
150	0.222449
150	0.19027
150	0.198283
150	0.22044
150	0.194746
150	0.212848
150	0.258089
150	0.268662
150	0.190293
150	0.201784
150	0.211742
150	0.175525
150	0.208721
150	0.202869
150	0.192545
150	0.195153
150	0.230506
150	0.170181
150	0.256925
150	0.25474
150	0.235088
150	0.194336
150	0.180362
150	0.190834
150	0.209129
150	0.260227
150	0.220915
150	0.197235
150	0.232098
150	0.238367
150	0.30386
150	0.30363
150	0.217553
150	0.159117
150	0.263998
150	0.227151
150	0.242677
150	0.211577
150	0.176158
150	0.236065
150	0.231966
150	0.220071
150	0.219479
150	0.248057
150	0.209439
150	0.183867
150	0.240947
150	0.218303
150	0.191384
150	0.254436
150	0.190762
150	0.236882
150	0.243135
150	0.243292
150	0.1619
150	0.249086
150	0.213847
150	0.266492
150	0.214814
150	0.258838
150	0.220439
150	0.285335
150	0.263588
150	0.250982
150	0.190042
150	0.230391
150	0.199269
150	0.195172
150	0.253818
150	0.139117
150	0.188008
150	0.212733
150	0.190038
150	0.213439
150	0.135234
150	0.239378
150	0.149303
150	0.269525
153	0.280642
153	0.269236
153	0.259034
153	0.235624
153	0.188428
153	0.212198
153	0.199892
153	0.121202
153	0.222739
153	0.216828
153	0.240363
153	0.211017
153	0.189452
153	0.220325
153	0.184901
153	0.226661
153	0.159275
153	0.222656
153	0.220667
153	0.257806
153	0.278158
153	0.190965
153	0.214958
153	0.282934
153	0.177532
153	0.186498
153	0.233578
153	0.253643
153	0.204875
153	0.274416
153	0.157373
153	0.143263
153	0.231057
153	0.263378
153	0.275003
153	0.171832
153	0.255951
153	0.242054
153	0.166973
153	0.184498
153	0.146691
153	0.219595
153	0.180814
153	0.148223
153	0.204
153	0.192689
153	0.248377
153	0.26874
153	0.243084
153	0.185197
153	0.297148
153	0.196265
153	0.243186
153	0.181634
153	0.282393
153	0.223374
153	0.172006
153	0.255103
153	0.225495
153	0.23082
153	0.234776
153	0.262442
153	0.171317
153	0.247597
153	0.156322
153	0.272318
153	0.233352
153	0.148224
153	0.184809
153	0.188713
153	0.239753
153	0.244489
153	0.164989
153	0.208141
153	0.266003
153	0.261758
153	0.224244
153	0.306331
153	0.220695
153	0.207643
153	0.198086
153	0.234744
153	0.231702
153	0.351896
153	0.209731
153	0.184352
153	0.235868
153	0.0765964
153	0.216636
153	0.263455
153	0.176019
153	0.231424
153	0.274512
153	0.230622
153	0.33198
153	0.237473
153	0.156627
153	0.218188
153	0.250178
153	0.243872
156	0.313136
156	0.133916
156	0.236603
156	0.158078
156	0.178838
156	0.165985
156	0.167381
156	0.203941
156	0.195588
156	0.238408
156	0.156906
156	0.242228
156	0.203526
156	0.224765
156	0.280051
156	0.188562
156	0.217617
156	0.210368
156	0.138
156	0.152847
156	0.125644
156	0.207634
156	0.192939
156	0.194231
156	0.149554
156	0.273381
156	0.206187
156	0.180313
156	0.193641
156	0.16517
156	0.153151
156	0.303578
156	0.218575
156	0.174038
156	0.262274
156	0.241166
156	0.240761
156	0.201426
156	0.192151
156	0.200755
156	0.2587
156	0.163374
156	0.266395
156	0.183762
156	0.155952
156	0.298607
156	0.295813
156	0.257394
156	0.246505
156	0.229335
156	0.192604
156	0.222304
156	0.150562
156	0.199605
156	0.144868
156	0.127405
156	0.165364
156	0.2092
156	0.214819
156	0.192542
156	0.297813
156	0.179062
156	0.255279
156	0.194762
156	0.195022
156	0.208759
156	0.229749
156	0.239997
156	0.225185
156	0.234612
156	0.262054
156	0.229545
156	0.221535
156	0.266378
156	0.293107
156	0.209869
156	0.239681
156	0.255736
156	0.220361
156	0.255517
156	0.255635
156	0.201211
156	0.138485
156	0.202123
156	0.2574
156	0.212315
156	0.200674
156	0.179015
156	0.189236
156	0.168326
156	0.110171
156	0.259586
156	0.257336
156	0.196177
156	0.174982
156	0.147409
156	0.195418
156	0.161612
156	0.253847
156	0.242628
159	0.190392
159	0.238914
159	0.214309
159	0.133137
159	0.335714
159	0.221906
159	0.183347
159	0.230734
159	0.201786
159	0.242376
159	0.159257
159	0.140273
159	0.201115
159	0.236609
159	0.28358
159	0.186184
159	0.235431
159	0.259859
159	0.230247
159	0.183923
159	0.186647
159	0.216567
159	0.151395
159	0.167459
159	0.304571
159	0.176122
159	0.152172
159	0.21923
159	0.125909
159	0.28597
159	0.208577
159	0.18486
159	0.156565
159	0.196288
159	0.230701
159	0.215798
159	0.140383
159	0.2429
159	0.267502
159	0.201509
159	0.201784
159	0.252031
159	0.161343
159	0.220549
159	0.28901
159	0.187141
159	0.170586
159	0.242274
159	0.178618
159	0.190083
159	0.241283
159	0.213791
159	0.212211
159	0.165401
159	0.188839
159	0.205074
159	0.245626
159	0.206795
159	0.244998
159	0.197271
159	0.285144
159	0.18308
159	0.265819
159	0.253415
159	0.144366
159	0.262732
159	0.20483
159	0.24722
159	0.188562
159	0.218706
159	0.213582
159	0.187535
159	0.283427
159	0.261532
159	0.204892
159	0.219391
159	0.219518
159	0.170448
159	0.264152
159	0.238457
159	0.149501
159	0.102978
159	0.253734
159	0.230823
159	0.198488
159	0.172945
159	0.226317
159	0.217294
159	0.296729
159	0.217407
159	0.293833
159	0.240442
159	0.217117
159	0.140046
159	0.27638
159	0.145669
159	0.217233
159	0.164868
159	0.183698
159	0.229419
162	0.247374
162	0.191592
162	0.210946
162	0.247623
162	0.204201
162	0.191574
162	0.189113
162	0.174824
162	0.203589
162	0.189202
162	0.261367
162	0.0787411
162	0.228926
162	0.207886
162	0.140747
162	0.164904
162	0.333533
162	0.179488
162	0.176748
162	0.19358
162	0.227105
162	0.192574
162	0.23879
162	0.211529
162	0.15262
162	0.211005
162	0.154519
162	0.1543
162	0.26745
162	0.173057
162	0.269104
162	0.236707
162	0.217585
162	0.230172
162	0.255541
162	0.265715
162	0.192542
162	0.242343
162	0.106646
162	0.367352
162	0.211684
162	0.212622
162	0.181227
162	0.236033
162	0.194478
162	0.141391
162	0.18835
162	0.162225
162	0.159962
162	0.244656
162	0.222686
162	0.271933
162	0.325425
162	0.246648
162	0.169209
162	0.243011
162	0.265215
162	0.179618
162	0.20609
162	0.240915
162	0.130582
162	0.187858
162	0.23256
162	0.256307
162	0.137103
162	0.222271
162	0.182823
162	0.251999
162	0.169301
162	0.189111
162	0.223846
162	0.163177
162	0.176429
162	0.171882
162	0.229737
162	0.228178
162	0.174631
162	0.205078
162	0.216411
162	0.173557
162	0.229698
162	0.176089
162	0.262882
162	0.199017
162	0.170831
162	0.270776
162	0.180924
162	0.121429
162	0.165045
162	0.205945
162	0.214598
162	0.20406
162	0.172448
162	0.204429
162	0.185584
162	0.172413
162	0.288492
162	0.173207
162	0.265564
162	0.182993
165	0.283586
165	0.209977
165	0.235808
165	0.207065
165	0.179035
165	0.172338
165	0.24698
165	0.20703
165	0.246926
165	0.388188
165	0.139967
165	0.23984
165	0.207319
165	0.152041
165	0.215762
165	0.126605
165	0.258322
165	0.222095
165	0.195392
165	0.190368
165	0.213263
165	0.18953
165	0.230748
165	0.248816
165	0.221343
165	0.21059
165	0.230493
165	0.228716
165	0.21419
165	0.14688
165	0.206597
165	0.195627
165	0.203473
165	0.216999
165	0.282512
165	0.252301
165	0.154332
165	0.213427
165	0.315471
165	0.176313
165	0.191809
165	0.256437
165	0.201901
165	0.167162
165	0.23792
165	0.229125
165	0.293163
165	0.178891
165	0.258978
165	0.177474
165	0.180598
165	0.235923
165	0.277851
165	0.119162
165	0.209242
165	0.225326
165	0.317671
165	0.266439
165	0.19925
165	0.188051
165	0.155355
165	0.146967
165	0.271936
165	0.197448
165	0.159996
165	0.269047
165	0.144884
165	0.189463
165	0.246622
165	0.264328
165	0.267579
165	0.263265
165	0.21649
165	0.189851
165	0.174406
165	0.176856
165	0.30955
165	0.206014
165	0.189242
165	0.142162
165	0.127385
165	0.0671578
165	0.253218
165	0.260959
165	0.179311
165	0.234359
165	0.233984
165	0.224118
165	0.220476
165	0.213066
165	0.174656
165	0.247611
165	0.275728
165	0.195519
165	0.198643
165	0.199359
165	0.214086
165	0.146423
165	0.245228
165	0.10122
168	0.189006
168	0.188594
168	0.203433
168	0.177648
168	0.207475
168	0.256253
168	0.16849
168	0.347931
168	0.162435
168	0.162317
168	0.0794686
168	0.179825
168	0.159589
168	0.103543
168	0.229354
168	0.285203
168	0.200717
168	0.158971
168	0.126304
168	0.0848472
168	0.225548
168	0.234078
168	0.231469
168	0.173442
168	0.134944
168	0.238071
168	0.194448
168	0.205804
168	0.0936229
168	0.160693
168	0.153474
168	0.200464
168	0.273303
168	0.142362
168	0.296628
168	0.202427
168	0.191582
168	0.227058
168	0.244805
168	0.237801
168	0.248473
168	0.177017
168	0.247039
168	0.180259
168	0.200508
168	0.26385
168	0.185181
168	0.295899
168	0.242226
168	0.208847
168	0.199124
168	0.244356
168	0.154009
168	0.192715
168	0.22401
168	0.240538
168	0.177158
168	0.17982
168	0.208347
168	0.13705
168	0.222874
168	0.155523
168	0.199206
168	0.193103
168	0.191546
168	0.189061
168	0.254142
168	0.167858
168	0.211327
168	0.254889
168	0.15851
168	0.207383
168	0.227511
168	0.275094
168	0.149745
168	0.25173
168	0.161781
168	0.252997
168	0.229244
168	0.175588
168	0.277903
168	0.160639
168	0.213731
168	0.20849
168	0.20158
168	0.208079
168	0.20305
168	0.298131
168	0.264134
168	0.166075
168	0.307813
168	0.244854
168	0.322152
168	0.144804
168	0.141556
168	0.096502
168	0.285732
168	0.184829
168	0.200939
168	0.195326
171	0.139984
171	0.194542
171	0.223672
171	0.216813
171	0.260308
171	0.112548
171	0.178677
171	0.192873
171	0.183877
171	0.198075
171	0.258811
171	0.19708
171	0.271374
171	0.216283
171	0.211359
171	0.1958
171	0.157229
171	0.249654
171	0.22456
171	0.191163
171	0.190785
171	0.199749
171	0.27145
171	0.171921
171	0.221306
171	0.156088
171	0.22778
171	0.254004
171	0.159964
171	0.142514
171	0.283436
171	0.232606
171	0.196945
171	0.188103
171	0.280283
171	0.183465
171	0.222827
171	0.191303
171	0.108569
171	0.262883
171	0.296098
171	0.248542
171	0.268957
171	0.123433
171	0.252582
171	0.221368
171	0.193902
171	0.230677
171	0.224109
171	0.287529
171	0.192395
171	0.189186
171	0.108753
171	0.119498
171	0.176754
171	0.152461
171	0.17668
171	0.211918
171	0.18892
171	0.157137
171	0.233046
171	0.132525
171	0.238219
171	0.272999
171	0.234466
171	0.12089
171	0.178862
171	0.193435
171	0.058976
171	0.238357
171	0.212379
171	0.284313
171	0.181675
171	0.193406
171	0.208192
171	0.194544
171	0.294596
171	0.208639
171	0.206163
171	0.273996
171	0.238355
171	0.219352
171	0.147052
171	0.199847
171	0.214313
171	0.218113
171	0.164611
171	0.196715
171	0.236853
171	0.293475
171	0.298264
171	0.312463
171	0.175023
171	0.252203
171	0.184958
171	0.221392
171	0.223847
171	0.230371
171	0.222018
171	0.161777
174	0.224357
174	0.261951
174	0.259899
174	0.161097
174	0.216227
174	0.150192
174	0.146199
174	0.126269
174	0.254984
174	0.187985
174	0.192402
174	0.206857
174	0.29244
174	0.176752
174	0.13068
174	0.126616
174	0.203686
174	0.225218
174	0.196751
174	0.171315
174	0.118653
174	0.168299
174	0.174427
174	0.162682
174	0.171459
174	0.309475
174	0.300957
174	0.219204
174	0.199308
174	0.180926
174	0.252265
174	0.245576
174	0.239834
174	0.191495
174	0.131658
174	0.291059
174	0.247645
174	0.14765
174	0.096439
174	0.191401
174	0.227898
174	0.212414
174	0.233799
174	0.202033
174	0.239838
174	0.225617
174	0.16261
174	0.202862
174	0.223409
174	0.157005
174	0.316202
174	0.188627
174	0.222852
174	0.216742
174	0.196179
174	0.214531
174	0.182396
174	0.196574
174	0.250757
174	0.19742
174	0.237461
174	0.159734
174	0.111993
174	0.0658268
174	0.207115
174	0.242987
174	0.121549
174	0.241751
174	0.214889
174	0.237869
174	0.200178
174	0.241233
174	0.243162
174	0.145034
174	0.197986
174	0.180995
174	0.195101
174	0.196011
174	0.202701
174	0.248598
174	0.210359
174	0.166643
174	0.284909
174	0.21502
174	0.241789
174	0.193192
174	0.174715
174	0.230638
174	0.281059
174	0.168026
174	0.260589
174	0.260615
174	0.278593
174	0.187029
174	0.163851
174	0.197017
174	0.169174
174	0.307685
174	0.222816
174	0.130222
177	0.1766
177	0.147885
177	0.208222
177	0.188376
177	0.182691
177	0.178414
177	0.219507
177	0.234041
177	0.211081
177	0.173546
177	0.283885
177	0.257796
177	0.14888
177	0.263582
177	0.215276
177	0.192486
177	0.229555
177	0.198783
177	0.159537
177	0.188618
177	0.292667
177	0.127704
177	0.208259
177	0.190282
177	0.111191
177	0.206624
177	0.252753
177	0.18352
177	0.207744
177	0.193683
177	0.26086
177	0.207997
177	0.20381
177	0.249751
177	0.23706
177	0.163469
177	0.283207
177	0.217138
177	0.287232
177	0.257425
177	0.173892
177	0.169682
177	0.143607
177	0.182807
177	0.202411
177	0.143173
177	0.260564
177	0.2174
177	0.206027
177	0.212251
177	0.184762
177	0.142601
177	0.264169
177	0.167178
177	0.225363
177	0.257258
177	0.145956
177	0.170028
177	0.168405
177	0.160001
177	0.162784
177	0.208776
177	0.220633
177	0.222472
177	0.235469
177	0.0903521
177	0.308364
177	0.181726
177	0.190976
177	0.174851
177	0.126785
177	0.196679
177	0.285066
177	0.151454
177	0.166144
177	0.160851
177	0.242765
177	0.313277
177	0.157499
177	0.181842
177	0.150525
177	0.139883
177	0.177327
177	0.185757
177	0.179995
177	0.250912
177	0.232612
177	0.241748
177	0.207477
177	0.261462
177	0.104077
177	0.14622
177	0.223561
177	0.14812
177	0.201378
177	0.229118
177	0.168158
177	0.193646
177	0.218933
177	0.146081
180	0.248044
180	0.321315
180	0.224008
180	0.241754
180	0.191037
180	0.0861268
180	0.154553
180	0.186844
180	0.230871
180	0.155404
180	0.189482
180	0.217059
180	0.152876
180	0.202694
180	0.180431
180	0.164936
180	0.207481
180	0.0882131
180	0.178303
180	0.155814
180	0.182734
180	0.24793
180	0.19912
180	0.133603
180	0.323128
180	0.15442
180	0.138294
180	0.262203
180	0.223356
180	0.19001
180	0.146887
180	0.182607
180	0.228139
180	0.196622
180	0.136375
180	0.162001
180	0.188599
180	0.226995
180	0.168699
180	0.204172
180	0.183681
180	0.22759
180	0.101797
180	0.153904
180	0.223086
180	0.157662
180	0.152579
180	0.152603
180	0.227595
180	0.194425
180	0.201549
180	0.176071
180	0.137415
180	0.23113
180	0.176004
180	0.239579
180	0.223336
180	0.13116
180	0.124318
180	0.202067
180	0.187619
180	0.168628
180	0.162829
180	0.145246
180	0.184461
180	0.152954
180	0.232158
180	0.150336
180	0.193153
180	0.306315
180	0.268548
180	0.234482
180	0.250868
180	0.189211
180	0.230678
180	0.249641
180	0.15534
180	0.151566
180	0.101569
180	0.269883
180	0.149012
180	0.273025
180	0.18861
180	0.258499
180	0.21946
180	0.176322
180	0.162034
180	0.256104
180	0.176793
180	0.193538
180	0.238016
180	0.210027
180	0.183204
180	0.226912
180	0.152397
180	0.220994
180	0.164646
180	0.218558
180	0.20809
180	0.225417
