var	minCostFlow
30	0.0719775
30	0.047119
30	0.0336837
30	0.0536065
30	0.0823381
30	0.246103
30	0.065848
30	0.0286188
30	0.0903316
30	0.0934113
30	0.0834236
30	0.0796501
30	0.0727089
30	0.146519
30	0.137832
30	0.0243275
30	0.108272
30	0.138223
30	0.135035
30	0.111277
30	0.0954765
30	0.136891
30	0.177347
30	0.0681427
30	0.192998
30	0.117697
30	0.136883
30	0.143171
30	0.169498
30	0.0612292
30	0.143069
30	0.112619
30	0.136832
30	0.0705003
30	0.154772
30	0.0564671
30	0.0476896
30	0.0508609
30	0.0980176
30	0.0785445
30	0.0267866
30	0.261065
30	0.143834
30	0.108957
30	0.154831
30	0.060609
30	0.0462711
30	0.024959
30	0.218455
30	0.093643
30	0.0780802
30	0.0832043
30	0.112675
30	0.0592393
30	0.092953
30	0.105979
30	0.131717
30	0.137678
30	0.146551
30	0.120373
30	0.0932878
30	0.0886567
30	0.0922866
30	0.0608021
30	0.0427455
30	0.0283513
30	0.0625134
30	0.0634673
30	0.0965537
30	0.0650313
30	0.174543
30	0.0670103
30	0.0961846
30	0.146173
30	0.0691492
30	0.105315
30	0.0627951
30	0.112349
30	0.0450145
30	0.116264
30	0.161783
30	0.0946778
30	0.0411487
30	0.17134
30	0.100063
30	0.0417973
30	0.122794
30	0.03968
30	0.106199
30	0.173391
30	0.186758
30	0.0703779
30	0.0792258
30	0.0434385
30	0.106318
30	0.224786
30	0.0446106
30	0.121023
30	0.130595
30	0.138091
33	0.0679515
33	0.0352813
33	0.0672773
33	0.119836
33	0.0744527
33	0.154325
33	0.0852957
33	0.017822
33	0.109641
33	0.0844044
33	0.104175
33	0.06263
33	0.159825
33	0.0777622
33	0.0613288
33	0.0841545
33	0.0893045
33	0.11784
33	0.171079
33	0.122763
33	0.0766721
33	0.0739125
33	0.0140884
33	0.198011
33	0.105588
33	0.120442
33	0.19302
33	0.0671315
33	0.153412
33	0.127434
33	0.126046
33	0.129404
33	0.0785365
33	0.0793969
33	0.0396224
33	0.167317
33	0.104361
33	0.0669364
33	0.110279
33	0.165769
33	0.0712983
33	0.0227547
33	0.0824935
33	0.126514
33	0.28552
33	0.0832318
33	0.196162
33	0.0986809
33	0.0785726
33	0.126314
33	0.0807161
33	0.0532014
33	0.135006
33	0.12551
33	0.134654
33	0.0562694
33	0.118303
33	0.0986611
33	0.150908
33	0.152324
33	0.190469
33	0.120678
33	0.0420559
33	0.0942558
33	0.144718
33	0.0220499
33	0.0968596
33	0.0508162
33	0.0458978
33	0.0834469
33	0.146384
33	0.0176275
33	0.22454
33	0.207243
33	0.160269
33	0.0607287
33	0.165764
33	0.124585
33	0.0705154
33	0.0211722
33	0.0755074
33	0.113825
33	0.0830946
33	0.03167
33	0.0914143
33	0.139334
33	0.145472
33	0.10457
33	0.0984666
33	0.0896243
33	0.122049
33	0.0838417
33	0.134021
33	0.20713
33	0.0169258
33	0.0968034
33	0.155204
33	0.165659
33	0.0298996
33	0.0798667
36	0.0398478
36	0.168284
36	0.0489587
36	0.0818854
36	0.115775
36	0.081508
36	0.10928
36	0.202011
36	0.162063
36	0.114114
36	0.0869289
36	0.0310268
36	0.0768249
36	0.122982
36	0.0867294
36	0.0672234
36	0.0523364
36	0.137011
36	0.0875164
36	0.0293514
36	0.0688141
36	0.142977
36	0.0311395
36	0.0375811
36	0.180925
36	0.150422
36	0.15994
36	0.113608
36	0.0478111
36	0.131916
36	0.094407
36	0.185632
36	0.194094
36	0.113898
36	0.0567321
36	0.129092
36	0.079011
36	0.0642037
36	0.0734854
36	0.199885
36	0.114035
36	0.186976
36	0.0426117
36	0.130574
36	0.0402209
36	0.161726
36	0.0934857
36	0.0521099
36	0.163997
36	0.22593
36	0.170895
36	0.140857
36	0.0869868
36	0.198615
36	0.0476528
36	0.0815509
36	0.156336
36	0.296501
36	0.138499
36	0.111015
36	0.123136
36	0.0860643
36	0.0964734
36	0.202696
36	0.0854968
36	0.179381
36	0.112651
36	0.127822
36	0.12385
36	0.0492495
36	0.0467255
36	0.0501973
36	0.147224
36	0.16688
36	0.149152
36	0.111488
36	0.160537
36	0.0754463
36	0.0274037
36	0.10787
36	0.115147
36	0.117612
36	0.171649
36	0.0883134
36	0.161205
36	0.202973
36	0.0760754
36	0.189678
36	0.176948
36	0.0592575
36	0.0867698
36	0.0929825
36	0.271481
36	0.111963
36	0.171198
36	0.144153
36	0.116926
36	0.0944396
36	0.0769208
36	0.159953
39	0.0998322
39	0.0923992
39	0.157107
39	0.0766359
39	0.0611827
39	0.0833439
39	0.16932
39	0.126151
39	0.0642012
39	0.28587
39	0.157633
39	0.0983062
39	0.129911
39	0.0987345
39	0.0123703
39	0.102291
39	0.0282659
39	0.14804
39	0.165339
39	0.0488419
39	0.0190002
39	0.0749747
39	0.0735144
39	0.069134
39	0.114202
39	0.010929
39	0.0649273
39	0.0545753
39	0.182416
39	0.134994
39	0.104444
39	0.122715
39	0.16506
39	0.155891
39	0.213812
39	0.140386
39	0.0805187
39	0.154376
39	0.0798481
39	0.108525
39	0.0646839
39	0.0660644
39	0.12761
39	0.102129
39	0.104272
39	0.0691566
39	0.0937593
39	0.144758
39	0.0937522
39	0.109642
39	0.125698
39	0.154106
39	0.0918964
39	0.0487558
39	0.0638169
39	0.0306532
39	0.0853244
39	0.0729335
39	0.101857
39	0.0558325
39	0.0643261
39	0.0418949
39	0.0310261
39	0.151601
39	0.00255026
39	0.263869
39	0.0775723
39	0.0273389
39	0.0988391
39	0.112154
39	0.200784
39	0.0226502
39	0.151364
39	0.155213
39	0.151819
39	0.109025
39	0.0617353
39	0.115236
39	0.0796124
39	0.251447
39	0.122403
39	0.0765188
39	0.090788
39	0.105137
39	0.117969
39	0.120593
39	0.051883
39	0.214922
39	0.159276
39	0.0086385
39	0.0822256
39	0.130143
39	0.139266
39	0.10279
39	0.111562
39	0.100149
39	0.169811
39	0.103833
39	0.0446002
39	0.203304
42	0.109224
42	0.0683999
42	0.12806
42	0.0914169
42	0.16771
42	0.182833
42	0.055995
42	0.187032
42	0.0495468
42	0.114221
42	0.102719
42	0.190722
42	0.106023
42	0.0717225
42	0.056785
42	0.147658
42	0.0798112
42	0.0818679
42	0.167215
42	0.0700462
42	0.0689041
42	0.137138
42	0.0822585
42	0.141967
42	0.0731405
42	0.201542
42	0.108615
42	0.0703947
42	0.144989
42	0.0553119
42	0.217
42	0.170964
42	0.145654
42	0.0786495
42	0.0871931
42	0.0291526
42	0.135845
42	0.204902
42	0.134207
42	0.200786
42	0.107009
42	0.206143
42	0.070983
42	0.0750981
42	0.100582
42	0.146119
42	0.115411
42	0.140769
42	0.210894
42	0.0648094
42	0.174838
42	0.0556467
42	0.126909
42	0.101813
42	0.151835
42	0.115769
42	0.103113
42	0.116137
42	0.0942097
42	0.116725
42	0.0725655
42	0.0790579
42	0.0977219
42	0.0723565
42	0.0682693
42	0.105678
42	0.0994326
42	0.0523132
42	0.0377491
42	0.122096
42	0.176103
42	0.116542
42	0.0514727
42	0.18971
42	0.147735
42	0.0457791
42	0.113641
42	0.137255
42	0.158281
42	0.0542094
42	0.0720474
42	0.0883888
42	0.0897843
42	0.193373
42	0.088619
42	0.110002
42	0.0669504
42	0.143204
42	0.134714
42	0.106053
42	0.120371
42	0.095262
42	0.175925
42	0.150902
42	0.0616584
42	0.260847
42	0.148146
42	0.0511381
42	0.113544
42	0.0834186
45	0.162572
45	0.0718348
45	0.101641
45	0.0661776
45	0.178976
45	0.0650389
45	0.0966719
45	0.127249
45	0.0734263
45	0.0919252
45	0.166784
45	0.156191
45	0.0662438
45	0.156556
45	0.0400004
45	0.0160134
45	0.0901526
45	0.138415
45	0.0986208
45	0.122729
45	0.197939
45	0.0629155
45	0.0876781
45	0.130244
45	0.0839741
45	0.0675729
45	0.0778955
45	0.0419261
45	0.157493
45	0.138544
45	0.0797963
45	0.105786
45	0.121686
45	0.0836033
45	0.073637
45	0.20579
45	0.0410674
45	0.247759
45	0.0902305
45	0.106175
45	0.0768671
45	0.0777479
45	0.0738471
45	0.138276
45	0.182365
45	0.0588193
45	0.0978385
45	0.193106
45	0.154678
45	0.107534
45	0.0710159
45	0.138936
45	0.171215
45	0.0442424
45	0.112867
45	0.0537312
45	0.0860585
45	0.1273
45	0.173381
45	0.136605
45	0.10445
45	0.164772
45	0.161898
45	0.223093
45	0.0888729
45	0.12989
45	0.0484515
45	0.0693455
45	0.129075
45	0.0800131
45	0.107364
45	0.0783748
45	0.130334
45	0.108207
45	0.155646
45	0.107865
45	0.0705117
45	0.108997
45	0.0764275
45	0.0450822
45	0.0831734
45	0.12888
45	0.15117
45	0.199159
45	0.115448
45	0.176143
45	0.150192
45	0.212025
45	0.0927513
45	0.105993
45	0.106561
45	0.113236
45	0.0486806
45	0.0107531
45	0.0951963
45	0.0948479
45	0.0509699
45	0.159209
45	0.0630089
45	0.0498234
48	0.105082
48	0.181564
48	0.03139
48	0.0628861
48	0.0598321
48	0.121988
48	0.120853
48	0.0186973
48	0.12236
48	0.15912
48	0.0768552
48	0.184787
48	0.214145
48	0.0543859
48	0.108196
48	0.065988
48	0.199836
48	0.136242
48	0.0879511
48	0.181833
48	0.0480651
48	0.0915969
48	0.143659
48	0.0498957
48	0.133787
48	0.101028
48	0.179855
48	0.105105
48	0.134324
48	0.0589909
48	0.133369
48	0.0826415
48	0.141919
48	0.0992928
48	0.126219
48	0.0324804
48	0.18831
48	0.131637
48	0.144587
48	0.0866784
48	0.108959
48	0.0652066
48	0.103261
48	0.0334129
48	0.0648107
48	0.251678
48	0.0811056
48	0.166513
48	0.15998
48	0.124031
48	0.131472
48	0.0446738
48	0.131441
48	0.0639426
48	0.024175
48	0.0301621
48	0.130685
48	0.096625
48	0.176822
48	0.0600736
48	0.143881
48	0.141807
48	0.0395832
48	0.126411
48	0.0890023
48	0.138741
48	0.204703
48	0.123184
48	0.141162
48	0.0922095
48	0.167993
48	0.130795
48	0.0780161
48	0.181282
48	0.0265862
48	0.0711002
48	0.0433035
48	0.0889726
48	0.174171
48	0.0988614
48	0.123709
48	0.106751
48	0.126594
48	0.124486
48	0.118232
48	0.244367
48	0.123488
48	0.156557
48	0.187499
48	0.0722672
48	0.245862
48	0.0537017
48	0.117315
48	0.109241
48	0.0316721
48	0.167927
48	0.0625772
48	0.0757735
48	0.17268
48	0.0789161
51	0.106542
51	0.0628207
51	0.109124
51	0.13017
51	0.0551536
51	0.10529
51	0.11535
51	0.116257
51	0.0970702
51	0.0640497
51	0.0497693
51	0.159931
51	0.155265
51	0.111562
51	0.115701
51	0.124888
51	0.119523
51	0.0711307
51	0.0771674
51	0.0801281
51	0.0460907
51	0.0974402
51	0.0485443
51	0.0581004
51	0.16333
51	0.127184
51	0.112069
51	0.0808833
51	0.100772
51	0.274679
51	0.0739321
51	0.0477248
51	0.127186
51	0.0244728
51	0.110789
51	0.0754305
51	0.156222
51	0.0384912
51	0.110016
51	0.183115
51	0.200702
51	0.110936
51	0.115621
51	0.0581614
51	0.105423
51	0.0847915
51	0.0783075
51	0.0718622
51	0.130064
51	0.0616572
51	0.0382426
51	0.0349048
51	0.154972
51	0.177102
51	0.200122
51	0.0969045
51	0.099085
51	0.037499
51	0.135004
51	0.134462
51	0.0761578
51	0.0668733
51	0.13407
51	0.0327192
51	0.187888
51	0.134385
51	0.11596
51	0.123475
51	0.0758277
51	0.10733
51	0.109885
51	0.174974
51	0.0988885
51	0.156179
51	0.0842309
51	0.0612353
51	0.242324
51	0.0993278
51	0.141724
51	0.140504
51	0.15341
51	0.167254
51	0.0985903
51	0.126294
51	0.113298
51	0.228344
51	0.102169
51	0.116774
51	0.0455461
51	0.166317
51	0.142117
51	0.169586
51	0.140466
51	0.0919931
51	0.0846185
51	0.235991
51	0.0946897
51	0.0604068
51	0.166765
51	0.0128779
54	0.0684715
54	0.0937148
54	0.153757
54	0.114442
54	0.160269
54	0.0872617
54	0.0837166
54	0.119969
54	0.132191
54	0.164837
54	0.119417
54	0.0339575
54	0.140672
54	0.10119
54	0.0583817
54	0.0728614
54	0.162163
54	0.0763586
54	0.201119
54	0.0472698
54	0.0715187
54	0.128049
54	0.0881238
54	0.0155572
54	0.0933004
54	0.104193
54	0.077013
54	0.270061
54	0.0566139
54	0.0795383
54	0.212014
54	0.0752367
54	0.0724604
54	0.125464
54	0.114162
54	0.176295
54	0.149449
54	0.181723
54	0.0550641
54	0.0708219
54	0.0299336
54	0.105902
54	0.119131
54	0.213279
54	0.0860229
54	0.174126
54	0.065448
54	0.0748304
54	0.0886593
54	0.0911225
54	0.037221
54	0.0741793
54	0.0674734
54	0.108781
54	0.152561
54	0.0193265
54	0.0980568
54	0.100396
54	0.106875
54	0.116646
54	0.0685697
54	0.0941691
54	0.0262389
54	0.043373
54	0.0882836
54	0.0880203
54	0.0967389
54	0.0437391
54	0.171094
54	0.0420068
54	0.228828
54	0.137691
54	0.106058
54	0.102232
54	0.034571
54	0.13969
54	0.156222
54	0.186786
54	0.0637805
54	0.161619
54	0.17129
54	0.204079
54	0.0336905
54	0.115095
54	0.157933
54	0.153017
54	0.216643
54	0.129549
54	0.177986
54	0.133548
54	0.109073
54	0.0336157
54	0.123269
54	0.132194
54	0.147588
54	0.0552094
54	0.188007
54	0.156733
54	0.154873
54	0.0932447
57	0.132845
57	0.107953
57	0.173268
57	0.082138
57	0.151663
57	0.107423
57	0.138779
57	0.184542
57	0.164882
57	0.0988113
57	0.0418158
57	0.110514
57	0.298583
57	0.172886
57	0.0340808
57	0.120355
57	0.105976
57	0.146201
57	0.0817869
57	0.133454
57	0.0472571
57	0.13814
57	0.122364
57	0.0672537
57	0.0497541
57	0.134311
57	0.193727
57	0.0455726
57	0.0972912
57	0.131517
57	0.230288
57	0.112116
57	0.0877214
57	0.10727
57	0.0357424
57	0.11735
57	0.12335
57	0.104467
57	0.123288
57	0.1645
57	0.02447
57	0.0792351
57	0.0908854
57	0.208947
57	0.170928
57	0.134075
57	0.0142096
57	0.0494951
57	0.175057
57	0.0807922
57	0.112421
57	0.124957
57	0.131705
57	0.126464
57	0.114841
57	0.141513
57	0.0412563
57	0.108516
57	0.0777775
57	0.102111
57	0.074476
57	0.175642
57	0.0512373
57	0.0756564
57	0.120942
57	0.111545
57	0.145891
57	0.0947865
57	0.0576065
57	0.196772
57	0.21518
57	0.0436139
57	0.0990805
57	0.0251784
57	0.0618913
57	0.0752688
57	0.0977687
57	0.117882
57	0.0566193
57	0.0182153
57	0.0903386
57	0.14239
57	0.0955129
57	0.104171
57	0.0496115
57	0.186132
57	0.129265
57	0.149417
57	0.127188
57	0.171324
57	0.162869
57	0.105468
57	0.128
57	0.222287
57	0.0995441
57	0.106764
57	0.0697137
57	0.120513
57	0.0706344
57	0.130837
60	0.139994
60	0.144954
60	0.130242
60	0.152326
60	0.180063
60	0.0802421
60	0.159317
60	0.00277935
60	0.0915324
60	0.0569025
60	0.137667
60	0.149004
60	0.11653
60	0.216375
60	0.111387
60	0.080866
60	0.177685
60	0.0975473
60	0.0861145
60	0.195725
60	0.0905876
60	0.0946948
60	0.120338
60	0.159101
60	0.160219
60	0.139688
60	0.167115
60	0.131705
60	0.110631
60	0.196236
60	0.109391
60	0.147656
60	0.0291871
60	0.180111
60	0.0485655
60	0.0838385
60	0.0653574
60	0.117608
60	0.217854
60	0.158541
60	0.111176
60	0.15717
60	0.103246
60	0.084576
60	0.164276
60	0.10191
60	0.0870181
60	0.185018
60	0.0296792
60	0.178869
60	0.109688
60	0.0624373
60	0.152615
60	0.207743
60	0.131742
60	0.0751157
60	0.103606
60	0.0830667
60	0.102826
60	0.0785453
60	0.138253
60	0.2139
60	0.194903
60	0.130764
60	0.0347865
60	0.0965969
60	0.0780476
60	0.109989
60	0.0770235
60	0.044311
60	0.0522993
60	0.181594
60	0.0304962
60	0.1525
60	0.0584188
60	0.0846738
60	0.111527
60	0.152255
60	0.118611
60	0.0335156
60	0.0992935
60	0.0618108
60	0.128537
60	0.161904
60	0.124966
60	0.0841239
60	0.0905515
60	0.116527
60	0.164761
60	0.108086
60	0.0963129
60	0.0795226
60	0.156525
60	0.114105
60	0.0757614
60	0.0533921
60	0.0808954
60	0.0984168
60	0.0511669
60	0.130296
63	0.202097
63	0.145163
63	0.0908947
63	0.108201
63	0.251163
63	0.109731
63	0.110086
63	0.113711
63	0.0948783
63	0.136233
63	0.130597
63	0.0883387
63	0.148388
63	0.127238
63	0.0746173
63	0.0850891
63	0.184418
63	0.124551
63	0.103547
63	0.0946454
63	0.125582
63	0.0673796
63	0.0719353
63	0.0476424
63	0.0862725
63	0.101093
63	0.169251
63	0.104731
63	0.107416
63	0.140047
63	0.0877461
63	0.124461
63	0.062958
63	0.15536
63	0.0994355
63	0.128059
63	0.0407689
63	0.16441
63	0.110965
63	0.132352
63	0.122274
63	0.0561779
63	0.0673449
63	0.146196
63	0.134522
63	0.206434
63	0.232064
63	0.137761
63	0.0525821
63	0.126867
63	0.192402
63	0.0984273
63	0.152323
63	0.0966095
63	0.0461811
63	0.048721
63	0.115463
63	0.168136
63	0.116266
63	0.081839
63	0.191792
63	0.0483058
63	0.0949045
63	0.0990131
63	0.0448696
63	0.136329
63	0.0805616
63	0.0885927
63	0.204046
63	0.10712
63	0.121423
63	0.0848749
63	0.0652746
63	0.0882713
63	0.184075
63	0.10939
63	0.122078
63	0.0294395
63	0.0343224
63	0.0359431
63	0.134357
63	0.120814
63	0.131438
63	0.102814
63	0.0691402
63	0.115971
63	0.0620126
63	0.0586728
63	0.162731
63	0.0919625
63	0.249111
63	0.168463
63	0.0824064
63	0.0914797
63	0.106875
63	0.111115
63	0.0977607
63	0.105029
63	0.226113
63	0.142242
66	0.126836
66	0.0975002
66	0.059781
66	0.0406763
66	0.117744
66	0.170511
66	0.192404
66	0.112336
66	0.0792805
66	0.244254
66	0.101739
66	0.144658
66	0.0462814
66	0.0464878
66	0.100823
66	0.141679
66	0.157023
66	0.141092
66	0.0844632
66	0.0829963
66	0.0545672
66	0.0818371
66	0.140313
66	0.0650567
66	0.0531178
66	0.043992
66	0.127898
66	0.120052
66	0.147842
66	0.211312
66	0.0827422
66	0.100578
66	0.19831
66	0.084956
66	0.0294767
66	0.0362411
66	0.0856552
66	0.0850402
66	0.237235
66	0.0985136
66	0.0910107
66	0.154281
66	0.10214
66	0.141342
66	0.170968
66	0.0953332
66	0.0516921
66	0.100482
66	0.0823026
66	0.179423
66	0.116456
66	0.123436
66	0.226935
66	0.0876921
66	0.0700078
66	0.0695735
66	0.201735
66	0.120554
66	0.0991082
66	0.0931514
66	0.107228
66	0.0947331
66	0.0967253
66	0.0820632
66	0.0480096
66	0.0789079
66	0.113931
66	0.10942
66	0.116272
66	0.0758315
66	0.0985528
66	0.147391
66	0.0923046
66	0.128787
66	0.148431
66	0.0767488
66	0.163228
66	0.117062
66	0.106964
66	0.0492052
66	0.188653
66	0.0847185
66	0.1595
66	0.0696133
66	0.0807987
66	0.097323
66	0.176736
66	0.137602
66	0.120917
66	0.115439
66	0.274792
66	0.122527
66	0.124576
66	0.181563
66	0.0469073
66	0.0975842
66	0.10313
66	0.115252
66	0.120224
66	0.16612
69	0.0935399
69	0.0176861
69	0.0923068
69	0.0803856
69	0.100626
69	0.0753465
69	0.124999
69	0.119151
69	0.157871
69	0.114278
69	0.0997692
69	0.100634
69	0.134245
69	0.105943
69	0.0856535
69	0.15413
69	0.192386
69	0.0910353
69	0.0927452
69	0.118758
69	0.0533694
69	0.10758
69	0.103552
69	0.0471346
69	0.0909861
69	0.106522
69	0.102439
69	0.0536087
69	0.146146
69	0.108239
69	0.11976
69	0.12204
69	0.159769
69	0.0891671
69	0.0643381
69	0.10531
69	0.0643336
69	0.126174
69	0.119965
69	0.0584545
69	0.084056
69	0.0540301
69	0.115844
69	0.103691
69	0.133499
69	0.126955
69	0.139557
69	0.0483375
69	0.123419
69	0.080907
69	0.0390875
69	0.14397
69	0.0813457
69	0.0586368
69	0.0782274
69	0.150561
69	0.058824
69	0.190456
69	0.0810417
69	0.101886
69	0.178213
69	0.143472
69	0.0688699
69	0.0762751
69	0.100339
69	0.102926
69	0.111733
69	0.0680819
69	0.0765749
69	0.0766417
69	0.13997
69	0.132777
69	0.112886
69	0.0609693
69	0.0314545
69	0.0571633
69	0.00378368
69	0.10217
69	0.136684
69	0.0814897
69	0.218116
69	0.113419
69	0.0765724
69	0.09714
69	0.0914875
69	0.149237
69	0.106013
69	0.0675203
69	0.00360743
69	0.0730718
69	0.0601143
69	0.0948893
69	0.0221511
69	0.119087
69	0.115792
69	0.0627852
69	0.0816881
69	0.10029
69	0.108566
69	0.0747285
72	0.101858
72	0.0840395
72	0.07296
72	0.114468
72	0.043533
72	0.071426
72	0.0437723
72	0.0848594
72	0.155031
72	0.0452232
72	0.115945
72	0.141438
72	0.0621713
72	0.0552713
72	0.129125
72	0.143421
72	0.108682
72	0.063783
72	0.0842584
72	0.112333
72	0.125798
72	0.0720363
72	0.106374
72	0.178749
72	0.0623085
72	0.0929673
72	0.197714
72	0.12954
72	0.0557502
72	0.0537677
72	0.172562
72	0.208754
72	0.122484
72	0.0973158
72	0.0797859
72	0.216265
72	0.0940667
72	0.074543
72	0.0789254
72	0.0425688
72	0.0470533
72	0.0738427
72	0.115306
72	0.131085
72	0.178799
72	0.0611336
72	0.140388
72	0.210186
72	0.110692
72	0.116966
72	0.103563
72	0.105104
72	0.0752665
72	0.0744404
72	0.0421342
72	0.0766446
72	0.133577
72	0.142697
72	0.0597524
72	0.110476
72	0.0780348
72	0.0203375
72	0.0685417
72	0.137407
72	0.22404
72	0.0541417
72	0.138829
72	0.0442242
72	0.238931
72	0.0937895
72	0.0886517
72	0.153292
72	0.17106
72	0.0267796
72	0.206909
72	0.134075
72	0.0971619
72	0.0476645
72	0.0760818
72	0.294476
72	0.0457251
72	0.109234
72	0.15581
72	0.0825568
72	0.0822306
72	0.111624
72	0.114938
72	0.0641741
72	0.0104525
72	0.137498
72	0.0790989
72	0.224702
72	0.15731
72	0.0329624
72	0.11731
72	0.113216
72	0.135702
72	0.221403
72	0.101564
72	0.0745645
75	0.0671005
75	0.108028
75	0.0629074
75	0.0898805
75	0.133712
75	0.158303
75	0.0985835
75	0.0729362
75	0.142228
75	0.0183824
75	0.184474
75	0.113044
75	0.0151644
75	0.159341
75	0.144194
75	0.142747
75	0.100374
75	0.0421665
75	0.0900973
75	0.114378
75	0.182721
75	0.127901
75	0.0679744
75	0.142458
75	0.0127316
75	0.159623
75	0.170206
75	0.176568
75	0.0655356
75	0.110777
75	0.147179
75	0.0607121
75	0.246535
75	0.071485
75	0.128872
75	0.153444
75	0.0929351
75	0.105523
75	0.093029
75	0.0790793
75	0.0862933
75	0.0494446
75	0.0381679
75	0.14684
75	0.106725
75	0.117063
75	0.0694034
75	0.176345
75	0.0791136
75	0.0312021
75	0.167448
75	0.0783883
75	0.16434
75	0.0663826
75	0.107257
75	0.0716821
75	0.186073
75	0.169189
75	0.144425
75	0.124883
75	0.0530345
75	0.161502
75	0.072822
75	0.0709737
75	0.0978018
75	0.0322606
75	0.0567705
75	0.0535247
75	0.0723491
75	0.122219
75	0.106836
75	0.138591
75	0.0810626
75	0.333195
75	0.156356
75	0.0690873
75	0.0470295
75	0.0269387
75	0.0807057
75	0.156387
75	0.130479
75	0.080949
75	0.0197878
75	0.142291
75	0.0306416
75	0.0900382
75	0.0725326
75	0.156946
75	0.0807964
75	0.0391233
75	0.118624
75	0.0222363
75	0.0800494
75	0.129819
75	0.100499
75	0.0870176
75	0.046852
75	0.108005
75	0.051054
75	0.0949138
78	0.0853397
78	0.143889
78	0.0872225
78	0.0712264
78	0.0922663
78	0.162778
78	0.121127
78	0.0824492
78	0.277816
78	0.224301
78	0.0767778
78	0.178034
78	0.139894
78	0.0858979
78	0.0658424
78	0.129262
78	0.0478615
78	0.113565
78	0.0634015
78	0.112773
78	0.113846
78	0.128537
78	0.0944141
78	0.125852
78	0.187539
78	0.173919
78	0.0418459
78	0.0645562
78	0.223655
78	0.203811
78	0.0755308
78	0.0459617
78	0.0714047
78	0.0647594
78	0.0661489
78	0.114429
78	0.134041
78	0.0909643
78	0.118081
78	0.0847318
78	0.0608618
78	0.00988398
78	0.115219
78	0.221284
78	0.0899791
78	0.0988787
78	0.0686256
78	0.0281184
78	0.055351
78	0.122581
78	0.066043
78	0.117281
78	0.149349
78	0.0910986
78	0.190773
78	0.044399
78	0.104245
78	0.108126
78	0.099235
78	0.205641
78	0.0746949
78	0.110133
78	0.0169365
78	0.0265646
78	0.125221
78	0.0832293
78	0.130654
78	0.107325
78	0.029215
78	0.137123
78	0.136885
78	0.038181
78	0.0527327
78	0.0287589
78	0.0582885
78	0.0234331
78	0.0978994
78	0.0117094
78	0.0278872
78	0.153661
78	0.0271606
78	0.137222
78	0.205399
78	0.105263
78	0.14508
78	0.0615307
78	0.126838
78	0.0554507
78	0.20145
78	0.156211
78	0.0942462
78	0.071041
78	0.0462139
78	0.0585875
78	0.0829057
78	0.101357
78	0.0454051
78	0.094223
78	0.123241
78	0.0983824
81	0.0940609
81	0.0925524
81	0.0340895
81	0.090798
81	0.167381
81	0.0868748
81	0.154931
81	0.144401
81	0.0896576
81	0.133783
81	0.168501
81	0.0442864
81	0.237439
81	0.0992809
81	0.0887727
81	0.0492387
81	0.0305147
81	0.177616
81	0.0568355
81	0.175722
81	0.165648
81	0.0884785
81	0.0891548
81	0.0674065
81	0.111583
81	0.0882149
81	0.0846689
81	0.139474
81	0.130776
81	0.108138
81	0.0719469
81	0.114433
81	0.140807
81	0.0835576
81	0.0709297
81	0.0826104
81	0.0670181
81	0.167729
81	0.118533
81	0.0759352
81	0.132135
81	0.0468451
81	0.103791
81	0.115517
81	0.0579257
81	0.116444
81	0.126291
81	0.0796229
81	0.105657
81	0.258626
81	0.0625194
81	0.143102
81	0.216483
81	0.0542314
81	0.105598
81	0.125312
81	0.0876646
81	0.241916
81	0.0512688
81	0.110006
81	0.10335
81	0.102291
81	0.0537328
81	0.231328
81	0.0610749
81	0.109863
81	0.233901
81	0.158617
81	0.0506508
81	0.108461
81	0.0467542
81	0.148703
81	0.163099
81	0.0727852
81	0.0969525
81	0.0487752
81	0.0273886
81	0.0966778
81	0.0978711
81	0.138285
81	0.0481872
81	0.148433
81	0.0531049
81	0.0828068
81	0.135768
81	0.0813903
81	0.119717
81	0.112882
81	0.156949
81	0.0376375
81	0.0751223
81	0.121037
81	0.0467344
81	0.123875
81	0.271471
81	0.0377086
81	0.0968478
81	0.113862
81	0.132212
81	0.0939733
84	0.105405
84	0.0509158
84	0.141636
84	0.131027
84	0.0829149
84	0.0830006
84	0.0783333
84	0.0900104
84	0.0542356
84	0.126523
84	0.160593
84	0.0712305
84	0.0396984
84	0.0166317
84	0.140702
84	0.0751958
84	0.050187
84	0.101366
84	0.0359879
84	0.0933599
84	0.0920456
84	0.202135
84	0.166327
84	0.068666
84	0.110831
84	0.0415026
84	0.178978
84	0.163629
84	0.133106
84	0.205448
84	0.0683697
84	0.116907
84	0.0893952
84	0.101803
84	0.0974464
84	0.080731
84	0.0558271
84	0.136862
84	0.127298
84	0.116384
84	0.13347
84	0.2471
84	0.158328
84	0.175252
84	0.211963
84	0.0844263
84	0.0676019
84	0.111338
84	0.132621
84	0.0978765
84	0.120593
84	0.0768256
84	0.119185
84	0.0805184
84	0.0829086
84	0.137785
84	0.134813
84	0.0698497
84	0.153422
84	0.128015
84	0.218747
84	0.0959195
84	0.217133
84	0.0730354
84	0.132765
84	0.158557
84	0.198818
84	0.09913
84	0.105904
84	0.0595598
84	0.121411
84	0.128354
84	0.126469
84	0.128467
84	0.0502754
84	0.160697
84	0.127135
84	0.100031
84	0.0969511
84	0.118795
84	0.102786
84	0.152754
84	0.070731
84	0.132601
84	0.137325
84	0.0512121
84	0.0979358
84	0.0965561
84	0.0633331
84	0.200729
84	0.115153
84	0.197158
84	0.0912842
84	0.120639
84	0.141598
84	0.15722
84	0.0837128
84	0.155251
84	0.137545
84	0.0639913
87	0.117534
87	0.180351
87	0.100674
87	0.0859882
87	0.0643107
87	0.0863777
87	0.131678
87	0.115197
87	0.0975866
87	0.108294
87	0.19178
87	0.0262797
87	0.0711063
87	0.171755
87	0.111581
87	0.13246
87	0.0319523
87	0.101816
87	0.0206466
87	0.0719797
87	0.0781606
87	0.0809657
87	0.0514482
87	0.0416432
87	0.152673
87	0.0956376
87	0.0957006
87	0.0731447
87	0.071334
87	0.102361
87	0.0336022
87	0.0752146
87	0.163431
87	0.055613
87	0.130381
87	0.0771058
87	0.203503
87	0.130051
87	0.113826
87	0.105906
87	0.157315
87	0.0698004
87	0.168938
87	0.10223
87	0.0797088
87	0.123795
87	0.0993596
87	0.108985
87	0.0545906
87	0.122111
87	0.127398
87	0.0410829
87	0.0906476
87	0.109055
87	0.0837847
87	0.102137
87	0.0570854
87	0.140816
87	0.100447
87	0.0835398
87	0.111715
87	0.0823708
87	0.044922
87	0.135891
87	0.0913332
87	0.132972
87	0.0535767
87	0.0224038
87	0.0826905
87	0.0388081
87	0.206269
87	0.131938
87	0.0780112
87	0.165791
87	0.131455
87	0.154699
87	0.0729732
87	0.126545
87	0.0213698
87	0.0967404
87	0.0885114
87	0.094908
87	0.0384802
87	0.0987289
87	0.111049
87	0.0595643
87	0.0451383
87	0.0711603
87	0.138163
87	0.116007
87	0.0944162
87	0.173946
87	0.1513
87	0.116255
87	0.115801
87	0.144327
87	0.0647014
87	0.0372851
87	0.179431
87	0.16927
90	0.0967075
90	0.0546149
90	0.0487213
90	0.136052
90	0.119479
90	0.10916
90	0.114788
90	0.15729
90	0.134782
90	0.11969
90	0.109783
90	0.0625914
90	0.141914
90	0.0682652
90	0.163557
90	0.1763
90	0.0706277
90	0.0786479
90	0.107289
90	0.0097766
90	0.114021
90	0.0574863
90	0.129116
90	0.0925222
90	0.0461383
90	0.104374
90	0.06117
90	0.0900262
90	0.0446845
90	0.13895
90	0.147375
90	0.0858721
90	0.171307
90	0.0248541
90	0.0933626
90	0.143872
90	0.0687556
90	0.100346
90	0.0310691
90	0.0975054
90	0.151327
90	0.147363
90	0.107648
90	0.185293
90	0.076229
90	0.112133
90	0.0843208
90	0.0277663
90	0.0530556
90	0.122716
90	0.175739
90	0.204125
90	0.0870941
90	0.126922
90	0.315731
90	0.0546488
90	0.197918
90	0.129405
90	0.121511
90	0.0899597
90	0.108823
90	0.0832212
90	0.0336862
90	0.14924
90	0.0885633
90	0.0630245
90	0.0867337
90	0.153261
90	0.0767081
90	0.15386
90	0.119239
90	0.0630616
90	0.132765
90	0.0539973
90	0.296983
90	0.157281
90	0.0971545
90	0.201243
90	0.129364
90	0.0962518
90	0.162173
90	0.0399257
90	0.0842408
90	0.155707
90	0.168863
90	0.145684
90	0.0821237
90	0.0919039
90	0.127879
90	0.056086
90	0.0766263
90	0.171579
90	0.22365
90	0.0897763
90	0.0931293
90	0.0788247
90	0.0733528
90	0.0788981
90	0.171828
90	0.107456
93	0.103603
93	0.0790904
93	0.0642032
93	0.187745
93	0.0473704
93	0.132781
93	0.165838
93	0.0475853
93	0.0835065
93	0.101697
93	0.112035
93	0.140164
93	0.0935096
93	0.131633
93	0.22797
93	0.164097
93	0.234204
93	0.119657
93	0.11697
93	0.0313762
93	0.105247
93	0.175602
93	0.0684689
93	0.0688947
93	0.182178
93	0.13463
93	0.14161
93	0.096415
93	0.110452
93	0.0201818
93	0.11781
93	0.211154
93	0.0759699
93	0.0749309
93	0.0402708
93	0.14123
93	0.197093
93	0.119806
93	0.0292704
93	0.146837
93	0.144078
93	0.209331
93	0.134249
93	0.123306
93	0.0688634
93	0.0953185
93	0.179061
93	0
93	0.152152
93	0.0438654
93	0.234389
93	0.0331701
93	0.0956352
93	0.052221
93	0.0284219
93	0.105261
93	0.0621822
93	0.185086
93	0.200017
93	0.0711788
93	0.10677
93	0.090224
93	0.0403906
93	0.0871545
93	0.0107436
93	0.0381115
93	0.0799159
93	0.0661708
93	0.0549179
93	0.0757351
93	0.0968581
93	0.147679
93	0.0289056
93	0.0728177
93	0.0468911
93	0.0623908
93	0.0853888
93	0.133177
93	0.0573392
93	0.0670137
93	0.106129
93	0.238606
93	0.082385
93	0.127545
93	0.158997
93	0.165604
93	0.136705
93	0.0726869
93	0.267788
93	0.112635
93	0.078299
93	0.146566
93	0.131954
93	0.0391781
93	0.0832998
93	0.0751497
93	0.0590362
93	0.0876476
93	0.10796
93	0.0761424
96	0.0231905
96	0.0634806
96	0.0734385
96	0.068795
96	0.0935904
96	0.149219
96	0.102736
96	0.157538
96	0.0538879
96	0.043541
96	0.206427
96	0.0840444
96	0.166036
96	0.102133
96	0.0289976
96	0.0813372
96	0.0397935
96	0.0855446
96	0.0382251
96	0.0395374
96	0.168851
96	0.104018
96	0.111716
96	0.0736868
96	0.062298
96	0.140807
96	0.140786
96	0.0479224
96	0.0955561
96	0.111111
96	0.232368
96	0.134048
96	0.16978
96	0.135128
96	0.127291
96	0.184178
96	0.244642
96	0.130297
96	0.116602
96	0.0493141
96	0.0428538
96	0.0468549
96	0.0963312
96	0.0951283
96	0.183898
96	0.0761719
96	0.0237892
96	0.0975873
96	0.142135
96	0.10513
96	0.117099
96	0.0884239
96	0.0458126
96	0.0985218
96	0.14191
96	0.0180739
96	0.150528
96	0.111508
96	0.085497
96	0.165014
96	0.108537
96	0.111908
96	0.140952
96	0.0726532
96	0.0564157
96	0.0649305
96	0.111138
96	0.162627
96	0.0856455
96	0.15978
96	0.118044
96	0.0517111
96	0.0460772
96	0.0942876
96	0.0959584
96	0.0642175
96	0.0765616
96	0.123979
96	0.0898357
96	0.0753551
96	0.121117
96	0.0654346
96	0.122103
96	0.0833332
96	0.0621905
96	0.176258
96	0.186173
96	0.0983721
96	0.0711191
96	0.150499
96	0.0449907
96	0.118768
96	0.0689111
96	0.141631
96	0.258311
96	0.0381648
96	0.0548873
96	0.02987
96	0.196381
96	0.0273989
99	0.0524312
99	0.238086
99	0.0257417
99	0.0267796
99	0.00635056
99	0.180679
99	0.104193
99	0.144936
99	0.106655
99	0.144475
99	0.105468
99	0.115561
99	0.0619259
99	0.159002
99	0.109484
99	0.0775508
99	0.18206
99	0.0454023
99	0.0424346
99	0.100378
99	0.0866095
99	0.146013
99	0.0817307
99	0.06181
99	0.19588
99	0.0649973
99	0.120951
99	0.144053
99	0.118025
99	0.0808179
99	0.0778783
99	0.0885705
99	0.174309
99	0.0959895
99	0.0755115
99	0.0826519
99	0.032749
99	0.109521
99	0.161184
99	0.0259149
99	0.0489909
99	0.122047
99	0.0670178
99	0.0943491
99	0.173658
99	0.0794574
99	0.0145907
99	0.0650472
99	0.0404438
99	0.0694751
99	0.0447714
99	0.0646343
99	0.0799153
99	0.20121
99	0.113599
99	0.116768
99	0.151058
99	0.0523279
99	0.0589403
99	0.000102244
99	0.133877
99	0.222314
99	0.0745449
99	0.0788401
99	0.0594655
99	0.11873
99	0.186583
99	0.198761
99	0.10471
99	0.0711395
99	0.152715
99	0.0861508
99	0.195594
99	0.150023
99	0.0430139
99	0.0230167
99	0.104858
99	0.0284564
99	0.157553
99	0.153385
99	0.0874536
99	0.172937
99	0.0340457
99	0.090905
99	0.156693
99	0.0195939
99	0.0245815
99	0.162347
99	0.0779995
99	0.0526451
99	0.0963828
99	0.124916
99	0.0812802
99	0.0213343
99	0.150183
99	0.220714
99	0.0927722
99	0.0680824
99	0.0313183
99	0.107434
102	0.161015
102	0.0769736
102	0.105063
102	0.128321
102	0.164157
102	0.138751
102	0.1137
102	0.13013
102	0.116198
102	0.152527
102	0.127605
102	0.130979
102	0.14696
102	0.0970785
102	0.131935
102	0.0346117
102	0.0749901
102	0.171016
102	0.192576
102	0.0602853
102	0.0693546
102	0.15498
102	0.176689
102	0.201674
102	0.0716272
102	0.110939
102	0.0860562
102	0.0670306
102	0.153325
102	0.171229
102	0.0922355
102	0.183392
102	0.0358766
102	0.123892
102	0.11735
102	0.067607
102	0.0537883
102	0.0847923
102	0.0676433
102	0.0741672
102	0.221524
102	0.0616764
102	0.235991
102	0.220075
102	0.10802
102	0.0702882
102	0.0367709
102	0.0838054
102	0.0348108
102	0.0278632
102	0.180583
102	0.102262
102	0.0121205
102	0.083803
102	0.0319496
102	0.0707812
102	0.069672
102	0.182605
102	0.07237
102	0.137974
102	0.201546
102	0.0141751
102	0.0913938
102	0.110336
102	0.108725
102	0.0437063
102	0.0606389
102	0.221615
102	0.072154
102	0.115057
102	0.189915
102	0.0551272
102	0.189129
102	0.0635182
102	0.0537567
102	0.126172
102	0.255446
102	0.1044
102	0.151434
102	0.169375
102	0.100909
102	0.0772058
102	0.0456057
102	0.132397
102	0.133136
102	0.134794
102	0.160186
102	0.04085
102	0.161533
102	0.0978774
102	0.0965355
102	0.145546
102	0.0743201
102	0.0847883
102	0.166708
102	0.060831
102	0.169278
102	0.0706999
102	0.0863519
102	0.0595703
105	0.118119
105	0.183224
105	0.0766901
105	0.104148
105	0.141556
105	0.0931523
105	0.0622127
105	0.0370811
105	0.100638
105	0.11797
105	0.0833093
105	0.0796331
105	0.0414239
105	0.0780524
105	0.0775725
105	0.137638
105	0.198597
105	0.0612019
105	0.0876108
105	0.107957
105	0.100025
105	0.0786537
105	0.0756429
105	0.124988
105	0.158182
105	0.0408287
105	0.139313
105	0.186996
105	0.123794
105	0.124749
105	0.0961638
105	0.195835
105	0.0423059
105	0.0992285
105	0.117023
105	0.0805088
105	0.0470349
105	0.170871
105	0.0246992
105	0.0816345
105	0.130844
105	0.107466
105	0.139083
105	0.13451
105	0.0389343
105	0.0448906
105	0.191113
105	0.0104212
105	0.148157
105	0.105747
105	0.0748152
105	0.0985328
105	0.141747
105	0.0191336
105	0.0777103
105	0.0440064
105	0.230876
105	0.0736297
105	0.149151
105	0.0333408
105	0.0633783
105	0.0783532
105	0.0255797
105	0.0542571
105	0.187535
105	0.111946
105	0.126165
105	0.0596492
105	0.0842754
105	0.0610725
105	0.0575275
105	0.0457414
105	0.054194
105	0.046579
105	0.243173
105	0.026862
105	0.041745
105	0.185902
105	0.148306
105	0.125383
105	0.0825984
105	0.0770414
105	0.201509
105	0.140387
105	0.143349
105	0.0844811
105	0.0652017
105	0.158337
105	0.0703682
105	0.0870786
105	0.1202
105	0.0433788
105	0.0489385
105	0.0486928
105	0.129497
105	0.047795
105	0.0265281
105	0.178276
105	0.0403252
105	0.132378
108	0.163847
108	0.20515
108	0.131619
108	0.110988
108	0.0262539
108	0.0524833
108	0.103221
108	0.0802916
108	0.0382696
108	0.11726
108	0.124409
108	0.0602155
108	0.0709678
108	0.227563
108	0.160294
108	0.0296509
108	0.205757
108	0.124192
108	0.0547843
108	0.124392
108	0.112177
108	0.167304
108	0.126129
108	0.0382122
108	0.154925
108	0.095407
108	0.0839134
108	0.11922
108	0.0926048
108	0.144809
108	0.0912361
108	0.141007
108	0.0511691
108	0.00292256
108	0.109846
108	0.0421732
108	0.102942
108	0.135312
108	0.136684
108	0.0703847
108	0.0662084
108	0.11612
108	0.0579825
108	0.131588
108	0.0199556
108	0.121825
108	0.138829
108	0.0261475
108	0.159035
108	0.110993
108	0.0964152
108	0.145423
108	0.086979
108	0.107895
108	0.0801195
108	0.129945
108	0.154923
108	0.16119
108	0.130577
108	0.0188421
108	0.0794076
108	0.241552
108	0.0463352
108	0.102716
108	0.0801322
108	0.162175
108	0.0731565
108	0.0172692
108	0.0633639
108	0.00489342
108	0.102825
108	0.0760941
108	0.198071
108	0.0854558
108	0.131893
108	0.030014
108	0.196352
108	0.0850249
108	0.122597
108	0.0796101
108	0.0943646
108	0.160063
108	0.15675
108	0.126972
108	0.10825
108	0.0232931
108	0.135273
108	0.0361789
108	0.0371546
108	0.178109
108	0.103629
108	0.065516
108	0.0401457
108	0.0325974
108	0.103456
108	0.150915
108	0.195234
108	0.0703233
108	0.114435
108	0.0839455
111	0.169616
111	0.0219083
111	0.109712
111	0.040431
111	0.068017
111	0.0563221
111	0.0353921
111	0.00544621
111	0.0485088
111	0.0245424
111	0.190616
111	0.0486103
111	0.147618
111	0.131973
111	0.151569
111	0.179525
111	0.017385
111	0.135748
111	0.125894
111	0.0361512
111	0.154097
111	0.14706
111	0.0590403
111	0.0994583
111	0.0715804
111	0.104944
111	0.0969132
111	0.128029
111	0.258105
111	0.0311191
111	0.120294
111	0.229256
111	0.126217
111	0.0572423
111	0.114038
111	0.134681
111	0.141869
111	0.187609
111	0.186449
111	0.133603
111	0.0228043
111	0.100318
111	0.111775
111	0.0558853
111	0.0676667
111	0.161857
111	0.0747977
111	0.133652
111	0.128972
111	0.0261229
111	0.132235
111	0.234775
111	0.072579
111	0.0206335
111	0.0140359
111	0.107599
111	0.0484159
111	0.0600143
111	0.0458082
111	0.14665
111	0.289874
111	0.118097
111	0.0620281
111	0.0477869
111	0.133213
111	0.172079
111	0.0301813
111	0.108349
111	0.108387
111	0.00209897
111	0.0752322
111	0.0771971
111	0.057592
111	0.0364947
111	0.294254
111	0.109141
111	0.135433
111	0.165181
111	0.127339
111	0.173016
111	0.0865241
111	0.0962098
111	0.0696495
111	0.0797332
111	0.134736
111	0.106936
111	0.0334165
111	0.129824
111	0.0901344
111	0.0595987
111	0.106604
111	0.0379965
111	0.117997
111	0.0694188
111	0.0766896
111	0.0720532
111	0.119711
111	0.107614
111	0.0166052
111	0.0587119
114	0.0676046
114	0.10898
114	0.0231803
114	0.05597
114	0.182834
114	0.134111
114	0.0742204
114	0.0434113
114	0.0459691
114	0.170447
114	0.143521
114	0.0257774
114	0.115314
114	0.146939
114	0.0529894
114	0.133474
114	0.0978985
114	0.116976
114	0.116341
114	0.1456
114	0.0774735
114	0.0853107
114	0.0809614
114	0.0331394
114	0.0913582
114	0.159449
114	0.101426
114	0.138165
114	0.140337
114	0.0620015
114	0.0114384
114	0.0349443
114	0.0325087
114	0.0891989
114	0.21227
114	0.116941
114	0.0481598
114	0.111328
114	0.00894823
114	0.0326529
114	0.162489
114	0.0880155
114	0.118603
114	0.044067
114	0.0840316
114	0.0602294
114	0.167702
114	0.100689
114	0.149585
114	0.131691
114	0.0651807
114	0.02947
114	0.0401707
114	0.0690013
114	0.196668
114	0.144888
114	0.104449
114	0.152739
114	0.130338
114	0.0990316
114	0.161147
114	0.051477
114	0.142908
114	0.185656
114	0.0407284
114	0.0388048
114	0.0582578
114	0.166075
114	0.0528755
114	0.086334
114	0.0921203
114	0.0519194
114	0.0453711
114	0.148674
114	0.0810453
114	0.0509414
114	0.106216
114	0.208138
114	0.136868
114	0.0761426
114	0.130991
114	0.110347
114	0.130077
114	0.133258
114	0.036259
114	0.121385
114	0.170776
114	0.0570188
114	0.0191198
114	0.0182903
114	0.0681851
114	0.0423483
114	0.0315586
114	0.0975025
114	0.189883
114	0.0925453
114	0.179452
114	0.0347838
114	0.147685
114	0.102907
117	0.12944
117	0.149683
117	0.128232
117	0.157472
117	0.0555052
117	0.208822
117	0.11257
117	0.057363
117	0.129985
117	0.111717
117	0.111189
117	0.144676
117	0.166914
117	0.173304
117	0.0565725
117	0.0564866
117	0.0713623
117	0.0806879
117	0.0661776
117	0.0603887
117	0.0402805
117	0.121745
117	0.0739681
117	0.0841267
117	0.038406
117	0.0997472
117	0.123236
117	0.0413606
117	0.141889
117	0.0358553
117	0.154018
117	0.132302
117	0.156808
117	0.0717208
117	0.15166
117	0.160344
117	0.0706707
117	0.070964
117	0.160389
117	0.246875
117	0.0178538
117	0.132575
117	0.0743023
117	0.0678243
117	0.182049
117	0.0303852
117	0.0861621
117	0.0681392
117	0.0752311
117	0.151094
117	0.048371
117	0.060353
117	0.0874814
117	0.232392
117	0.10384
117	0.0861583
117	0.0741038
117	0.0402587
117	0.175482
117	0.0672225
117	0.047453
117	0.0830393
117	0.0358804
117	0.0723923
117	0.136338
117	0.0758738
117	0.0139576
117	0.200875
117	0.116451
117	0.0514096
117	0.102689
117	0.193344
117	0.0680479
117	0.263141
117	0.0516771
117	0.098874
117	0.0207188
117	0.16877
117	0.0583438
117	0.0701477
117	0.12624
117	0.169648
117	0.173329
117	0.0483237
117	0.165842
117	0.0420694
117	0.0726676
117	0.0941544
117	0.114398
117	0.169888
117	0.0852526
117	0.108942
117	0.0504936
117	0.159054
117	0.124378
117	0.132589
117	0.149789
117	0.0481946
117	0.0976475
117	0.215746
120	0.0817377
120	0.0796302
120	0.0366068
120	0.0931573
120	0.0344016
120	0.0117679
120	0.0499565
120	0.0720469
120	0.0744984
120	0.162812
120	0.0728544
120	0.187986
120	0.041795
120	0.12062
120	0.0784992
120	0.0860879
120	0.160487
120	0.134464
120	0.0912433
120	0.0796693
120	0.145027
120	0.0743914
120	0.149285
120	0.0875658
120	0.0625881
120	0.114983
120	0.0681723
120	0.018764
120	0.107984
120	0.0840004
120	0.150705
120	0.204586
120	0.0427093
120	0.133839
120	0.101569
120	0.0337345
120	0.0908111
120	0.068768
120	0.056532
120	0.118631
120	0.0976463
120	0.12597
120	0.0680186
120	0.0420346
120	0.043662
120	0.099023
120	0.0941023
120	0.0840819
120	0.124057
120	0.185139
120	0.0858562
120	0.159137
120	0.0203463
120	0.0461363
120	0.0728433
120	0.0791912
120	0.120543
120	0.108772
120	0.099997
120	0.288301
120	0.00978834
120	0.0529968
120	0.126436
120	0.0872801
120	0.170266
120	0.103516
120	0.0951277
120	0.135676
120	0.033589
120	0.133217
120	0.059489
120	0.118279
120	0
120	0.134564
120	0.0245585
120	0.0817481
120	0.0831197
120	0.0484535
120	0.0334069
120	0.037206
120	0.0934824
120	0.24117
120	0.153614
120	0.0597048
120	0.103921
120	0.171797
120	0.259059
120	0.137267
120	0.0666664
120	0.0662293
120	0.0804711
120	0.225381
120	0.13744
120	0.122663
120	0.047411
120	0.146569
120	0.204234
120	0.0961512
120	0.0352799
120	0.155888
123	0.18035
123	0.0477375
123	0.180104
123	0.10746
123	0.199488
123	0.0479
123	0.0801509
123	0.174664
123	0.140801
123	0.0681858
123	0.124559
123	0.0743426
123	0.161229
123	0.129122
123	0.146568
123	0.113196
123	0.100812
123	0.0388357
123	0.175134
123	0.107177
123	0.0946588
123	0.0983637
123	0.108369
123	0.0905085
123	0.194312
123	0.143497
123	0.159372
123	0.119346
123	0.0864785
123	0.0290348
123	0.147043
123	0.146392
123	0.0138064
123	0.046589
123	0.0703966
123	0.107973
123	0.163225
123	0.0749744
123	0.0629448
123	0.129058
123	0.0217151
123	0.118647
123	0.164714
123	0.182591
123	0.0414844
123	0.0384056
123	0.187803
123	0.0447676
123	0.0946399
123	0.0973657
123	0.0152043
123	0.172662
123	0.0650551
123	0.0154768
123	0.101566
123	0.103884
123	0.093445
123	0.042135
123	0.0652999
123	0.0782714
123	0.0713848
123	0.0829768
123	0.211836
123	0.0773252
123	0.189423
123	0.0486121
123	0.0398897
123	0.138319
123	0.00382793
123	0.0358801
123	0.102552
123	0.178724
123	0.0691447
123	0.128519
123	0.0737554
123	0.137763
123	0.153749
123	0.213225
123	0.0517028
123	0.100721
123	0.0481364
123	0.0146077
123	0.0834126
123	0.109803
123	0.185031
123	0.160188
123	0.14265
123	0.0830527
123	0.178617
123	0.0923545
123	0.155889
123	0.116277
123	0.0620204
123	0.184337
123	0.206734
123	0.118395
123	0.0504587
123	0.117792
123	0.0703038
123	0.104474
126	0.218917
126	0.131493
126	0.0562481
126	0.0745293
126	0.107836
126	0.0368344
126	0.0749331
126	0.0853585
126	0.0296179
126	0.0578913
126	0.145916
126	0.0397413
126	0.0831246
126	0.0873246
126	0.106304
126	0.136804
126	0.148137
126	0.217241
126	0.0685734
126	0.170199
126	0.107946
126	0.195503
126	0.0588789
126	0.0292653
126	0.125881
126	0.10636
126	0.0224749
126	0.203278
126	0.163316
126	0.218042
126	0.0701559
126	0.0425321
126	0.0817311
126	0.0972461
126	0.0967533
126	0.247841
126	0.12271
126	0.0898223
126	0.0600261
126	0.0434708
126	0.11017
126	0.034532
126	0.308424
126	0.0753668
126	0.0994405
126	0.0302081
126	0.219608
126	0.0374469
126	0.114763
126	0.128952
126	0.0192903
126	0.0792066
126	0.0458786
126	0.0740696
126	0.0653492
126	0.0463489
126	0.0394591
126	0.134038
126	0.0377392
126	0.0509968
126	0.0713033
126	0.0624106
126	0.159529
126	0.0416212
126	0.0580491
126	0.159934
126	0.170923
126	0.0813885
126	0.0258519
126	0.0553438
126	0.069341
126	0.0938314
126	0.06585
126	0.158518
126	0.183816
126	0.0933379
126	0.127135
126	0.147188
126	0.0585865
126	0.100307
126	0.0709594
126	0.0056106
126	0.172487
126	0.0390513
126	0.0431075
126	0.181153
126	0.102149
126	0.150339
126	0.0761658
126	0.145872
126	0.140741
126	0.0588574
126	0.0405473
126	0.170387
126	0.120118
126	0.0224044
126	0.0965561
126	0.10895
126	0.0922297
126	0.0665668
129	0.0584145
129	0.078286
129	0.0382518
129	0.0773436
129	0.0940968
129	0.106618
129	0.145145
129	0.139645
129	0.057049
129	0.119838
129	0.086662
129	0.186971
129	0.146372
129	0.16597
129	0.193847
129	0.116968
129	0.137851
129	0.0468967
129	0.17972
129	0.0797722
129	0.24977
129	0.0750499
129	0.0387729
129	0.0969478
129	0.0300025
129	0.165959
129	0.0884816
129	0.0442653
129	0.0414578
129	0.234464
129	0.0134501
129	0.111305
129	0.0979995
129	0.0539062
129	0.062936
129	0.12538
129	0.0232274
129	0.0358575
129	0.0268754
129	0.0251366
129	0.0981445
129	0.0938342
129	0.10518
129	0.17308
129	0.128421
129	0.0646115
129	0.0913256
129	0.18278
129	0.152252
129	0.0707822
129	0.0505889
129	0.104889
129	0.243868
129	0.145818
129	0.0707778
129	0.105652
129	0.102253
129	0.218904
129	0.0112063
129	0.152946
129	0.0775914
129	0.100406
129	0.0630423
129	0.0862112
129	0.0530956
129	0.106598
129	0.080996
129	0.0683232
129	0.150857
129	0.132336
129	0.172977
129	0.153064
129	0.0971727
129	0.137556
129	0.191153
129	0.00795442
129	0.117455
129	0.0938759
129	0.0349547
129	0.0997472
129	0.0671742
129	0.0710264
129	0.198737
129	0.052296
129	0.043909
129	0.0300686
129	0.0963734
129	0.0854318
129	0.134757
129	0.0557993
129	0.145546
129	0.0164456
129	0.138316
129	0.15052
129	0.0723215
129	0.0695693
129	0.164462
129	0.169215
129	0.115464
129	0.0251764
132	0.105257
132	0.0659292
132	0.171476
132	0.070515
132	0.0334832
132	0.0103804
132	0.117625
132	0.128301
132	0.039438
132	0.12663
132	0.105271
132	0.137617
132	0.0553968
132	0.0886729
132	0.115257
132	0.0500296
132	0.0186285
132	0.155093
132	0.065018
132	0.121896
132	0.0764074
132	0.104586
132	0.158612
132	0.0887648
132	0.132352
132	0.0603986
132	0.146456
132	0.0792718
132	0.0594005
132	0.138138
132	0.124548
132	0.0949945
132	0.138078
132	0.00974433
132	0.186209
132	0.145094
132	0.133296
132	0.06258
132	0.0854412
132	0.0432123
132	0.0285721
132	0.0943695
132	0.0567054
132	0.130276
132	0.0159092
132	0.065494
132	0.0907797
132	0.0754203
132	0.257334
132	0.0287529
132	0.0995572
132	0.051172
132	0.204069
132	0.152286
132	0.0495804
132	0.150852
132	0.0352689
132	0.185455
132	0.0046449
132	0.165297
132	0.0707653
132	0.0337592
132	0.0812679
132	0.121183
132	0.301492
132	0.038333
132	0.154796
132	0.0738579
132	0.0815275
132	0.0325706
132	0.145603
132	0.0521273
132	0.0348083
132	0.0499184
132	0.0928596
132	0.159759
132	0.0894614
132	0.0167942
132	0.271475
132	0.136525
132	0.0341905
132	0.0521119
132	0.0722759
132	0.0382327
132	0.0673237
132	0.0381932
132	0.0758007
132	0.0249159
132	0.0849911
132	0.120781
132	0.15575
132	0.0356599
132	0.164682
132	0.161077
132	0.135071
132	0.031513
132	0.0743177
132	0.100888
132	0.0705031
132	0.0648433
135	0.0968901
135	0.0521183
135	0.0543402
135	0.292447
135	0.057398
135	0.123331
135	0.115742
135	0.126597
135	0.128851
135	0.0345424
135	0.091286
135	0.050614
135	0.118152
135	0.0658035
135	0.0602145
135	0.27025
135	0.167441
135	0.0615849
135	0.157838
135	0.137147
135	0.123949
135	0.159515
135	0.181986
135	0.0774122
135	0.0614432
135	0.174517
135	0.0845583
135	0.0328037
135	0
135	0.154017
135	0.120801
135	0.0610081
135	0.105376
135	0.101643
135	0.227019
135	0.170062
135	0.0989805
135	0.0342945
135	0.0447565
135	0.142698
135	0.0961124
135	0.153989
135	0.0583044
135	0.109726
135	0.126175
135	0.201088
135	0.0433294
135	0.0684809
135	0.0461661
135	0.0691592
135	0.0373864
135	0.112525
135	0.0479552
135	0.0719495
135	0.0618701
135	0.083547
135	0.179281
135	0.105156
135	0.179805
135	0.142006
135	0.111521
135	0.103595
135	0.0759968
135	0.193337
135	0.183229
135	0.0793539
135	0.0962214
135	0.0990083
135	0.0573453
135	0.0374489
135	0.0603266
135	0.0748643
135	0.0258396
135	0.117473
135	0.123963
135	0.100685
135	0.148719
135	0.0767962
135	0.0415075
135	0.0640455
135	0.107175
135	0.175665
135	0.134301
135	0.12562
135	0.177271
135	0.195948
135	0.0857955
135	0.0387866
135	0.158703
135	0.0461178
135	0.118168
135	0.0647384
135	0.0770878
135	0.0631064
135	0.072929
135	0.0399576
135	0.0278332
135	0.271514
135	0.143656
135	0.112026
138	0.18634
138	0.117139
138	0.16821
138	0.0710577
138	0.0942563
138	0.0499822
138	0.152966
138	0.0693123
138	0.0275771
138	0.0619206
138	0.0799139
138	0.111072
138	0.103417
138	0.0529292
138	0.141999
138	0
138	0.135009
138	0.00881674
138	0.0460104
138	0.0392692
138	0.0447441
138	0.0251037
138	0.190775
138	0.106276
138	0.0693279
138	0.147751
138	0.00218272
138	0.0301228
138	0.0307557
138	0.0396968
138	0.0616388
138	0.075229
138	0.0449554
138	0.0464629
138	0.129956
138	0.0404433
138	0.0956493
138	0.0823998
138	0.0804709
138	0.132741
138	0.0272154
138	0.166956
138	0.0408217
138	0.104847
138	0.121171
138	0.0631105
138	0.151198
138	0.140269
138	0.0861751
138	0.0377924
138	0.0993743
138	0.0618945
138	0.123679
138	0.103652
138	0.18903
138	0.0827495
138	0.0236639
138	0.0721283
138	0.144962
138	0.0340907
138	0.114109
138	0.031412
138	0.109347
138	0.104883
138	0.09283
138	0.0130698
138	0.201575
138	0.171846
138	0.081493
138	0.0429351
138	0.0659906
138	0.150321
138	0.216512
138	0.0208504
138	0.0184782
138	0.134514
138	0.0749599
138	0.0219263
138	0.11296
138	0.222155
138	0.170033
138	0.144523
138	0.0475933
138	0.145788
138	0.0347358
138	0.0322298
138	0.129462
138	0.103334
138	0.034014
138	0.133078
138	0.0544404
138	0.0263414
138	0.074652
138	0.177077
138	0.0507259
138	0.0511876
138	0.0510036
138	0.0180706
138	0.0745164
138	0.1111
141	0.141737
141	0.0585661
141	0.0199691
141	0.187771
141	0.120903
141	0.0443803
141	0.185384
141	0.127092
141	0.0224969
141	0.0192627
141	0.0711503
141	0.134781
141	0.0415627
141	0.135746
141	0.125569
141	0.0450429
141	0.110111
141	0.0875494
141	0.0255799
141	0.0428354
141	0.111759
141	0.0331131
141	0.000543301
141	0.00796654
141	0.161289
141	0.000110239
141	0.0493322
141	0.193991
141	0.0751987
141	0.147447
141	0.0940703
141	0.0226291
141	0.173254
141	0.0685741
141	0.0275034
141	0.0108152
141	0.0857267
141	0.117517
141	0.0915323
141	0.0963315
141	0.0396087
141	0.133149
141	0.0552847
141	0.14744
141	0.116971
141	0.0662907
141	0.0943081
141	0.0331125
141	0.0248086
141	0.0967817
141	0.042864
141	0.124871
141	0.094441
141	0.132816
141	0.177788
141	0.0895369
141	0.0596269
141	0.167942
141	0.152794
141	0.0860328
141	0.00985143
141	0.0743716
141	0.0233845
141	0.17189
141	0.00886688
141	0.0745879
141	0.11061
141	0.0282175
141	0.0641243
141	0.0448254
141	0.15722
141	0.108498
141	0.0431637
141	0.168105
141	0.0667602
141	0.123611
141	0.173512
141	0.036554
141	0.0343503
141	0.128209
141	0.143564
141	0.0480773
141	0.121249
141	0.0924306
141	0.0728686
141	0.0625197
141	0.139035
141	0.102891
141	0.0792993
141	0.0256938
141	0.176707
141	0.104925
141	0.0833538
141	0.175819
141	0.159193
141	0.146049
141	0.110878
141	0.102647
141	0.206436
141	0.0901321
144	0.0385391
144	0.0871165
144	0.106434
144	0.111268
144	0.0780044
144	0.125459
144	0.11429
144	0.0671384
144	0.24713
144	0.143054
144	0.234622
144	0.0966572
144	0.035257
144	0.21256
144	0.0960329
144	0.0772432
144	0.0747868
144	0.108854
144	0.115849
144	0.0403077
144	0.0630473
144	0.0417363
144	0.15944
144	0.0966188
144	0.0745222
144	0.12037
144	0.0614608
144	0.110379
144	0.222375
144	0.224768
144	0.160592
144	0.138109
144	0.157794
144	0.113114
144	0.0850892
144	0.131568
144	0.129315
144	0.0692299
144	0.0542547
144	0.108593
144	0.115893
144	0.117135
144	0.122592
144	0.200886
144	0.087968
144	0.107041
144	0.0782654
144	0.0449906
144	0.0279487
144	0.0816502
144	0.023689
144	0.0366025
144	0.0437045
144	0.164302
144	0.0719442
144	0.0140327
144	0.0390646
144	0.209397
144	0.0986772
144	0.175658
144	0.170798
144	0.0546577
144	0.158329
144	0.11162
144	0.0125643
144	0.115002
144	0.185683
144	0.00757813
144	0.126097
144	0.047324
144	0.0847544
144	0.100528
144	0.0882717
144	0.187962
144	0.0965048
144	0.0624118
144	0.0383605
144	0.13074
144	0.0493296
144	0.147609
144	0.221298
144	0.0305009
144	0.108587
144	0.117678
144	0.00407799
144	0.0480505
144	0.127045
144	0.133475
144	0.0642164
144	0.134168
144	0.172022
144	0.084608
144	0.146751
144	0.0838157
144	0.0749482
144	0.15152
144	0.0695518
144	0.157131
144	0.0974911
144	0.0110311
147	0.0525299
147	0.120057
147	0.0571285
147	0.0954792
147	0.113054
147	0.158886
147	0.101881
147	0.0851976
147	0.0741992
147	0.0628505
147	0.0144057
147	0.181561
147	0.132341
147	0.0144115
147	0.0603873
147	0.0589522
147	0.193068
147	0.137109
147	0.0476417
147	0.0695627
147	0.0370808
147	0.213005
147	0.0632698
147	0.143473
147	0.15957
147	0.0655259
147	0.124533
147	0.0955983
147	0.167113
147	0.0987233
147	0.162699
147	0.119868
147	0.0104936
147	0.0748076
147	0.015873
147	0.0705372
147	0.123976
147	0.0723994
147	0.0394691
147	0.0280267
147	0.0861979
147	0.0339986
147	0.0933187
147	0.0331799
147	0.051494
147	0.0166823
147	0.02185
147	0.0371884
147	0.1132
147	0.047589
147	0.101351
147	0.0929615
147	0.142938
147	0.00478321
147	0.173611
147	0.0510085
147	0.146149
147	0.106702
147	0.163509
147	0.0394107
147	0.12355
147	0.0119087
147	0.119614
147	0.0135901
147	0.059389
147	0.0420871
147	0.0834318
147	0.112366
147	0.0678605
147	0.170034
147	0.0708404
147	0.0957955
147	0.0641947
147	0.054218
147	0.099226
147	0.0381894
147	0.130852
147	0.0922928
147	0.0450594
147	0.0393252
147	0.063111
147	0.0995038
147	0.171316
147	0.133571
147	0.0454014
147	0.233485
147	0.0862933
147	0.182337
147	0.00820436
147	0.0507681
147	0.0977437
147	0.0885661
147	0.0820044
147	0.122198
147	0.0312111
147	0.0841739
147	0.100669
147	0.133022
147	0.161865
147	0.0640111
150	0.0513161
150	0.0344358
150	0.146798
150	0.0446094
150	0.0580348
150	0.0763508
150	0.020091
150	0.119425
150	0.115906
150	0.138545
150	0.18068
150	0.130134
150	0.189434
150	0.123313
150	0.017982
150	0.0855552
150	0.244806
150	0.020068
150	0.153232
150	0.177395
150	0.0475847
150	0.145626
150	0.0757699
150	0.131427
150	0.0788838
150	0.0486112
150	0.0594822
150	0.0711887
150	0.0567993
150	0.108054
150	0.11314
150	0.116718
150	0.0921707
150	0.230404
150	0.0599079
150	0.0223853
150	0.0529257
150	0.104405
150	0.0582901
150	0.10121
150	0.0217743
150	0.100742
150	0.0705854
150	0.0717843
150	0.0481959
150	0.0618111
150	0.170847
150	0.0591618
150	0.117416
150	0.134623
150	0.153836
150	0.0665604
150	0.228035
150	0.0100587
150	0.0652206
150	0.093109
150	0.0194931
150	0.117561
150	0.123236
150	0.135959
150	0.0912295
150	0.0685107
150	0.0241915
150	0.117065
150	0.240192
150	0.0334495
150	0.17213
150	0.0354735
150	0.0906528
150	0.113311
150	0.200243
150	0.102078
150	0.0553786
150	0.134912
150	0.0517861
150	0.0975292
150	0.0298961
150	0.05003
150	0.0451433
150	0.105096
150	0.0274459
150	0.0463945
150	0.115069
150	0.054333
150	0.162161
150	0.0796968
150	0.0961992
150	0.0308123
150	0.126932
150	0.0511333
150	0.0138873
150	0.135062
150	0.0383409
150	0.0883272
150	0.0879996
150	0.0312235
150	0.187202
150	0.0302504
150	0.0900115
150	0.0780569
153	0.0621586
153	0.0148861
153	0.0475508
153	0.109926
153	0.0619487
153	0.095775
153	0.0931365
153	0.231965
153	0.04477
153	0.201316
153	0.0802325
153	0.0286023
153	0.0196426
153	0.0561623
153	0.0435383
153	0.0602053
153	0.223975
153	0.0585684
153	0.14166
153	0.0930992
153	0.0536969
153	0.191329
153	0.099043
153	0.0398028
153	0.0492821
153	0.00198413
153	0.0715443
153	0.199963
153	0.17208
153	0.0723734
153	0.0549667
153	0.0853724
153	0.0870932
153	0.0307885
153	0.0329447
153	0.0380746
153	0.00450211
153	0.0448366
153	0.0593691
153	0.0710552
153	0.0375099
153	0.108771
153	0.0157636
153	0.133531
153	0.186383
153	0.0252953
153	0.0272813
153	0.022152
153	0.14208
153	0.186833
153	0.0557471
153	0.0138526
153	0.0387774
153	0.0956288
153	0.107825
153	0.00748141
153	0.00761915
153	0.0635058
153	0.0888737
153	0.162179
153	0.104817
153	0.044
153	0.0474008
153	0.0570331
153	0.0419765
153	0.0412063
153	0.19698
153	0.0821821
153	0.177265
153	0.0930482
153	0.0966906
153	0.0748394
153	0.0750769
153	0.119469
153	0.0936138
153	0.147025
153	0.104225
153	0.213195
153	0.0983115
153	0.115887
153	0.176643
153	0.0666833
153	0.107393
153	0.146402
153	0.184666
153	0.0448904
153	0.0394454
153	0.00560339
153	0.0868612
153	0.0966197
153	0.0436449
153	0.0451154
153	0.0869679
153	0.0799137
153	0.0561183
153	0.11146
153	0.23001
153	0.0237208
153	0.157
153	0.0977592
156	0.113458
156	0.169658
156	0.0177277
156	0.0743025
156	0.108007
156	0.0920249
156	0.0274446
156	0.106848
156	0.206731
156	0.178161
156	0.00898395
156	0.254223
156	0.0759587
156	0.0544905
156	0.0856739
156	0.0816242
156	0.0812962
156	0.0946164
156	0.0896775
156	0.17087
156	0.0657267
156	0.0661004
156	0.135928
156	0.0108755
156	0.118099
156	0.0735436
156	0.0253445
156	0.0803403
156	0.022306
156	0.26905
156	0.162673
156	0.0110294
156	0.182893
156	0.00226191
156	0.0169675
156	0.0741369
156	0.171788
156	0.0281245
156	0.0225365
156	0.13838
156	0.0714189
156	0.0257522
156	0.0595297
156	0.172553
156	0.0995113
156	0.0537605
156	0.0538895
156	0.127652
156	0.0496666
156	0.0594416
156	0.0496498
156	0.149229
156	0.0499988
156	0.100206
156	0.0633175
156	0.166958
156	0.207151
156	0.073615
156	0.0621773
156	0.0864572
156	0.0817072
156	0.0242685
156	0.11429
156	0.0398617
156	0.0345975
156	0.046957
156	0.0379465
156	0.0558935
156	0.154893
156	0.0511334
156	0.256528
156	0.0697214
156	0.0761222
156	0.117944
156	0.0440924
156	0.111519
156	0.00378788
156	0.186055
156	0.241153
156	0.18348
156	0.178062
156	0.0764035
156	0.00834517
156	0.108585
156	0.0576809
156	0.182231
156	0.0730303
156	0.101841
156	0.0814916
156	0.084296
156	0.150719
156	0.147526
156	0.112816
156	0.122634
156	0.0829581
156	0.0470218
156	0.110677
156	0.112286
156	0.12823
156	0.0110944
159	0.0651242
159	0.142484
159	0.0709122
159	0.180493
159	0.0475675
159	0.0311858
159	0.181087
159	0.0481347
159	0.0373145
159	0.189806
159	0.138327
159	0.0815603
159	0.0135177
159	0.0871354
159	0.0119874
159	0.0513585
159	0.126586
159	0.176812
159	0
159	0.0533016
159	0.00202001
159	0.0161829
159	0.112529
159	0.0973482
159	0.02935
159	0.0386486
159	0.122793
159	0.0773132
159	0.0932882
159	0.168348
159	0.182415
159	0.0278151
159	0.0831713
159	0.200473
159	0.100423
159	0.00671352
159	0.0846853
159	0.146026
159	0.146375
159	0.0442632
159	0.128224
159	0.0520656
159	0.123765
159	0.101485
159	0.112602
159	0.143076
159	0.23239
159	0.18115
159	0.0915684
159	0.0417067
159	0.0701968
159	0.0307144
159	0.0968324
159	0.0721995
159	0.0146568
159	0.0519732
159	0.056269
159	0.0430781
159	0.147204
159	0.129285
159	0.18542
159	0.0630501
159	0.207602
159	0.0748856
159	0.245431
159	0.132114
159	0.0488757
159	0.0788789
159	0.0578742
159	0.132467
159	0.232397
159	0.157781
159	0.0430937
159	0.0268981
159	0.015036
159	0.0474166
159	0.0719854
159	0.0401842
159	0.0477318
159	0.0153882
159	0.0132323
159	0.0746298
159	0.0722021
159	0.157015
159	0.0653171
159	0.194195
159	0.0163588
159	0.101261
159	0.0907921
159	0.151093
159	0.0366595
159	0.027259
159	0.0330427
159	0.180622
159	0.235586
159	0.0867669
159	0.0799477
159	0.0658361
159	0.0717759
159	0.139967
162	0.120761
162	0.0270734
162	0.0855778
162	0.0972098
162	0.0625592
162	0.0938119
162	0.152573
162	0.201706
162	0.0397851
162	0.0420035
162	0.133049
162	0.214474
162	0.0385827
162	0.0657128
162	0.0612916
162	0.10157
162	0.222813
162	0.0811629
162	0.0592063
162	0.0617392
162	0.0784982
162	0.0561671
162	0.0333799
162	0.056062
162	0.103963
162	0.122353
162	0.0792388
162	0.0683652
162	0.0824461
162	0.130774
162	0.091397
162	0.0370227
162	0.125762
162	0.111131
162	0.11629
162	0.0532749
162	0.0551121
162	0.0451315
162	0.0103002
162	0.0509939
162	0.00555556
162	0.0502825
162	0.0695169
162	0.133007
162	0.137529
162	0.0938701
162	0.0270643
162	0.0692044
162	0.211013
162	0.0990998
162	0.0841726
162	0.195859
162	0.0951252
162	0.0903982
162	0.0443353
162	0.187484
162	0.30108
162	0.123954
162	0.145722
162	0.0262873
162	0.0107914
162	0.155669
162	0.27903
162	0.0374987
162	0.0690309
162	0.138946
162	0.170627
162	0.0439531
162	0.0931802
162	0.155109
162	0.0723985
162	0.00875096
162	0.207563
162	0.0922111
162	0.128549
162	0.0439614
162	0.16081
162	0.0258187
162	0.0419491
162	0.0817485
162	0.0251493
162	0.130232
162	0.186319
162	0.0917563
162	0.276572
162	0.0841128
162	0.233521
162	0.178978
162	0.0988367
162	0.108986
162	0.0628202
162	0.203149
162	0
162	0.0531072
162	0.145777
162	0.0837154
162	0.0857912
162	0.0754456
162	0.186857
162	0.0247823
165	0.0575421
165	0.00372323
165	0.0851504
165	0.0159817
165	0.160968
165	0.0496042
165	0.181715
165	0.19459
165	0.167193
165	0.0333106
165	0.110182
165	0.107083
165	0.0176056
165	0.118821
165	0.116077
165	0.141093
165	0.0460298
165	0.0114492
165	0.127363
165	0.0148581
165	0.203074
165	0.0204227
165	0.0269784
165	0.121524
165	0.173456
165	0.079771
165	0.203159
165	0.0418174
165	0.194171
165	0.224058
165	0.14902
165	0.0103801
165	0.115264
165	0.179914
165	0.14843
165	0.1526
165	0.223369
165	0.0679506
165	0.0320946
165	0.0319451
165	0.0559194
165	0.119618
165	0.00943803
165	0.095315
165	0.153899
165	0.0185811
165	0.0590026
165	0.135515
165	0.107693
165	0.112581
165	0.11161
165	0.116317
165	0.0950978
165	0.0736761
165	0.121103
165	0.187804
165	0.0953965
165	0.0452529
165	0.0706179
165	0.0890565
165	0.0571124
165	0.00854793
165	0.0201153
165	0.00865066
165	0.0772145
165	0.0149593
165	0.175391
165	0.19537
165	0.136775
165	0
165	0.113746
165	0.0275224
165	0.126808
165	0.0538334
165	0.063774
165	0.0822599
165	0.10161
165	0.152613
165	0.27671
165	0.164585
165	0.0805347
165	0.0369939
165	0.0828863
165	0.161215
165	0.117961
165	0.0452314
165	0.0916378
165	0.0818233
165	0.0642402
165	0.163988
165	0.184232
165	0.0166763
165	0.0905071
165	0.119488
165	0.072334
165	0.0783334
165	0.126451
165	0.0815369
165	0.10656
165	0.0703628
168	0.0679834
168	0.187702
168	0.137266
168	0.0587724
168	0.0263536
168	0.274432
168	0.115546
168	0.151697
168	0.0769293
168	0.0851881
168	0.0354848
168	0.156246
168	0.13556
168	0.110983
168	0.070242
168	0.218125
168	0.0613302
168	0.00748321
168	0.198487
168	0.164681
168	0.118061
168	0.069103
168	0.0128109
168	0.0769927
168	0.179707
168	0.128318
168	0.201952
168	0.162082
168	0.218899
168	0.0642306
168	0.0683023
168	0.0396517
168	0.0070922
168	0.0683228
168	0.0538652
168	0.151711
168	0.175224
168	0.00856164
168	0.146829
168	0.0646747
168	0.166263
168	0.03875
168	0.211204
168	0.216568
168	0.048823
168	0.133723
168	0.0764402
168	0.0684915
168	0.0804762
168	0.00675676
168	0.384141
168	0.0372927
168	0.0919191
168	0.00830995
168	0.0646842
168	0.0851524
168	0.0443446
168	0.145301
168	0.0557242
168	0.156389
168	0.126719
168	0.0548996
168	0.0922042
168	0.133658
168	0.0230582
168	0.121808
168	0.0270086
168	0.0337697
168	0.162898
168	0.062344
168	0.0919441
168	0.176278
168	0.172995
168	0.0316494
168	0.116017
168	0.204456
168	0.0644424
168	0.190106
168	0.0455492
168	0.0420623
168	0.127371
168	0.124583
168	0.110779
168	0.00447078
168	0.144281
168	0.049268
168	0.056099
168	0.0695244
168	0.171553
168	0.149423
168	0.0343643
168	0.0212519
168	0.0286023
168	0.144701
168	0.132467
168	0.192501
168	0.00393989
168	0.0860727
168	0.024439
168	0.0555697
171	0.0514872
171	0.0207716
171	0.189938
171	0.133473
171	0.0703974
171	0.128138
171	0.0846193
171	0.0254329
171	0.0681818
171	0.125947
171	0.0442624
171	0.000242313
171	0.0636736
171	0.0430059
171	0.0704625
171	0.0737361
171	0.0319546
171	0.0804796
171	0.118756
171	0.0665119
171	0.0834092
171	0.0602944
171	0.198447
171	0.0450262
171	0.216507
171	0.0572993
171	0.193057
171	0.0865455
171	0.0188225
171	0.125907
171	0.151985
171	0.130889
171	0.158932
171	0.0333972
171	0
171	0.0136367
171	0.135666
171	0.157929
171	0.0340712
171	0.0222161
171	0.101479
171	0.0481382
171	0.0452159
171	0.0708391
171	0.112594
171	0.0665124
171	0.00437925
171	0.310641
171	0.0336714
171	0.111399
171	0.0225772
171	0.0553346
171	0.289938
171	0.134066
171	0.0407996
171	0.00205414
171	0.115494
171	0.0499388
171	0.0137482
171	0.193083
171	0.0683084
171	0.0544609
171	0.12593
171	0.195476
171	0.136813
171	0.0673959
171	0.0583381
171	0.067596
171	0.187299
171	0.203728
171	0.33121
171	0.128082
171	0.130302
171	0.0276691
171	0.0563538
171	0.0705729
171	0.257166
171	0.0701555
171	0.111956
171	0.127044
171	0.0501412
171	0.287019
171	0.190336
171	0.119285
171	0.166175
171	0.0521475
171	0.0861196
171	0.0176293
171	0.128004
171	0.2065
171	0.11638
171	0.209833
171	0.0893115
171	0.147008
171	0.0294255
171	0.0541415
171	0.0549362
171	0.107704
171	0.146044
171	0.0093006
174	0.092055
174	0.0523176
174	0.137155
174	0.135869
174	0.208678
174	0.0890596
174	0.0118675
174	0.0704527
174	0.0966312
174	0.179463
174	0.119751
174	0.0916327
174	0.119919
174	0.0689378
174	0.146758
174	0.0639359
174	0.209441
174	0.0290651
174	0.0988116
174	0.0482627
174	0.0227273
174	0.0141255
174	0.115508
174	0.0320143
174	0.234116
174	0.0614005
174	0.00363258
174	0.128236
174	0.119723
174	0.0247599
174	0.129881
174	0.0331451
174	0.00393473
174	0.0698536
174	0.0541058
174	0.133394
174	0.0440738
174	0.156124
174	0.069934
174	0.218992
174	0.0376806
174	0.195368
174	0.0801189
174	0.0453125
174	0.0344578
174	0.100307
174	0.0756136
174	0.198292
174	0.0636167
174	0.0276547
174	0.103406
174	0.0827305
174	0.131354
174	0.0806142
174	0.0714102
174	0.148951
174	0.263371
174	0.0937067
174	0.119349
174	0.0270803
174	0.069984
174	0.182959
174	0.0794984
174	0.122373
174	0.218963
174	0.0191826
174	0.168473
174	0.209491
174	0.225834
174	0.075447
174	0.0467818
174	0.0528913
174	0.0537027
174	0.0206679
174	0.0413923
174	0.131415
174	0.0694871
174	0.227465
174	0.157622
174	0.0363459
174	0.10107
174	0.0319908
174	0.0896606
174	0.0713475
174	0.00668828
174	0.061369
174	0.288226
174	0.178945
174	0.020169
174	0
174	0.0345796
174	0.0169697
174	0.00503356
174	0.143373
174	0.0388202
174	0.0154039
174	0.0588289
174	0
174	0.0447634
174	0.0162678
177	0.0513367
177	0.0313523
177	0.0145963
177	0.0603939
177	0.0473952
177	0.0542316
177	0.220961
177	0.0949266
177	0.0500963
177	0.116418
177	0.102136
177	0.0113196
177	0.0133641
177	0.0905008
177	0.0680294
177	0.187425
177	0.140496
177	0.0430401
177	0.0465373
177	0.0424831
177	0.0659841
177	0.0563171
177	0.147832
177	0.0237958
177	0.0295725
177	0.0546194
177	0.0829622
177	0.103712
177	0.0797698
177	0.0544959
177	0.0350908
177	0.0766819
177	0.0842203
177	0.0681168
177	0.11846
177	0.0481997
177	0.231749
177	0.230683
177	0.181407
177	0.121119
177	0.0850938
177	0.0926155
177	0.136424
177	0.0617218
177	0.0607711
177	0.062214
177	0.0256295
177	0.0656194
177	0.226532
177	0.0643699
177	0.0585345
177	0.0503424
177	0.0374707
177	0.0179069
177	0.12797
177	0.113028
177	0.157787
177	0.0103448
177	0.182327
177	0.0235709
177	0.0710244
177	0.107919
177	0.0225357
177	0.103784
177	0.24462
177	0.0237582
177	0.200536
177	0.0926923
177	0.135448
177	0.00584824
177	0.162742
177	0.126309
177	0.0670702
177	0.065247
177	0.0154622
177	0.0318741
177	0.0964558
177	0.101576
177	0.084557
177	0.168738
177	0.0826232
177	0.0547756
177	0.00160256
177	0.0362338
177	0.065465
177	0.119853
177	0.269961
177	0.0898728
177	0.0394424
177	0.0773165
177	0.0987489
177	0.100066
177	0.0189145
177	0.0662169
177	0.0340814
177	0.0818167
177	0.228389
177	0.0902015
177	0.156385
177	0.047524
180	0.185905
180	0.122989
180	0.148227
180	0.0696546
180	0.139947
180	0.228465
180	0.228849
180	0.0889981
180	0.0577799
180	0.207239
180	0.0932222
180	0.0517969
180	0.0506892
180	0.128479
180	0.0840818
180	0.100097
180	0.195157
180	0.0910332
180	0.0683046
180	0.166034
180	0.059036
180	0.0970903
180	0.0156265
180	0.113755
180	0.207005
180	0.0374819
180	0.155124
180	0.0353714
180	0.0464655
180	0.0516129
180	0.0305181
180	0.0256849
180	0.0180502
180	0.101357
180	0.0137405
180	0.185832
180	0.048743
180	0.0805701
180	0.0933531
180	0.145965
180	0.0368998
180	0.0479269
180	0.14847
180	0.0731982
180	0.129848
180	0
180	0.33326
180	0.0594693
180	0.206057
180	0.138044
180	0.121314
180	0.119908
180	0.0964173
180	0.206517
180	0.13423
180	0.0359161
180	0.204976
180	0.0294906
180	0.0417657
180	0.0805482
180	0.0322593
180	0.130317
180	0.0457782
180	0.0487205
180	0.0283336
180	0.1567
180	0.0364841
180	0.0155492
180	0.0952862
180	0.0770808
180	0.0555454
180	0.170788
180	0.160292
180	0.0458889
180	0.0065924
180	0.057142
180	0.0935794
180	0.0550299
180	0.035428
180	0.105794
180	0.0451888
180	0.0151418
180	0.0846344
180	0.0346601
180	0.143573
180	0.0079491
180	0.0389414
180	0.0570516
180	0.00782601
180	0.0351529
180	0.0886698
180	0.0378346
180	0.198119
180	0.0714877
180	0.0436554
180	0.0874662
180	0.0399261
180	0.14838
180	0.113626
180	0.024326
