var	threshold	abdncError	methylCallError	TP	FN	FP
0	0.1	0.756975	0.0242	1.02	0.98	16.1
0	0.2	0.618244	0.05125	1.42	0.58	15.7
0	0.3	0.460771	0.1041	1.92	0.08	15.2
0	0.4	0.441451	0.11335	1.98	0.02	15.14
0	0.5	0.435545	0.11735	2	0	15.12
0	0.6	0.435545	0.11735	2	0	15.12
0	0.7	0.435545	0.11735	2	0	15.12
0	0.8	0.435545	0.11735	2	0	15.12
0	0.9	0.435545	0.11735	2	0	15.12
0	1	0.435545	0.11735	2	0	15.12
5	0.1	0.886065	0.0348	0.77	1.23	32.23
5	0.2	0.857863	0.0596	0.99	1.01	32.01
5	0.3	0.795061	0.103	1.36	0.64	31.64
5	0.4	0.746795	0.1395	1.66	0.34	31.34
5	0.5	0.740016	0.14965	1.71	0.29	31.29
5	0.6	0.733634	0.1602	1.75	0.25	31.25
5	0.7	0.729392	0.16825	1.78	0.22	31.22
5	0.8	0.718766	0.1896	1.84	0.16	31.16
5	0.9	0.710579	0.2055	1.88	0.12	31.12
5	1	0.694193	0.238844	1.96	0.04	31.04
10	0.1	0.978595	0.0162	0.22	1.78	42.35
10	0.2	0.938736	0.0914	0.76	1.24	41.81
10	0.3	0.90117	0.13005	1.07	0.93	41.5
10	0.4	0.868364	0.1644	1.34	0.66	41.23
10	0.5	0.862381	0.181	1.4	0.6	41.17
10	0.6	0.856441	0.19975	1.46	0.54	41.11
10	0.7	0.836999	0.262514	1.65	0.35	40.92
10	0.8	0.815184	0.295364	1.79	0.21	40.78
10	0.9	0.793267	0.330458	1.91	0.09	40.66
10	1	0.782888	0.360752	1.97	0.03	40.6
15	0.1	0.994203	0.0042	0.05	1.95	48.3
15	0.2	0.96017	0.0821	0.58	1.42	47.77
15	0.3	0.937948	0.13465	0.88	1.12	47.47
15	0.4	0.890097	0.1902	1.28	0.72	47.07
15	0.5	0.872807	0.23175	1.44	0.56	46.91
15	0.6	0.864592	0.2517	1.51	0.49	46.84
15	0.7	0.841703	0.296481	1.69	0.31	46.66
15	0.8	0.816335	0.344171	1.87	0.13	46.48
15	0.9	0.80419	0.365563	1.95	0.05	46.4
15	1	0.795106	0.383063	2	0	46.35
20	0.1	1	0	0	2	51.77
20	0.2	0.978542	0.0587	0.35	1.65	51.42
20	0.3	0.959147	0.12875	0.66	1.34	51.11
20	0.4	0.916594	0.1776	1.04	0.96	50.73
20	0.5	0.903398	0.21935	1.18	0.82	50.59
20	0.6	0.888149	0.262	1.33	0.67	50.44
20	0.7	0.875388	0.3272	1.48	0.52	50.29
20	0.8	0.835388	0.418187	1.81	0.19	49.96
20	0.9	0.808646	0.452287	1.98	0.02	49.8
20	1	0.805673	0.457687	2	0	49.78
25	0.1	1	0	0	2	54.72
25	0.2	0.99707	0.0087	0.05	1.95	54.67
25	0.3	0.979223	0.07825	0.35	1.65	54.37
25	0.4	0.942163	0.17995	0.81	1.19	53.91
25	0.5	0.922191	0.2331	1.02	0.98	53.7
25	0.6	0.905997	0.315205	1.22	0.78	53.5
25	0.7	0.884224	0.37929	1.41	0.59	53.31
25	0.8	0.843485	0.47509	1.8	0.2	52.92
25	0.9	0.820011	0.502507	1.97	0.03	52.75
25	1	0.816815	0.513307	2	0	52.72
30	0.1	1	0	0	2	56.54
30	0.2	1	0	0	2	56.54
30	0.3	0.986823	0.06145	0.24	1.76	56.3
30	0.4	0.93782	0.22615	0.9	1.1	55.64
30	0.5	0.915166	0.2608	1.11	0.89	55.43
30	0.6	0.905047	0.3043	1.23	0.77	55.31
30	0.7	0.887221	0.378967	1.44	0.56	55.1
30	0.8	0.846856	0.473337	1.79	0.21	54.75
30	0.9	0.819192	0.508245	1.99	0.01	54.55
30	1	0.818394	0.511245	2	0	54.54
35	0.1	1	0	0	2	57.94
35	0.2	1	0	0	2	57.94
35	0.3	0.994531	0.0275	0.1	1.9	57.84
35	0.4	0.952392	0.186	0.67	1.33	57.27
35	0.5	0.915901	0.2787	1.08	0.92	56.86
35	0.6	0.905569	0.341963	1.22	0.78	56.72
35	0.7	0.892487	0.405334	1.37	0.63	56.57
35	0.8	0.853689	0.490626	1.78	0.22	56.16
35	0.9	0.828532	0.529717	1.96	0.04	55.99
35	1	0.824564	0.539417	2	0	55.95
40	0.1	1	0	0	2	58.85
40	0.2	1	0	0	2	58.85
40	0.3	1	0	0	2	58.85
40	0.4	0.978052	0.11305	0.33	1.67	58.52
40	0.5	0.918856	0.30855	1.02	0.98	57.83
40	0.6	0.904457	0.35275	1.19	0.81	57.66
40	0.7	0.8851	0.4239	1.41	0.59	57.44
40	0.8	0.847057	0.511885	1.78	0.22	57.07
40	0.9	0.823636	0.553735	1.98	0.02	56.88
40	1	0.821623	0.557335	2	0	56.86
45	0.1	1	0	0	2	58.79
45	0.2	1	0	0	2	58.79
45	0.3	1	0	0	2	58.79
45	0.4	0.988292	0.0527	0.14	1.86	58.65
45	0.5	0.92526	0.30695	0.93	1.07	57.86
45	0.6	0.909456	0.356	1.12	0.88	57.67
45	0.7	0.887363	0.44025	1.37	0.63	57.42
45	0.8	0.856685	0.526748	1.69	0.31	57.1
45	0.9	0.825017	0.581248	1.99	0.01	56.81
45	1	0.822982	0.582248	2	0	56.8
50	0.1	1	0	0	2	59.44
50	0.2	1	0	0	2	59.44
50	0.3	1	0	0	2	59.44
50	0.4	0.993443	0.0268	0.07	1.93	59.37
50	0.5	0.931283	0.28835	0.77	1.23	58.67
50	0.6	0.902446	0.3928	1.17	0.83	58.27
50	0.7	0.87774	0.466484	1.44	0.56	58
50	0.8	0.846501	0.557584	1.78	0.22	57.66
50	0.9	0.827426	0.586934	2	0	57.45
50	1	0.827426	0.586934	2	0	57.45
