var	minCostFlow
5	0.35982
5	0.232037
5	0.306456
5	0.340247
5	0.307481
5	0.424548
5	0.305726
5	0.232432
5	0.344472
5	0.249817
5	0.342336
5	0.368912
5	0.28633
5	0.259857
5	0.413611
5	0.261217
5	0.225853
5	0.337339
5	0.252515
5	0.354784
5	0.348593
5	0.300163
5	0.281542
5	0.288877
5	0.322619
5	0.321365
5	0.339545
5	0.372701
5	0.230631
5	0.311168
5	0.385016
5	0.24297
5	0.350056
5	0.377729
5	0.35453
5	0.349742
5	0.365513
5	0.287519
5	0.282835
5	0.325826
5	0.335148
5	0.312035
5	0.488453
5	0.241092
5	0.29719
5	0.194816
5	0.453799
5	0.301669
5	0.243995
5	0.39198
5	0.324074
5	0.277378
5	0.365577
5	0.402151
5	0.33978
5	0.243726
5	0.364746
5	0.439718
5	0.350008
5	0.161971
5	0.394446
5	0.298798
5	0.412933
5	0.312096
5	0.160353
5	0.389981
5	0.243525
5	0.290337
5	0.355614
5	0.297865
5	0.280396
5	0.23717
5	0.299053
5	0.380136
5	0.224264
5	0.396151
5	0.382692
5	0.330517
5	0.302823
5	0.408048
5	0.132698
5	0.38325
5	0.359713
5	0.268058
5	0.248845
5	0.391218
5	0.343537
5	0.227369
5	0.266866
5	0.182043
5	0.352466
5	0.35448
5	0.353839
5	0.257328
5	0.266197
5	0.200713
5	0.243495
5	0.293831
5	0.328469
5	0.3729
8	0.25172
8	0.261544
8	0.323652
8	0.394652
8	0.232749
8	0.25037
8	0.240471
8	0.300515
8	0.235738
8	0.327862
8	0.34078
8	0.259535
8	0.272632
8	0.243426
8	0.328099
8	0.389551
8	0.291775
8	0.246649
8	0.271478
8	0.335218
8	0.27827
8	0.232347
8	0.319885
8	0.162917
8	0.183016
8	0.155292
8	0.290387
8	0.209284
8	0.149323
8	0.308114
8	0.261735
8	0.321724
8	0.311735
8	0.275734
8	0.340707
8	0.166981
8	0.38639
8	0.197794
8	0.241596
8	0.201224
8	0.231837
8	0.350063
8	0.110395
8	0.180928
8	0.252476
8	0.228026
8	0.305406
8	0.229796
8	0.235832
8	0.265158
8	0.332068
8	0.274974
8	0.188708
8	0.135451
8	0.283555
8	0.143244
8	0.318506
8	0.328997
8	0.305646
8	0.298237
8	0.218973
8	0.121525
8	0.234778
8	0.343135
8	0.267049
8	0.190102
8	0.169111
8	0.208161
8	0.304296
8	0.165265
8	0.318211
8	0.153641
8	0.230802
8	0.215063
8	0.265421
8	0.0872496
8	0.355169
8	0.386979
8	0.249589
8	0.280649
8	0.137997
8	0.27701
8	0.261434
8	0.304243
8	0.244709
8	0.310211
8	0.372421
8	0.334138
8	0.240063
8	0.27007
8	0.315267
8	0.21555
8	0.334543
8	0.283232
8	0.243114
8	0.266549
8	0.155276
8	0.212135
8	0.182674
8	0.270403
11	0.252007
11	0.175039
11	0.317013
11	0.114815
11	0.303453
11	0.185829
11	0.173863
11	0.307885
11	0.273962
11	0.0510228
11	0.292245
11	0.370245
11	0.294387
11	0.300922
11	0.146099
11	0.264034
11	0.266022
11	0.333029
11	0.206705
11	0.239319
11	0.254474
11	0.319314
11	0.20181
11	0.237379
11	0.285166
11	0.342165
11	0.319027
11	0.0959493
11	0.230859
11	0.28418
11	0.204609
11	0.2986
11	0.259139
11	0.257523
11	0.27777
11	0.347959
11	0.231676
11	0.232058
11	0.245889
11	0.297856
11	0.281092
11	0.264332
11	0.175744
11	0.0347278
11	0.221043
11	0.164306
11	0.297702
11	0.238676
11	0.142927
11	0.172899
11	0.253692
11	0.236962
11	0.335383
11	0.366072
11	0.422211
11	0.297832
11	0.185568
11	0.282978
11	0.439919
11	0.211128
11	0.336708
11	0.25302
11	0.290345
11	0.111966
11	0.283959
11	0.181975
11	0.353921
11	0.293234
11	0.361659
11	0.271859
11	0.226125
11	0.251673
11	0.275775
11	0.225638
11	0.340873
11	0.210691
11	0.286283
11	0.226834
11	0.37599
11	0.344724
11	0.259647
11	0.242823
11	0.206073
11	0.343279
11	0.216252
11	0.334326
11	0.275043
11	0.135807
11	0.164983
11	0.310221
11	0.288171
11	0.35669
11	0.270542
11	0.207324
11	0.224435
11	0.208439
11	0.227555
11	0.269897
11	0.280102
11	0.0359936
14	0.361263
14	0.223618
14	0.28727
14	0.254749
14	0.143693
14	0.263618
14	0.359713
14	0.237336
14	0.168794
14	0.249891
14	0.297459
14	0.277548
14	0.114264
14	0.245107
14	0.190452
14	0.214334
14	0.274854
14	0.217874
14	0.333995
14	0.300208
14	0.275168
14	0.232614
14	0.164912
14	0.251404
14	0.29665
14	0.164953
14	0.255499
14	0.176847
14	0.20748
14	0.210891
14	0.304246
14	0.228962
14	0.280904
14	0.224461
14	0.258866
14	0.212084
14	0.224015
14	0.182318
14	0.268911
14	0.287323
14	0.146701
14	0.191427
14	0.17826
14	0.223503
14	0.100761
14	0.219608
14	0.25201
14	0.216689
14	0.354762
14	0.211077
14	0.316837
14	0.277423
14	0.216829
14	0.207533
14	0.227194
14	0.385575
14	0.318098
14	0.214674
14	0.251924
14	0.101946
14	0.242826
14	0.29507
14	0.282013
14	0.236599
14	0.173114
14	0.26599
14	0.297697
14	0.298724
14	0.361291
14	0.183523
14	0.185532
14	0.326571
14	0.242563
14	0.171321
14	0.176159
14	0.123603
14	0.123446
14	0.288413
14	0.118026
14	0.323631
14	0.358994
14	0.296063
14	0.133485
14	0.171633
14	0.372321
14	0.302146
14	0.259972
14	0.225808
14	0.368781
14	0.0822894
14	0.220996
14	0.325337
14	0.214421
14	0.162425
14	0.328976
14	0.330833
14	0.288479
14	0.262636
14	0.318598
14	0.225313
17	0.232064
17	0.205104
17	0.346912
17	0.295575
17	0.282257
17	0.172918
17	0.219282
17	0.235751
17	0.242105
17	0.298433
17	0.373412
17	0.215471
17	0.0932651
17	0.102933
17	0.264764
17	0.313603
17	0.248583
17	0.196786
17	0.0509613
17	0.228754
17	0.166429
17	0.294418
17	0.0533402
17	0.23166
17	0.273079
17	0.148819
17	0.182717
17	0.277856
17	0.260609
17	0.187698
17	0.228765
17	0.248871
17	0.332327
17	0.239702
17	0.230786
17	0.319417
17	0.0985061
17	0.255107
17	0.171739
17	0.15826
17	0.268416
17	0.225607
17	0.290456
17	0.253878
17	0.127638
17	0.197765
17	0.20419
17	0.189159
17	0.228773
17	0.22488
17	0.190961
17	0.337243
17	0.299431
17	0.27307
17	0.245646
17	0.0515153
17	0.248065
17	0.265254
17	0.19506
17	0.277395
17	0.208156
17	0.336466
17	0.300589
17	0.256202
17	0.288362
17	0.243618
17	0.215386
17	0.160258
17	0.214995
17	0.165966
17	0.265189
17	0.193307
17	0.294747
17	0.208485
17	0.272719
17	0.196692
17	0.284156
17	0.325701
17	0.189333
17	0.299784
17	0.327462
17	0.233841
17	0.230104
17	0.374301
17	0.217034
17	0.336636
17	0.250448
17	0.213111
17	0.175751
17	0.273493
17	0.361242
17	0.160067
17	0.257601
17	0.363688
17	0.237131
17	0.262116
17	0.172756
17	0.237977
17	0.201161
17	0.217143
20	0.21394
20	0.175257
20	0.278362
20	0.200232
20	0.266739
20	0.309257
20	0.28575
20	0.22897
20	0.208732
20	0.349014
20	0.240373
20	0.18803
20	0.173236
20	0.244745
20	0.166936
20	0.279595
20	0.163733
20	0.147981
20	0.270149
20	0.236783
20	0.209084
20	0.327816
20	0.230097
20	0.11497
20	0.215462
20	0.130485
20	0.17191
20	0.171559
20	0.193578
20	0.165036
20	0.275805
20	0.235169
20	0.281162
20	0.197154
20	0.302177
20	0.198213
20	0.214809
20	0.294289
20	0.130459
20	0.166723
20	0.20564
20	0.264254
20	0.267638
20	0.203972
20	0.169224
20	0.208983
20	0.267492
20	0.251919
20	0.184202
20	0.193132
20	0.270286
20	0.290945
20	0.0613867
20	0.167158
20	0.240366
20	0.106608
20	0.0861241
20	0.220564
20	0.158855
20	0.157353
20	0.183652
20	0.227491
20	0.292381
20	0.0845132
20	0.0885016
20	0.0518238
20	0.238519
20	0.333483
20	0.159329
20	0.268705
20	0.139399
20	0.096238
20	0.108932
20	0.13269
20	0.208961
20	0.161401
20	0.247422
20	0.273052
20	0.333914
20	0.199596
20	0.274319
20	0.179956
20	0.228467
20	0.252759
20	0.291643
20	0.178082
20	0.213793
20	0.230483
20	0.22609
20	0.219591
20	0.156465
20	0.136522
20	0.232797
20	0.223484
20	0.224232
20	0.165646
20	0.260064
20	0.195499
20	0.183963
20	0.279502
23	0.251531
23	0.073731
23	0.263936
23	0.128415
23	0.284839
23	0.427581
23	0.344069
23	0.191169
23	0.0377357
23	0.310174
23	0.256462
23	0.235087
23	0.24673
23	0.237718
23	0.221326
23	0.307386
23	0.22276
23	0.34947
23	0.155505
23	0.249363
23	0.127829
23	0.221196
23	0.173988
23	0.134963
23	0.172459
23	0.225491
23	0.136363
23	0.164945
23	0.2676
23	0.340422
23	0.151365
23	0.148367
23	0.274985
23	0.267125
23	0.29576
23	0.0494863
23	0.153224
23	0.217688
23	0.131058
23	0.301686
23	0.383978
23	0.250717
23	0.260908
23	0.144694
23	0.174981
23	0.277526
23	0.131515
23	0.190487
23	0.135866
23	0.139023
23	0.140047
23	0.285036
23	0.114597
23	0.293147
23	0.133437
23	0.20479
23	0.161809
23	0.289848
23	0.27678
23	0.388464
23	0.0247784
23	0.339177
23	0.136458
23	0.193068
23	0.0457143
23	0.241396
23	0.207418
23	0.364866
23	0.298146
23	0.0754622
23	0.317352
23	0.161905
23	0.164499
23	0.232804
23	0.16708
23	0.00613671
23	0.39626
23	0.143487
23	0.276604
23	0.322077
23	0.303368
23	0.191411
23	0.27386
23	0.256811
23	0.133265
23	0.227571
23	0.175088
23	0.230891
23	0.230125
23	0.194251
23	0.143538
23	0.240348
23	0.232517
23	0.120285
23	0.213516
23	0.228004
23	0.206986
23	0.243337
23	0.184841
23	0.346632
26	0.229046
26	0.285232
26	0.171258
26	0.169413
26	0.272814
26	0.187943
26	0.103818
26	0.267849
26	0.158645
26	0.0761024
26	0.145513
26	0.182821
26	0.254415
26	0.157505
26	0.146741
26	0.272673
26	0.0669543
26	0.224175
26	0.156813
26	0.0640082
26	0.175295
26	0.229946
26	0.24137
26	0.0717888
26	0.229623
26	0.186668
26	0.195147
26	0.194233
26	0.225003
26	0.164232
26	0.357066
26	0.326186
26	0.233971
26	0.200719
26	0.25351
26	0.1823
26	0.339227
26	0.0712126
26	0.145856
26	0.161502
26	0.124953
26	0.218536
26	0.208111
26	0.280349
26	0.164749
26	0.235964
26	0.138275
26	0.164948
26	0.249826
26	0.161169
26	0.243362
26	0.18638
26	0.315822
26	0.201007
26	0.158802
26	0.0879383
26	0.211464
26	0.124306
26	0.251002
26	0.176857
26	0.232034
26	0.31279
26	0.255505
26	0.146501
26	0.196001
26	0.213146
26	0.246193
26	0.196906
26	0.153074
26	0.138042
26	0.157308
26	0.201578
26	0.326255
26	0.0952002
26	0.111563
26	0.197105
26	0.224133
26	0.117886
26	0.166782
26	0.242217
26	0.15365
26	0.274949
26	0.199207
26	0.253425
26	0.0975657
26	0.118819
26	0.184876
26	0.151213
26	0.181236
26	0.18108
26	0.136558
26	0.278546
26	0.190356
26	0.119904
26	0.191184
26	0.256678
26	0.258905
26	0.149795
26	0.101457
26	0.151306
29	0.125945
29	0.174136
29	0.237089
29	0.208063
29	0.1885
29	0.242777
29	0.0953697
29	0.159989
29	0.224623
29	0.179737
29	0.0694879
29	0.258501
29	0.250119
29	0.24966
29	0.378567
29	0.407666
29	0.321582
29	0.13318
29	0.18469
29	0.285883
29	0.241597
29	0.102468
29	0.133704
29	0.2176
29	0.143103
29	0.179748
29	0.152517
29	0.192458
29	0.228098
29	0.148296
29	0.30345
29	0.23033
29	0.215313
29	0.142438
29	0.293228
29	0.191151
29	0.265523
29	0.237894
29	0.271222
29	0.250525
29	0.119601
29	0.084706
29	0.185471
29	0.257147
29	0.18594
29	0.208216
29	0.316526
29	0.343204
29	0.290063
29	0.1512
29	0.197378
29	0.327085
29	0.136835
29	0.203765
29	0.157857
29	0.214001
29	0.187718
29	0.279511
29	0.0857729
29	0.268707
29	0.15728
29	0.243854
29	0.18978
29	0.166661
29	0.28745
29	0.103621
29	0.087978
29	0.130167
29	0.175397
29	0.145202
29	0.248646
29	0.255848
29	0.143394
29	0.149721
29	0.236332
29	0.219142
29	0.270182
29	0.144851
29	0.206577
29	0.215963
29	0.21421
29	0.271403
29	0.217282
29	0.112819
29	0.172682
29	0.219198
29	0.1952
29	0.16167
29	0.264028
29	0.209556
29	0.140126
29	0.0828012
29	0.215395
29	0.272342
29	0.21116
29	0.241521
29	0.150148
29	0.154527
29	0.205598
29	0.136983
32	0.309659
32	0.383256
32	0.226628
32	0.350216
32	0.14781
32	0.189129
32	0.180905
32	0.17802
32	0.141194
32	0.158302
32	0.208964
32	0.15242
32	0.197912
32	0.2614
32	0.165265
32	0.137794
32	0.0965301
32	0.248328
32	0.131974
32	0.218795
32	0.178021
32	0.194136
32	0.273347
32	0.255825
32	0.190715
32	0.163449
32	0.145728
32	0.213455
32	0.134185
32	0.0935348
32	0.140269
32	0.163479
32	0.18112
32	0.135309
32	0.0809781
32	0.112266
32	0.150335
32	0.146475
32	0.160334
32	0.087699
32	0.197539
32	0.180073
32	0.195484
32	0.0991011
32	0.130888
32	0.102878
32	0.281814
32	0.129194
32	0.154583
32	0.120208
32	0.11761
32	0.189293
32	0.212419
32	0.19095
32	0.103754
32	0.132401
32	0.0961923
32	0.14129
32	0.0843877
32	0.0381383
32	0.233795
32	0.212876
32	0.190241
32	0.161752
32	0.161921
32	0.375495
32	0.236637
32	0.217071
32	0.254779
32	0.160862
32	0.207319
32	0.104967
32	0.206865
32	0.184155
32	0.0380836
32	0.105717
32	0.224822
32	0.102683
32	0.197683
32	0.256693
32	0.179474
32	0.189119
32	0.105427
32	0.173111
32	0.0969697
32	0.103022
32	0.212696
32	0.168431
32	0.208539
32	0.169083
32	0.161994
32	0.189305
32	0.179917
32	0.190079
32	0.26267
32	0.239946
32	0.215743
32	0.275792
32	0.152982
32	0.0668982
35	0.0168898
35	0.140743
35	0.0966029
35	0.265023
35	0.188524
35	0.217346
35	0.107161
35	0.308791
35	0.158883
35	0.157872
35	0.143501
35	0.248092
35	0.262085
35	0.323938
35	0.0907475
35	0.122131
35	0.227964
35	0.19308
35	0.273675
35	0.269538
35	0.216386
35	0.17057
35	0.10469
35	0.0611865
35	0.175019
35	0.234383
35	0.15063
35	0.0884195
35	0.127055
35	0.330962
35	0.227971
35	0.261277
35	0.231438
35	0.192716
35	0.210166
35	0.348707
35	0.206494
35	0.26505
35	0.114902
35	0.200987
35	0.163434
35	0.0673301
35	0.155691
35	0.263829
35	0.190943
35	0.262871
35	0.225027
35	0.252828
35	0.225897
35	0.205329
35	0.202777
35	0.20783
35	0.151069
35	0.227676
35	0.140771
35	0.2022
35	0.0231949
35	0.222505
35	0.154978
35	0.164453
35	0.298237
35	0.353427
35	0.243739
35	0.204652
35	0.26699
35	0.300867
35	0.217992
35	0.350339
35	0.1785
35	0.117916
35	0.319367
35	0.179171
35	0.16441
35	0.230945
35	0.2594
35	0.153745
35	0.240279
35	0.202459
35	0.23781
35	0.157544
35	0.109551
35	0.381392
35	0.0940899
35	0.185142
35	0.180252
35	0.148068
35	0.144944
35	0.330439
35	0.302869
35	0.268817
35	0.159933
35	0.181813
35	0.109077
35	0.11958
35	0.162134
35	0.237958
35	0.232112
35	0.234059
35	0.310763
35	0.149831
38	0.215
38	0.22185
38	0.162109
38	0.0343841
38	0.20335
38	0.169232
38	0.140429
38	0.123714
38	0.351479
38	0.275254
38	0.207562
38	0.190364
38	0.188766
38	0.145628
38	0.283585
38	0.114598
38	0.192639
38	0.107138
38	0.281445
38	0.12069
38	0.326142
38	0.255621
38	0.0695073
38	0.105077
38	0.196231
38	0.197119
38	0.243501
38	0.133283
38	0.183416
38	0.130734
38	0.170275
38	0.186908
38	0.151117
38	0.156276
38	0.263266
38	0.189849
38	0.159405
38	0.0602186
38	0.112584
38	0.126732
38	0.120103
38	0.206566
38	0.0549484
38	0.167842
38	0.23626
38	0.144156
38	0.302923
38	0.209553
38	0.131521
38	0.201528
38	0.107261
38	0.154882
38	0.09163
38	0.113763
38	0.155365
38	0.179185
38	0.19997
38	0.126658
38	0.227364
38	0.117582
38	0.209223
38	0.248115
38	0.147111
38	0.172227
38	0.0954283
38	0.280006
38	0.270314
38	0.182983
38	0.139053
38	0.155077
38	0.160933
38	0.117736
38	0.116798
38	0.029717
38	0.118322
38	0.143186
38	0.239245
38	0.273538
38	0.169941
38	0.409357
38	0.189345
38	0.0798283
38	0.127787
38	0.249135
38	0.0836661
38	0.242538
38	0.169934
38	0.100213
38	0.15934
38	0.167281
38	0.189251
38	0.25162
38	0.156515
38	0.148532
38	0.126639
38	0.106678
38	0.170666
38	0.165948
38	0.232042
38	0.158472
41	0.220174
41	0.179274
41	0.2437
41	0.249004
41	0.123007
41	0.0936025
41	0.108292
41	0.307581
41	0.11561
41	0.197599
41	0.119562
41	0.0513115
41	0.08454
41	0.132666
41	0.265394
41	0.251802
41	0.228543
41	0.181038
41	0.26125
41	0.105424
41	0.0646769
41	0.130736
41	0.126529
41	0.180546
41	0.168258
41	0.135988
41	0.250289
41	0.0504682
41	0.138674
41	0.16556
41	0.107807
41	0.175109
41	0.0795907
41	0.172308
41	0.135265
41	0.248186
41	0.253022
41	0.232861
41	0.0490968
41	0.198155
41	0.197317
41	0.117506
41	0.12992
41	0.257832
41	0.143848
41	0.153204
41	0.0800269
41	0.322301
41	0.153172
41	0.225503
41	0.151946
41	0.164327
41	0.158456
41	0.116568
41	0.128344
41	0.0754354
41	0.11019
41	0.0937563
41	0.159115
41	0.281557
41	0.108701
41	0.255814
41	0.434447
41	0.161779
41	0.231828
41	0.203145
41	0.127065
41	0.133213
41	0.19422
41	0.148024
41	0.129808
41	0.225688
41	0.227157
41	0.101464
41	0.303003
41	0.150597
41	0.120335
41	0.0350956
41	0.209451
41	0.122851
41	0.249023
41	0.157759
41	0.118933
41	0.0676243
41	0.105815
41	0.193593
41	0.0787483
41	0.0775428
41	0.0380836
41	0.166744
41	0.154415
41	0.221631
41	0.117508
41	0.221168
41	0.153309
41	0.179204
41	0.204256
41	0.242955
41	0.20954
41	0.231166
44	0.181834
44	0.160213
44	0.0885524
44	0.109753
44	0.31107
44	0.189331
44	0.270689
44	0.203274
44	0.083237
44	0.166015
44	0.22355
44	0.106787
44	0.117956
44	0.282081
44	0.199271
44	0.0772601
44	0.137957
44	0.17972
44	0.0710312
44	0.123449
44	0.119337
44	0.140364
44	0.255375
44	0.366888
44	0.137011
44	0.191061
44	0.0817601
44	0.169404
44	0.123239
44	0.193736
44	0.209945
44	0.151958
44	0.31452
44	0.227234
44	0.133389
44	0.153639
44	0.238136
44	0.125659
44	0.11805
44	0.299234
44	0.0627763
44	0.231315
44	0.149575
44	0.131686
44	0.0742266
44	0.124795
44	0.197228
44	0.148391
44	0.21207
44	0.191634
44	0.141451
44	0.197648
44	0.202443
44	0.291953
44	0.201062
44	0.151452
44	0.150623
44	0.236405
44	0.276479
44	0.186265
44	0.143254
44	0.240385
44	0.146146
44	0.248645
44	0.099448
44	0.192523
44	0.212806
44	0.167563
44	0.201503
44	0.266937
44	0.279449
44	0.287729
44	0.288513
44	0.32815
44	0.147687
44	0.152611
44	0.235109
44	0.16788
44	0.0104167
44	0.0933082
44	0.123137
44	0.217443
44	0.0326143
44	0.261682
44	0.129225
44	0.271748
44	0.110266
44	0.064251
44	0.202821
44	0.0855253
44	0.156508
44	0.171394
44	0.192519
44	0.219467
44	0.154574
44	0.19034
44	0.0796739
44	0.0753362
44	0.118958
44	0.353078
47	0.227534
47	0.160808
47	0.139705
47	0.167271
47	0.258653
47	0.159911
47	0.171075
47	0.119191
47	0.274219
47	0.234497
47	0.268682
47	0.161759
47	0.0149067
47	0.169032
47	0.111363
47	0.266942
47	0.258984
47	0.164401
47	0.208853
47	0.0877113
47	0.226724
47	0.246959
47	0.228905
47	0.0860519
47	0.259551
47	0.24952
47	0.217534
47	0.106918
47	0.0762808
47	0.126888
47	0.119549
47	0.165528
47	0.0975603
47	0.0774029
47	0.135554
47	0.179905
47	0.133778
47	0.329773
47	0.174019
47	0.115469
47	0.198589
47	0.13597
47	0.111744
47	0.181779
47	0.098335
47	0.170679
47	0.232515
47	0.0532343
47	0.111017
47	0.336954
47	0.248996
47	0.197404
47	0.11886
47	0.147986
47	0.295184
47	0.145492
47	0.102641
47	0.0942236
47	0.107873
47	0.123557
47	0.211788
47	0.1844
47	0.20654
47	0.0921246
47	0.0592595
47	0.132409
47	0.0604557
47	0.272958
47	0.257188
47	0.171259
47	0.121998
47	0.118074
47	0.269858
47	0.14815
47	0.207619
47	0.177895
47	0.232222
47	0.232833
47	0.128956
47	0.146915
47	0.229022
47	0.14991
47	0.151588
47	0.153885
47	0.249208
47	0.131302
47	0.328741
47	0.206959
47	0.021968
47	0.171748
47	0.160587
47	0.309601
47	0.0645346
47	0.19129
47	0.156298
47	0.11333
47	0.244027
47	0.153899
47	0.234984
47	0.228023
50	0.236417
50	0.149652
50	0.10796
50	0.135077
50	0.131407
50	0.276496
50	0.0637681
50	0.0601224
50	0.306952
50	0.130164
50	0.118803
50	0.255028
50	0.206047
50	0.134176
50	0.104341
50	0.174683
50	0.169776
50	0.106862
50	0.177309
50	0.247562
50	0.274683
50	0.142623
50	0.144275
50	0.102567
50	0.24772
50	0.177368
50	0.157675
50	0.137177
50	0.136544
50	0.144284
50	0.226087
50	0.117396
50	0.0874766
50	0.100958
50	0.164753
50	0.0526249
50	0.107491
50	0.230873
50	0.132853
50	0.17555
50	0.0592445
50	0.411406
50	0.199341
50	0.305422
50	0.131056
50	0.121461
50	0.181018
50	0.290836
50	0.120215
50	0.144806
50	0.143137
50	0.174852
50	0.0869594
50	0.0750937
50	0.133149
50	0.140791
50	0.155843
50	0.158642
50	0.122988
50	0.105086
50	0.224726
50	0.130193
50	0.0971536
50	0.141219
50	0.155799
50	0.205843
50	0.0526073
50	0.218243
50	0.22209
50	0.117523
50	0.137079
50	0.179578
50	0.0964095
50	0.142711
50	0.187544
50	0.25183
50	0.082479
50	0.0623798
50	0.234496
50	0.250288
50	0.364694
50	0.126711
50	0.257609
50	0.161324
50	0.213244
50	0.171382
50	0.111484
50	0.129397
50	0.253033
50	0.132045
50	0.262497
50	0.155515
50	0.162122
50	0.215617
50	0.127931
50	0.0539746
50	0.248264
50	0.0750337
50	0.23803
50	0.228686
53	0.156767
53	0.130649
53	0.235209
53	0.231493
53	0.10229
53	0.2003
53	0.10042
53	0.207827
53	0.0788599
53	0.0887792
53	0.16041
53	0.261666
53	0.193366
53	0.177367
53	0.081198
53	0.223748
53	0.11809
53	0.183787
53	0.122217
53	0.129418
53	0.181247
53	0.201625
53	0.109578
53	0.106336
53	0.193061
53	0.130958
53	0.211664
53	0.193103
53	0.102254
53	0.212555
53	0.272962
53	0.165811
53	0.096172
53	0.190971
53	0.170715
53	0.20987
53	0.0190822
53	0.115194
53	0.246287
53	0.0330012
53	0.162759
53	0.102876
53	0.110407
53	0.159468
53	0.159503
53	0.140537
53	0.187256
53	0.125352
53	0.292059
53	0.0892381
53	0.162516
53	0.130173
53	0.15986
53	0.0912498
53	0.127024
53	0.138938
53	0.0800307
53	0.165971
53	0.193841
53	0.219279
53	0.17053
53	0.151247
53	0.0637302
53	0.0936688
53	0.150914
53	0.137036
53	0.209894
53	0.114349
53	0.110296
53	0.067367
53	0.233486
53	0.111459
53	0.158102
53	0.0906428
53	0.0987787
53	0.0483559
53	0.137558
53	0.222722
53	0.17391
53	0.135729
53	0.056921
53	0.156847
53	0.302844
53	0.212467
53	0.214078
53	0.139027
53	0.126296
53	0.122941
53	0.0922391
53	0.305662
53	0.296002
53	0.213601
53	0.202452
53	0.0911004
53	0.196711
53	0.100065
53	0.145678
53	0.2075
53	0.0791193
53	0.0673077
56	0.113713
56	0.251325
56	0.0826659
56	0.234188
56	0.171526
56	0.0627852
56	0.0759322
56	0.293213
56	0.175908
56	0.184544
56	0.306354
56	0.219418
56	0.200337
56	0.145211
56	0.159191
56	0.117121
56	0.132261
56	0.377424
56	0.0880974
56	0.183686
56	0.0790923
56	0.1789
56	0.072808
56	0.145121
56	0.155705
56	0.159404
56	0.163854
56	0.269018
56	0.0440673
56	0.074667
56	0.0350683
56	0.0925908
56	0.305017
56	0.175312
56	0.135155
56	0.194908
56	0.227124
56	0.200223
56	0.130129
56	0.0407467
56	0.190281
56	0.129455
56	0.209897
56	0.120425
56	0.149674
56	0.165607
56	0.0460514
56	0.0948898
56	0.166056
56	0.178944
56	0.202587
56	0.262093
56	0.289066
56	0.142893
56	0.262913
56	0.0427385
56	0.104469
56	0.155789
56	0.289873
56	0.0547164
56	0.10179
56	0.1068
56	0.055682
56	0.132795
56	0.198352
56	0.224155
56	0.192682
56	0.115778
56	0.166079
56	0.141252
56	0.195427
56	0.132679
56	0.038272
56	0.270617
56	0.216433
56	0.231773
56	0.198277
56	0.0637608
56	0.114562
56	0.299565
56	0.129127
56	0.144306
56	0.097304
56	0.196501
56	0.201182
56	0.27933
56	0.0495785
56	0.0845002
56	0.141749
56	0.225867
56	0.135148
56	0.0575983
56	0.124752
56	0.155253
56	0.101614
56	0.161079
56	0.264202
56	0.0469647
56	0.113213
56	0.274282
59	0.0431691
59	0.301834
59	0.0808153
59	0.100104
59	0.0855087
59	0.151485
59	0.114114
59	0.224
59	0.251748
59	0.202007
59	0.149473
59	0.241812
59	0.239931
59	0.0751597
59	0.117752
59	0.219136
59	0.102475
59	0.146373
59	0.157961
59	0.162633
59	0.0392654
59	0.20583
59	0.081673
59	0.220274
59	0.117871
59	0.115526
59	0.106134
59	0.132505
59	0.105769
59	0.130982
59	0.131624
59	0.197088
59	0.0610062
59	0.318007
59	0.105993
59	0.201153
59	0.294671
59	0.233867
59	0.130335
59	0.142429
59	0.15968
59	0.150981
59	0.0785128
59	0.0708644
59	0.0808597
59	0.149804
59	0.0679277
59	0.101678
59	0.144393
59	0.169885
59	0.0842267
59	0.205234
59	0.10169
59	0.147235
59	0.147083
59	0.0969604
59	0.149611
59	0.0993942
59	0.123098
59	0.193548
59	0.177369
59	0.168149
59	0.119071
59	0.022036
59	0.179229
59	0.192084
59	0.109522
59	0.159303
59	0.141167
59	0.249549
59	0.140892
59	0.0627513
59	0.115729
59	0.200821
59	0.0701469
59	0.102916
59	0.138267
59	0.127863
59	0.20707
59	0.125474
59	0.224835
59	0.134852
59	0.151036
59	0.270528
59	0.126444
59	0.0942522
59	0.153543
59	0.083432
59	0.228127
59	0.233204
59	0.0928708
59	0.14513
59	0.208411
59	0.143606
59	0.0787789
59	0.111486
59	0.167688
59	0.211369
59	0.0616377
59	0.1096
62	0.210907
62	0.127658
62	0.187184
62	0.221443
62	0.122748
62	0.0331752
62	0.138507
62	0.0865667
62	0.376545
62	0.0917492
62	0.104833
62	0.127857
62	0.150584
62	0.106095
62	0.0467677
62	0.163117
62	0.267147
62	0.11815
62	0.0702474
62	0.0744052
62	0.13299
62	0.239487
62	0.0995196
62	0.199636
62	0.169424
62	0.200872
62	0.0740583
62	0.143852
62	0.173392
62	0.0401711
62	0.0942372
62	0.18014
62	0.117585
62	0.118184
62	0.272922
62	0.147674
62	0.112514
62	0.225652
62	0.102279
62	0.262645
62	0.140938
62	0.138996
62	0.251892
62	0.116515
62	0.117561
62	0.233599
62	0.106179
62	0.242022
62	0.124103
62	0.0991304
62	0.181201
62	0.130771
62	0.122532
62	0.0949863
62	0.201856
62	0.0872348
62	0.0851065
62	0.0800161
62	0.297656
62	0.178647
62	0.250399
62	0.144038
62	0.138236
62	0.159876
62	0.0690815
62	0.101291
62	0.0972816
62	0.0651192
62	0.222417
62	0.0537879
62	0.168584
62	0.196947
62	0.150775
62	0.155545
62	0.106286
62	0.153275
62	0.156798
62	0.0143387
62	0.109257
62	0.0541994
62	0.137781
62	0.0551806
62	0.0728152
62	0.0509929
62	0.12995
62	0.226779
62	0.0889238
62	0.22392
62	0.117705
62	0.0727987
62	0.267251
62	0.12338
62	0.116595
62	0.231052
62	0.244553
62	0.106039
62	0.111269
62	0.106839
62	0.0808343
62	0.135197
65	0.240114
65	0.0695484
65	0.0901238
65	0.266205
65	0.0872243
65	0.152341
65	0.226098
65	0.169562
65	0.239875
65	0.207257
65	0.0882152
65	0.184642
65	0.157847
65	0.108389
65	0.374554
65	0.214435
65	0.0483458
65	0.136914
65	0.1413
65	0.123716
65	0.138727
65	0.14002
65	0.26592
65	0.343736
65	0.265478
65	0.20296
65	0.0348485
65	0.23335
65	0.115974
65	0.100221
65	0.108322
65	0.147945
65	0.300232
65	0.363469
65	0.110848
65	0.223866
65	0.201635
65	0.161566
65	0.13204
65	0.29499
65	0.391993
65	0.232492
65	0.293695
65	0.206468
65	0.188187
65	0.0363236
65	0.15198
65	0.126164
65	0.228557
65	0.016435
65	0.0994148
65	0.128946
65	0.185399
65	0.224395
65	0.0558314
65	0.160232
65	0.240763
65	0.00447761
65	0.197254
65	0.0638435
65	0.224655
65	0.0264382
65	0.210965
65	0.0752159
65	0.261768
65	0.102536
65	0.263055
65	0.0598654
65	0.0922808
65	0.116249
65	0.181038
65	0.15522
65	0.0881189
65	0.163219
65	0.178031
65	0.056338
65	0.14721
65	0.22188
65	0.110382
65	0.1417
65	0.200689
65	0.155594
65	0.091615
65	0.196751
65	0.144736
65	0.277162
65	0.116814
65	0.15457
65	0.0494336
65	0.0822788
65	0.132442
65	0.0547583
65	0.344279
65	0.185386
65	0.32644
65	0.153643
65	0.218666
65	0.127433
65	0.231861
65	0.289053
68	0.118614
68	0.0424332
68	0.223736
68	0.0971919
68	0.161662
68	0.0808132
68	0.0749056
68	0.0845419
68	0.122521
68	0.156948
68	0.0605097
68	0.11026
68	0.132916
68	0.0493269
68	0.166262
68	0.29962
68	0.175215
68	0.100173
68	0.282741
68	0.08151
68	0.154727
68	0.0837229
68	0.0551901
68	0.313239
68	0.245404
68	0.241939
68	0.139766
68	0.067725
68	0.0518281
68	0.132045
68	0.145045
68	0.0521699
68	0.0727783
68	0.12249
68	0.159672
68	0.112192
68	0.0959207
68	0.181047
68	0.0754838
68	0.146255
68	0.152237
68	0.0948739
68	0.180786
68	0.117603
68	0.155426
68	0.281371
68	0.0940752
68	0.0397896
68	0.136604
68	0.184833
68	0.022495
68	0.1379
68	0.043229
68	0.0920813
68	0.296809
68	0.27889
68	0.110586
68	0.0884352
68	0.275336
68	0.106143
68	0.0818772
68	0.172582
68	0.138141
68	0.133673
68	0.09917
68	0.188054
68	0.262997
68	0.0891204
68	0.0906325
68	0.0975657
68	0.123421
68	0.0761265
68	0.32036
68	0.125928
68	0.141011
68	0.0597483
68	0.256628
68	0.209423
68	0.135414
68	0.218055
68	0.125793
68	0.103616
68	0.219826
68	0.137406
68	0.204017
68	0.0725478
68	0.136539
68	0.0879991
68	0.0426007
68	0.271344
68	0.305657
68	0.0356115
68	0.0352301
68	0.168372
68	0.131851
68	0.207707
68	0.0923661
68	0.236972
68	0.0998777
68	0.214237
71	0.270643
71	0.170436
71	0.119129
71	0.0710627
71	0.146877
71	0.12474
71	0.126561
71	0.0522869
71	0.398118
71	0.0958298
71	0.130069
71	0.104007
71	0.180876
71	0.0583475
71	0.197397
71	0.134132
71	0.0917655
71	0.0838615
71	0.06766
71	0.0639995
71	0.0995986
71	0.228034
71	0.158422
71	0.131614
71	0.164026
71	0.0421844
71	0.156925
71	0.0458201
71	0.259147
71	0.121841
71	0.177923
71	0.179539
71	0.159973
71	0.198752
71	0.261583
71	0.225801
71	0.223944
71	0.164468
71	0.197258
71	0.174559
71	0.121532
71	0.137195
71	0.134438
71	0.101112
71	0.129699
71	0.116018
71	0.131401
71	0.177784
71	0.181448
71	0.187533
71	0.203018
71	0.289442
71	0.0142993
71	0.186255
71	0.187214
71	0.0417676
71	0.106614
71	0.152285
71	0.154951
71	0.130111
71	0.125232
71	0.0636192
71	0.215223
71	0.172519
71	0.198424
71	0.145362
71	0.220396
71	0.226117
71	0.216949
71	0.224031
71	0.171153
71	0.0690476
71	0.0326775
71	0.0902756
71	0.183891
71	0.154698
71	0.194406
71	0.114922
71	0.172223
71	0.154041
71	0.117165
71	0.0782825
71	0.25319
71	0.0681345
71	0.128946
71	0.0686388
71	0.182003
71	0.156166
71	0.21538
71	0.212322
71	0.226242
71	0.146267
71	0.0726806
71	0.138408
71	0.251592
71	0.137411
71	0.214032
71	0.229555
71	0.230345
71	0.11729
74	0.0968988
74	0.0309825
74	0.0870655
74	0.368977
74	0.237319
74	0.282149
74	0.0194583
74	0.0953289
74	0.040598
74	0.0580975
74	0.324365
74	0.141677
74	0.136627
74	0.0414889
74	0.255465
74	0.213393
74	0.129286
74	0.0813106
74	0.114505
74	0.312885
74	0.196307
74	0.120456
74	0.0825574
74	0.0764215
74	0.0470942
74	0.121412
74	0.0619865
74	0.18172
74	0.0865001
74	0.236831
74	0.126645
74	0.187566
74	0.250652
74	0.0135714
74	0.275881
74	0.245234
74	0.0967584
74	0.07649
74	0.135941
74	0.207116
74	0.154984
74	0.0538147
74	0.038395
74	0.0750451
74	0.17089
74	0.205489
74	0.00740822
74	0.157775
74	0.0724548
74	0.12262
74	0.0654717
74	0.122215
74	0.0534286
74	0.134828
74	0.0741566
74	0.0620596
74	0.0321376
74	0.0896982
74	0.156218
74	0.19451
74	0.0656188
74	0.0854299
74	0.0589109
74	0.122785
74	0.0744752
74	0.0781829
74	0.141909
74	0.209558
74	0.186854
74	0.150136
74	0.201246
74	0.112515
74	0.167426
74	0.0581039
74	0.110852
74	0.105651
74	0.181646
74	0.120081
74	0.140385
74	0.109913
74	0.14711
74	0.107123
74	0.190755
74	0.208439
74	0.224775
74	0.105969
74	0.0759939
74	0.087316
74	0.194658
74	0.102205
74	0.0412512
74	0.219805
74	0.111738
74	0.0471929
74	0.385205
74	0.121041
74	0.0696743
74	0.136783
74	0.15316
74	0.242575
77	0.197543
77	0.184726
77	0.262849
77	0.146841
77	0.176129
77	0.103373
77	0.136999
77	0.0483095
77	0.104224
77	0.170209
77	0.219936
77	0.141798
77	0.145
77	0.0159074
77	0.135232
77	0.13374
77	0.128295
77	0.120164
77	0.0752781
77	0.162281
77	0.135604
77	0.173186
77	0.182522
77	0.202112
77	0.282737
77	0.129475
77	0.058633
77	0.287951
77	0.125415
77	0.174859
77	0.103967
77	0.166124
77	0.181999
77	0.176134
77	0.175938
77	0.0673825
77	0.0821781
77	0.0631609
77	0.144614
77	0.0858209
77	0.157648
77	0.0787061
77	0.0550408
77	0.13553
77	0.151204
77	0.123742
77	0.101303
77	0.183578
77	0.293965
77	0.102244
77	0.243949
77	0.106095
77	0.0957597
77	0.0255609
77	0.190655
77	0.141561
77	0.204279
77	0.247398
77	0.0667001
77	0.199153
77	0.12323
77	0.131711
77	0.0503893
77	0.0554578
77	0.0871307
77	0.115088
77	0.15057
77	0.109924
77	0.0347968
77	0.0963379
77	0.0428571
77	0.0729533
77	0.158699
77	0.145146
77	0.269888
77	0.211762
77	0.0881838
77	0.28978
77	0.071936
77	0.114214
77	0.172025
77	0.146513
77	0.119368
77	0.158611
77	0.154863
77	0.116156
77	0.106128
77	0.0734661
77	0.0485273
77	0.153802
77	0.150754
77	0.0969828
77	0.0728735
77	0.0759497
77	0.221204
77	0.181333
77	0.113304
77	0.239543
77	0.203936
77	0.212659
80	0.216584
80	0.0858939
80	0.147127
80	0.0531479
80	0.0545816
80	0.0825051
80	0.222111
80	0.184267
80	0.0617569
80	0.155177
80	0.30481
80	0.162287
80	0.0842534
80	0.243395
80	0.0459906
80	0.194291
80	0.140117
80	0.0618302
80	0.25504
80	0.129575
80	0.099851
80	0.0553408
80	0.160378
80	0.161266
80	0.140059
80	0.0885095
80	0.0571152
80	0.115466
80	0.0967053
80	0.0499881
80	0.102328
80	0.0168483
80	0.0860684
80	0.15774
80	0.163761
80	0.0527495
80	0.165098
80	0.204656
80	0.0375095
80	0.348031
80	0.0194793
80	0.203229
80	0.0955129
80	0.0946857
80	0.156712
80	0.140095
80	0.0861331
80	0.0992251
80	0.0774236
80	0.238801
80	0.14472
80	0.139502
80	0.242688
80	0.0784875
80	0.124678
80	0.111609
80	0.17228
80	0.118082
80	0.119684
80	0.0743854
80	0.0438664
80	0.0983052
80	0.0712782
80	0.235328
80	0.197349
80	0.150932
80	0.179542
80	0.195513
80	0.048308
80	0.171146
80	0.225078
80	0.0685248
80	0.163567
80	0.274884
80	0.0331613
80	0.112692
80	0.190354
80	0.198826
80	0.17933
80	0.0597096
80	0.147955
80	0.0985449
80	0.0259699
80	0.211652
80	0.068994
80	0.162857
80	0.171952
80	0.00223881
80	0.143179
80	0.153994
80	0.0632322
80	0.0834719
80	0.132559
80	0.203314
80	0.200077
80	0.144123
80	0.227548
80	0.099768
80	0.0560839
80	0.111503
83	0.0983662
83	0.0816327
83	0.159069
83	0.120569
83	0.183232
83	0.125422
83	0.177588
83	0.149956
83	0.124615
83	0.220322
83	0.150833
83	0.196123
83	0.189207
83	0.144408
83	0.166852
83	0.181961
83	0.0720056
83	0.123382
83	0.155853
83	0.137979
83	0.147079
83	0.180947
83	0.0699985
83	0.137857
83	0.167922
83	0.196069
83	0.110736
83	0.0632637
83	0.141277
83	0.0692901
83	0.260335
83	0.278952
83	0.0838584
83	0.0972342
83	0.305383
83	0.154425
83	0.0265451
83	0.142235
83	0.0417981
83	0.134552
83	0.0685001
83	0.181742
83	0.157755
83	0.123551
83	0.0459439
83	0.0780689
83	0.115666
83	0.122069
83	0.172243
83	0.0948098
83	0.0142857
83	0.0343448
83	0.0942442
83	0.0563936
83	0.0785923
83	0.106491
83	0.213471
83	0.126338
83	0.218576
83	0.122326
83	0.206701
83	0.15133
83	0.133744
83	0.112639
83	0.0765604
83	0.0915104
83	0.125444
83	0.199641
83	0.0939147
83	0.139448
83	0.064192
83	0.106276
83	0.182236
83	0.158011
83	0.110093
83	0.279616
83	0.127591
83	0.175878
83	0.181237
83	0.192383
83	0.286992
83	0.166013
83	0.133401
83	0.0478576
83	0.169133
83	0.0838516
83	0.186139
83	0.10093
83	0.135704
83	0.0950134
83	0.0809778
83	0.088603
83	0.112162
83	0.0809077
83	0.167073
83	0.133116
83	0.127516
83	0.145578
83	0.168316
83	0.165164
86	0.0609813
86	0.0681468
86	0.229166
86	0.0427302
86	0.114384
86	0.0988274
86	0.125908
86	0.00428571
86	0.0983277
86	0.0917722
86	0.12813
86	0.115668
86	0.125952
86	0.329951
86	0.071103
86	0.168828
86	0.240714
86	0.0458814
86	0.14407
86	0.110823
86	0.184353
86	0.101175
86	0.0928687
86	0.176318
86	0.181755
86	0.243771
86	0.136619
86	0.201067
86	0.132715
86	0.127045
86	0.167178
86	0.1412
86	0.150553
86	0.15876
86	0.183959
86	0.103642
86	0.328248
86	0.177554
86	0.227987
86	0.0984723
86	0.0845393
86	0.0525635
86	0.108261
86	0.0845561
86	0.0660222
86	0.0876161
86	0.0450481
86	0.145245
86	0.0466396
86	0.0660385
86	0.15167
86	0.210326
86	0.133592
86	0.19962
86	0.159209
86	0.13506
86	0.24478
86	0.0941809
86	0.0376958
86	0.204773
86	0.103103
86	0.140637
86	0.23411
86	0.100333
86	0.0491031
86	0.137813
86	0.216549
86	0.166759
86	0.116794
86	0.16553
86	0.106452
86	0.121324
86	0.125563
86	0.14959
86	0.155902
86	0.0890442
86	0.186253
86	0.0528798
86	0.153427
86	0.156194
86	0.143324
86	0.153145
86	0.162078
86	0.120309
86	0.0358239
86	0.119076
86	0.198203
86	0.0991065
86	0.144688
86	0.11617
86	0.101562
86	0.181842
86	0.108799
86	0.0857143
86	0.0919795
86	0.0596637
86	0.0772427
86	0.203266
86	0.0792262
86	0.0681194
89	0.14214
89	0.133633
89	0.186683
89	0.156132
89	0.140075
89	0.24388
89	0.14267
89	0.15955
89	0.211808
89	0.0584935
89	0.0611359
89	0.0913778
89	0.137499
89	0.290414
89	0.16712
89	0.100948
89	0.0627868
89	0.108792
89	0.184102
89	0.125761
89	0.127915
89	0.138596
89	0.153199
89	0.344551
89	0.0747511
89	0.0906148
89	0.133409
89	0.256765
89	0.0437211
89	0.090317
89	0.121814
89	0.261699
89	0.0361135
89	0.203753
89	0.305264
89	0.174744
89	0.0794308
89	0.190917
89	0.089051
89	0.16159
89	0.0856523
89	0.151057
89	0.164166
89	0.0760176
89	0.296557
89	0.0601305
89	0.0781742
89	0.231106
89	0.148924
89	0.10324
89	0.141399
89	0.213216
89	0.133867
89	0.0776904
89	0.158156
89	0.126444
89	0.158811
89	0.085082
89	0.0737139
89	0.0589853
89	0.118922
89	0.19326
89	0.101968
89	0.247945
89	0.0950369
89	0.139329
89	0.112802
89	0.149802
89	0.0400837
89	0.0929164
89	0.133967
89	0.0611687
89	0.115569
89	0.120533
89	0.315773
89	0.093156
89	0.13969
89	0.0200326
89	0.152408
89	0.260669
89	0.118677
89	0.225517
89	0.0638112
89	0.266236
89	0.181537
89	0.171838
89	0.130742
89	0.308476
89	0.165217
89	0.193696
89	0.126246
89	0.193044
89	0.194239
89	0.109114
89	0.153027
89	0.174324
89	0.230904
89	0.137946
89	0.0811553
89	0.114811
92	0.101673
92	0.0851551
92	0.0957856
92	0.052374
92	0.15301
92	0.147945
92	0.124092
92	0.109239
92	0.0944209
92	0.211654
92	0.111
92	0.125139
92	0.112308
92	0.101068
92	0.169489
92	0.119193
92	0.091983
92	0.312688
92	0.0879364
92	0.093318
92	0.138061
92	0.0882673
92	0.110155
92	0.151223
92	0.0941996
92	0.0843994
92	0.0449307
92	0.0855152
92	0.0993749
92	0.110125
92	0.150745
92	0.127821
92	0.236111
92	0.251963
92	0.0966274
92	0.118857
92	0.169623
92	0.123837
92	0.200342
92	0.0438653
92	0.198482
92	0.163922
92	0.139685
92	0.0800553
92	0.0978569
92	0.13749
92	0.191268
92	0.148013
92	0.132865
92	0.0842554
92	0.157407
92	0.107167
92	0.0536013
92	0.186154
92	0.117838
92	0.118183
92	0.0455146
92	0.0839149
92	0.105626
92	0.166314
92	0.157799
92	0.152897
92	0.0160554
92	0.192856
92	0.0902877
92	0.093794
92	0.187104
92	0.201384
92	0.0845551
92	0.192137
92	0.127515
92	0.0669811
92	0.153378
92	0.136565
92	0.0975839
92	0.0318551
92	0.169045
92	0.0913213
92	0.0971815
92	0.0498428
92	0.249509
92	0.023603
92	0.186513
92	0.141255
92	0.0521744
92	0.0798132
92	0.326303
92	0.141238
92	0.0777034
92	0.109559
92	0.13528
92	0.228672
92	0.241832
92	0.188687
92	0.024038
92	0.0857483
92	0.143971
92	0.121134
92	0.0478813
92	0.0725106
95	0.0836631
95	0.23349
95	0.262891
95	0.0336276
95	0.130338
95	0.131024
95	0.106866
95	0.172727
95	0.239402
95	0.144756
95	0.114487
95	0.120855
95	0.0862309
95	0.163443
95	0.147508
95	0.182578
95	0.0544693
95	0.208733
95	0.0341668
95	0.0413414
95	0.167161
95	0.210887
95	0.0921822
95	0.0782046
95	0.0951687
95	0.249139
95	0.0731596
95	0.0284364
95	0.1005
95	0.121937
95	0.111078
95	0.295293
95	0.132163
95	0.120859
95	0.127098
95	0.0737439
95	0.127601
95	0.203545
95	0.0306356
95	0.0783582
95	0.145628
95	0.0663976
95	0.0720934
95	0.117771
95	0.143005
95	0.153603
95	0.0790529
95	0.0998861
95	0.183505
95	0.091012
95	0.286471
95	0.204369
95	0.173754
95	0.178575
95	0.0892554
95	0.0490585
95	0.0728889
95	0.079427
95	0.146645
95	0.0392077
95	0.153563
95	0.154475
95	0.10825
95	0.152713
95	0.111216
95	0.0871445
95	0.0793543
95	0.0475365
95	0.212545
95	0.093959
95	0.162946
95	0.174106
95	0.095212
95	0.174191
95	0.131365
95	0.0775068
95	0.165207
95	0.118154
95	0.0588499
95	0.112981
95	0.099878
95	0.0767716
95	0.342865
95	0.115594
95	0.138865
95	0.208102
95	0.104527
95	0.127574
95	0.138797
95	0.113705
95	0.152263
95	0.087891
95	0.0594575
95	0.122385
95	0.103067
95	0.0891912
95	0.0827494
95	0.0449555
95	0.0588773
95	0.218041
98	0.0804261
98	0.106727
98	0.214107
98	0.206068
98	0.0897636
98	0.0619419
98	0.0847806
98	0.0736493
98	0.159091
98	0.124307
98	0.109583
98	0.0865625
98	0.0865864
98	0.0594134
98	0.0285245
98	0.257293
98	0.0766715
98	0.223628
98	0.132468
98	0.154517
98	0.0152056
98	0.0778077
98	0.104284
98	0.0835925
98	0.0940991
98	0.134756
98	0.151555
98	0.21383
98	0.134396
98	0.194666
98	0.137283
98	0.229186
98	0.141699
98	0.16
98	0.0555799
98	0.240613
98	0.0483014
98	0.163062
98	0.118113
98	0.0557652
98	0.184354
98	0.0366565
98	0.159169
98	0.213676
98	0.080011
98	0.313829
98	0.0919623
98	0.151576
98	0.0165367
98	0.125222
98	0.20727
98	0.172655
98	0.253187
98	0.138004
98	0.208259
98	0.132957
98	0.0893174
98	0.0825905
98	0.0699359
98	0.190073
98	0.139247
98	0.120258
98	0.141156
98	0.137692
98	0.201539
98	0.101475
98	0.0947113
98	0.220971
98	0.102273
98	0.138716
98	0.215026
98	0.101476
98	0.121603
98	0.198775
98	0.134655
98	0.0771491
98	0.131861
98	0.0730809
98	0.261398
98	0.171514
98	0.211117
98	0.0467153
98	0.113841
98	0.243338
98	0.0702393
98	0.189525
98	0.0380978
98	0.127756
98	0.0575987
98	0.0602514
98	0.0685959
98	0.0449877
98	0.0990131
98	0.264959
98	0.082227
98	0.145815
98	0.174211
98	0.0557314
98	0.0826935
98	0.36392
101	0.0799064
101	0.067849
101	0.115308
101	0.17139
101	0.0263522
101	0.0445533
101	0.150398
101	0.184441
101	0.102731
101	0.060328
101	0.0856467
101	0.140953
101	0.144471
101	0.0961954
101	0.165446
101	0.330759
101	0.258329
101	0.182553
101	0.172391
101	0.179972
101	0.0308459
101	0.280113
101	0.0916373
101	0.0951375
101	0.128633
101	0.0827262
101	0.119817
101	0.109856
101	0.307129
101	0.216128
101	0.176885
101	0.188258
101	0.190722
101	0.233088
101	0.213524
101	0.0999055
101	0.04249
101	0.113364
101	0.149593
101	0.0901329
101	0.221242
101	0.154664
101	0.27708
101	0.0513533
101	0.167823
101	0.0985964
101	0.176231
101	0.0973137
101	0.0702
101	0.0862168
101	0.0931021
101	0.154846
101	0.158767
101	0.0400604
101	0.184236
101	0.105529
101	0.116722
101	0.0398354
101	0.251148
101	0.0466842
101	0.13773
101	0.184564
101	0.177372
101	0.21698
101	0.398999
101	0.239744
101	0.117288
101	0.10971
101	0.15034
101	0.0497847
101	0.0674878
101	0.166573
101	0.122959
101	0.105636
101	0.0692238
101	0.100541
101	0.0946633
101	0.100109
101	0.347791
101	0.282926
101	0.192856
101	0.159511
101	0.0108696
101	0.159153
101	0.208101
101	0.157404
101	0.0833794
101	0.172822
101	0.118572
101	0.0527397
101	0.19834
101	0.0543356
101	0.0927335
101	0.101408
101	0.107603
101	0.0834565
101	0.102775
101	0.17719
101	0.0651302
101	0.0868516
104	0.154199
104	0.296528
104	0.0426681
104	0.156155
104	0.213639
104	0.114078
104	0.0463759
104	0.211821
104	0.0989861
104	0.0785424
104	0.189685
104	0.120172
104	0.149825
104	0.0976368
104	0.106451
104	0.184276
104	0.189239
104	0.104444
104	0.1504
104	0.161918
104	0.124704
104	0.0688261
104	0.0799057
104	0.0893025
104	0.0679104
104	0.0692238
104	0.0707297
104	0.154983
104	0.117387
104	0.0436508
104	0.0887718
104	0.133045
104	0.147128
104	0.112293
104	0.101509
104	0.111269
104	0.172272
104	0.138586
104	0.0996971
104	0.0792094
104	0.119568
104	0.227727
104	0.135281
104	0.117052
104	0.124894
104	0.134096
104	0.17668
104	0.121985
104	0.294195
104	0.11933
104	0.0547725
104	0.0901824
104	0.300378
104	0.0787777
104	0.081058
104	0.0380597
104	0.117765
104	0.0652506
104	0.21713
104	0.0660408
104	0.094358
104	0.105797
104	0.221522
104	0.157005
104	0.0928246
104	0.138318
104	0.0721086
104	0.104994
104	0.158234
104	0.080516
104	0.055334
104	0.0903083
104	0.112737
104	0.140891
104	0.103089
104	0.136642
104	0.0834722
104	0.0724278
104	0.235498
104	0.0646472
104	0.168867
104	0.0856955
104	0.178606
104	0.0833335
104	0.0405201
104	0.0554631
104	0.116287
104	0.15737
104	0.122913
104	0.0838239
104	0.140275
104	0.0980987
104	0.080567
104	0.0749446
104	0.265868
104	0.151001
104	0.131809
104	0.0900411
104	0.253731
104	0.0302797
107	0.10601
107	0.227278
107	0.0981446
107	0.308088
107	0.215011
107	0.134377
107	0.249087
107	0.0731395
107	0.126066
107	0.0594108
107	0.132301
107	0.334343
107	0.21455
107	0.0571469
107	0.206975
107	0.355149
107	0.0649126
107	0.24494
107	0.14846
107	0.138808
107	0.115976
107	0.0850724
107	0.153156
107	0.0691092
107	0.0660605
107	0.157185
107	0.197924
107	0.279008
107	0.0942029
107	0.224137
107	0.276634
107	0.152988
107	0.050236
107	0.12672
107	0.0858298
107	0.0673724
107	0.147606
107	0.0250697
107	0.0621842
107	0.0639135
107	0.107094
107	0.118951
107	0.136616
107	0.152716
107	0.0353391
107	0.150761
107	0.0656619
107	0.24211
107	0.0508685
107	0.0590596
107	0.133733
107	0.162128
107	0.131257
107	0.133571
107	0.332792
107	0.0818182
107	0.215426
107	0.149813
107	0.137967
107	0.113427
107	0.0969224
107	0.137053
107	0.138086
107	0.277927
107	0.129299
107	0.117825
107	0.113721
107	0.223446
107	0.178973
107	0.129278
107	0.243508
107	0.130357
107	0.218382
107	0.121022
107	0.0434282
107	0.0810524
107	0.105814
107	0.0311294
107	0.144649
107	0.0630836
107	0.12947
107	0.162983
107	0.0784793
107	0.0294245
107	0.0677118
107	0.222874
107	0.0990178
107	0.0684222
107	0.201631
107	0.0919774
107	0.113023
107	0.100506
107	0.077923
107	0.123412
107	0.0552526
107	0.107287
107	0.229514
107	0.221215
107	0.156899
107	0.113336
110	0.0778131
110	0.0452055
110	0.0403362
110	0.131993
110	0.235576
110	0.149286
110	0.23056
110	0.202776
110	0.245896
110	0.142521
110	0.136058
110	0.180868
110	0.0829522
110	0.0669118
110	0.0779226
110	0.0942963
110	0.284589
110	0.148356
110	0.101559
110	0.0935824
110	0.0286366
110	0.0683077
110	0.115154
110	0.11828
110	0.0384615
110	0.111403
110	0.108265
110	0.140493
110	0.248063
110	0.166338
110	0.297517
110	0.320447
110	0.109528
110	0.234955
110	0.0554822
110	0.0574686
110	0.1181
110	0.24123
110	0.174697
110	0.21076
110	0.0305656
110	0.129493
110	0.146129
110	0.1166
110	0.197733
110	0.131189
110	0.119341
110	0.138682
110	0.210575
110	0.167587
110	0.11883
110	0.228823
110	0.0254803
110	0.0914562
110	0.0975515
110	0.102311
110	0.195389
110	0.108436
110	0.0719366
110	0.149443
110	0.144286
110	0.236866
110	0.243105
110	0.075121
110	0.128608
110	0.0384745
110	0.201617
110	0.247916
110	0.25
110	0.145875
110	0.185418
110	0.0798045
110	0.182521
110	0.0961895
110	0.00945173
110	0.256194
110	0.141614
110	0.148248
110	0.300677
110	0.135481
110	0.0441562
110	0.262352
110	0.0871824
110	0.194985
110	0.122195
110	0.228474
110	0.096875
110	0.0645601
110	0.108168
110	0.212056
110	0.104228
110	0.1305
110	0.240875
110	0.0715265
110	0.114833
110	0.212464
110	0.285484
110	0.131652
110	0.0719785
110	0.0715146
113	0.106368
113	0.0778571
113	0.126723
113	0.094543
113	0.164305
113	0.108572
113	0.166052
113	0.156736
113	0.134157
113	0.0440758
113	0.308292
113	0.0602254
113	0.0674016
113	0.088987
113	0.0530801
113	0.295396
113	0.108489
113	0.314899
113	0.159406
113	0.104567
113	0.262433
113	0.146932
113	0.146901
113	0.16733
113	0.222594
113	0.214422
113	0.0409049
113	0.0681499
113	0.0935198
113	0.213328
113	0.11417
113	0.0513699
113	0.0836507
113	0.0261538
113	0.15571
113	0.0334202
113	0.0933385
113	0.0814936
113	0.195056
113	0.114438
113	0.157708
113	0.0659658
113	0.25802
113	0.0907036
113	0.178629
113	0.178211
113	0.196429
113	0.10904
113	0.237324
113	0.116593
113	0.0960954
113	0.0469573
113	0.234834
113	0.141825
113	0.0838235
113	0.0688609
113	0.24095
113	0.0702467
113	0.14697
113	0.139337
113	0.128403
113	0.228097
113	0.0780882
113	0.123607
113	0.212145
113	0.146854
113	0.0968213
113	0.228547
113	0.130635
113	0.0951698
113	0.06
113	0.279788
113	0.14593
113	0.197308
113	0.0940461
113	0.25454
113	0.10697
113	0.272078
113	0.0995669
113	0.0402013
113	0.121285
113	0.288474
113	0.21445
113	0.104827
113	0.140076
113	0.381532
113	0.0734781
113	0.0898179
113	0.120636
113	0.103927
113	0.0663806
113	0.0850322
113	0.145407
113	0.127536
113	0.0506023
113	0.228848
113	0.100775
113	0.121503
113	0.135854
113	0.237632
116	0.149718
116	0.0780889
116	0.24786
116	0.0644087
116	0.200308
116	0.200985
116	0.181278
116	0.0598834
116	0.0850285
116	0.0684905
116	0.131286
116	0.0657109
116	0.0797101
116	0.0979564
116	0.115006
116	0.0692397
116	0.188492
116	0.106311
116	0.0812328
116	0.100449
116	0.0264728
116	0.143301
116	0.113525
116	0.123807
116	0.063603
116	0.0529812
116	0.0970573
116	0.106351
116	0.125315
116	0.0274585
116	0.0877099
116	0.116334
116	0.144318
116	0.0628982
116	0.117962
116	0.0397092
116	0.0711268
116	0.0864797
116	0.0991156
116	0.148919
116	0.0533319
116	0.0276119
116	0.0707692
116	0.178974
116	0.101013
116	0.0739592
116	0.0608632
116	0.0723661
116	0.0965824
116	0.185585
116	0.135808
116	0.176696
116	0.0988652
116	0.136245
116	0.149937
116	0.0910952
116	0.126842
116	0.182585
116	0.107449
116	0.0475077
116	0.123443
116	0.218864
116	0.0156665
116	0.0720833
116	0.094405
116	0.14638
116	0.187758
116	0.0324485
116	0.131425
116	0.207617
116	0.162125
116	0.112764
116	0.0323529
116	0.106756
116	0.0734743
116	0.0234983
116	0.185448
116	0.12971
116	0.0982251
116	0.0444027
116	0.129266
116	0.10523
116	0.128788
116	0.148895
116	0.0457103
116	0.0627787
116	0.138958
116	0.0349123
116	0.160427
116	0.0393574
116	0.0899589
116	0.122935
116	0.110918
116	0.131348
116	0.0727167
116	0.135179
116	0.206124
116	0.0910187
116	0.179281
116	0.234361
119	0.111156
119	0.104794
119	0.129449
119	0.191135
119	0.277196
119	0.0254365
119	0.0972598
119	0.0605571
119	0.149468
119	0.0658409
119	0.226381
119	0.182975
119	0.210071
119	0.071519
119	0.143009
119	0.205709
119	0.333497
119	0.145122
119	0.111084
119	0.166075
119	0.0725537
119	0.285231
119	0.117211
119	0.0862411
119	0.17662
119	0.118895
119	0.107252
119	0.155489
119	0.130276
119	0.196836
119	0.16513
119	0.0955526
119	0.0892076
119	0.03175
119	0.129392
119	0.194927
119	0.272708
119	0.11982
119	0.231499
119	0.0946032
119	0.0784078
119	0.123482
119	0.136682
119	0.0371295
119	0.193909
119	0.160693
119	0.00661765
119	0.500179
119	0.175
119	0.114934
119	0.128157
119	0.112102
119	0.215952
119	0.0468796
119	0.0471831
119	0.0741495
119	0.0450186
119	0.162991
119	0.105494
119	0.175928
119	0.0842503
119	0.0738335
119	0.135668
119	0.143854
119	0.0202899
119	0.224871
119	0.0941418
119	0.0477123
119	0.0549268
119	0.026347
119	0.0563561
119	0.235573
119	0.0673072
119	0.0811195
119	0.0509707
119	0.104533
119	0.219352
119	0.0867087
119	0.0286866
119	0.113244
119	0.17752
119	0.115842
119	0.172035
119	0.0954647
119	0.0696671
119	0.208142
119	0.200356
119	0.243533
119	0.130631
119	0.121896
119	0.0631128
119	0.0566829
119	0.300445
119	0.06967
119	0.0800297
119	0.120736
119	0.264924
119	0.139055
119	0.0737144
119	0.159591
122	0.161142
122	0.0456522
122	0.173819
122	0.0818975
122	0.134587
122	0.127952
122	0.0720906
122	0.0732648
122	0.0671786
122	0.125707
122	0.06294
122	0.18625
122	0.0450585
122	0.174233
122	0.116768
122	0.0677676
122	0.151515
122	0.12348
122	0.121122
122	0.103501
122	0.061541
122	0.0366817
122	0.125916
122	0.215935
122	0.103082
122	0.121508
122	0.174249
122	0.146197
122	0.0865568
122	0.129684
122	0.195164
122	0.0929088
122	0.22575
122	0.0384977
122	0.0801666
122	0.0836602
122	0.439018
122	0.0791601
122	0.0699743
122	0.106473
122	0.227482
122	0.154144
122	0.140888
122	0.0720954
122	0.198839
122	0.183257
122	0.358207
122	0.17128
122	0.248967
122	0.0874987
122	0.0476141
122	0.26755
122	0.235556
122	0.257183
122	0.0436535
122	0.0360819
122	0.313114
122	0.185141
122	0.13628
122	0.145042
122	0.233822
122	0.0473159
122	0.0440197
122	0.0334181
122	0.176793
122	0.0811056
122	0.120703
122	0.11419
122	0.134457
122	0.0697055
122	0.0693531
122	0.153607
122	0.0670061
122	0.11154
122	0.258313
122	0.133371
122	0.0922097
122	0.215523
122	0.0774495
122	0.0808567
122	0.12566
122	0.11554
122	0.0710633
122	0.16698
122	0.0592446
122	0.109692
122	0.137844
122	0.230126
122	0.0529499
122	0.069136
122	0.0945687
122	0.275523
122	0.192394
122	0.165248
122	0.204991
122	0.0552648
122	0.102519
122	0.112598
122	0.0546899
122	0.216914
125	0.115051
125	0.116578
125	0.312888
125	0.0691864
125	0.087789
125	0.0577805
125	0.0325857
125	0.210662
125	0.167797
125	0.119079
125	0.0553122
125	0.150516
125	0.0412199
125	0.124009
125	0.0772059
125	0.0590909
125	0.0690884
125	0.117749
125	0.038906
125	0.227245
125	0.0647769
125	0.116618
125	0.0792314
125	0.125125
125	0.196529
125	0.240238
125	0.193019
125	0.0652291
125	0.0883445
125	0.122961
125	0.0543767
125	0.0561895
125	0.0825148
125	0.0463768
125	0.0759991
125	0.144996
125	0.141639
125	0.136393
125	0.190446
125	0.077851
125	0.344279
125	0.170617
125	0.28731
125	0.0802263
125	0.00984848
125	0.193244
125	0.085995
125	0.036293
125	0.134814
125	0.0960845
125	0.205628
125	0.0910878
125	0.0890689
125	0.130176
125	0.144226
125	0.118842
125	0.0866197
125	0.139776
125	0.0363396
125	0.0497266
125	0.069736
125	0.0592048
125	0.202778
125	0.21842
125	0.1115
125	0.118133
125	0.035
125	0.182574
125	0.143216
125	0.101123
125	0.0887519
125	0.152936
125	0.0494174
125	0.0225352
125	0.0396798
125	0.0637511
125	0.105331
125	0.0284563
125	0.0324321
125	0.0651885
125	0.0859944
125	0.176525
125	0.13219
125	0.0409428
125	0.269846
125	0.142444
125	0.110458
125	0.0878731
125	0.286148
125	0.0438642
125	0.0725216
125	0.120592
125	0.147831
125	0.0388084
125	0.0881085
125	0.220809
125	0.213244
125	0.112832
125	0.250799
125	0.0783422
128	0.112092
128	0.0373322
128	0.124075
128	0.157006
128	0.160296
128	0.141703
128	0.175537
128	0.0605989
128	0.136133
128	0.0850714
128	0.0565373
128	0.12884
128	0.10977
128	0.121231
128	0.0377049
128	0.0691265
128	0.100496
128	0.0580653
128	0.227851
128	0.215512
128	0.0701538
128	0.211229
128	0.0928959
128	0.094431
128	0.133895
128	0.0965062
128	0.0885347
128	0.248571
128	0.0749961
128	0.180735
128	0.0816889
128	0.227788
128	0.0753648
128	0.0731969
128	0.0753548
128	0.106459
128	0.0791756
128	0.0274383
128	0.126745
128	0.153473
128	0.0901832
128	0.0667942
128	0.0293651
128	0.111275
128	0.171302
128	0.159049
128	0.103461
128	0.143577
128	0.144687
128	0.251756
128	0.0623052
128	0.1738
128	0.0587583
128	0.098799
128	0.156833
128	0.103055
128	0.112302
128	0.108565
128	0.090714
128	0.264835
128	0.150499
128	0.0389999
128	0.206966
128	0.0934059
128	0.134714
128	0.0330235
128	0.0386364
128	0.159405
128	0.12424
128	0.0751236
128	0.19546
128	0.0436643
128	0.0379431
128	0.134891
128	0.086973
128	0.0492775
128	0.0750954
128	0.174044
128	0.120112
128	0.0886808
128	0.103831
128	0.108953
128	0.0858341
128	0.290198
128	0.132126
128	0.0490311
128	0.0947212
128	0.149702
128	0.139066
128	0.1125
128	0.105446
128	0.0610658
128	0.0789635
128	0.126115
128	0.0407852
128	0.0711215
128	0.140555
128	0.105705
128	0.133161
128	0.0623175
131	0.0999131
131	0.101685
131	0.0240181
131	0.117604
131	0.0353391
131	0.0616693
131	0.158347
131	0.110241
131	0.125691
131	0.17957
131	0.0594554
131	0.0515617
131	0.273913
131	0.0392857
131	0.0431855
131	0.0856061
131	0.0771002
131	0.136603
131	0.134917
131	0.204538
131	0.0905405
131	0.170082
131	0.206955
131	0.198675
131	0.263813
131	0.0415864
131	0.130705
131	0.192806
131	0.141253
131	0.124305
131	0.112526
131	0.14166
131	0.0156716
131	0.179283
131	0.173144
131	0.165349
131	0.0750268
131	0.108599
131	0.146973
131	0.226729
131	0.117663
131	0.129269
131	0.23213
131	0.0791847
131	0.137248
131	0.142739
131	0.161616
131	0.152337
131	0.0965236
131	0.0977485
131	0.0562613
131	0.0619658
131	0.0696133
131	0.160938
131	0.111657
131	0.0442857
131	0.0796438
131	0.066965
131	0.0351471
131	0.172928
131	0.0909203
131	0.131915
131	0.019697
131	0.24245
131	0.160925
131	0.0448529
131	0.190079
131	0.0553909
131	0.0272796
131	0.0440099
131	0.0984885
131	0.155395
131	0.13993
131	0.121872
131	0.0959876
131	0.0316909
131	0.180628
131	0.154749
131	0.0322581
131	0.108777
131	0.153402
131	0.163057
131	0.0514042
131	0.107609
131	0.214976
131	0.0742496
131	0.0303693
131	0.182225
131	0.129289
131	0.0618408
131	0.0669118
131	0.116622
131	0.0254937
131	0.106452
131	0.10167
131	0.179212
131	0.127433
131	0.126221
131	0.0411985
131	0.0646537
134	0.0691648
134	0.0934741
134	0.0964335
134	0.0431818
134	0.0492931
134	0.0351062
134	0.125717
134	0.101544
134	0.115303
134	0.15668
134	0.0657349
134	0.0972014
134	0.0828838
134	0.160907
134	0.0516004
134	0.103144
134	0.0986582
134	0.108277
134	0.0852129
134	0.165284
134	0.0565379
134	0.102593
134	0.0249257
134	0.245867
134	0.174697
134	0.090933
134	0.334372
134	0.104107
134	0.088806
134	0.161014
134	0.0623444
134	0.094899
134	0.0800243
134	0.0649254
134	0.0628783
134	0.0941914
134	0.191912
134	0.0377643
134	0.0563492
134	0.198673
134	0.191564
134	0.0389744
134	0.141258
134	0.0318841
134	0.0914
134	0.0890921
134	0.119517
134	0.0508547
134	0.130617
134	0.0955882
134	0.127216
134	0.0046875
134	0.125803
134	0.0865526
134	0.012931
134	0.0700331
134	0.0427538
134	0.177589
134	0.0523103
134	0.124882
134	0.100735
134	0.225847
134	0.0953252
134	0.0505279
134	0.272682
134	0.145331
134	0.13182
134	0.0952779
134	0.207686
134	0.202782
134	0.0622886
134	0.0490243
134	0.101449
134	0.141877
134	0.034375
134	0.0311437
134	0.0545535
134	0.0847991
134	0.078851
134	0.0899429
134	0.0684011
134	0.146807
134	0.130851
134	0.0639949
134	0.0543737
134	0.114947
134	0.158495
134	0.0892857
134	0.215942
134	0.0833095
134	0.0591711
134	0.154573
134	0.128496
134	0.172857
134	0.0637221
134	0.0856923
134	0.0286606
134	0.0574834
134	0.251263
134	0.249367
137	0.112712
137	0.175112
137	0.108276
137	0.0885682
137	0.0538872
137	0.102892
137	0.0832004
137	0.0790856
137	0.169516
137	0.101612
137	0.111391
137	0.475269
137	0.0901408
137	0.107259
137	0.0686795
137	0.08125
137	0.108494
137	0.0677443
137	0.136721
137	0.124266
137	0.0455302
137	0.124081
137	0.0817945
137	0.0775316
137	0.0253968
137	0.148252
137	0.210185
137	0.0620718
137	0.185074
137	0.0909091
137	0.104121
137	0.0509126
137	0.0858282
137	0.147738
137	0.266771
137	0.187859
137	0.140613
137	0.147124
137	0.160114
137	0.162609
137	0.147024
137	0.0478342
137	0.222527
137	0.075
137	0.114215
137	0.416643
137	0.147441
137	0.0648747
137	0.146807
137	0.0586911
137	0.0843372
137	0.158212
137	0.12527
137	0.0689049
137	0.16521
137	0.0518683
137	0.0839345
137	0.14123
137	0.0739015
137	0.0636119
137	0.198025
137	0.107395
137	0.0911141
137	0.123848
137	0.135638
137	0.129003
137	0.0397494
137	0.0698486
137	0.0508806
137	0.110732
137	0.0797923
137	0.0767543
137	0.189827
137	0.0490664
137	0.134494
137	0.234121
137	0.216548
137	0.125809
137	0.168514
137	0.047485
137	0.0841175
137	0.113857
137	0.0955875
137	0.117422
137	0.0856219
137	0.0740877
137	0.0706687
137	0.138175
137	0.0985714
137	0.153897
137	0.0563287
137	0.102924
137	0.118237
137	0.214786
137	0.201074
137	0.0818193
137	0.11561
137	0.103607
137	0.118386
137	0.0961302
140	0.0305998
140	0.106468
140	0.0719953
140	0.118754
140	0.268741
140	0.169193
140	0.0775712
140	0.105251
140	0.0911067
140	0.160443
140	0.131388
140	0.0485979
140	0.117666
140	0.0648607
140	0.196868
140	0.183151
140	0.133743
140	0.0427448
140	0.0914657
140	0.018342
140	0.142953
140	0.103665
140	0.151326
140	0.08156
140	0.136727
140	0.243888
140	0.067337
140	0.107701
140	0.0765625
140	0.10537
140	0.0469224
140	0.186933
140	0.0617328
140	0.0663484
140	0.0521739
140	0.0540343
140	0.220935
140	0.0496304
140	0.169963
140	0.122014
140	0.0786585
140	0.181733
140	0.14878
140	0.191255
140	0.0865324
140	0.164082
140	0.226233
140	0.133352
140	0.114094
140	0.0404412
140	0.162421
140	0.0289063
140	0.0716523
140	0.0540261
140	0.0546962
140	0.0813784
140	0.110882
140	0.0931085
140	0.0848067
140	0.167187
140	0.0582468
140	0.0826732
140	0.0502189
140	0.0673636
140	0.265446
140	0.159487
140	0.0952848
140	0.118364
140	0.0704293
140	0.0189792
140	0.0637577
140	0.168394
140	0.0715433
140	0.104888
140	0.0544601
140	0.129441
140	0.0348015
140	0.230682
140	0.157764
140	0.0392068
140	0.159301
140	0.193205
140	0.0576687
140	0.101126
140	0.0694872
140	0.043393
140	0.093102
140	0.0326264
140	0.0721744
140	0.111847
140	0.236338
140	0.0454382
140	0.0513898
140	0.0934569
140	0.0774687
140	0.190981
140	0.149046
140	0.110755
140	0.256645
140	0.0855473
143	0.174782
143	0.130882
143	0.16905
143	0.0620196
143	0.179359
143	0.088543
143	0.0818182
143	0.11161
143	0.153677
143	0.228571
143	0.185751
143	0.186566
143	0.118057
143	0.277801
143	0.0778154
143	0.178443
143	0.195194
143	0.122946
143	0.101194
143	0.0405955
143	0.0603061
143	0.0708143
143	0.0616198
143	0.0548232
143	0.102233
143	0.0726596
143	0.0705179
143	0.181458
143	0.0794868
143	0.0382889
143	0.0484615
143	0.159156
143	0.105479
143	0.10946
143	0.0927138
143	0.171933
143	0.0112024
143	0.110531
143	0.150664
143	0.0431818
143	0.0594595
143	0.076669
143	0.126432
143	0.00561564
143	0.081417
143	0.165309
143	0.208836
143	0.150996
143	0.0742166
143	0.0915493
143	0.123105
143	0.0383671
143	0.0954309
143	0.0838531
143	0.0510607
143	0.0785906
143	0.107287
143	0.0218417
143	0.0738778
143	0.0756643
143	0.0546322
143	0.0472603
143	0.102674
143	0.0798482
143	0.0914466
143	0.0443505
143	0.141561
143	0.170933
143	0.196063
143	0.040748
143	0.10411
143	0.116606
143	0.273388
143	0.102242
143	0.176332
143	0.226268
143	0.0912376
143	0.184697
143	0.147181
143	0.0692201
143	0.097636
143	0.125714
143	0.25012
143	0.111328
143	0.134128
143	0.209069
143	0.112193
143	0.0782356
143	0.0600482
143	0.0153104
143	0.0988458
143	0.0676534
143	0.052901
143	0.11699
143	0.112626
143	0.133627
143	0.0895599
143	0.131575
143	0.06039
143	0.115388
146	0.0567122
146	0.286215
146	0.0695715
146	0.0725337
146	0.136145
146	0.103891
146	0.0317087
146	0.128686
146	0.0532091
146	0.0894134
146	0.13285
146	0.104576
146	0.138562
146	0.0816071
146	0.0777291
146	0.100627
146	0.0800309
146	0.166158
146	0.0525587
146	0.15099
146	0.215002
146	0.0545678
146	0.015134
146	0.149157
146	0.129965
146	0.113642
146	0.0421875
146	0.0546391
146	0.186482
146	0.0376873
146	0.103283
146	0.0510886
146	0.11134
146	0.131949
146	0.188368
146	0.0720241
146	0.101072
146	0.134647
146	0.0136295
146	0.188856
146	0.0749151
146	0.0776288
146	0.0634248
146	0.0571928
146	0.121968
146	0.147427
146	0.142881
146	0.070735
146	0.10583
146	0.0111111
146	0.16269
146	0.104209
146	0.126465
146	0.078125
146	0.0699753
146	0.0537093
146	0.0918002
146	0.0795477
146	0.130411
146	0.120842
146	0.0870111
146	0.0692316
146	0.208413
146	0.162064
146	0.117602
146	0.106629
146	0.229181
146	0.0886867
146	0.114611
146	0.147438
146	0.058008
146	0.0869559
146	0.100645
146	0.0792115
146	0.100099
146	0.205758
146	0.146154
146	0.0850755
146	0.112667
146	0.102409
146	0.0918451
146	0.108015
146	0.132618
146	0.0609265
146	0.1347
146	0.216959
146	0.0700617
146	0.0630492
146	0.075041
146	0.0932055
146	0.12477
146	0.226217
146	0.0661645
146	0.158756
146	0.0920182
146	0.068833
146	0.140017
146	0.144366
146	0.0588828
146	0.0562551
149	0.213683
149	0.102176
149	0.125608
149	0.0430916
149	0.101174
149	0.0584453
149	0.0745135
149	0.0677936
149	0.0621739
149	0.143389
149	0.191139
149	0.103324
149	0.139351
149	0.0882731
149	0.093867
149	0.0282732
149	0.144557
149	0.0534984
149	0.0648422
149	0.155718
149	0.0784668
149	0.24
149	0.111631
149	0.175002
149	0.101305
149	0.127893
149	0.0479118
149	0.03561
149	0.0633103
149	0.178647
149	0.158226
149	0.127707
149	0.0507114
149	0.0587313
149	0.0934933
149	0.117468
149	0.114972
149	0.0635714
149	0.118962
149	0.0441176
149	0.117165
149	0.201261
149	0.0482258
149	0.105065
149	0.104288
149	0.0506739
149	0.0561538
149	0.126644
149	0.0824582
149	0.0519379
149	0.179316
149	0.131017
149	0.182517
149	0.141238
149	0.206674
149	0.104683
149	0.161636
149	0.0835945
149	0.0389517
149	0.198064
149	0.12007
149	0.0770501
149	0.127053
149	0.0365079
149	0.0547598
149	0.19697
149	0.134985
149	0.0501424
149	0.0850333
149	0.125063
149	0.094597
149	0.0584037
149	0.101306
149	0.102588
149	0.0693532
149	0.0643608
149	0.0915039
149	0.0708532
149	0.168254
149	0.144877
149	0.0844694
149	0.133124
149	0.0771687
149	0.0617442
149	0.247679
149	0.152676
149	0.0673162
149	0.0806665
149	0.0950242
149	0.153507
149	0.205562
149	0.0782953
149	0.122889
149	0.0615055
149	0.105646
149	0.138889
149	0.0559965
149	0.0893092
149	0.0259735
149	0.12939
152	0.242268
152	0.151799
152	0.0522059
152	0.106326
152	0.0942372
152	0.0567164
152	0.114525
152	0.0904044
152	0.0987772
152	0.0276119
152	0.0781435
152	0.0657398
152	0.091181
152	0.224789
152	0.0735846
152	0.070809
152	0.0524384
152	0.12139
152	0.134557
152	0.098979
152	0.120457
152	0.139105
152	0.0984426
152	0.0571497
152	0.0320618
152	0.0481872
152	0.0125218
152	0.260912
152	0.0853111
152	0.0804994
152	0.0696368
152	0.0969607
152	0.138796
152	0.0806254
152	0.0246154
152	0.0932301
152	0.0591085
152	0.126879
152	0.00925734
152	0.0476923
152	0.130372
152	0.0727467
152	0.0311668
152	0.0698707
152	0.219314
152	0.114844
152	0.0632923
152	0.124954
152	0.0936943
152	0.129648
152	0.246172
152	0.175014
152	0.0702154
152	0.113547
152	0.0366902
152	0.0852165
152	0.0253526
152	0.120842
152	0.119189
152	0.127281
152	0.0401111
152	0.0169014
152	0.0319871
152	0.0385097
152	0.149703
152	0.0269194
152	0.108549
152	0.0901075
152	0.0213869
152	0.0375956
152	0.124589
152	0.186609
152	0.0943204
152	0.0726287
152	0.139011
152	0.211745
152	0.0539746
152	0.0764085
152	0.0566823
152	0.121921
152	0.178094
152	0.0891746
152	0.0687799
152	0.0928669
152	0.112827
152	0.0568669
152	0.118462
152	0.154575
152	0.155254
152	0.0778572
152	0.176142
152	0.100838
152	0.0363238
152	0.119999
152	0.0485075
152	0.0576677
152	0.201891
152	0.0678696
152	0.0590473
152	0.0141724
155	0.0720399
155	0.0652337
155	0.144779
155	0.0684142
155	0.0265787
155	0.0658981
155	0.101475
155	0.0869966
155	0.0962088
155	0.0827351
155	0.0114286
155	0.0989669
155	0.0606977
155	0.0736734
155	0.0639818
155	0.0933105
155	0.0529952
155	0.15503
155	0.0413015
155	0.109935
155	0.0743644
155	0.0952506
155	0.0500925
155	0.0349784
155	0.0758811
155	0.072264
155	0.0804961
155	0.0399483
155	0.24469
155	0.120267
155	0.0316888
155	0.0659401
155	0.159071
155	0.0478336
155	0.0816673
155	0.113274
155	0.113149
155	0.180415
155	0.0733579
155	0.113185
155	0.0257353
155	0.0860916
155	0.171261
155	0.124924
155	0.0399886
155	0.016707
155	0.100432
155	0.0483838
155	0.0821247
155	0.0914436
155	0.107003
155	0.0948368
155	0.0564412
155	0.278088
155	0.164672
155	0.109805
155	0.101673
155	0.174301
155	0.0943474
155	0.0709305
155	0.129212
155	0.0718758
155	0.0698723
155	0.0534318
155	0.0160305
155	0.10969
155	0.0765236
155	0.194706
155	0.04737
155	0.041051
155	0.134113
155	0.154425
155	0.0812809
155	0.184127
155	0.149208
155	0.0731949
155	0.0261194
155	0.0547769
155	0.0926753
155	0.0834697
155	0.0741482
155	0.122281
155	0.186568
155	0.072153
155	0.148783
155	0.0859412
155	0.0403364
155	0.106333
155	0.0784432
155	0.0550649
155	0.0626866
155	0.151283
155	0.0744713
155	0.0456652
155	0.170924
155	0.16189
155	0.0789624
155	0.070455
155	0.056258
155	0.0994659
158	0.0482287
158	0.0667307
158	0.0684143
158	0.0652256
158	0.0520139
158	0.0858209
158	0.0959451
158	0.0570423
158	0.0402985
158	0.138363
158	0.105516
158	0.0782119
158	0.174082
158	0.0509087
158	0.0681949
158	0.105179
158	0.0516037
158	0.06123
158	0.118815
158	0.0236115
158	0.0788866
158	0.141374
158	0.0826321
158	0.102708
158	0.120397
158	0.0761118
158	0.153316
158	0.0958477
158	0.0750122
158	0.0994542
158	0.142867
158	0.0435714
158	0.0292857
158	0.0812867
158	0.130133
158	0.157526
158	0.0428603
158	0.135825
158	0.117361
158	0.0719904
158	0.0168013
158	0.0183919
158	0.0386836
158	0.0546231
158	0.102115
158	0.0918108
158	0.0712182
158	0.0777221
158	0.0404762
158	0.0405912
158	0.218066
158	0.0697334
158	0.0856785
158	0.174609
158	0.0549296
158	0.242751
158	0.0887119
158	0.110555
158	0.0295775
158	0.0629434
158	0.110095
158	0.120887
158	0.0579745
158	0.059375
158	0.112086
158	0.105434
158	0.107226
158	0.0907565
158	0.0496817
158	0.0879467
158	0.128443
158	0.066121
158	0.172359
158	0.0768498
158	0.0737036
158	0.0698542
158	0.0351562
158	0.0832259
158	0.0779741
158	0.119825
158	0.0514085
158	0.0265625
158	0.0898916
158	0.14097
158	0.049612
158	0.0842844
158	0.037756
158	0.0557143
158	0.223617
158	0.087029
158	0.0437404
158	0.192749
158	0.159737
158	0.10398
158	0.127631
158	0.090336
158	0.0477941
158	0.0666195
158	0.0440463
158	0.0570969
161	0.132353
161	0.086665
161	0.0760381
161	0.0330078
161	0.0659805
161	0.302115
161	0.123643
161	0.0900152
161	0.0469315
161	0.076643
161	0.0216592
161	0.105382
161	0.113188
161	0.0473391
161	0.0947605
161	0.145988
161	0.107416
161	0.0836197
161	0.0974673
161	0.0910441
161	0.0900244
161	0.13532
161	0.0270603
161	0.0883584
161	0.146405
161	0.0738095
161	0.0784739
161	0.0858152
161	0.0831082
161	0.0677131
161	0.10734
161	0.0830986
161	0.0115385
161	0.105658
161	0.0352941
161	0.0643275
161	0.135998
161	0.098821
161	0.0706707
161	0.0318918
161	0.104293
161	0.165528
161	0.100098
161	0.124079
161	0.0618056
161	0.0609343
161	0.07
161	0.173754
161	0.11972
161	0.0928555
161	0.0669982
161	0.15055
161	0.0647385
161	0.0580172
161	0.106685
161	0.14149
161	0.12848
161	0.117322
161	0.0672279
161	0.0883978
161	0.0818812
161	0.101816
161	0.0616462
161	0.0593844
161	0.0574868
161	0.0770559
161	0.0512624
161	0.114189
161	0.0785896
161	0.133111
161	0.0210938
161	0.0582243
161	0.0719516
161	0.0591601
161	0.102402
161	0.0931965
161	0.154414
161	0.0684422
161	0.10123
161	0.08261
161	0.072043
161	0.0482204
161	0.141071
161	0.0956695
161	0.0661505
161	0.136811
161	0.0309656
161	0.128883
161	0.12833
161	0.0475056
161	0.0970747
161	0.0495572
161	0.116583
161	0.0752324
161	0.0320965
161	0.0697691
161	0.113639
161	0.0778061
161	0.0604502
161	0.159803
164	0.0963729
164	0.00757576
164	0.11017
164	0.0829545
164	0.0949197
164	0.153673
164	0.109817
164	0.0403998
164	0.131732
164	0.0656441
164	0.0725267
164	0.125615
164	0.0849563
164	0.157199
164	0.0707684
164	0.0751789
164	0.0911306
164	0.0597407
164	0.147347
164	0.121393
164	0.111387
164	0.0877086
164	0.1069
164	0.0600846
164	0.112273
164	0.0774163
164	0.122727
164	0.08877
164	0.118853
164	0.0342239
164	0.084627
164	0.118385
164	0.0883011
164	0.0571369
164	0.110455
164	0.0361031
164	0.108316
164	0.0890144
164	0.100057
164	0.11746
164	0.120717
164	0.114494
164	0.0616871
164	0.0811484
164	0.0672779
164	0.0348342
164	0.102926
164	0.123859
164	0.0773553
164	0.0232127
164	0.0584904
164	0.0899552
164	0.0968949
164	0.0758282
164	0.0645204
164	0.134669
164	0.123041
164	0.0163693
164	0.104827
164	0.0707703
164	0.210212
164	0.110154
164	0.0253407
164	0.0452181
164	0.0761194
164	0.117143
164	0.124061
164	0.130814
164	0.068095
164	0.0918103
164	0.122888
164	0.150796
164	0.124201
164	0.0703888
164	0.0775163
164	0.0653815
164	0.080597
164	0.113891
164	0.0962678
164	0.0877776
164	0.097256
164	0.0884158
164	0.151068
164	0.0695814
164	0.0797417
164	0.0395161
164	0.0607692
164	0.0844287
164	0.0286765
164	0.102839
164	0.0769193
164	0.0202899
164	0.0647454
164	0.064644
164	0.141531
164	0.0766879
164	0.052045
164	0.0441494
164	0.137218
164	0.121744
167	0.107232
167	0.0824741
167	0.100829
167	0.115321
167	0.0415384
167	0.0329816
167	0.0741724
167	0.0382405
167	0.121858
167	0.0843653
167	0.0843523
167	0.057971
167	0.0702151
167	0.0684978
167	0.0925998
167	0.0716081
167	0.123275
167	0.0765659
167	0.0557037
167	0.0612104
167	0.0660595
167	0.0168807
167	0.0699528
167	0.102093
167	0.121584
167	0.0494627
167	0.109551
167	0.05
167	0.063678
167	0.0675788
167	0.159772
167	0.108678
167	0.082734
167	0.0795418
167	0.112536
167	0.156184
167	0.0928359
167	0.0776251
167	0.0602793
167	0.106033
167	0.0381037
167	0.117327
167	0.0711898
167	0.0798213
167	0.0498917
167	0.0425342
167	0.110767
167	0.0748614
167	0.0171616
167	0.04906
167	0.0464388
167	0.110548
167	0.166923
167	0.0783834
167	0.0905828
167	0.0480502
167	0.0604546
167	0.0810372
167	0.062181
167	0.0236356
167	0.0975519
167	0.106485
167	0.0661296
167	0.132838
167	0.0974563
167	0.0881513
167	0.244659
167	0.082469
167	0.0734018
167	0.146757
167	0.0724907
167	0.0565456
167	0.167576
167	0.123467
167	0.153027
167	0.049021
167	0.0917121
167	0.0686792
167	0.0399129
167	0.0817577
167	0.127118
167	0.052547
167	0.147782
167	0.0349379
167	0.0984951
167	0.158237
167	0.0531054
167	0.104148
167	0.112315
167	0.0459251
167	0.0458306
167	0.0802668
167	0.0445609
167	0.0676163
167	0.0368991
167	0.00681818
167	0.0712361
167	0.0601994
167	0.0220588
167	0.0301073
170	0.0743192
170	0.0839666
170	0.134804
170	0.0829317
170	0.0650687
170	0.0799737
170	0.08473
170	0.049482
170	0.0176586
170	0.117927
170	0.0834187
170	0.0460289
170	0.141691
170	0.056665
170	0.0347222
170	0.062664
170	0.101592
170	0.0340374
170	0.129954
170	0.049712
170	0.0824456
170	0.109609
170	0.112247
170	0.143247
170	0.0330587
170	0.0640804
170	0.088632
170	0.144585
170	0.10299
170	0.0805577
170	0.0914654
170	0.101534
170	0.0434447
170	0.0798882
170	0.114982
170	0.133905
170	0.0609901
170	0.0812678
170	0.0794727
170	0.0751409
170	0.0977542
170	0.0892811
170	0.0936295
170	0.111521
170	0.0476689
170	0.118986
170	0.1116
170	0.0990803
170	0.0718126
170	0.0919148
170	0.0704873
170	0.0583834
170	0.0742684
170	0.0495942
170	0.118116
170	0.109422
170	0.0755259
170	0.0760578
170	0.0798595
170	0.06693
170	0.0718421
170	0.0511956
170	0.085968
170	0.0466128
170	0.0942413
170	0.102845
170	0.0706232
170	0.0392203
170	0.0418957
170	0.0793623
170	0.0732804
170	0.0440273
170	0.0876812
170	0.0831847
170	0.0130416
170	0.0668286
170	0.0586443
170	0.0401408
170	0.17118
170	0.0955408
170	0.163666
170	0.155298
170	0.0368463
170	0.0854049
170	0.0676835
170	0.0249437
170	0.0576354
170	0.0731487
170	0.0470507
170	0.115493
170	0.0560929
170	0.0740668
170	0.0257353
170	0.0755417
170	0.0946419
170	0.0697367
170	0.0593861
170	0.0841751
170	0.0575131
170	0.117033
173	0.0839543
173	0.10834
173	0.0678914
173	0.129943
173	0.0198006
173	0.0652065
173	0.0358638
173	0.0689458
173	0.0483158
173	0.0832504
173	0.0369263
173	0.0313433
173	0.101855
173	0.113105
173	0.0762018
173	0.129374
173	0.0813967
173	0.0891813
173	0.0823486
173	0.0753646
173	0.0316176
173	0.081477
173	0.00514706
173	0.0583782
173	0.0674531
173	0.0653761
173	0.0914898
173	0.0298174
173	0.05
173	0.0316176
173	0.0942803
173	0.0807807
173	0.116384
173	0.0593903
173	0.0985771
173	0.0993084
173	0.0308824
173	0.13741
173	0.0743343
173	0.061494
173	0.0666667
173	0.0828768
173	0.0958059
173	0.0955828
173	0.102601
173	0.116429
173	0.0885385
173	0.157907
173	0.135402
173	0.0271301
173	0.0958904
173	0.11237
173	0.120914
173	0.0659532
173	0.0570359
173	0.101751
173	0.0832189
173	0.0814191
173	0.0558731
173	0.085978
173	0.073219
173	0.0867997
173	0.0652722
173	0.0312994
173	0.093779
173	0.0768317
173	0.126428
173	0.0563281
173	0.0380665
173	0.0610399
173	0.0394422
173	0.0229704
173	0.0203481
173	0.247895
173	0.142428
173	0.0807551
173	0.130969
173	0.0268947
173	0.0377019
173	0.121004
173	0.0596229
173	0.0460072
173	0.0479403
173	0.0507115
173	0.0709301
173	0.0462647
173	0.133791
173	0.0392503
173	0.0810651
173	0.0630523
173	0.146014
173	0.0340284
173	0.0951557
173	0.0414024
173	0.11065
173	0.00942029
173	0.150231
173	0.0374138
173	0.0513404
173	0.0138891
176	0.0323545
176	0.0920404
176	0.0142857
176	0.119276
176	0.100204
176	0.0807545
176	0.00787417
176	0.0793228
176	0.157449
176	0.115065
176	0.0849242
176	0.0343069
176	0.115399
176	0.015
176	0.050132
176	0.0533784
176	0.0738205
176	0.0660883
176	0.0461414
176	0.0250922
176	0.143531
176	0.0996472
176	0.0609323
176	0.0674963
176	0.131466
176	0.137593
176	0.0514532
176	0.103219
176	0.0699027
176	0.0243243
176	0
176	0.143449
176	0.104492
176	0.0360713
176	0.0310166
176	0.0636422
176	0.0695556
176	0.0651515
176	0.0555322
176	0.0601793
176	0.133622
176	0.0633894
176	0.0774748
176	0.0209404
176	0.0308501
176	0.0779063
176	0.0823433
176	0.0487871
176	0.115475
176	0.0747015
176	0.00612603
176	0.0246269
176	0.0685414
176	0.074612
176	0.0820966
176	0.0573818
176	0.120249
176	0.0407692
176	0.0958038
176	0.0845343
176	0.086594
176	0.0467279
176	0.0175599
176	0.025139
176	0.0714158
176	0.0373423
176	0.118909
176	0.0729437
176	0.077695
176	0.174682
176	0.0746014
176	0.113302
176	0.0460922
176	0.0338028
176	0.114741
176	0.0824956
176	0.0344125
176	0.0531739
176	0.129493
176	0.0489735
176	0.122998
176	0.0342762
176	0.115405
176	0.0381533
176	0.0680005
176	0.0734529
176	0.087756
176	0.0779831
176	0.051755
176	0.0665571
176	0.0554236
176	0.0659378
176	0.109223
176	0.0831292
176	0.0245635
176	0.110855
176	0.0900775
176	0.019403
176	0.029652
176	0.0500078
179	0.0477349
179	0.0775337
179	0.0425271
179	0.0557067
179	0.0569375
179	0
179	0.0561218
179	0.07095
179	0.116953
179	0.11387
179	0.0882897
179	0.062151
179	0.0128995
179	0.191458
179	0.0920244
179	0.0752498
179	0.120734
179	0.0968536
179	0.0374441
179	0.082421
179	0.109208
179	0.0758445
179	0.11
179	0.0444046
179	0.107363
179	0.0266738
179	0.144975
179	0.132436
179	0.00227273
179	0.0513354
179	0.0604945
179	0.0373857
179	0.0914423
179	0.0951267
179	0.0418822
179	0.0257353
179	0.065108
179	0.185821
179	0.0623216
179	0.0588235
179	0.0390771
179	0.0334272
179	0.082306
179	0.0699989
179	0.0578867
179	0.135304
179	0.0421337
179	0.0673765
179	0.0406249
179	0.0373882
179	0.0344033
179	0.0617064
179	0.056669
179	0.0322082
179	0.0279751
179	0.153607
179	0.00591765
179	0.0561095
179	0.0746269
179	0.031437
179	0.0483263
179	0.0463614
179	0.0392483
179	0.0668302
179	0.119183
179	0.147414
179	0.0677397
179	0.00428571
179	0.0484037
179	0.0311812
179	0.0558275
179	0.073559
179	0.0352681
179	0.0415465
179	0.0771026
179	0.0809273
179	0.0508493
179	0.0495577
179	0.055425
179	0.0969696
179	0.0425107
179	0.0480643
179	0.0461626
179	0.0933395
179	0.0746443
179	0.103963
179	0.0542607
179	0.0933844
179	0.124245
179	0.0814144
179	0.09341
179	0.0681738
179	0.0407506
179	0.0700532
179	0.0593875
179	0.0444015
179	0.0553074
179	0.0188692
179	0.117646
179	0.0927468
182	0.0442324
182	0.0694992
182	0.0545086
182	0.0699623
182	0.0452466
182	0.0227273
182	0.0830126
182	0.0607768
182	0.0663349
182	0.0480982
182	0.0550725
182	0.0274328
182	0.109407
182	0.0514706
182	0.0552732
182	0.0958443
182	0.052381
182	0.0171622
182	0.0243405
182	0.0251198
182	0.0844023
182	0.0345214
182	0.0352672
182	0.100018
182	0.0763954
182	0.101613
182	0.0279093
182	0.0473312
182	0.0820927
182	0.0687893
182	0.0602082
182	0.0253425
182	0.00486296
182	0.0563101
182	0.10474
182	0.0691644
182	0.0198775
182	0.0932035
182	0.0338802
182	0.0466475
182	0.0522356
182	0.113555
182	0.0530206
182	0.0664519
182	0.0670957
182	0.0633305
182	0.081658
182	0.0819119
182	0.0449433
182	0.080639
182	0.112018
182	0.0579285
182	0.0679822
182	0.105284
182	0.0877906
182	0.036776
182	0.0935241
182	0.0386118
182	0.058577
182	0.149028
182	0.0384344
182	0.0297535
182	0.0411388
182	0.0476185
182	0.0768478
182	0.150719
182	0.0446419
182	0.0455487
182	0.114879
182	0.0319375
182	0.0739363
182	0.0243998
182	0.0485488
182	0.078691
182	0.0473864
182	0.0747844
182	0.0461767
182	0.0446087
182	0.0722222
182	0.0858589
182	0.00923077
182	0.0991285
182	0.0559462
182	0.112262
182	0.035857
182	0.0782503
182	0.0602941
182	0.0457143
182	0.0328703
182	0.0217795
182	0.0671743
182	0.0307143
182	0.0219909
182	0.0961785
182	0.0362549
182	0.0150794
182	0.0609604
182	0.0452599
182	0.0503041
182	0.0557194
185	0.0242857
185	0.085366
185	0.0799329
185	0.0485407
185	0.0635824
185	0.0707896
185	0.0714256
185	0.0298738
185	0.0699354
185	0.0790606
185	0.0844984
185	0.0501418
185	0.0698756
185	0.0617188
185	0.0522388
185	0.058809
185	0.0644779
185	0.048064
185	0.120161
185	0.0805719
185	0.069009
185	0.0984381
185	0.0569515
185	0.0316176
185	0.0201493
185	0.0603526
185	0.0718759
185	0.0753316
185	0.0355734
185	0.0664041
185	0.0833605
185	0.0731444
185	0.0915614
185	0.0602846
185	0.0660148
185	0.0253185
185	0.0524384
185	0.0279135
185	0.0671501
185	0.0431089
185	0.0919893
185	0.0399644
185	0.0586167
185	0.0221495
185	0.131628
185	0.0775192
185	0.0408651
185	0.0797222
185	0.0733109
185	0.17837
185	0.0624358
185	0.0926463
185	0.0550022
185	0.0157586
185	0.0576343
185	0.0315262
185	0.061368
185	0.0981312
185	0.0161396
185	0.0550697
185	0.0362243
185	0.0695648
185	0.0519317
185	0.0523045
185	0.0957091
185	0.0439239
185	0.0865013
185	0.0424466
185	0.125524
185	0.0274927
185	0.0769949
185	0.0241797
185	0.0598384
185	0.0850746
185	0.052398
185	0.0483878
185	0.0607334
185	0.0118582
185	0.105223
185	0.0373617
185	0.0267359
185	0.0969419
185	0.0784513
185	0.0651377
185	0.0934396
185	0.0316176
185	0.0501083
185	0.096816
185	0.0640504
185	0.0648865
185	0.0414027
185	0.0420263
185	0.109151
185	0.110365
185	0.0834101
185	0.0569856
185	0.0946776
185	0.0497248
185	0.0621007
185	0.0790548
188	0.060917
188	0.0761392
188	0.0848692
188	0.0468307
188	0.0198383
188	0.0769441
188	0.0113636
188	0.0774819
188	0.0429577
188	0.0860669
188	0.029335
188	0.0246252
188	0.0279412
188	0.0495247
188	0.0551041
188	0.038738
188	0.0653957
188	0.0591479
188	0.0659454
188	0.0615942
188	0.0331992
188	0.0343596
188	0.0494761
188	0.0686567
188	0.0764373
188	0.0470532
188	0.0580435
188	0.0733335
188	0.0761194
188	0.0709504
188	0.0630422
188	0.0651496
188	0.0293136
188	0.114094
188	0.0530345
188	0.0831643
188	0.103129
188	0.0661944
188	0.0835017
188	0.13141
188	0.0311594
188	0.0294651
188	0.101875
188	0.0453175
188	0.0671049
188	0.0472445
188	0.0399166
188	0.0662319
188	0.0753927
188	0.0532514
188	0.0979566
188	0.0410128
188	0.0787528
188	0.0634748
188	0.142972
188	0.0646366
188	0.0192857
188	0.0644022
188	0.0218928
188	0.0639392
188	0.0936583
188	0.0681773
188	0.0860439
188	0.0388066
188	0.0668782
188	0.129923
188	0.0466629
188	0.0979631
188	0.0344897
188	0.0105634
188	0.0543586
188	0.0561758
188	0.0961234
188	0.074465
188	0.0153226
188	0.116409
188	0.0873188
188	0.0668317
188	0.0164384
188	0.0565177
188	0.0681964
188	0.0818867
188	0.108088
188	0.0244523
188	0.0719532
188	0.0346902
188	0.0861079
188	0.0489501
188	0.0514688
188	0.0293376
188	0.0404927
188	0.0476539
188	0.0310904
188	0.0433822
188	0.0596772
188	0.0558824
188	0.0180166
188	0.100958
188	0.0354762
188	0.0118281
191	0.086441
191	0.0119403
191	0.0393963
191	0.0682559
191	0.0436574
191	0.0546928
191	0.0356967
191	0.02555
191	0.125938
191	0.0512883
191	0.052313
191	0.0229917
191	0.0567401
191	0.0333916
191	0.0974932
191	0.0374359
191	0.0725928
191	0.0319275
191	0.0493925
191	0.0484849
191	0.0782385
191	0.0597222
191	0.0632973
191	0.046801
191	0.0587882
191	0.0584102
191	0.0195652
191	0.044157
191	0.01039
191	0.0685659
191	0.0441852
191	0.0411482
191	0.0368056
191	0.0718904
191	0.0395128
191	0.0565412
191	0.025113
191	0.0564927
191	0.0715947
191	0.0894555
191	0.064393
191	0.0615423
191	0.0325136
191	0.0735714
191	0.04295
191	0.0528243
191	0.0745904
191	0.0470588
191	0.0782527
191	0.0554394
191	0.0101077
191	0.0717576
191	0.0311074
191	0.0827568
191	0.0628825
191	0.0319444
191	0.034661
191	0.0190985
191	0.100737
191	0.0727414
191	0.0697771
191	0.0699194
191	0.085788
191	0.0507463
191	0.0651615
191	0.0797104
191	0.023913
191	0.0580005
191	0.0686719
191	0.0172722
191	0.0714988
191	0.0212413
191	0.050789
191	0.0298507
191	0.0439179
191	0.0934518
191	0.0485714
191	0.0487319
191	0.0174215
191	0.0846277
191	0.0746398
191	0.0615498
191	0.0255314
191	0.0395358
191	0.121824
191	0.0346077
191	0.0285975
191	0.093318
191	0.0422694
191	0.0368288
191	0.060502
191	0.0976708
191	0.0578894
191	0.0568965
191	0.0521429
191	0.0592652
191	0.0314516
191	0.0630355
191	0.0999905
191	0.0477673
194	0.0502844
194	0.0908096
194	0.0490267
194	0.0950106
194	0.0676923
194	0.068254
194	0.0468096
194	0.0332925
194	0.102964
194	0.0291667
194	0.0998219
194	0.0336277
194	0.0375799
194	0.0338964
194	0.0115942
194	0.0442536
194	0.075534
194	0.0682494
194	0.0590767
194	0.0404732
194	0.0364403
194	0.0173913
194	0.0446582
194	0.0567313
194	0.0229209
194	0.0812362
194	0.0407024
194	0.00755094
194	0.0353757
194	0.0246347
194	0.0512288
194	0.0476062
194	0.063839
194	0.0966857
194	0.030194
194	0.0494322
194	0.0146154
194	0.0468625
194	0.0605616
194	0.0202899
194	0.0173407
194	0.108245
194	0.0512849
194	0.0668811
194	0.0650908
194	0.0297351
194	0.038806
194	0.0638598
194	0.0551368
194	0.0703364
194	0.0897786
194	0.0531653
194	0.0251168
194	0.0478536
194	0.0394416
194	0.0646954
194	0.145965
194	0.0346978
194	0.0348695
194	0.167228
194	0.044131
194	0.0911327
194	0.0590826
194	0.0180888
194	0.0171429
194	0.031818
194	0.040715
194	0.0702914
194	0.0305447
194	0.0199036
194	0.0533065
194	0.0191642
194	0.0659905
194	0.041416
194	0.0535072
194	0.0543237
194	0.0323765
194	0.0358768
194	0.0887246
194	0.0242857
194	0.0581274
194	0.0680038
194	0.0257337
194	0.0836197
194	0.100496
194	0.0471447
194	0.0443896
194	0.0452504
194	0.0258801
194	0.0555556
194	0.0602457
194	0.0138546
194	0.0358209
194	0.0554146
194	0.0613332
194	0.073164
194	0.0368595
194	0.0496412
194	0.0299463
194	0.0239193
197	0.0216418
197	0.0930387
197	0.0478897
197	0.0414518
197	0.0453003
197	0.0259123
197	0.0365672
197	0.0150794
197	0.0911055
197	0.0457326
197	0.084066
197	0.0410693
197	0.0690532
197	0.046882
197	0.0700384
197	0.0460853
197	0.0435122
197	0.0393291
197	0.0482832
197	0.0297653
197	0.058529
197	0.0305251
197	0.0252844
197	0.0744878
197	0.0445962
197	0.0201628
197	0.0413707
197	0.0482505
197	0.0183824
197	0.0178802
197	0.0814372
197	0.0375776
197	0.0616653
197	0.0234074
197	0.0526226
197	0.0647787
197	0.0841941
197	0.0372833
197	0.0483974
197	0.0432868
197	0.0382477
197	0.0463457
197	0.0518639
197	0.0361188
197	0.0399321
197	0.0216791
197	0.0601145
197	0.0492892
197	0.109246
197	0.0618291
197	0.0477941
197	0.0137023
197	0.0374673
197	0.0392748
197	0.0382353
197	0.0195205
197	0.0440899
197	0.0708319
197	0.0687709
197	0.0395542
197	0.0305458
197	0.0781192
197	0.015
197	0.0740003
197	0.0552971
197	0.0449703
197	0.0543733
197	0.0342393
197	0.0502142
197	0.0362319
197	0.0253731
197	0.0187209
197	0.030365
197	0.0710655
197	0.0609303
197	0.0966683
197	0.0462747
197	0.049134
197	0.0959624
197	0.0415385
197	0.0396926
197	0.0534572
197	0.0574487
197	0.110641
197	0.0323431
197	0.0140655
197	0.0253968
197	0.0524767
197	0.0362886
197	0.0313038
197	0.0696716
197	0.0318096
197	0.0232184
197	0.0411895
197	0.0700646
197	0.00693927
197	0.0416509
197	0.0140845
197	0.101843
197	0.0575758
200	0.0498897
200	0.029178
200	0.0739034
200	0.0478614
200	0.0261892
200	0.0540204
200	0.0924113
200	0.0360027
200	0.0639217
200	0.0586762
200	0.0219697
200	0.0543231
200	0.0252682
200	0.0405517
200	0.0321429
200	0.0588916
200	0.0370043
200	0.0205536
200	0.0270232
200	0.14128
200	0.0365013
200	0.05
200	0.0408451
200	0.0249523
200	0.0646695
200	0.0741104
200	0.0214701
200	0.0269841
200	0.0605017
200	0.0411204
200	0.0526904
200	0.0350022
200	0.0347446
200	0.016492
200	0.0774395
200	0.0640202
200	0.0379623
200	0.0656786
200	0.0618174
200	0.0562333
200	0.0609799
200	0.0246652
200	0.0242647
200	0
200	0.0345644
200	0.0749754
200	0.0356434
200	0.0711857
200	0.0399188
200	0.0216583
200	0.026376
200	0.0811364
200	0.0238032
200	0.0528079
200	0.050851
200	0.0243099
200	0.0649891
200	0.0666093
200	0.0390959
200	0.0341141
200	0.0511443
200	0.0422945
200	0.045758
200	0.125297
200	0.0181159
200	0.0798208
200	0.0265966
200	0.0435654
200	0.0333004
200	0.0273291
200	0.037755
200	0.0469905
200	0.0405797
200	0.0929393
200	0.035846
200	0.0340135
200	0.0441365
200	0.072546
200	0.0525528
200	0.0865542
200	0.0498617
200	0.052097
200	0.0264286
200	0.0121429
200	0.0145958
200	0.00811435
200	0.0484067
200	0.039295
200	0.0341087
200	0.0572641
200	0.0355789
200	0.0208112
200	0.05
200	0.0824314
200	0.0527546
200	0.045774
200	0.0532616
200	0.0419711
200	0.122767
200	0.0577519
203	0.094122
203	0.0634362
203	0.0546453
203	0.0593726
203	0.0108333
203	0.0397708
203	0.026087
203	0.0493482
203	0.00949107
203	0.0871766
203	0.065918
203	0.01875
203	0.0310657
203	0.0460166
203	0.0431041
203	0.0208369
203	0.0550878
203	0.0710517
203	0.0390373
203	0.0875664
203	0.0200677
203	0.080802
203	0.0512599
203	0.0460982
203	0.0170532
203	0.0272059
203	0.0252396
203	0.00863349
203	0.0449272
203	0.101669
203	0.0130435
203	0.104232
203	0.0257143
203	0.0251115
203	0.0709662
203	0.0560606
203	0.0294864
203	0.0357741
203	0.0328583
203	0.0433431
203	0.0548517
203	0.0589788
203	0.0454845
203	0.0734381
203	0.0238993
203	0.0615385
203	0.00882353
203	0.0632087
203	0.0490704
203	0.024337
203	0.0283093
203	0.0282078
203	0.063462
203	0.0119403
203	0.0265784
203	0.0313779
203	0.00524738
203	0.0726332
203	0.0556469
203	0.00454545
203	0.0251118
203	0.0753627
203	0.0377268
203	0.0271727
203	0.044697
203	0.0464345
203	0.0226519
203	0.056597
203	0.0629601
203	0.0395161
203	0.0395787
203	0.0724482
203	0.0195443
203	0.0872956
203	0.0618056
203	0.0606153
203	0.0507526
203	0.0442074
203	0.0981485
203	0.0101449
203	0.0337815
203	0.0279461
203	0.0549941
203	0.0631153
203	0.0183693
203	0.0463168
203	0.039114
203	0.0256527
203	0.0346677
203	0.0492276
203	0.0851953
203	0.0186691
203	0.0309826
203	0.0158683
203	0.0481731
203	0.0602556
203	0.0144325
203	0.0775861
203	0.0672457
203	0.0392308
206	0.0209459
206	0.0271087
206	0.0484095
206	0.0233816
206	0.0699269
206	0.0184615
206	0.0289639
206	0.0236688
206	0.0308824
206	0.0528435
206	0.00822097
206	0.061012
206	0.0220588
206	0.0141779
206	0.0298352
206	0.0351351
206	0.051342
206	0.0604096
206	0.067279
206	0.0436699
206	0.023597
206	0.0273742
206	0.0956722
206	0.0514666
206	0.0352695
206	0.0187323
206	0.015
206	0.043243
206	0.142889
206	0.0101216
206	0.0248766
206	0.0221816
206	0.0451613
206	0.0499315
206	0.0278007
206	0.00461538
206	0.00783862
206	0.0574851
206	0.0138462
206	0.0236896
206	0.0477857
206	0
206	0.0164062
206	0.0254004
206	0.106707
206	0.0630205
206	0.0555077
206	0.0615251
206	0.0264021
206	0.0566552
206	0.0788584
206	0.0204256
206	0.0272727
206	0.0486568
206	0.0080235
206	0.0103965
206	0.0203693
206	0.0313433
206	0.0285568
206	0.0291299
206	0.0364424
206	0.0341056
206	0.0379749
206	0.0142607
206	0.0470651
206	0.0697128
206	0.00236177
206	0.0400591
206	0.0103505
206	0.05
206	0.0284074
206	0.0296228
206	0.0210265
206	0.0179064
206	0.0445863
206	0.0232163
206	0.0506519
206	0.0551708
206	0.0232708
206	0.0121212
206	0.0716418
206	0.00869565
206	0.0396433
206	0.0438752
206	0.0335933
206	0.0101845
206	0.0379476
206	0.0563026
206	0.0472603
206	0.0155753
206	0.131194
206	0.0241626
206	0.0569473
206	0.0156861
206	0.0367486
206	0.00881302
206	0.0383069
206	0.0246879
206	0.0413012
206	0.0220492
209	0.0152174
209	0.00703188
209	0.0216788
209	0.0222934
209	0.0203718
209	0.0122168
209	0.00832788
209	0.0221385
209	0.0269063
209	0.04594
209	0.0328571
209	0.0251295
209	0.0120784
209	0.0186433
209	0.00801831
209	0.0748642
209	0.0557143
209	0.0197183
209	0.00792841
209	0.0370898
209	0.0243078
209	0.0297107
209	0.0239637
209	0.025
209	0.0728829
209	0.0376045
209	0.0197183
209	0.00942029
209	0.0557772
209	0.0353813
209	0.0681883
209	0.0149341
209	0.0128571
209	0.0296499
209	0.0527614
209	0.0340954
209	0.0097539
209	0.0328571
209	0.0176236
209	0.0443484
209	0.019037
209	0.0230207
209	0.0405987
209	0.0204251
209	0.0204006
209	0.0440778
209	0.0475709
209	0.0268991
209	0.0258556
209	0.00596837
209	0.0496646
209	0.0279841
209	0.00217391
209	0.0276338
209	0.0176056
209	0.0483492
209	0.0176584
209	0.0284812
209	0.0683282
209	0.0449946
209	0.0245694
209	0.0110294
209	0.0205136
209	0.0130435
209	0.00256982
209	0.0532594
209	0.0276001
209	0.0266454
209	0.0419687
209	0.0128571
209	0.0239841
209	0.0180464
209	0.0247557
209	0.023913
209	0.0357676
209	0.065353
209	0.0285407
209	0.0465283
209	0.0211668
209	0.107342
209	0.0744232
209	0.0205862
209	0.0241663
209	0.0263191
209	0.0321257
209	0.023414
209	0.0452808
209	0.137029
209	0.00214286
209	0.0670045
209	0.0100129
209	0.0322581
209	0.0705351
209	0.015
209	0.0353673
209	0.0529412
209	0.0597573
209	0.0425374
209	0.0679904
209	0.00708019
212	0
212	0.0448056
212	0.0451357
212	0.0311594
212	0.0334975
212	0.0339542
212	0.0560429
212	0.0274685
212	0.0227758
212	0.0294111
212	0.0339136
212	0.080303
212	0.0131397
212	0.0147887
212	0.00661765
212	0.0164179
212	0.00669284
212	0
212	0
212	0.0241145
212	0.0421194
212	0.0300899
212	0.0478083
212	0.0377265
212	0.0340808
212	0.054966
212	0.00746269
212	0.0349319
212	0.0311153
212	0.00937798
212	0.0130435
212	0.0453419
212	0.0233019
212	0.0357291
212	0.0135487
212	0.0406305
212	0.0564956
212	0.0138462
212	0.0260028
212	0.0213235
212	0.00220588
212	0.0130435
212	0.00796513
212	0.0466342
212	0.0347896
212	0.0588793
212	0.0219982
212	0.0301294
212	0.0660165
212	0.0314286
212	0.0310191
212	0.0104916
212	0.0335821
212	0.00769231
212	0.0234904
212	0.0250438
212	0.0317104
212	0.0255284
212	0.090504
212	0.0411765
212	0.069403
212	0.0344041
212	0.0418579
212	0.0499377
212	0.0164813
212	0.0389007
212	0.00214286
212	0
212	0.0405693
212	0.0391782
212	0.0276923
212	0.031963
212	0.0208346
212	0.0446581
212	0.0264335
212	0.0299635
212	0.0365282
212	0.0455594
212	0.0263435
212	0.015642
212	0.0422507
212	0.0282552
212	0.0136765
212	0.0325004
212	0.0392857
212	0.0147835
212	0.0152174
212	0.0166667
212	0.0438462
212	0.0188056
212	0.0288026
212	0.0226563
212	0.0102349
212	0.0305562
212	0.019424
212	0.0497469
212	0.0146398
212	0.0355465
212	0.0390741
212	0.0272059
215	0.0119403
215	0.0173089
215	0.00725277
215	0.0159928
215	0.0138191
215	0.0210145
215	0.0625765
215	0.0187514
215	0.037633
215	0.0232126
215	0.0410259
215	0.0278859
215	0.0992647
215	0.0140521
215	0.0666667
215	0.0326632
215	0.00661765
215	0.0184727
215	0.0415132
215	0.0261635
215	0.0258358
215	0.0318182
215	0.0108352
215	0.00217391
215	0.0280596
215	0
215	0.0113636
215	0.00840204
215	0.0292065
215	0.00434783
215	0.0242647
215	0.0228571
215	0.0308824
215	0.00863963
215	0.0289686
215	0.0405962
215	0.01
215	0.0323033
215	0.0197183
215	0.0088334
215	0.00214286
215	0.0346391
215	0.0288726
215	0.0121423
215	0.0201493
215	0.0204545
215	0.0386128
215	0.00461538
215	0.0377265
215	0.0181159
215	0.0193108
215	0.0149461
215	0.0101351
215	0.0522388
215	0.0104167
215	0.0299308
215	0.0230185
215	0.0157475
215	0.00724638
215	0.00492958
215	0.0166146
215	0.0276119
215	0.035543
215	0.0264117
215	0.0108739
215	0.0889325
215	0.0348226
215	0.00692308
215	0.0287275
215	0.0195119
215	0.0172375
215	0.0230159
215	0.040356
215	0.0352941
215	0.0334096
215	0.00583049
215	0.0129655
215	0.0326807
215	0.028835
215	0.0362784
215	0.0290311
215	0.0445086
215	0.023746
215	0
215	0.0182658
215	0.014557
215	0.00692308
215	0.044455
215	0.0132353
215	0.0424994
215	0.0125041
215	0.0823607
215	0.020454
215	0.0082933
215	0.0141228
215	0.0395356
215	0.0138462
215	0.0339145
215	0.0144399
215	0.0139925
218	0.0232442
218	0.0179937
218	0.00434783
218	0.00857143
218	0.0192857
218	0.00799228
218	0.0321429
218	0.0321483
218	0.0104347
218	0.00365031
218	0.0108696
218	0.00258241
218	0.0414335
218	0.00757777
218	0.0130886
218	0.00909091
218	0.0223726
218	0.0288235
218	0.0549774
218	0.0433429
218	0.0111111
218	0.0214051
218	0.00454545
218	0.0117101
218	0.0314967
218	0.0107019
218	0.0372978
218	0.0165706
218	0.0105039
218	0.0209422
218	0
218	0.0107683
218	0.0152296
218	0
218	0.0931818
218	0.0272989
218	0.0211188
218	0.020329
218	0.0242461
218	0.0226007
218	0.00818009
218	0.0131427
218	0.013967
218	0.0215278
218	0.0337458
218	0.0146154
218	0.009729
218	0.00498499
218	0.00434783
218	0.0275337
218	0
218	0.00223881
218	0.00766571
218	0.0209302
218	0.0112469
218	0.0286765
218	0.011318
218	0.00928571
218	0.0316176
218	0.00735294
218	0.0205476
218	0.0104984
218	0.00290209
218	0.015809
218	0.00533643
218	0.011727
218	0.0139706
218	0.0286925
218	0.0103943
218	0.0818296
218	0.00959168
218	0.0335969
218	0.047249
218	0.00671642
218	0.0189394
218	0.0165927
218	0.0231343
218	0.0128047
218	0.0779412
218	0
218	0.0159091
218	0.0334007
218	0.00428571
218	0.0146154
218	0.0221886
218	0.0379354
218	0.0157825
218	0
218	0.00857143
218	0.0134997
218	0.0141791
218	0.095
218	0.00917287
218	0.0261058
218	0.00555825
218	0.0168217
218	0.00692308
218	0.0134313
218	0.00227273
218	0.0130971
221	0.00936555
221	0.0387568
221	0.0583333
221	0.0244422
221	0.0112676
221	0.0164053
221	0.0146154
221	0.0287337
221	0.00947823
221	0.00492958
221	0.00223655
221	0.114286
221	0
221	0.0258364
221	0.00461538
221	0.0058814
221	0
221	0.016024
221	0.00490159
221	0.0180883
221	0.0101446
221	0.0123077
221	0.030597
221	0.0225096
221	0.0133441
221	0.0269785
221	0.0254554
221	0.00227273
221	0.0221041
221	0.00447761
221	0.00704225
221	0.00623233
221	0.0107335
221	0.00514706
221	0.0214063
221	0.0123982
221	0.032806
221	0.00633803
221	0.0208666
221	0.00214286
221	0.01589
221	0
221	0.00230769
221	0.0125
221	0.00441176
221	0.024133
221	0.0104478
221	0.00223881
221	0.00681818
221	0.00223881
221	0
221	0.00942029
221	0.00522388
221	0.0129388
221	0.00730543
221	0.00461538
221	0.0681229
221	0.00546875
221	0.0262552
221	0.0108696
221	0.0228571
221	0.00855989
221	0.00440358
221	0.00608108
221	0.00522388
221	0.05
221	0.0174614
221	0.0216418
221	0.0127378
221	0.0319989
221	0.0480712
221	0.0146738
221	0.0322965
221	0.0246816
221	0.0124717
221	0.00463447
221	0.0230934
221	0.018482
221	0.0264286
221	0.005
221	0.0579532
221	0.0144364
221	0.0253731
221	0.0392553
221	0.0296351
221	0.0149446
221	0.00405405
221	0
221	0.0128281
221	0
221	0.0119403
221	0.00821918
221	0.00230769
221	0.0135714
221	0.0110294
221	0.0110294
221	0.00664238
221	0.0556452
221	0.0208573
221	0.00961976
224	0.00223881
224	0.00428571
224	0
224	0.0106445
224	0.00707763
224	0.0128788
224	0
224	0.0086254
224	0.0103175
224	0.0083067
224	0.0104718
224	0.00234503
224	0.0119403
224	0.0025185
224	0.00441176
224	0.00984848
224	0.00993702
224	0.0141785
224	0.0143939
224	0.00211268
224	0.0119403
224	0.00348227
224	0.00223881
224	0
224	0.00492958
224	0.00217391
224	0.00467186
224	0.0046939
224	0
224	0.0212791
224	0.0217361
224	0.0791045
224	0.0123543
224	0.00898613
224	0.00854819
224	0.0199952
224	0.00661765
224	0.00692308
224	0
224	0.0119403
224	0.00507246
224	0.00291659
224	0.0114518
224	0.0126984
224	0.0104167
224	0.00769231
224	0.00970149
224	0.0153674
224	0.0134778
224	0.0143728
224	0.0118427
224	0.0132353
224	0.00205479
224	0
224	0.00735294
224	0.00642857
224	0.00461538
224	0.00267531
224	0.0216216
224	0.00748174
224	0.011849
224	0.00890411
224	0.0151515
224	0.00311792
224	0.0030146
224	0.106522
224	0.00308034
224	0.0427013
224	0.00230769
224	0.0123188
224	0.0122322
224	0.005
224	0.00441188
224	0.00454545
224	0.00214286
224	0.00923077
224	0.00223881
224	0.0199985
224	0.00817589
224	0
224	0.00346581
224	0.00687507
224	0.00223881
224	0.00214286
224	0
224	0.0117647
224	0.015
224	0.00915051
224	0.0169161
224	0.0233394
224	0.00441176
224	0.0161975
224	0.005844
224	0.00260684
224	0.0111019
224	0
224	0
224	0.0425912
224	0.00241935
224	0
227	0.00223881
227	0.0321429
227	0
227	0.00202703
227	0.0039372
227	0.00890411
227	0
227	0
227	0.00245902
227	0.096
227	0
227	0
227	0.00492958
227	0
227	0
227	0.00241935
227	0.00211268
227	0.0608696
227	0
227	0
227	0
227	0
227	0.0110663
227	0
227	0.00241935
227	0.00410959
227	0
227	0.00230769
227	0.00422535
227	0
227	0
227	0.00217391
227	0
227	0.00280384
227	0.00205479
227	0
227	0
227	0.00211268
227	0
227	0.00471752
227	0.0212121
227	0
227	0
227	0.00441176
227	0
227	0
227	0
227	0
227	0
227	0.00768081
227	0.00735294
227	0.00401504
227	0
227	0
227	0.00209944
227	0
227	0.0149492
227	0.00428571
227	0.00985915
227	0.0129886
227	0
227	0
227	0
227	0
227	0
227	0.00214286
227	0
227	0.00767538
227	0
227	0.00217391
227	0.00609131
227	0
227	0.00371411
227	0.0104908
227	0.00942029
227	0.00483871
227	0
227	0.005
227	0.00220588
227	0
227	0
227	0
227	0.00223881
227	0.0044043
227	0.0024289
227	0.00227273
227	0.00322875
227	0
227	0
227	0
227	0
227	0.00476191
227	0.0904412
227	0
227	0.00814686
227	0
227	0.00890411
227	0.00220588
227	0.00633803
227	0.00434783
230	0
230	0
230	0
230	0
230	0
230	0
230	0
230	0
230	0
230	0
230	0.0359155
230	0
230	0
230	0
230	0
230	0
230	0
230	0.0295455
230	0
230	0
230	0
230	0
230	0
230	0
230	0
230	0
230	0.028125
230	0
230	0
230	0
230	0.0738806
230	0
230	0
230	0
230	0
230	0
230	0
230	0.0431818
230	0
230	0
230	0
230	0
230	0
230	0
230	0
230	0
230	0
230	0
230	0
230	0
230	0
230	0
230	0
230	0
230	0
230	0
230	0
230	0
230	0
230	0
230	0
230	0
230	0
230	0.0190141
230	0
230	0
230	0
230	0
230	0
230	0
230	0
230	0
230	0
230	0
230	0
230	0.0543478
230	0
230	0
230	0
230	0
230	0
230	0
230	0
230	0
230	0
230	0
230	0
230	0
230	0
230	0
230	0.0816176
230	0
230	0
230	0
230	0
230	0
230	0
230	0
230	0
230	0
