var	minCostFlow
5	0.269251
5	0.480157
5	0.158014
5	0.190788
5	0.255744
5	0.208423
5	0.0781441
5	0.226143
5	0.454915
5	0.367057
5	0.327419
5	0.27519
5	0.461991
5	0.303238
5	0.61661
5	0.256019
5	0.626406
5	0.565767
5	0.267543
5	0.311194
5	0.108404
5	0.262947
5	0.296141
5	0.175955
5	0.193673
5	0.579973
5	0.293955
5	0.382634
5	0.246063
5	0.21292
5	0.291312
5	0.212446
5	0.333459
5	0.288232
5	0.0983568
5	0.119514
5	0.290334
5	0.25315
5	0.617695
5	0.555499
5	0.543436
5	0.4108
5	0.303168
5	0.295483
5	0.282694
5	0.282097
5	0.118851
5	0.508662
5	0.255337
5	0.363358
5	0.493298
5	0.638653
5	0.559798
5	0.248161
5	0.356959
5	0.461762
5	0.529941
5	0.158246
5	0.212055
5	0.181947
5	0.596696
5	0.0994292
5	0.143036
5	0.283552
5	0.432028
5	0.132227
5	0.177067
5	0.134735
5	0.309121
5	0.10482
5	0.0699776
5	0.322717
5	0.320136
5	0.128117
5	0.237045
5	0.238948
5	0.10753
5	0.419554
5	0.469997
5	0.156984
5	0.219713
5	0.214386
5	0.322642
5	0.0939968
5	0.576419
5	0.163005
5	0.338978
5	0.23522
5	0.555147
5	0.336241
5	0.330459
5	0.166834
5	0.39328
5	0.360622
5	0.475967
5	0.588831
5	0.194339
5	0.215185
5	0.522361
5	0.587565
8	0.0977635
8	0.0573653
8	0.205016
8	0.091451
8	0.0942954
8	0.090716
8	0.232211
8	0.169931
8	0.278111
8	0.143604
8	0.125615
8	0.140072
8	0.0931771
8	0.272691
8	0.132419
8	0.0784543
8	0.17824
8	0.0623694
8	0.189808
8	0.224865
8	0.121974
8	0.174015
8	0.0657399
8	0.239173
8	0.084958
8	0.0438241
8	0.146797
8	0.12551
8	0.0702796
8	0.171067
8	0.108161
8	0.272953
8	0.353149
8	0.0953435
8	0.225287
8	0.0928248
8	0.148844
8	0.110655
8	0.297397
8	0.101606
8	0.0782812
8	0.233084
8	0.233632
8	0.307199
8	0.181007
8	0.300938
8	0.215029
8	0.142439
8	0.215974
8	0.289795
8	0.0804386
8	0.149057
8	0.119415
8	0.104638
8	0.180674
8	0.205576
8	0.0534361
8	0.084051
8	0.0364908
8	0.123013
8	0.528137
8	0.200407
8	0.25888
8	0.0831765
8	0.191491
8	0.258767
8	0.0713134
8	0.169629
8	0.214889
8	0.110895
8	0.164649
8	0.156112
8	0.224401
8	0.109548
8	0.180827
8	0.158442
8	0.10372
8	0.0820081
8	0.261908
8	0.14755
8	0.143402
8	0.114527
8	0.125748
8	0.326487
8	0.126338
8	0.159544
8	0.184935
8	0.165316
8	0.17695
8	0.336098
8	0.156846
8	0.197144
8	0.165518
8	0.0868806
8	0.282758
8	0.150061
8	0.06294
8	0.0960099
8	0.135197
8	0.208804
11	0.152618
11	0.0469301
11	0.0845943
11	0.101583
11	0.225143
11	0.110322
11	0.0265352
11	0.0465344
11	0.157249
11	0.204972
11	0.232617
11	0.282871
11	0.119806
11	0.163687
11	0.142548
11	0.0963624
11	0.127821
11	0.135235
11	0.0405978
11	0.104474
11	0.23079
11	0.158561
11	0.0296053
11	0.0727393
11	0.137958
11	0.211499
11	0.138686
11	0.137792
11	0.290492
11	0.0669451
11	0.0780919
11	0.0347766
11	0.0471743
11	0.153728
11	0.138514
11	0.153214
11	0.123863
11	0.029166
11	0.0720168
11	0.0517569
11	0.0899124
11	0.0929033
11	0.0460468
11	0.228606
11	0.165116
11	0.0544216
11	0.17986
11	0.138228
11	0.137772
11	0.155877
11	0.111358
11	0.128266
11	0.279937
11	0.115987
11	0.120688
11	0.0418085
11	0.20359
11	0.117951
11	0.0683121
11	0.0613777
11	0.163226
11	0.101939
11	0.102737
11	0.0134568
11	0.111846
11	0.117593
11	0.258209
11	0.181557
11	0.0890204
11	0.0978389
11	0.200975
11	0.143247
11	0.050745
11	0.134718
11	0.05207
11	0.283893
11	0.0992206
11	0.127917
11	0.106513
11	0.321576
11	0.122797
11	0.131698
11	0.173536
11	0.0839615
11	0.154826
11	0.0657985
11	0.0314527
11	0.23268
11	0.164568
11	0.162705
11	0.124367
11	0.105159
11	0.170787
11	0.197681
11	0.2088
11	0.147172
11	0.121908
11	0.0938014
11	0.0774616
11	0.25816
14	0.0667314
14	0.105801
14	0.13074
14	0.187074
14	0.0599819
14	0.233183
14	0.117042
14	0.143469
14	0.0519432
14	0.0769433
14	0.0698995
14	0.0490606
14	0.143717
14	0.11103
14	0.201755
14	0.0381356
14	0.0861811
14	0.0667691
14	0.127148
14	0.200823
14	0.128077
14	0.184193
14	0.144049
14	0.0900149
14	0.0966146
14	0.168561
14	0.110811
14	0.151984
14	0.11786
14	0.0662459
14	0.0839375
14	0.133237
14	0.0677264
14	0.11601
14	0.118798
14	0.130677
14	0.0907902
14	0.119893
14	0.264926
14	0.117883
14	0.173555
14	0.164735
14	0.185945
14	0.264637
14	0.158902
14	0.405239
14	0.107823
14	0.0355538
14	0.123123
14	0.0425751
14	0.109926
14	0.243646
14	0.0869927
14	0.251072
14	0.0912536
14	0.116962
14	0.158429
14	0.0234643
14	0.0608813
14	0.100676
14	0.166988
14	0.0910785
14	0.177785
14	0.136649
14	0.0459681
14	0.130773
14	0.0820259
14	0.0625198
14	0.0803475
14	0.100372
14	0.0300749
14	0.0213069
14	0.149707
14	0.187612
14	0.208556
14	0.0704178
14	0.146331
14	0.068633
14	0.216456
14	0.0828424
14	0.138691
14	0.175623
14	0.144436
14	0.158064
14	0.131253
14	0.0849645
14	0.291264
14	0.0574236
14	0.0965659
14	0.0924445
14	0.229498
14	0.124967
14	0.0816742
14	0.128693
14	0.161101
14	0.0883991
14	0.192903
14	0.162344
14	0.150372
14	0.138656
17	0.102465
17	0.075952
17	0.124841
17	0.12522
17	0.0760237
17	0.190723
17	0.125338
17	0.0753792
17	0.0196973
17	0.140516
17	0.0466793
17	0.201918
17	0.139506
17	0.139494
17	0.109152
17	0.239271
17	0.0829087
17	0.103498
17	0.0923929
17	0.113555
17	0.0835051
17	0.129366
17	0.147956
17	0.167531
17	0.047713
17	0.160695
17	0.17579
17	0.158556
17	0.0646966
17	0.115399
17	0.101528
17	0.0819386
17	0.0957405
17	0.116002
17	0.0623897
17	0.0680889
17	0.126228
17	0.0986079
17	0.055936
17	0.0772983
17	0.0923729
17	0.0448863
17	0.0906346
17	0.0761347
17	0.030443
17	0.0744755
17	0.0934661
17	0.0421715
17	0.225504
17	0.155718
17	0.0795281
17	0.0187634
17	0.145369
17	0.125124
17	0.0834512
17	0.132531
17	0.1065
17	0.194101
17	0.160869
17	0.118339
17	0.142493
17	0.0723551
17	0.0730055
17	0.143312
17	0.154369
17	0.140338
17	0.117061
17	0.121897
17	0.182575
17	0.211197
17	0.0746842
17	0.16149
17	0.129022
17	0.0366722
17	0.14999
17	0.031247
17	0.19275
17	0.077383
17	0.157214
17	0.152763
17	0.0666384
17	0.109114
17	0.137651
17	0.196061
17	0.107932
17	0.101336
17	0.155515
17	0.0958287
17	0.134769
17	0.0833603
17	0.105465
17	0.119558
17	0.073708
17	0.0878145
17	0.163714
17	0.255305
17	0.141865
17	0.118514
17	0.063563
17	0.0892816
20	0.220985
20	0.112898
20	0.171065
20	0.136755
20	0.107955
20	0.107278
20	0.0587726
20	0.0661237
20	0.241294
20	0.0493914
20	0.0963142
20	0.171009
20	0.112637
20	0.13091
20	0.154695
20	0.076149
20	0.0869911
20	0.0745854
20	0.0696013
20	0.0825201
20	0.110539
20	0.135937
20	0.0968677
20	0.0713074
20	0.182335
20	0.0469572
20	0.173912
20	0.0904591
20	0.131566
20	0.0539258
20	0.108456
20	0.141514
20	0.142026
20	0.0680642
20	0.118286
20	0.0796117
20	0.0779485
20	0.173234
20	0.165971
20	0.15029
20	0.122178
20	0.105737
20	0.103236
20	0.103216
20	0.191785
20	0.144161
20	0.143327
20	0.126064
20	0.141943
20	0.106885
20	0.161636
20	0.223357
20	0.0559354
20	0.0676863
20	0.129068
20	0.201149
20	0.0751681
20	0.191002
20	0.0483727
20	0.0768884
20	0.100244
20	0.0214849
20	0.185872
20	0.115298
20	0.0472857
20	0.0576692
20	0.0627902
20	0.0865841
20	0.275546
20	0.113324
20	0.0991507
20	0.0321407
20	0.157726
20	0.0723498
20	0.0735465
20	0.111638
20	0.041006
20	0.0450136
20	0.102428
20	0.132576
20	0.126901
20	0.117325
20	0.199309
20	0.115354
20	0.0468214
20	0.0232602
20	0.126744
20	0.101021
20	0.0203288
20	0.100016
20	0.14793
20	0.0889918
20	0.10974
20	0.0907916
20	0.191785
20	0.0376235
20	0.180837
20	0.094351
20	0.179109
20	0.11542
23	0.149487
23	0.143241
23	0.108927
23	0.133821
23	0.102789
23	0.0957401
23	0.0445772
23	0.0800362
23	0.169473
23	0.11096
23	0.0681349
23	0.155426
23	0.106342
23	0.158187
23	0.048764
23	0.0446024
23	0.113898
23	0.149692
23	0.0557227
23	0.118903
23	0.0714324
23	0.170132
23	0.0528257
23	0.075263
23	0.166114
23	0.0851452
23	0.128578
23	0.0929993
23	0.085673
23	0.104881
23	0.11616
23	0.0245355
23	0.0642249
23	0.0723978
23	0.120559
23	0.118208
23	0.161272
23	0.0529386
23	0.223056
23	0.0629248
23	0.0742168
23	0.17671
23	0.0746293
23	0.179903
23	0.0723941
23	0.235085
23	0.121002
23	0.0561669
23	0.091283
23	0.0859524
23	0.0981988
23	0.13098
23	0.203252
23	0.0587633
23	0.0286239
23	0.0995561
23	0.0805705
23	0.0431857
23	0.0908229
23	0.0888068
23	0.0596671
23	0.0680993
23	0.152279
23	0.191767
23	0.130336
23	0.11426
23	0.12324
23	0.10499
23	0.0820008
23	0.0803885
23	0.0855354
23	0.0327065
23	0.0708155
23	0.0932562
23	0.0773604
23	0.125277
23	0.0488453
23	0.0579673
23	0.155686
23	0.149111
23	0.105445
23	0.136615
23	0.147169
23	0.140605
23	0.0613336
23	0.0640715
23	0.0917087
23	0.0133638
23	0.126553
23	0.0900505
23	0.106923
23	0.0914234
23	0.050858
23	0.0140545
23	0.057364
23	0.137885
23	0.103876
23	0.0302424
23	0.124534
23	0.0917098
26	0.109762
26	0.117348
26	0.0706427
26	0.0922583
26	0.145083
26	0.20135
26	0.199367
26	0.0816325
26	0.0980977
26	0.0963314
26	0.105708
26	0.0433612
26	0.0600574
26	0.0624721
26	0.0700588
26	0.129115
26	0.0942197
26	0.105571
26	0.123772
26	0.126841
26	0.175699
26	0.0909177
26	0.0283528
26	0.0348535
26	0.12393
26	0.05322
26	0.15796
26	0.108446
26	0.108004
26	0.0830148
26	0.100689
26	0.133096
26	0.0804974
26	0.0522647
26	0.117691
26	0.102288
26	0.0868528
26	0.149413
26	0.121654
26	0.102999
26	0.149902
26	0.102694
26	0.103242
26	0.0946067
26	0.11556
26	0.0286408
26	0.0987293
26	0.0597046
26	0.150507
26	0.204726
26	0.0331221
26	0.0745608
26	0.107727
26	0.0797888
26	0.0813776
26	0.0655844
26	0.0508431
26	0.0519457
26	0.0830826
26	0.151708
26	0.0612741
26	0.044099
26	0.0780136
26	0.0821679
26	0.164249
26	0.0445344
26	0.112006
26	0.201038
26	0.0885719
26	0.0554497
26	0.140687
26	0.0271688
26	0.0568148
26	0.133114
26	0.0831623
26	0.124609
26	0.0725516
26	0.0435668
26	0.029345
26	0.0293615
26	0.0966362
26	0.0646053
26	0.0403208
26	0.117693
26	0.183878
26	0.0464971
26	0.0652796
26	0.0886859
26	0.0426023
26	0.18096
26	0.072543
26	0.132679
26	0.0674046
26	0.134142
26	0.0152696
26	0.0919756
26	0.0680416
26	0.0887938
26	0.159847
26	0.0527989
29	0.116464
29	0.0799912
29	0.090253
29	0.0851326
29	0.127696
29	0.0709789
29	0.115894
29	0.109449
29	0.151991
29	0.122527
29	0.0348013
29	0.117534
29	0.0791588
29	0.0870018
29	0.0392449
29	0.0625756
29	0.134359
29	0.060219
29	0.0574462
29	0.0653177
29	0.22989
29	0.105954
29	0.102674
29	0.140904
29	0.0921032
29	0.112473
29	0.020966
29	0.14985
29	0.0806849
29	0.200227
29	0.136998
29	0.161824
29	0.0614029
29	0.0318947
29	0.169518
29	0.151896
29	0.193659
29	0.0719393
29	0.150648
29	0.0337821
29	0.1209
29	0.0854105
29	0.129013
29	0.0592251
29	0.0999709
29	0.189561
29	0.103453
29	0.106023
29	0.116133
29	0.0998835
29	0.0663119
29	0.0364573
29	0.1134
29	0.0714283
29	0.213384
29	0.0468135
29	0.126954
29	0.0824849
29	0.131388
29	0.0298666
29	0.0904931
29	0.133563
29	0.126184
29	0.0698426
29	0.072499
29	0.0819802
29	0.0966857
29	0.121244
29	0.128983
29	0.0450484
29	0.0787177
29	0.0134718
29	0.193391
29	0.0838239
29	0.139708
29	0.0429315
29	0.12774
29	0.160843
29	0.118298
29	0.0540163
29	0.124953
29	0.153836
29	0.0447996
29	0.0514675
29	0.128576
29	0.0712494
29	0.0706647
29	0.119086
29	0.170563
29	0.149425
29	0.0998592
29	0.118891
29	0.0862771
29	0.0365223
29	0.0958087
29	0.0638892
29	0.0579514
29	0.0501366
29	0.184379
29	0.19358
32	0.116591
32	0.0700725
32	0.0766601
32	0.154118
32	0.0296159
32	0.0176042
32	0.118269
32	0.136531
32	0.0933592
32	0.110506
32	0.0466501
32	0.0205753
32	0.200048
32	0.0828604
32	0.0893395
32	0.107221
32	0.0707861
32	0.0550831
32	0.137908
32	0.114472
32	0.0994924
32	0.0573454
32	0.0369058
32	0.120625
32	0.0833147
32	0.0607584
32	0.109298
32	0.0507621
32	0.141312
32	0.0606023
32	0.173015
32	0.127836
32	0.060389
32	0.0341976
32	0.05843
32	0.0942808
32	0.123627
32	0.067531
32	0.126784
32	0.0682084
32	0.120754
32	0.118598
32	0.103837
32	0.016584
32	0.083241
32	0.124368
32	0.0888373
32	0.0501687
32	0.0826611
32	0.102309
32	0.0583537
32	0.105815
32	0.070434
32	0.0947208
32	0.0790033
32	0.0764115
32	0.0570726
32	0.128134
32	0.133815
32	0.0855615
32	0.111544
32	0.0766803
32	0.0724269
32	0.0494549
32	0.0613993
32	0.0679867
32	0.110882
32	0.140104
32	0.0896094
32	0.123319
32	0.0817557
32	0.100245
32	0.11923
32	0.0196066
32	0.104016
32	0.164167
32	0.139909
32	0.0571686
32	0.0115073
32	0.124299
32	0.054795
32	0.0922662
32	0.0899721
32	0.0528998
32	0.135518
32	0.0199239
32	0.0624366
32	0.0712765
32	0.036759
32	0.080445
32	0.0945422
32	0.0938962
32	0.148362
32	0.144491
32	0.0356921
32	0.105113
32	0.150335
32	0.180997
32	0.189826
32	0.124009
35	0.102473
35	0.123026
35	0.0977836
35	0.107493
35	0.0644637
35	0.0514197
35	0.0460943
35	0.0848553
35	0.102075
35	0.0729119
35	0.0559211
35	0.0806039
35	0.0624057
35	0.120061
35	0.123045
35	0.0863038
35	0.0733412
35	0.08651
35	0.124175
35	0.0803036
35	0.0606968
35	0.0904366
35	0.0506539
35	0.16693
35	0.104984
35	0.0624548
35	0.180711
35	0.0609249
35	0.20324
35	0.148907
35	0.0586775
35	0.182516
35	0.0296999
35	0.150776
35	0.0589099
35	0.0635704
35	0.130733
35	0.0467788
35	0.0593904
35	0.151017
35	0.0531924
35	0.0604869
35	0.107794
35	0.133512
35	0.0556189
35	0.0124867
35	0.0330632
35	0.0854978
35	0.0285261
35	0.0512022
35	0.0557553
35	0.0735166
35	0.0110866
35	0.0552063
35	0.161842
35	0.0528231
35	0.0302478
35	0.0251716
35	0.0416411
35	0.035561
35	0.15414
35	0.0603909
35	0.0977329
35	0.118296
35	0.0791823
35	0.143857
35	0.0658693
35	0.107515
35	0.0868288
35	0.104189
35	0.0991207
35	0.0703091
35	0.112218
35	0.082208
35	0.10226
35	0.0215208
35	0.0965252
35	0.106037
35	0.127405
35	0.116907
35	0.0639214
35	0.0886621
35	0.0696972
35	0.0739434
35	0.202881
35	0.0835056
35	0.0664531
35	0.0292928
35	0.0633784
35	0.0572206
35	0.0375022
35	0.0657947
35	0.120085
35	0.127185
35	0.0907654
35	0.0271469
35	0.0457746
35	0.0548525
35	0.0978328
35	0.0833702
38	0.0795572
38	0.107859
38	0.0675445
38	0.15311
38	0.0966274
38	0.071727
38	0.182249
38	0.0814647
38	0.0825369
38	0.0622686
38	0.0687894
38	0.185681
38	0.0824292
38	0.114006
38	0.203545
38	0.0946554
38	0.0935721
38	0.0824985
38	0.0361491
38	0.0658856
38	0.129623
38	0.119828
38	0.0956387
38	0.0625301
38	0.0970307
38	0.124079
38	0.144094
38	0.0938525
38	0.112941
38	0.158868
38	0.0246098
38	0.179419
38	0.134546
38	0.143902
38	0.0915845
38	0.126553
38	0.077459
38	0.114694
38	0.152671
38	0.114371
38	0.0203592
38	0.0799602
38	0.075188
38	0.0630534
38	0.138218
38	0.122174
38	0.11641
38	0.0528723
38	0.114293
38	0.135962
38	0.0278989
38	0.107313
38	0.132304
38	0.101675
38	0.059199
38	0.103953
38	0.193269
38	0.0917126
38	0.153094
38	0.0758349
38	0.0466186
38	0.0386028
38	0.10299
38	0.0984504
38	0.104785
38	0.088227
38	0.0716723
38	0.151987
38	0.0406867
38	0.110946
38	0.0757407
38	0.0655195
38	0.110364
38	0.0544627
38	0.0819918
38	0.0618206
38	0.108041
38	0.102003
38	0.113839
38	0.0400215
38	0.1949
38	0.0374144
38	0.099415
38	0.0860267
38	0.141709
38	0.0664921
38	0.0592472
38	0.0739557
38	0.0128114
38	0.071616
38	0.116776
38	0.0968556
38	0.114277
38	0.127201
38	0.0496092
38	0.0469803
38	0.105781
38	0.00289619
38	0.166024
38	0.11426
41	0.0816712
41	0.111072
41	0.0175209
41	0.164608
41	0.175765
41	0.128429
41	0.0753274
41	0.0817444
41	0.138182
41	0.0129244
41	0.0009937
41	0.0780236
41	0.114726
41	0.0469929
41	0.0456044
41	0.0849095
41	0.0404914
41	0.0484698
41	0.204939
41	0.0769818
41	0.0482927
41	0.0255918
41	0.0657897
41	0.0715506
41	0.11687
41	0.0876411
41	0.0892106
41	0.114181
41	0.0908861
41	0.111337
41	0.0704574
41	0.12242
41	0.0992631
41	0.0503508
41	0.0556797
41	0.0383755
41	0.0301961
41	0.0993295
41	0.108148
41	0.150037
41	0.10036
41	0.0926029
41	0.0643831
41	0.148934
41	0.0890278
41	0.0642946
41	0.0483195
41	0.0434321
41	0.103173
41	0.12648
41	0.107621
41	0.077784
41	0.076382
41	0.0452692
41	0.0620963
41	0.112663
41	0.0997854
41	0.197216
41	0.0923413
41	0.107042
41	0.171048
41	0.101279
41	0.0811385
41	0.0659478
41	0.117191
41	0.0871394
41	0.0543713
41	0.167856
41	0.0453426
41	0.0715175
41	0.0764837
41	0.0830666
41	0.16794
41	0.0828446
41	0.132867
41	0.148009
41	0.130588
41	0.140658
41	0.0681582
41	0.159432
41	0.0608796
41	0.0653218
41	0.159569
41	0.154672
41	0.105374
41	0.080293
41	0.11753
41	0.159042
41	0.106757
41	0.0592139
41	0.0932289
41	0.161154
41	0.0333038
41	0.104097
41	0.0732832
41	0.0629072
41	0.0874476
41	0.0260832
41	0.0794901
41	0.148602
44	0.135269
44	0.0782532
44	0.127591
44	0.0555932
44	0.0864728
44	0.105294
44	0.0752176
44	0.198924
44	0.0662435
44	0.0830265
44	0.0699782
44	0.150646
44	0.137155
44	0.122164
44	0.0726357
44	0.115584
44	0.180409
44	0.0474773
44	0.0877421
44	0.207337
44	0.0610947
44	0.0488685
44	0.0676515
44	0.087553
44	0.127745
44	0.18352
44	0.109922
44	0.0647262
44	0.109599
44	0.0804338
44	0.0498399
44	0.0541768
44	0.0608896
44	0.154927
44	0.0505257
44	0.0543386
44	0.0242902
44	0.117888
44	0.0688299
44	0.0630855
44	0.0214214
44	0.0500061
44	0.0910721
44	0.207561
44	0.0499282
44	0.0253788
44	0.0445725
44	0.0503409
44	0.138955
44	0.0504327
44	0.155763
44	0.168888
44	0.129996
44	0.0683195
44	0.114755
44	0.065493
44	0.126986
44	0.117158
44	0.100185
44	0.0332844
44	0.128379
44	0.125241
44	0.0654933
44	0.0414906
44	0.150905
44	0.0669548
44	0.0787274
44	0.0937892
44	0.0409614
44	0.113897
44	0.0329454
44	0.10577
44	0.0947207
44	0.113395
44	0.130413
44	0.111322
44	0.0972474
44	0.0775315
44	0.115175
44	0.0653854
44	0.0885765
44	0.0752482
44	0.0759723
44	0.0681796
44	0.0902056
44	0.0877092
44	0.0630768
44	0.0976877
44	0.11122
44	0.135049
44	0.0526157
44	0.129318
44	0.0713034
44	0.0865148
44	0.109178
44	0.139029
44	0.143026
44	0.0531171
44	0.0954555
44	0.0492243
47	0.0717952
47	0.0683243
47	0.0475628
47	0.100753
47	0.149147
47	0.0652082
47	0.114975
47	0.112809
47	0.056657
47	0.125955
47	0.109687
47	0.102083
47	0.0350773
47	0.12124
47	0.0654331
47	0.030649
47	0.144058
47	0.0721518
47	0.100707
47	0.137469
47	0.0559303
47	0.190427
47	0.0608346
47	0.0529234
47	0.179737
47	0.0802503
47	0.117785
47	0.0514916
47	0.039867
47	0.0810554
47	0.0533972
47	0.102456
47	0.0695811
47	0.079127
47	0.0327678
47	0.117143
47	0.02566
47	0.0965036
47	0.0578448
47	0.0895736
47	0.0182232
47	0.072397
47	0.125409
47	0.0230266
47	0.140977
47	0.0818182
47	0.0449727
47	0.082548
47	0.0516371
47	0.0966291
47	0.038999
47	0.109122
47	0.113509
47	0.0571809
47	0.0463445
47	0.0755813
47	0.0222912
47	0.034518
47	0.0480787
47	0.0167678
47	0.0443276
47	0.156694
47	0.0657672
47	0.010652
47	0.0498744
47	0.1138
47	0.0152656
47	0.073887
47	0.0849225
47	0.059799
47	0.147594
47	0.0803924
47	0.0618095
47	0.128805
47	0.0772052
47	0.0457505
47	0.0562834
47	0.0823521
47	0.137614
47	0.0406361
47	0.128816
47	0.0927638
47	0.114954
47	0.0544688
47	0.0625145
47	0.133222
47	0.0896865
47	0.0885786
47	0.136015
47	0.08289
47	0.0466881
47	0.059183
47	0.148385
47	0.0887426
47	0.0892321
47	0.0884121
47	0.10626
47	0.0988381
47	0.19242
47	0.0465383
50	0.056387
50	0.105333
50	0.065904
50	0.144171
50	0.0352138
50	0.051142
50	0.0800298
50	0.147089
50	0.0850233
50	0.0539569
50	0.0649001
50	0.0620802
50	0.0581085
50	0.174593
50	0.020202
50	0.11581
50	0.0819759
50	0.221711
50	0.019481
50	0.0818436
50	0.198046
50	0.0364435
50	0.0727043
50	0.106895
50	0.0517651
50	0.207099
50	0.112885
50	0.0317763
50	0.065849
50	0.0393911
50	0.0433201
50	0.0298399
50	0.0498978
50	0.0795999
50	0.0774558
50	0.142768
50	0.087216
50	0.137676
50	0.0396583
50	0.0302624
50	0.0457919
50	0.13643
50	0.103954
50	0.0443839
50	0.218024
50	0.11651
50	0.0565594
50	0.0563731
50	0.0836033
50	0.0687811
50	0.0429027
50	0.110755
50	0.178353
50	0.070154
50	0.0597108
50	0.053386
50	0.0482756
50	0.1369
50	0.0285264
50	0.0337824
50	0.117041
50	0.0703318
50	0.0618146
50	0.0687302
50	0.116466
50	0.102889
50	0.0470631
50	0.141459
50	0.053159
50	0.100689
50	0.028251
50	0.125507
50	0.113554
50	0.0852895
50	0.0448379
50	0.0612461
50	0.0913919
50	0.0869559
50	0.0700599
50	0.046699
50	0.0674172
50	0.0611933
50	0.164542
50	0.108649
50	0.0837649
50	0.0725205
50	0.167901
50	0.146284
50	0.0745618
50	0.0758183
50	0.100632
50	0.0533729
50	0.145998
50	0.0576296
50	0.0584899
50	0.088655
50	0.0745592
50	0.0986369
50	0.0433345
50	0.0726813
53	0.156592
53	0.0859117
53	0.0787361
53	0.120203
53	0.034644
53	0.109319
53	0.0649433
53	0.104972
53	0.136317
53	0.0884997
53	0.0399594
53	0.00452884
53	0.164
53	0.0759193
53	0.0757734
53	0.057015
53	0.11691
53	0.0908773
53	0.13846
53	0.113305
53	0.0758846
53	0.220856
53	0.123935
53	0.00331381
53	0.197599
53	0.0112577
53	0.105542
53	0.0430103
53	0.0478976
53	0.0784978
53	0.0836872
53	0.160799
53	0.100682
53	0.0105376
53	0.151277
53	0.10278
53	0.0891661
53	0.0744326
53	0.121776
53	0.112656
53	0.0643602
53	0.0663134
53	0.0990758
53	0.0726938
53	0.111446
53	0.14414
53	0.0290014
53	0.117158
53	0.0870577
53	0.0643368
53	0.135323
53	0.0548722
53	0.127817
53	0.0590955
53	0.12594
53	0.0439078
53	0.0887725
53	0.125466
53	0.130094
53	0.0726081
53	0.0909855
53	0.105452
53	0.0966147
53	0.180435
53	0.0940154
53	0.0903339
53	0.0623833
53	0.100904
53	0.0352374
53	0.0285741
53	0.0472159
53	0.030744
53	0.0741833
53	0.0604236
53	0.0838303
53	0.150414
53	0.0827229
53	0.088432
53	0.103293
53	0.0690913
53	0.0885963
53	0.0801846
53	0.0999195
53	0.0938515
53	0.086783
53	0.0362802
53	0.116114
53	0.0996559
53	0.0274066
53	0.0423495
53	0.0731573
53	0.122881
53	0.0499497
53	0.101887
53	0.138889
53	0.0692054
53	0.00201851
53	0.156348
53	0.0689244
53	0.156495
56	0.04111
56	0.0600389
56	0.0732679
56	0.0916053
56	0.106035
56	0.0493802
56	0.140457
56	0.0932966
56	0.145047
56	0.0822457
56	0.0304585
56	0.105955
56	0.0950887
56	0.0537508
56	0.0847249
56	0.0981759
56	0.0647501
56	0.0830256
56	0.0682707
56	0.0634086
56	0.095011
56	0.0544444
56	0.0706698
56	0.0876981
56	0.108083
56	0.034681
56	0.0335264
56	0.175782
56	0.136948
56	0.125031
56	0.0504539
56	0.104832
56	0.00968463
56	0.121198
56	0.125449
56	0.189199
56	0.184211
56	0.14071
56	0.0714103
56	0.136871
56	0.0553385
56	0.10968
56	0.0618728
56	0.0714448
56	0.0494116
56	0.15438
56	0.0235565
56	0.058371
56	0.0936959
56	0.0725559
56	0.0624919
56	0.0903266
56	0.0573722
56	0.123301
56	0.116427
56	0.0876042
56	0.0429634
56	0.0228522
56	0.0149316
56	0.0532345
56	0.0696205
56	0.0430818
56	0.0654212
56	0.0876441
56	0.0855256
56	0.0095604
56	0.0664469
56	0.092949
56	0.055428
56	0.144576
56	0.0773158
56	0.138846
56	0.0565917
56	0.210339
56	0.049434
56	0.191011
56	0.118506
56	0.0287698
56	0.0288233
56	0.0947269
56	0.063888
56	0.0694762
56	0.0410109
56	0.125135
56	0.0446724
56	0.0107205
56	0.106184
56	0.0909814
56	0.0862309
56	0.076901
56	0.0351218
56	0.0574654
56	0.0740008
56	0.0159702
56	0.0860978
56	0.00206809
56	0.101042
56	0.123278
56	0.121473
56	0.0423295
59	0.044623
59	0.0753262
59	0.203378
59	0.0634732
59	0.0385393
59	0.0985439
59	0.103727
59	0.0263039
59	0.0837843
59	0.0586684
59	0.0644726
59	0.131932
59	0.117284
59	0.0680077
59	0.063283
59	0.0226646
59	0.0802087
59	0.0954808
59	0.0960395
59	0.122038
59	0.185523
59	0.146114
59	0.0431356
59	0.0982716
59	0.127318
59	0.0699045
59	0.109723
59	0.084614
59	0.153431
59	0.0541525
59	0.0374509
59	0.0542969
59	0.09284
59	0.0378108
59	0.0821433
59	0.0107321
59	0.123459
59	0.0512263
59	0.0461246
59	0.0968084
59	0.157784
59	0.0290271
59	0.0788768
59	0.0709265
59	0.0839902
59	0.138614
59	0.0320277
59	0.136491
59	0.0795339
59	0.0792018
59	0.0504376
59	0.0210811
59	0.15882
59	0.0568243
59	0.107307
59	0.0929432
59	0.170036
59	0.0763962
59	0.0113009
59	0.112324
59	0.0709506
59	0.101179
59	0.0743491
59	0.133555
59	0.123818
59	0.0200236
59	0.0637683
59	0.0482872
59	0.0330616
59	0.077104
59	0.140477
59	0.0696687
59	0.0655653
59	0.158382
59	0.0525628
59	0.0858868
59	0.127482
59	0.212058
59	0.183723
59	0.116119
59	0.144083
59	0.0712721
59	0.0520612
59	0.0836912
59	0.0685028
59	0.0405572
59	0.0441725
59	0.0703229
59	0.0604355
59	0.095711
59	0.0648299
59	0.0741575
59	0.0365348
59	0.0501467
59	0.0570228
59	0.0569239
59	0.111439
59	0.194351
59	0.156451
59	0.0722602
62	0.161819
62	0.135393
62	0.116585
62	0.117076
62	0.059414
62	0.0732817
62	0.0872721
62	0.12219
62	0.117837
62	0.0736007
62	0.0262372
62	0.108838
62	0.0567262
62	0.00721853
62	0.0699867
62	0.0979664
62	0.0720888
62	0.0321447
62	0.0855497
62	0.0830344
62	0.0782936
62	0.0881537
62	0.0225749
62	0.0579571
62	0.0671087
62	0.0990307
62	0.177542
62	0.0533309
62	0.0764629
62	0.034537
62	0.048289
62	0.0632054
62	0.0365922
62	0.0950373
62	0.031566
62	0.155318
62	0.100836
62	0.153967
62	0.0757436
62	0.165818
62	0.0602463
62	0.0612366
62	0.0467904
62	0.154249
62	0.0359043
62	0.0675857
62	0.107285
62	0.0952194
62	0.0405443
62	0.0637152
62	0.0701975
62	0.0592175
62	0.141721
62	0.0190867
62	0.0480933
62	0.105611
62	0.076141
62	0.141628
62	0.0772656
62	0.0504909
62	0.0609822
62	0.124662
62	0.042216
62	0.0841127
62	0.0490973
62	0.0820249
62	0.0879887
62	0.124744
62	0.0530809
62	0.0879367
62	0.00569809
62	0.0627046
62	0.0726536
62	0.0614633
62	0.0165546
62	0.113833
62	0.185951
62	0.0871273
62	0.140742
62	0.0667034
62	0.0898502
62	0.0339605
62	0.134883
62	0.0900642
62	0.0341444
62	0.0555869
62	0.141277
62	0.19244
62	0.142788
62	0.0651476
62	0.122725
62	0.056498
62	0.0275923
62	0.0432885
62	0.0631963
62	0.0737703
62	0.0356983
62	0.0709833
62	0.0651192
62	0.0543373
65	0.0589191
65	0.056376
65	0.0606436
65	0.107782
65	0.103266
65	0.0609801
65	0.136989
65	0.0480997
65	0.0496607
65	0.00445227
65	0.110521
65	0.182329
65	0.139765
65	0.0490917
65	0.0829089
65	0.0171507
65	0.0639047
65	0.0422237
65	0.0826292
65	0.109098
65	0.124671
65	0.0535355
65	0.0263124
65	0.0384308
65	0.155185
65	0.0996221
65	0.054055
65	0.0423124
65	0.121078
65	0.122296
65	0.0988565
65	0.127293
65	0.104213
65	0.111145
65	0.115326
65	0.161302
65	0.085243
65	0.0287151
65	0.0607479
65	0.180994
65	0.0813951
65	0.0499673
65	0.115861
65	0.101328
65	0.0451618
65	0.0981803
65	0.146327
65	0.0149418
65	0.0340001
65	0.130925
65	0.085473
65	0.101951
65	0.0791958
65	0.0517333
65	0.11285
65	0.0940216
65	0.0738754
65	0.10456
65	0.135347
65	0.245254
65	0.0673936
65	0.0807623
65	0.0663947
65	0.01666
65	0.0816409
65	0.058108
65	0.116817
65	0.133716
65	0.0779788
65	0.111199
65	0.10749
65	0.0393902
65	0.0571878
65	0.0856381
65	0.113024
65	0.0695685
65	0.0791661
65	0.0309862
65	0.0719298
65	0.101918
65	0.2153
65	0.0432785
65	0.0831186
65	0.0823686
65	0.0488596
65	0.0914183
65	0.0646821
65	0.100694
65	0.018762
65	0.0993127
65	0.0701051
65	0.0624983
65	0.0381186
65	0.0319171
65	0.086175
65	0.101656
65	0.0850137
65	0.0435061
65	0.133987
65	0.0730966
68	0.12151
68	0.0251186
68	0.0572063
68	0.166597
68	0.0283552
68	0.0577188
68	0.0391971
68	0.08967
68	0.176008
68	0.0209342
68	0.0179648
68	0.056104
68	0.0688245
68	0.0520213
68	0.101237
68	0.0537841
68	0.0308937
68	0.115122
68	0.0751748
68	0.0121862
68	0.0419244
68	0.160935
68	0.103074
68	0.114487
68	0.0653183
68	0.0344268
68	0.115828
68	0.0974621
68	0.0895267
68	0.0902161
68	0.174304
68	0.0607744
68	0.0817436
68	0.0330364
68	0.0694463
68	0.113968
68	0.0622144
68	0.0318169
68	0.0426325
68	0.0986468
68	0.104296
68	0.0228242
68	0.0757594
68	0.0902561
68	0.045019
68	0.0949485
68	0.134891
68	0.082853
68	0.0976084
68	0.09135
68	0.0102143
68	0.00890097
68	0.0424071
68	0.0881952
68	0.0758314
68	0.111209
68	0.250183
68	0.0694919
68	0.0417272
68	0.0899398
68	0.0759087
68	0.153816
68	0.0840699
68	0.106013
68	0.0872335
68	0.102537
68	0.156237
68	0.0939276
68	0.0223621
68	0.131732
68	0.122988
68	0.118748
68	0.0383843
68	0.0799249
68	0.0821615
68	0.10409
68	0.0723101
68	0.0634614
68	0.105602
68	0.0535653
68	0.21754
68	0.0857157
68	0.0216598
68	0.108583
68	0.0777493
68	0.10859
68	0.187448
68	0.0909392
68	0.0242936
68	0.0217315
68	0.0612333
68	0.0573586
68	0.0697603
68	0.0358765
68	0.0765825
68	0.114815
68	0.170157
68	0.0721415
68	0.0598466
68	0.0547376
71	0.030251
71	0.109813
71	0.0580925
71	0.0885785
71	0.0815133
71	0.108441
71	0.102362
71	0.147823
71	0.106478
71	0.079234
71	0.034195
71	0.0561918
71	0.0452353
71	0.0218295
71	0.134786
71	0.0831476
71	0.0567266
71	0.0397159
71	0.120007
71	0.0826288
71	0.0761476
71	0.0243371
71	0.030934
71	0.0389164
71	0.118783
71	0.115084
71	0.120304
71	0.114236
71	0.0656576
71	0.0329204
71	0.0579883
71	0.000616981
71	0.067005
71	0.0592648
71	0.140249
71	0.119357
71	0.0352617
71	0.0123782
71	0.048388
71	0.0569287
71	0.0194485
71	0.0434417
71	0.205631
71	0.0675131
71	0.0861818
71	0.0621456
71	0.075685
71	0.109803
71	0.0224721
71	0.023714
71	0.114323
71	0.0669373
71	0.0583792
71	0.0472345
71	0.0621574
71	0.0866007
71	0.186224
71	0.0711919
71	0.00258705
71	0.0592205
71	0.0373361
71	0.190446
71	0.105049
71	0.0174747
71	0.116819
71	0.207255
71	0.0996765
71	0.140976
71	0.0827729
71	0.0182457
71	0.063229
71	0.0798325
71	0.169723
71	0.128319
71	0.0322873
71	0.0684685
71	0.0594839
71	0.0901143
71	0.0542522
71	0.0461424
71	0.0922624
71	0.0591241
71	0.0457813
71	0.0847133
71	0.0850676
71	0.0711429
71	0.156335
71	0.084291
71	0.0314273
71	0.0305351
71	0.03159
71	0.0348864
71	0.0349701
71	0.0475987
71	0.058883
71	0.0837027
71	0.115792
71	0.0250937
71	0.0556406
71	0.087324
74	0.0273053
74	0.00822211
74	0.0584286
74	0.0473036
74	0.123931
74	0.0284238
74	0.0978678
74	0.0575047
74	0.0815486
74	0.137243
74	0.0775899
74	0.0382491
74	0.114424
74	0.033233
74	0.0965606
74	0.0931593
74	0.0674435
74	0.11176
74	0.0759142
74	0.0521361
74	0.0928361
74	0.0600253
74	0.0564943
74	0.106416
74	0.0941826
74	0.0559623
74	0.103903
74	0.0304078
74	0.0439829
74	0.035907
74	0.119713
74	0.128813
74	0.0360356
74	0.0360057
74	0.109813
74	0.0118446
74	0.0300979
74	0.0969069
74	0.0284609
74	0.126908
74	0.0635688
74	0.0724323
74	0.0149902
74	0.168717
74	0.0391497
74	0.0640852
74	0.0929324
74	0.0768026
74	0.0320398
74	0.144061
74	0.0871051
74	0.0632582
74	0.0898801
74	0.0989286
74	0.080878
74	0.059652
74	0.0483432
74	0.0968774
74	0.052386
74	0.0419813
74	0.147763
74	0.0415123
74	0.15422
74	0.122198
74	0.119156
74	0.0659424
74	0.124801
74	0.136669
74	0.0368036
74	0.0503602
74	0.00217695
74	0.0636897
74	0.0729294
74	0.048626
74	0.0562672
74	0.123988
74	0.143651
74	0.115788
74	0.0922517
74	0.0465193
74	0.0429824
74	0.110512
74	0.0648527
74	0.0666735
74	0.048136
74	0.100807
74	0.0937592
74	0.0833669
74	0.103443
74	0.0225374
74	0.0167096
74	0.116366
74	0.12582
74	0.0778239
74	0.0903041
74	0.110181
74	0.048595
74	0.0710328
74	0.111942
74	0.130326
77	0.0707566
77	0.150204
77	0.0158181
77	0.0882754
77	0.0308417
77	0.0211679
77	0.145925
77	0.080074
77	0.0570032
77	0.045069
77	0.105682
77	0.097717
77	0.0711824
77	0.0257105
77	0.0823473
77	0.122083
77	0.0210957
77	0.136617
77	0.0496941
77	0.0136228
77	0.134894
77	0.117508
77	0.0431676
77	0.0475813
77	0.113525
77	0.0172217
77	0.0598396
77	0.0481471
77	0.0305294
77	0.178677
77	0.0676269
77	0.0927975
77	0.0289432
77	0.0681928
77	0.0970829
77	0.0943986
77	0.0838576
77	0.0741637
77	0.0995272
77	0.136301
77	0.172595
77	0.024897
77	0.100423
77	0.135026
77	0.122344
77	0.0159528
77	0.107108
77	0.05107
77	0.03501
77	0.0733365
77	0.0807938
77	0.0435219
77	0.0751261
77	0.0361617
77	0.0167315
77	0.0915303
77	0.0234845
77	0.0539809
77	0.158641
77	0.0758586
77	0.0819999
77	0.0674445
77	0.102536
77	0.0233114
77	0.0675761
77	0.0580144
77	0.0296935
77	0.16364
77	0.140145
77	0.148035
77	0.18395
77	0.0809274
77	0.0556734
77	0.133824
77	0.0474898
77	0.051688
77	0.0898513
77	0.102873
77	0.0621746
77	0.0554083
77	0.101072
77	0.0739041
77	0.128788
77	0.0511256
77	0.0296506
77	0.156771
77	0.0112769
77	0.0379232
77	0.028768
77	0.094932
77	0.0928904
77	0.0835021
77	0.0849607
77	0.11437
77	0.049433
77	0.141552
77	0.0405437
77	0.0462678
77	0.125988
77	0.123374
80	0.0554787
80	0.0698333
80	0.0608368
80	0.0729221
80	0.0966261
80	0.0218773
80	0.0512193
80	0.0535804
80	0.0337612
80	0.0403527
80	0.029822
80	0.0364991
80	0.134242
80	0.0413457
80	0.0723592
80	0.00584915
80	0.0501866
80	0.0861039
80	0.039786
80	0.136678
80	0.110805
80	0.0172663
80	0.0290793
80	0.0888913
80	0.0716235
80	0.052258
80	0.0736716
80	0.0813946
80	0.0523153
80	0.0974526
80	0.0830346
80	0.0710218
80	0.0665571
80	0.0318506
80	0.0930845
80	0.0559809
80	0.0426113
80	0.0863819
80	0.057664
80	0.00613249
80	0.102235
80	0.0235179
80	0.047117
80	0.0597431
80	0.0508294
80	0.0231343
80	0.143162
80	0.0791846
80	0.0911436
80	0.0374087
80	0.0539402
80	0.199213
80	0.147117
80	0.0720527
80	0.0647431
80	0.100827
80	0.033487
80	0.0881188
80	0.096573
80	0.0281814
80	0.105434
80	0.0612518
80	0.0676694
80	0.0493229
80	0.0559484
80	0.0217542
80	0.0999546
80	0.0501839
80	0.105564
80	0.100384
80	0.0238048
80	0.132777
80	0.0662071
80	0.117185
80	0.0907354
80	0.0248241
80	0.117533
80	0.0512108
80	0.0835772
80	0.062849
80	0.0151304
80	0.110479
80	0.143186
80	0.0563631
80	0.0146577
80	0.0898826
80	0.0601954
80	0.0488117
80	0.0383076
80	0.0508873
80	0.0586659
80	0.0336395
80	0.0325604
80	0.105658
80	0.0798454
80	0.0799091
80	0.071333
80	0.0883483
80	0.0715571
80	0.0589147
83	0.0637845
83	0.0531713
83	0.12921
83	0.0494701
83	0.0828228
83	0.119798
83	0.12841
83	0.0909586
83	0.112683
83	0.0746576
83	0.129856
83	0.0660983
83	0.0438986
83	0.0639111
83	0.0671937
83	0.0944167
83	0.106187
83	0.0408091
83	0.0566061
83	0.0904469
83	0.0981211
83	0.140305
83	0.124029
83	0.102006
83	0.0422984
83	0.130338
83	0.0579177
83	0.0261069
83	0.0425652
83	0.0850086
83	0.0743235
83	0.0752006
83	0.0185847
83	0.0765287
83	0.103172
83	0.0663551
83	0.10056
83	0.0429657
83	0.0385471
83	0.03276
83	0.0761174
83	0.0303661
83	0.0229908
83	0.0609812
83	0.0352941
83	0.121587
83	0.0999087
83	0.0261509
83	0.0515448
83	0.110725
83	0.0417346
83	0.0578247
83	0.2374
83	0.0122007
83	0.0214414
83	0.0897288
83	0.0481354
83	0.0941097
83	0.0786574
83	0.0753731
83	0.0346579
83	0.046706
83	0.15672
83	0.0317941
83	0.0809589
83	0.103972
83	0.00183006
83	0.137203
83	0.110754
83	0.0565859
83	0.0430117
83	0.0969896
83	0.0486561
83	0.0809798
83	0.0525572
83	0.0958224
83	0.0488409
83	0.0453333
83	0.0561087
83	0.0646754
83	0.0670902
83	0.123029
83	0.151118
83	0.0530229
83	0.0131343
83	0.154323
83	0.0330329
83	0.0390204
83	0.0510754
83	0.0223172
83	0.0424302
83	0.0263307
83	0.0553924
83	0.0510529
83	0.0400855
83	0.049858
83	0.0339597
83	0.10831
83	0.0918275
83	0.100871
86	0.10562
86	0.0769894
86	0.00983
86	0.0906576
86	0.131086
86	0.072825
86	0.0363456
86	0.0229434
86	0.0737963
86	0.0478068
86	0.0720097
86	0.0403417
86	0.0464112
86	0.0844288
86	0.0482741
86	0.0471463
86	0.0385114
86	0.00538448
86	0.0367643
86	0.0211185
86	0.0677791
86	0.0696852
86	0.0549005
86	0.106716
86	0.042002
86	0.031527
86	0.048929
86	0.0670832
86	0.0438101
86	0.0465172
86	0.026136
86	0.0375547
86	0.100124
86	0.140066
86	0.0911854
86	0.0442505
86	0.0597009
86	0.0787701
86	0.139395
86	0.0530218
86	0.0269216
86	0.0667112
86	0.0615521
86	0.0505343
86	0.0369304
86	0.0729183
86	0.149557
86	0.144028
86	0.0517736
86	0.032276
86	0.0950377
86	0.0870373
86	0.116049
86	0.0877121
86	0.113988
86	0.0808482
86	0.0331213
86	0.0765939
86	0.0250644
86	0.0400454
86	0.092806
86	0.0804767
86	0.0558861
86	0.0735655
86	0.100883
86	0.1305
86	0.0744595
86	0.122495
86	0.113976
86	0.145286
86	0.0451084
86	0.0772138
86	0.0563868
86	0.095109
86	0.0839662
86	0.0658638
86	0.00530808
86	0.123301
86	0.0679337
86	0.0928939
86	0.0375781
86	0.110829
86	0.0670798
86	0.0473822
86	0.0546694
86	0.0728807
86	0.0689948
86	0.0801748
86	0.046938
86	0.0625684
86	0.0402746
86	0.0759443
86	0.0826983
86	0.135063
86	0.111355
86	0.00922392
86	0.0722178
86	0.109066
86	0.0848829
86	0.116712
89	0.100657
89	0.121957
89	0.0509295
89	0.13959
89	0.0783461
89	0.0596121
89	0.0912236
89	0.0871159
89	0.0274694
89	0.0926852
89	0.0954767
89	0.0697207
89	0.132438
89	0.0748083
89	0.00376151
89	0.0639763
89	0.0471696
89	0.108136
89	0.0826145
89	0.090565
89	0.122292
89	0.11978
89	0.126923
89	0.0567059
89	0.0517119
89	0.0890475
89	0.0263484
89	0.128085
89	0.0385376
89	0.0859218
89	0.0881111
89	0.0314283
89	0.0915094
89	0.0271656
89	0.0960054
89	0.0272775
89	0.0802801
89	0.053593
89	0.111255
89	0.0647979
89	0.0395664
89	0.0163008
89	0.0470364
89	0.0969203
89	0.115815
89	0.03324
89	0.172807
89	0.0385133
89	0.0691265
89	0.0582911
89	0.0916218
89	0.120655
89	0.107866
89	0.0629088
89	0.0724529
89	0.0493152
89	0.0551176
89	0.063929
89	0.0448329
89	0.0829034
89	0.0743262
89	0.0849799
89	0.116331
89	0.0827371
89	0.0721955
89	0.0767665
89	0.0858681
89	0.0211647
89	0.0213998
89	0.073137
89	0.0490266
89	0.106948
89	0.152766
89	0.00823661
89	0.0620431
89	0.0267336
89	0.0928533
89	0.0907855
89	0.0623773
89	0.134461
89	0.0478742
89	0.104915
89	0.102576
89	0.032919
89	0.0487509
89	0.0329608
89	0.0672327
89	0.0350324
89	0.0512535
89	0.0982035
89	0.0575512
89	0.0617345
89	0.0462801
89	0.045933
89	0.0190765
89	0.0284007
89	0.0865054
89	0.0967887
89	0.0848129
89	0.0402973
92	0.0898695
92	0.0840383
92	0.0796051
92	0.0118419
92	0.034104
92	0.00971511
92	0.0913723
92	0.0464067
92	0.0541154
92	0.0271309
92	0.105272
92	0.0633008
92	0.0438989
92	0.0142964
92	0.00562685
92	0.00927652
92	0.0966026
92	0.084811
92	0.00696766
92	0.0568085
92	0.0558641
92	0.0521882
92	0.0470965
92	0.0258813
92	0.00748381
92	0.0574974
92	0.0268652
92	0.031259
92	0.0859601
92	0.0649694
92	0
92	0.0980768
92	0.0541288
92	0.0391475
92	0.117068
92	0.0602646
92	0.0388261
92	0.0434897
92	0.152338
92	0.0649897
92	0.0130286
92	0.215841
92	0.111502
92	0.110527
92	0.0971143
92	0.0877986
92	0.075415
92	0.050239
92	0.0798773
92	0.082462
92	0.086999
92	0.0858288
92	0.0353493
92	0.108011
92	0.0839518
92	0.0821937
92	0.0819803
92	0.0276794
92	0.100474
92	0.0285641
92	0.0807759
92	0.0876056
92	0.0134367
92	0.105946
92	0.0892267
92	0.0608545
92	0.112538
92	0.0263064
92	0.0824889
92	0.173007
92	0.0283313
92	0.0699371
92	0.0759556
92	0.0772144
92	0.0640504
92	0.098093
92	0.0807782
92	0.0766548
92	0.0782714
92	0.105658
92	0.057142
92	0.0362451
92	0.0812532
92	0.0673056
92	0.0983495
92	0.105661
92	0.0663254
92	0.0660115
92	0.02005
92	0.0544514
92	0.054399
92	0.0163795
92	0.0707451
92	0.0709808
92	0.059204
92	0.0289411
92	0.101871
92	0.0798157
92	0.0351473
92	0.0223469
95	0.0924771
95	0.0647985
95	0.0411053
95	0.033921
95	0.0712379
95	0.0824004
95	0.0738325
95	0.033981
95	0.054865
95	0.142227
95	0.0793496
95	0.0805334
95	0.0749264
95	0.0884408
95	0.0722606
95	0.112837
95	0.0430669
95	0.116458
95	0.10926
95	0.142906
95	0.0880363
95	0.1074
95	0.0638577
95	0.0814361
95	0.0957543
95	0.109185
95	0.0352257
95	0.0564967
95	0.0395502
95	0.0371875
95	0.055891
95	0.0463908
95	0.0563145
95	0.033882
95	0.189492
95	0.0618203
95	0.0517088
95	0.117103
95	0.0205198
95	0.10546
95	0.0715165
95	0.0946072
95	0.0660151
95	0.153789
95	0.0267215
95	0.088903
95	0.0881596
95	0.0552155
95	0.129821
95	0.0246894
95	0.115722
95	0.0922578
95	0.0519272
95	0.00830633
95	0.00613694
95	0.0713359
95	0.116057
95	0.0964365
95	0.0385622
95	0.098933
95	0.0600464
95	0.132787
95	0.0310541
95	0.129044
95	0.0677731
95	0.0513161
95	0.085965
95	0.0293729
95	0.0997163
95	0.0724749
95	0.0726842
95	0.169544
95	0.127401
95	0.100848
95	0.106874
95	0.0514376
95	0.0273686
95	0.107308
95	0.0843074
95	0.0444363
95	0.132234
95	0.0702044
95	0.00761508
95	0.0392384
95	0.0672828
95	0.0995945
95	0.0683604
95	0.033475
95	0.0487781
95	0.071887
95	0.0302586
95	0.0965371
95	0.0797651
95	0.149606
95	0.0756086
95	0.0532784
95	0.0443604
95	0.0175394
95	0.0952275
95	0.0940081
98	0.0744328
98	0.0524293
98	0.133319
98	0.0313878
98	0.0468408
98	0.0810238
98	0.13753
98	0.0340565
98	0.103446
98	0.0716574
98	0.0342147
98	0.0475731
98	0.0301909
98	0.109155
98	0.128531
98	0.076892
98	0.073424
98	0.105438
98	0.0190471
98	0.132892
98	0.0362031
98	0.0485643
98	0.066809
98	0.0327005
98	0.024651
98	0.0606772
98	0.0619476
98	0.0582382
98	0.0424046
98	0.0836145
98	0.0921686
98	0.0485791
98	0.0559887
98	0.0578758
98	0.0794981
98	0.140517
98	0.0806625
98	0.0192851
98	0.116492
98	0.0614988
98	0.0361372
98	0.0560384
98	0.0820543
98	0.043354
98	0.0532022
98	0.111805
98	0.0503998
98	0.0597593
98	0.0551094
98	0.0533805
98	0.0919711
98	0.0810689
98	0.0759427
98	0.0976647
98	0.0844275
98	0.0280111
98	0.133304
98	0.0417267
98	0.153146
98	0.119892
98	0.127655
98	0.065199
98	0.0707917
98	0.149836
98	0.0961374
98	0.0644405
98	0.0412777
98	0.0883342
98	0.0389913
98	0.0644466
98	0.060324
98	0.056711
98	0.108166
98	0.0529226
98	0.101876
98	0.043015
98	0.053238
98	0.0929624
98	0.0423305
98	0.125144
98	0.0629879
98	0.0676409
98	0.0206278
98	0.0442729
98	0.0709231
98	0.0361209
98	0.0161558
98	0.0559387
98	0.114387
98	0.0686653
98	0.0934194
98	0.0785832
98	0.0657936
98	0.106147
98	0.0889155
98	0.103709
98	0.109702
98	0.00783357
98	0.0365431
98	0.00441415
101	0.0154933
101	0.0711497
101	0.0390779
101	0.0459822
101	0.0960253
101	0.102635
101	0.0793088
101	0.100628
101	0.0284188
101	0.0262767
101	0.0692686
101	0.0668503
101	0.0513622
101	0.00380269
101	0.0993218
101	0.0587888
101	0.0826899
101	0.0575563
101	0.123213
101	0.0508717
101	0.0442435
101	0.099788
101	0.100468
101	0.139627
101	0.0260415
101	0.0279337
101	0.0501468
101	0.139358
101	0.0829506
101	0.120406
101	0.0909696
101	0.0361713
101	0.09162
101	0.0318116
101	0.0849421
101	0.0728381
101	0.132772
101	0.0992933
101	0.0347801
101	0.0543131
101	0.0513769
101	0.0933492
101	0.0963264
101	0.0588193
101	0.144433
101	0.0478495
101	0.0242491
101	0.0450057
101	0.0680409
101	0.0383313
101	0.189096
101	0.134024
101	0.0574388
101	0.117942
101	0.0896192
101	0.0527868
101	0.0515891
101	0.0830332
101	0.105939
101	0.154664
101	0.0278392
101	0.0203032
101	0.0616078
101	0.125709
101	0.0180025
101	0.0303743
101	0.110093
101	0.110667
101	0.0767546
101	0.114229
101	0.0178305
101	0.0858096
101	0.0679869
101	0.00932132
101	0.15836
101	0.0782722
101	0.0945264
101	0.0369885
101	0.046968
101	0.125408
101	0.0587847
101	0.0650378
101	0.00727239
101	0.0848006
101	0.172161
101	0.0504905
101	0.0222206
101	0.0412038
101	0.108415
101	0.0467889
101	0.0387563
101	0.110916
101	0.0926037
101	0.111248
101	0.0524718
101	0.109565
101	0.117092
101	0.110551
101	0.084187
101	0.0296058
104	0.0472756
104	0.0196923
104	0.0835846
104	0.0392917
104	0.107949
104	0.0192752
104	0.0311442
104	0.0606435
104	0.0401561
104	0.0419784
104	0.0371377
104	0.0282571
104	0.0386613
104	0.109196
104	0.0586537
104	0.0926603
104	0.0704076
104	0.0880233
104	0.0285046
104	0.0518607
104	0.0420194
104	0.0534902
104	0.0296875
104	0.0861065
104	0.126182
104	0.0728418
104	0.0929796
104	0.0385589
104	0.0509354
104	0.0836503
104	0.0553979
104	0.0680322
104	0.117648
104	0.0517909
104	0.112053
104	0.0656752
104	0.115721
104	0.0497483
104	0.0423411
104	0.0590897
104	0.0397244
104	0.0914936
104	0.0391036
104	0.0688792
104	0.0470659
104	0.0368869
104	0.0556378
104	0.0589379
104	0.064863
104	0.0265188
104	0.133705
104	0.142355
104	0.124949
104	0.138921
104	0.0734405
104	0.0474708
104	0.0880163
104	0.0812034
104	0.0546483
104	0.074856
104	0.0565282
104	0.0750233
104	0.00274838
104	0.03974
104	0.0403581
104	0.101139
104	0.105317
104	0.0715538
104	0.0898915
104	0.0943068
104	0.0762619
104	0.0150064
104	0.0357058
104	0.0743701
104	0.0663715
104	0.0924574
104	0.0336331
104	0.052608
104	0.0837864
104	0.04363
104	0.0295603
104	0.102899
104	0.0646261
104	0.0865888
104	0.0696689
104	0.142249
104	0.0734285
104	0.0744635
104	0.109175
104	0.0970649
104	0.0545914
104	0.208696
104	0.0718075
104	0.0745195
104	0.0384437
104	0.0449214
104	0.119019
104	0.0860723
104	0.218993
104	0.041574
107	0.0299282
107	0.0260541
107	0.0483599
107	0.157368
107	0.0608765
107	0.10578
107	0.122963
107	0.0560477
107	0.108392
107	0.02815
107	0.078525
107	0.0509744
107	0.0366152
107	0.0859841
107	0.0207217
107	0.0374117
107	0.0738985
107	0.180316
107	0.107661
107	0.184385
107	0.171106
107	0.0756236
107	0.0514271
107	0.0477704
107	0.0941221
107	0.0854765
107	0.04279
107	0.142823
107	0.0236756
107	0.0669947
107	0.0572409
107	0.0623745
107	0.111376
107	0.0104544
107	0.0707834
107	0.200843
107	0.0483158
107	0.0319454
107	0.17118
107	0.0356965
107	0.0412873
107	0.0936379
107	0.0759528
107	0.0508416
107	0.059155
107	0.0272434
107	0.0499922
107	0.0988645
107	0.059071
107	0.0566598
107	0.0822325
107	0.149632
107	0.0490389
107	0.0526625
107	0.0879016
107	0.0446313
107	0.0945819
107	0.0992266
107	0.0551741
107	0.0884179
107	0.0608396
107	0.0260572
107	0.0926275
107	0.0571741
107	0.0838401
107	0.0877282
107	0.069525
107	0.102198
107	0.0270009
107	0.0148569
107	0.159258
107	0.170324
107	0.0778773
107	0.0919472
107	0.0579872
107	0.0377763
107	0.0584459
107	0.0516431
107	0.137788
107	0.0651268
107	0.0250857
107	0.117509
107	0.0347176
107	0.00953546
107	0.131614
107	0.0431323
107	0.108616
107	0.0823233
107	0.116078
107	0.0713202
107	0.0560139
107	0.0603296
107	0.0464128
107	0.0260921
107	0.0632103
107	0.0559805
107	0.0344432
107	0.11635
107	0.0502564
107	0.0408202
110	0.0809923
110	0.0809169
110	0.069614
110	0.0532545
110	0.102006
110	0.0768975
110	0.0545006
110	0.0418717
110	0.0289224
110	0.0969332
110	0.145504
110	0.0391658
110	0.0879287
110	0.141049
110	0.10541
110	0.00384828
110	0.0347404
110	0.0283282
110	0.0547249
110	0.0471423
110	0.065866
110	0.0254766
110	0.0467927
110	0.0941561
110	0.103098
110	0.0559626
110	0.0368135
110	0.0401838
110	0.0294253
110	0.0824558
110	0.0381128
110	0.0865248
110	0.0893249
110	0.0296691
110	0.0575252
110	0.0750732
110	0.0601497
110	0.0442922
110	0.0475847
110	0.042257
110	0.0388695
110	0.0391645
110	0.0347303
110	0.0665697
110	0.101122
110	0.0780685
110	0.0647629
110	0.0998748
110	0.0755329
110	0.0250302
110	0.0731168
110	0.0531957
110	0.118057
110	0.154103
110	0.0337871
110	0.0630947
110	0.0395846
110	0.0675328
110	0.0930192
110	0.116866
110	0.0854217
110	0.0863217
110	0.0661344
110	0.0438035
110	0.0616454
110	0.0432079
110	0.0950399
110	0.0252392
110	0.0610019
110	0.0955175
110	0.055555
110	0.00659601
110	0.0750751
110	0.0219953
110	0.0700086
110	0.0682671
110	0.0475439
110	0.0366283
110	0.116455
110	0.0784688
110	0.0134454
110	0.0299818
110	0.0441415
110	0.0365951
110	0.104474
110	0.0788088
110	0.0582804
110	0.0705685
110	0.080047
110	0.0708236
110	0.018984
110	0.0801751
110	0.00591151
110	0.0663068
110	0.0603281
110	0.063021
110	0.0839183
110	0.170435
110	0.0646701
110	0.087227
113	0.0480084
113	0.0421649
113	0.113297
113	0.0924814
113	0.0547473
113	0.15797
113	0.0758449
113	0.0839082
113	0.0865147
113	0.111249
113	0.163987
113	0.0506226
113	0.123887
113	0.103498
113	0.0716849
113	0.0601767
113	0.101147
113	0.171687
113	0.0536985
113	0.071588
113	0.0458339
113	0.0889356
113	0.12761
113	0.0156989
113	0.119121
113	0.0611073
113	0.0812369
113	0.0123463
113	0.0889554
113	0.167162
113	0.0174157
113	0.0353294
113	0.109069
113	0.136528
113	0.0806726
113	0.103068
113	0.138482
113	0.0809013
113	0.0122558
113	0.0235638
113	0.0214016
113	0.055008
113	0.0979087
113	0.0771457
113	0.018771
113	0.0640268
113	0.0731736
113	0.0243514
113	0.0136373
113	0.0763081
113	0.107183
113	0.0699389
113	0.073896
113	0.114219
113	0.0187132
113	0.0751579
113	0.0688588
113	0.0766586
113	0.0762507
113	0.0280003
113	0.0687474
113	0.0768298
113	0.110999
113	0.0912763
113	0.0617204
113	0.0953692
113	0.0606923
113	0.0854814
113	0.0930831
113	0.0606462
113	0.0312341
113	0.109873
113	0.0715435
113	0.0121221
113	0.0485246
113	0.106114
113	0.030409
113	0.0595807
113	0.0939177
113	0.0673863
113	0.0566887
113	0.0789321
113	0.0589745
113	0.0371929
113	0.0305778
113	0.0692011
113	0.100502
113	0.0584088
113	0.0897289
113	0.0290196
113	0.0271424
113	0.0989217
113	0.0673443
113	0.0883795
113	0.0490095
113	0.0709555
113	0.0528026
113	0.0116905
113	0.053563
113	0.0496967
116	0.0690089
116	0.0612124
116	0.058746
116	0.112937
116	0.00316712
116	0.0541813
116	0.0175796
116	0.0317457
116	0.0741732
116	0.0570638
116	0.0615121
116	0.00485836
116	0.0469737
116	0.0393653
116	0.104608
116	0.10736
116	0.0980422
116	0.0408034
116	0.075015
116	0.0872696
116	0.0591472
116	0.205576
116	0.0886192
116	0.124454
116	0.0549046
116	0.165787
116	0.0899958
116	0.0822364
116	0.060645
116	0.0489975
116	0.0782297
116	0.160618
116	0.0864502
116	0.0287491
116	0.0978946
116	0.0241256
116	0.0588622
116	0.0571029
116	0.0307865
116	0.0350707
116	0.0442118
116	0.0255051
116	0.071065
116	0.0385769
116	0.107102
116	0.0498332
116	0.0200992
116	0.0539941
116	0.0898536
116	0.0563083
116	0.158282
116	0.065019
116	0.0283461
116	0.0541967
116	0.0346335
116	0.0345489
116	0.0776844
116	0.11886
116	0.0192367
116	0.0347023
116	0.0511305
116	0.028838
116	0.0163491
116	0.0861116
116	0.144935
116	0.0207912
116	0.118243
116	0.0492024
116	0.0824898
116	0.0801923
116	0.0236955
116	0.0558067
116	0.0919978
116	0.118233
116	0.135027
116	0.0859135
116	0.035772
116	0.0659144
116	0.0975708
116	0.058636
116	0.0836352
116	0.0390491
116	0.0118926
116	0.084695
116	0.0167646
116	0.0287243
116	0.00493096
116	0.143176
116	0.180769
116	0.127867
116	0.058849
116	0.0592519
116	0.0354663
116	0.113086
116	0.0489371
116	0.0682555
116	0.073091
116	0.117635
116	0.0293807
116	0.0964002
119	0.0690081
119	0.111544
119	0.134443
119	0.119874
119	0.177347
119	0.0479487
119	0.0962759
119	0.0653239
119	0.116913
119	0.0276875
119	0.0496252
119	0.0356949
119	0.0643998
119	0.0667787
119	0.00336794
119	0.0585493
119	0.0688724
119	0.104884
119	0.0307069
119	0.0530946
119	0.0557295
119	0.0316371
119	0.0922472
119	0.0528951
119	0.0761942
119	0.188175
119	0.0708134
119	0.152351
119	0.07133
119	0.0307291
119	0.035504
119	0.0995768
119	0.0168974
119	0.0277138
119	0.0171306
119	0.0955308
119	0.128949
119	0.0371506
119	0.0787461
119	0.0175169
119	0.0130914
119	0.0997588
119	0.0293442
119	0.0499884
119	0.0739984
119	0.0627464
119	0.0277505
119	0.00189802
119	0.0187223
119	0.0409071
119	0.133812
119	0.0551235
119	0.0416091
119	0.0570312
119	0.0725431
119	0.0833862
119	0.0521383
119	0.0350196
119	0.0645414
119	0.0781365
119	0.0578605
119	0.0190361
119	0.0656743
119	0.0790056
119	0.0287003
119	0.0317616
119	0.0639542
119	0.0673971
119	0.0752892
119	0.0692223
119	0.045559
119	0.0265145
119	0.134833
119	0.0236716
119	0.0858704
119	0.125702
119	0.0267019
119	0.0494753
119	0.129002
119	0.0357815
119	0.0411539
119	0.0712006
119	0.0456975
119	0.0149773
119	0.100864
119	0.0205503
119	0.0765324
119	0.0357383
119	0.0845135
119	0.103982
119	0.0601389
119	0.0520401
119	0.0357472
119	0.0856737
119	0.0893552
119	0.0727428
119	0.0137353
119	0.0343354
119	0.180407
119	0.128101
