var	threshold	abdncError	methylCallError	TP	FN	FP
30	0.1	0.130419	0.0292938	0.79	3.21	19.03
30	0.15	0.195251	0.088404	2.05	1.95	17.79
30	0.2	0.203726	0.115021	2.72	1.28	17.13
30	0.25	0.197598	0.132942	3.36	0.64	16.49
30	0.3	0.197745	0.146128	3.67	0.33	16.19
30	0.35	0.196358	0.155518	3.9	0.1	15.99
30	0.4	0.195932	0.15961	3.99	0.01	15.91
33	0.1	0.168101	0.046143	1.2	2.8	20.41
33	0.15	0.195985	0.0753295	1.9	2.1	19.74
33	0.2	0.21513	0.11458	2.88	1.12	18.8
33	0.25	0.210124	0.131306	3.45	0.55	18.23
33	0.3	0.206516	0.142055	3.74	0.26	17.98
33	0.35	0.204394	0.1497	3.9	0.1	17.83
33	0.4	0.203965	0.154338	3.98	0.02	17.75
36	0.1	0.158582	0.0397124	1	3	21.08
36	0.15	0.214035	0.0892102	2.09	1.91	20.02
36	0.2	0.218132	0.112479	2.72	1.28	19.4
36	0.25	0.214238	0.135894	3.45	0.55	18.69
36	0.3	0.212237	0.14732	3.78	0.22	18.38
36	0.35	0.211584	0.153143	3.93	0.07	18.24
36	0.4	0.21124	0.155386	3.97	0.03	18.2
39	0.1	0.137554	0.0312977	0.85	3.15	22.33
39	0.15	0.200034	0.083666	2.01	1.99	21.19
39	0.2	0.209438	0.113975	2.93	1.07	20.29
39	0.25	0.207009	0.134036	3.49	0.51	19.74
39	0.3	0.204399	0.144517	3.8	0.2	19.43
39	0.35	0.20351	0.149446	3.9	0.1	19.33
39	0.4	0.203054	0.153136	3.97	0.03	19.26
42	0.1	0.174695	0.0445727	1.1	2.9	22.43
42	0.15	0.199191	0.0803855	2.08	1.92	21.48
42	0.2	0.213845	0.112538	2.93	1.07	20.66
42	0.25	0.213136	0.126975	3.37	0.63	20.24
42	0.3	0.210121	0.141369	3.74	0.26	19.89
42	0.35	0.208872	0.151736	3.97	0.03	19.69
42	0.4	0.208646	0.153596	4	0	19.66
45	0.1	0.163247	0.0446719	1.04	2.96	23.11
45	0.15	0.219575	0.0903343	1.92	2.08	22.23
45	0.2	0.216019	0.115678	2.77	1.23	21.39
45	0.25	0.212369	0.134482	3.38	0.62	20.8
45	0.3	0.210583	0.149733	3.82	0.18	20.37
45	0.35	0.20936	0.156486	3.97	0.03	20.23
45	0.4	0.209327	0.158137	4	0	20.21
48	0.1	0.150044	0.0367511	0.98	3.02	23.33
48	0.15	0.210364	0.0834543	1.95	2.05	22.37
48	0.2	0.219947	0.117203	2.81	1.19	21.54
48	0.25	0.21508	0.132815	3.38	0.62	21
48	0.3	0.212874	0.147102	3.78	0.22	20.62
48	0.35	0.21257	0.153612	3.92	0.08	20.48
48	0.4	0.212465	0.156784	3.98	0.02	20.42
51	0.1	0.147889	0.0375252	1.07	2.93	23.4
51	0.15	0.21504	0.0867377	2.07	1.93	22.4
51	0.2	0.216442	0.114103	2.88	1.12	21.6
51	0.25	0.211997	0.13276	3.54	0.46	20.97
51	0.3	0.210432	0.144824	3.86	0.14	20.66
51	0.35	0.209676	0.150344	3.97	0.03	20.56
51	0.4	0.209506	0.15132	3.99	0.01	20.54
54	0.1	0.164866	0.0446369	1.2	2.8	23.45
54	0.15	0.21254	0.0858077	2.21	1.79	22.47
54	0.2	0.216619	0.114867	3.15	0.85	21.53
54	0.25	0.21414	0.128391	3.6	0.4	21.11
54	0.3	0.212727	0.136905	3.84	0.16	20.88
54	0.35	0.21212	0.141491	3.94	0.06	20.78
54	0.4	0.212008	0.145218	4	0	20.72
57	0.1	0.162157	0.0418248	1.05	2.95	23.91
57	0.15	0.211401	0.0839911	1.85	2.15	23.11
57	0.2	0.212552	0.115748	2.76	1.24	22.25
57	0.25	0.209195	0.135496	3.38	0.62	21.64
57	0.3	0.207081	0.149788	3.77	0.23	21.26
57	0.35	0.206691	0.15544	3.91	0.09	21.13
57	0.4	0.206411	0.159411	3.98	0.02	21.06
60	0.1	0.164006	0.0434586	1.14	2.86	24.47
60	0.15	0.208464	0.0856827	2.07	1.93	23.56
60	0.2	0.209762	0.110293	2.89	1.11	22.75
60	0.25	0.208258	0.132238	3.49	0.51	22.16
60	0.3	0.205442	0.144272	3.82	0.18	21.83
60	0.35	0.205306	0.148174	3.91	0.09	21.76
60	0.4	0.205008	0.151189	3.97	0.03	21.71
63	0.1	0.175448	0.0405232	1.05	2.95	23.23
63	0.15	0.210539	0.0792675	1.92	2.08	22.38
63	0.2	0.211007	0.112315	2.96	1.04	21.35
63	0.25	0.207516	0.129765	3.52	0.48	20.81
63	0.3	0.205633	0.141511	3.82	0.18	20.53
63	0.35	0.204939	0.148483	3.97	0.03	20.4
63	0.4	0.204921	0.149794	3.99	0.01	20.38
66	0.1	0.181888	0.0472912	1.19	2.81	23.27
66	0.15	0.211856	0.0845143	2.16	1.84	22.3
66	0.2	0.212668	0.108064	2.88	1.12	21.63
66	0.25	0.209801	0.124089	3.38	0.62	21.14
66	0.3	0.206961	0.141357	3.81	0.19	20.76
66	0.35	0.205827	0.149307	3.97	0.03	20.62
66	0.4	0.205742	0.151162	4	0	20.6
69	0.1	0.164553	0.0393592	1.09	2.91	24.11
69	0.15	0.217197	0.0882367	2.15	1.85	23.06
69	0.2	0.213333	0.113717	3.08	0.92	22.18
69	0.25	0.207339	0.130002	3.61	0.39	21.68
69	0.3	0.205779	0.140461	3.89	0.11	21.41
69	0.35	0.205274	0.144855	3.98	0.02	21.33
69	0.4	0.205123	0.145909	4	0	21.31
72	0.1	0.146372	0.0352505	1.01	2.99	24.54
72	0.15	0.209526	0.0856474	2.05	1.95	23.5
72	0.2	0.21324	0.112648	2.83	1.17	22.74
72	0.25	0.209513	0.131573	3.42	0.58	22.18
72	0.3	0.207615	0.143349	3.77	0.23	21.84
72	0.35	0.207114	0.149943	3.92	0.08	21.7
72	0.4	0.206642	0.153389	3.99	0.01	21.63
75	0.1	0.167784	0.0420703	1.27	2.73	23.77
75	0.15	0.216145	0.0855078	2.23	1.77	22.81
75	0.2	0.213906	0.109722	3.05	0.95	22.03
75	0.25	0.210055	0.12446	3.55	0.45	21.54
75	0.3	0.208868	0.134549	3.8	0.2	21.3
75	0.35	0.208128	0.142558	3.96	0.04	21.16
75	0.4	0.207299	0.143793	3.98	0.02	21.14
78	0.1	0.17369	0.0446555	1.33	2.67	23.3
78	0.15	0.202394	0.0771734	2.19	1.81	22.44
78	0.2	0.207607	0.106332	3.06	0.94	21.6
78	0.25	0.208255	0.126224	3.6	0.4	21.1
78	0.3	0.206777	0.135738	3.84	0.16	20.86
78	0.35	0.205994	0.140063	3.93	0.07	20.77
78	0.4	0.205613	0.142812	3.98	0.02	20.72
81	0.1	0.174558	0.0437569	1.23	2.77	23.34
81	0.15	0.213139	0.0849374	2.13	1.87	22.46
81	0.2	0.213592	0.110451	2.93	1.07	21.68
81	0.25	0.207951	0.127484	3.48	0.52	21.16
81	0.3	0.205345	0.139466	3.8	0.2	20.86
81	0.35	0.204669	0.146365	3.94	0.06	20.72
81	0.4	0.203919	0.148535	3.98	0.02	20.68
84	0.1	0.173232	0.0452136	1.13	2.87	23.95
84	0.15	0.221564	0.0871871	2.22	1.78	22.88
84	0.2	0.218498	0.113176	3.14	0.86	21.98
84	0.25	0.214702	0.128925	3.67	0.33	21.51
84	0.3	0.213656	0.13822	3.9	0.1	21.3
84	0.35	0.213432	0.1423	3.99	0.01	21.23
84	0.4	0.213432	0.1423	3.99	0.01	21.23
87	0.1	0.185591	0.0473779	1.2	2.8	21.93
87	0.15	0.222416	0.084658	2.22	1.78	20.94
87	0.2	0.214444	0.110296	3.09	0.91	20.11
87	0.25	0.210986	0.125616	3.6	0.4	19.64
87	0.3	0.209177	0.136447	3.87	0.13	19.39
87	0.35	0.20818	0.140796	3.96	0.04	19.3
87	0.4	0.208145	0.14208	3.98	0.02	19.28
90	0.1	0.188835	0.0466116	1.34	2.66	22.98
90	0.15	0.206028	0.0800661	2.38	1.62	21.96
90	0.2	0.213147	0.10889	3.16	0.84	21.19
90	0.25	0.208884	0.123977	3.66	0.34	20.72
90	0.3	0.207447	0.13338	3.91	0.09	20.47
90	0.35	0.207232	0.135088	3.96	0.04	20.42
90	0.4	0.207011	0.137309	4	0	20.38
93	0.1	0.182819	0.0464708	1.28	2.72	22.62
93	0.15	0.21024	0.0839215	2.29	1.71	21.62
93	0.2	0.205583	0.111779	3.18	0.82	20.75
93	0.25	0.201378	0.12497	3.63	0.37	20.32
93	0.3	0.200098	0.13427	3.88	0.12	20.08
93	0.35	0.199344	0.137576	3.95	0.05	20.02
93	0.4	0.199164	0.139576	3.98	0.02	19.99
96	0.1	0.176674	0.0434738	1.57	2.43	21.11
96	0.15	0.21177	0.0795846	2.51	1.49	20.17
96	0.2	0.206871	0.0990488	3.13	0.87	19.55
96	0.25	0.202315	0.116245	3.64	0.36	19.08
96	0.3	0.200264	0.126211	3.92	0.08	18.83
96	0.35	0.200028	0.128188	3.95	0.05	18.8
96	0.4	0.199517	0.130885	3.99	0.01	18.76
99	0.1	0.168408	0.043805	1.47	2.53	21.66
99	0.15	0.20498	0.0801169	2.38	1.62	20.78
99	0.2	0.20067	0.104416	3.18	0.82	20.04
99	0.25	0.20014	0.12009	3.68	0.32	19.54
99	0.3	0.198957	0.126939	3.87	0.13	19.37
99	0.35	0.198327	0.131316	3.96	0.04	19.29
99	0.4	0.197977	0.133443	3.99	0.01	19.26
102	0.1	0.179465	0.0449119	1.52	2.48	21.25
102	0.15	0.20106	0.0753023	2.42	1.58	20.38
102	0.2	0.203943	0.103671	3.18	0.82	19.67
102	0.25	0.202156	0.119065	3.63	0.37	19.27
102	0.3	0.199711	0.127251	3.85	0.15	19.06
102	0.35	0.199434	0.130959	3.93	0.07	19
102	0.4	0.199171	0.132925	3.96	0.04	18.97
105	0.1	0.187078	0.0485339	1.56	2.44	20.47
105	0.15	0.204063	0.0759449	2.31	1.69	19.73
105	0.2	0.207806	0.100403	3.02	0.98	19.09
105	0.25	0.203984	0.11749	3.49	0.51	18.63
105	0.3	0.202425	0.128858	3.79	0.21	18.38
105	0.35	0.20152	0.13656	3.94	0.06	18.24
105	0.4	0.201435	0.137624	3.96	0.04	18.23
108	0.1	0.185123	0.0451344	1.56	2.44	20.72
108	0.15	0.210867	0.0776461	2.52	1.48	19.78
108	0.2	0.211577	0.102771	3.29	0.71	19.04
108	0.25	0.207385	0.115092	3.71	0.29	18.65
108	0.3	0.206326	0.121383	3.86	0.14	18.51
108	0.35	0.205913	0.125648	3.95	0.05	18.43
108	0.4	0.20575	0.127808	3.98	0.02	18.4
111	0.1	0.195239	0.0461042	1.56	2.44	19.79
111	0.15	0.212159	0.0784374	2.57	1.43	18.81
111	0.2	0.205677	0.0974462	3.21	0.79	18.18
111	0.25	0.201578	0.108114	3.53	0.47	17.9
111	0.3	0.198846	0.12072	3.82	0.18	17.62
111	0.35	0.197218	0.128578	3.98	0.02	17.47
111	0.4	0.197033	0.129925	4	0	17.45
114	0.1	0.184808	0.0469441	1.64	2.36	19.64
114	0.15	0.205864	0.0788331	2.57	1.43	18.75
114	0.2	0.197242	0.0975799	3.19	0.81	18.17
114	0.25	0.193869	0.110924	3.6	0.4	17.79
114	0.3	0.192425	0.120527	3.85	0.15	17.54
114	0.35	0.191942	0.125655	3.95	0.05	17.44
114	0.4	0.191859	0.127614	3.98	0.02	17.41
117	0.1	0.197623	0.0445211	1.72	2.28	19.87
117	0.15	0.202593	0.0760477	2.65	1.35	19.01
117	0.2	0.197069	0.0934489	3.23	0.77	18.46
117	0.25	0.193733	0.107716	3.61	0.39	18.12
117	0.3	0.19184	0.116622	3.8	0.2	17.93
117	0.35	0.191295	0.121684	3.9	0.1	17.84
117	0.4	0.191059	0.126941	3.98	0.02	17.76
120	0.1	0.196745	0.0449417	1.86	2.14	19.07
120	0.15	0.201804	0.0721472	2.73	1.27	18.27
120	0.2	0.194162	0.0882189	3.27	0.73	17.74
120	0.25	0.191687	0.104116	3.66	0.34	17.38
120	0.3	0.189659	0.111844	3.84	0.16	17.23
120	0.35	0.188839	0.116339	3.94	0.06	17.13
120	0.4	0.188651	0.119541	3.99	0.01	17.09
123	0.1	0.188333	0.0489225	1.7	2.3	18.21
123	0.15	0.198737	0.0791175	2.66	1.34	17.29
123	0.2	0.196727	0.0979051	3.25	0.75	16.72
123	0.25	0.189861	0.110884	3.65	0.35	16.36
123	0.3	0.188869	0.119357	3.85	0.15	16.17
123	0.35	0.188064	0.123277	3.94	0.06	16.08
123	0.4	0.187909	0.125372	3.97	0.03	16.05
126	0.1	0.181093	0.0421964	1.67	2.33	18.68
126	0.15	0.205927	0.0742013	2.47	1.53	17.96
126	0.2	0.200548	0.0972619	3.22	0.78	17.27
126	0.25	0.196952	0.108907	3.57	0.43	16.94
126	0.3	0.195752	0.118793	3.8	0.2	16.72
126	0.35	0.195904	0.12157	3.86	0.14	16.66
126	0.4	0.195655	0.12844	3.97	0.03	16.59
129	0.1	0.186336	0.0479373	1.84	2.16	17.69
129	0.15	0.199197	0.0785842	2.78	1.22	16.84
129	0.2	0.193353	0.0913243	3.25	0.75	16.4
129	0.25	0.186783	0.104605	3.66	0.34	16.03
129	0.3	0.184089	0.114248	3.89	0.11	15.81
129	0.35	0.183653	0.118119	3.96	0.04	15.77
129	0.4	0.18344	0.119546	3.98	0.02	15.76
132	0.1	0.190135	0.0464538	1.78	2.22	17.78
132	0.15	0.199702	0.072682	2.55	1.45	17.05
132	0.2	0.18934	0.0951256	3.34	0.66	16.38
132	0.25	0.185603	0.104828	3.64	0.36	16.11
132	0.3	0.184127	0.111425	3.8	0.2	15.99
132	0.35	0.183341	0.119667	3.95	0.05	15.85
132	0.4	0.183284	0.122856	3.99	0.01	15.81
135	0.1	0.183769	0.042806	1.52	2.48	19.03
135	0.15	0.202966	0.0730884	2.38	1.62	18.22
135	0.2	0.195964	0.0973389	3.16	0.84	17.51
135	0.25	0.192498	0.110466	3.49	0.51	17.21
135	0.3	0.190308	0.123682	3.8	0.2	16.92
135	0.35	0.189262	0.127655	3.88	0.12	16.84
135	0.4	0.189002	0.132769	3.96	0.04	16.78
138	0.1	0.182937	0.0404125	1.91	2.09	17.38
138	0.15	0.196299	0.0685455	2.77	1.23	16.58
138	0.2	0.186988	0.0879	3.42	0.58	16
138	0.25	0.182544	0.0987953	3.73	0.27	15.71
138	0.3	0.181409	0.10585	3.87	0.13	15.58
138	0.35	0.181299	0.107567	3.9	0.1	15.56
138	0.4	0.181101	0.112192	3.97	0.03	15.51
141	0.1	0.196571	0.0456976	1.95	2.05	16.4
141	0.15	0.190373	0.0642676	2.68	1.32	15.78
141	0.2	0.19105	0.0868084	3.26	0.74	15.27
141	0.25	0.187667	0.0991214	3.61	0.39	14.99
141	0.3	0.18543	0.108923	3.84	0.16	14.77
141	0.35	0.184953	0.113226	3.92	0.08	14.7
141	0.4	0.184724	0.116855	3.97	0.03	14.66
144	0.1	0.175233	0.0362403	1.92	2.08	16.15
144	0.15	0.183651	0.064601	2.78	1.22	15.38
144	0.2	0.179988	0.0830192	3.34	0.66	14.85
144	0.25	0.178843	0.0962866	3.65	0.35	14.58
144	0.3	0.177394	0.103603	3.82	0.18	14.43
144	0.35	0.176809	0.107655	3.9	0.1	14.36
144	0.4	0.176259	0.111911	3.96	0.04	14.3
147	0.1	0.180924	0.0414546	2.28	1.72	15.22
147	0.15	0.180973	0.0631356	3.01	0.99	14.6
147	0.2	0.176178	0.0778901	3.48	0.52	14.19
147	0.25	0.171934	0.0856242	3.7	0.3	13.99
147	0.3	0.167873	0.094909	3.89	0.11	13.81
147	0.35	0.167665	0.0981409	3.94	0.06	13.77
147	0.4	0.167507	0.100891	3.98	0.02	13.73
150	0.1	0.196011	0.0427499	1.92	2.08	15.87
150	0.15	0.202063	0.0709409	2.7	1.3	15.16
150	0.2	0.19156	0.0873158	3.25	0.75	14.65
150	0.25	0.18825	0.0997204	3.59	0.41	14.34
150	0.3	0.185109	0.1118	3.86	0.14	14.11
150	0.35	0.184728	0.115602	3.93	0.07	14.06
150	0.4	0.184546	0.118872	3.98	0.02	14.02
153	0.1	0.188518	0.0442094	1.99	2.01	15.86
153	0.15	0.200309	0.070592	2.74	1.26	15.18
153	0.2	0.192642	0.0850884	3.24	0.76	14.72
153	0.25	0.187619	0.0993816	3.67	0.33	14.33
153	0.3	0.183212	0.108858	3.88	0.12	14.18
153	0.35	0.182887	0.111862	3.94	0.06	14.13
153	0.4	0.182538	0.113849	3.97	0.03	14.1
156	0.1	0.194479	0.0458028	2.17	1.83	15.42
156	0.15	0.182481	0.0650407	2.91	1.09	14.75
156	0.2	0.177717	0.082828	3.41	0.59	14.27
156	0.25	0.173305	0.0965462	3.75	0.25	13.96
156	0.3	0.171827	0.101554	3.87	0.13	13.84
156	0.35	0.171663	0.104796	3.93	0.07	13.79
156	0.4	0.171106	0.108308	3.98	0.02	13.75
159	0.1	0.178712	0.0436049	2.22	1.78	14.21
159	0.15	0.178341	0.0679199	2.99	1.01	13.5
159	0.2	0.170753	0.082769	3.53	0.47	13.09
159	0.25	0.169849	0.0891439	3.72	0.28	12.93
159	0.3	0.168781	0.0963214	3.86	0.14	12.8
159	0.35	0.168285	0.0997642	3.92	0.08	12.74
159	0.4	0.167975	0.104826	3.99	0.01	12.68
162	0.1	0.187874	0.0423958	2.22	1.78	15.32
162	0.15	0.185513	0.0581943	2.78	1.22	14.85
162	0.2	0.186322	0.0759491	3.22	0.78	14.47
162	0.25	0.18352	0.0907293	3.6	0.4	14.13
162	0.3	0.180901	0.0996632	3.8	0.2	13.98
162	0.35	0.180202	0.10577	3.9	0.1	13.88
162	0.4	0.179637	0.10979	3.96	0.04	13.84
165	0.1	0.176992	0.039404	2.06	1.94	15.09
165	0.15	0.186253	0.0654817	2.84	1.16	14.41
165	0.2	0.178772	0.0821948	3.42	0.58	13.88
165	0.25	0.173499	0.0951753	3.78	0.22	13.57
165	0.3	0.173129	0.0984528	3.85	0.15	13.52
165	0.35	0.172813	0.102379	3.91	0.09	13.47
165	0.4	0.172252	0.106704	3.97	0.03	13.41
168	0.1	0.187801	0.0379632	2.19	1.81	14.77
168	0.15	0.187949	0.0607628	2.93	1.07	14.12
168	0.2	0.182971	0.0755508	3.37	0.63	13.74
168	0.25	0.179905	0.0841356	3.62	0.38	13.51
168	0.3	0.177929	0.093529	3.81	0.19	13.35
168	0.35	0.177032	0.0992455	3.91	0.09	13.27
168	0.4	0.176269	0.103331	3.96	0.04	13.22
171	0.1	0.189242	0.0380445	2.26	1.74	13.89
171	0.15	0.182863	0.0551312	2.87	1.13	13.38
171	0.2	0.1756	0.0743718	3.4	0.6	12.92
171	0.25	0.171016	0.0880471	3.73	0.27	12.62
171	0.3	0.169942	0.0943143	3.86	0.14	12.49
171	0.35	0.169613	0.0972164	3.91	0.09	12.44
171	0.4	0.168872	0.101849	3.98	0.02	12.38
174	0.1	0.181163	0.0376426	2.21	1.79	14.34
174	0.15	0.174014	0.0593562	2.9	1.1	13.75
174	0.2	0.167857	0.0743491	3.39	0.61	13.28
174	0.25	0.164464	0.0846026	3.65	0.35	13.06
174	0.3	0.162463	0.0941803	3.85	0.15	12.88
174	0.35	0.161841	0.0981415	3.91	0.09	12.83
174	0.4	0.16137	0.10299	3.98	0.02	12.77
177	0.1	0.177409	0.0354044	2.24	1.76	13.4
177	0.15	0.1736	0.0561608	2.87	1.13	12.85
177	0.2	0.16771	0.0764216	3.41	0.59	12.4
177	0.25	0.163391	0.0863085	3.68	0.32	12.15
177	0.3	0.162223	0.0903159	3.78	0.22	12.08
177	0.35	0.161712	0.0961108	3.88	0.12	12
177	0.4	0.160339	0.104021	3.98	0.02	11.93
180	0.1	0.171727	0.0327111	2.57	1.43	13
180	0.15	0.16592	0.0478698	3.05	0.95	12.6
180	0.2	0.16124	0.0599499	3.36	0.64	12.37
180	0.25	0.158877	0.0705905	3.62	0.38	12.15
180	0.3	0.156749	0.0807621	3.82	0.18	12
180	0.35	0.156005	0.0846329	3.88	0.12	11.95
180	0.4	0.154941	0.0919532	3.98	0.02	11.86
