var	minCostFlow
30	0.252928
30	0.308593
30	0.316943
30	0.458648
30	0.388063
30	0.231161
30	0.212929
30	0.234454
30	0.165815
30	0.239077
30	0.247805
30	0.252883
30	0.224998
30	0.153888
30	0.350645
30	0.286806
30	0.308791
30	0.251409
30	0.198453
30	0.244278
30	0.241567
30	0.243468
30	0.218692
30	0.334972
30	0.221514
30	0.262357
30	0.310717
30	0.265249
30	0.243527
30	0.333751
30	0.221147
30	0.236253
30	0.286386
30	0.283783
30	0.248958
30	0.276947
30	0.257984
30	0.126538
30	0.197621
30	0.215071
30	0.310756
30	0.265363
30	0.326716
30	0.215688
30	0.259471
30	0.342944
30	0.225624
30	0.328245
30	0.268924
30	0.287754
30	0.231148
30	0.182903
30	0.210822
30	0.245132
30	0.265255
30	0.232016
30	0.21509
30	0.248529
30	0.314601
30	0.235734
30	0.20061
30	0.34424
30	0.294532
30	0.228179
30	0.328306
30	0.235847
30	0.256386
30	0.333203
30	0.310071
30	0.260267
30	0.307549
30	0.246472
30	0.282831
30	0.240685
30	0.184727
30	0.268313
30	0.213105
30	0.198945
30	0.33641
30	0.323458
30	0.185666
30	0.32267
30	0.273977
30	0.204005
30	0.20201
30	0.209888
30	0.291477
30	0.232188
30	0.276896
30	0.290914
30	0.248617
30	0.276273
30	0.256514
30	0.225969
30	0.309724
30	0.256936
30	0.307222
30	0.27755
30	0.213413
30	0.259993
33	0.281724
33	0.212135
33	0.244811
33	0.19375
33	0.300236
33	0.280656
33	0.250132
33	0.255302
33	0.192806
33	0.185887
33	0.172749
33	0.170886
33	0.184367
33	0.326135
33	0.304361
33	0.27585
33	0.175778
33	0.213696
33	0.269095
33	0.161013
33	0.217769
33	0.273617
33	0.278294
33	0.219956
33	0.320509
33	0.211052
33	0.165416
33	0.244341
33	0.19508
33	0.209
33	0.21997
33	0.201905
33	0.298442
33	0.192017
33	0.214545
33	0.251652
33	0.25565
33	0.197518
33	0.273808
33	0.265386
33	0.218767
33	0.248111
33	0.286458
33	0.209317
33	0.181467
33	0.209738
33	0.238914
33	0.280465
33	0.299844
33	0.304416
33	0.360537
33	0.206712
33	0.275701
33	0.153407
33	0.332133
33	0.222227
33	0.263294
33	0.283715
33	0.320788
33	0.310749
33	0.372295
33	0.270353
33	0.301698
33	0.252992
33	0.169207
33	0.331561
33	0.203929
33	0.266215
33	0.251893
33	0.28099
33	0.260597
33	0.285671
33	0.132828
33	0.269783
33	0.269829
33	0.287404
33	0.229014
33	0.249114
33	0.256965
33	0.247081
33	0.379229
33	0.155446
33	0.287397
33	0.214505
33	0.22884
33	0.211434
33	0.232853
33	0.258274
33	0.245493
33	0.316023
33	0.304633
33	0.354933
33	0.272761
33	0.309666
33	0.335462
33	0.32272
33	0.210032
33	0.35181
33	0.327603
33	0.182782
36	0.313192
36	0.325632
36	0.255497
36	0.25496
36	0.292102
36	0.213847
36	0.154291
36	0.211463
36	0.235218
36	0.266466
36	0.126174
36	0.244278
36	0.213704
36	0.363367
36	0.232211
36	0.326427
36	0.266154
36	0.195741
36	0.400091
36	0.241188
36	0.224744
36	0.23901
36	0.248693
36	0.303981
36	0.291634
36	0.251438
36	0.2075
36	0.23769
36	0.263586
36	0.259498
36	0.176469
36	0.374629
36	0.243047
36	0.267263
36	0.34123
36	0.229133
36	0.283413
36	0.348245
36	0.237947
36	0.32241
36	0.220459
36	0.274864
36	0.287175
36	0.296534
36	0.256143
36	0.226977
36	0.230277
36	0.246613
36	0.266968
36	0.326816
36	0.148653
36	0.263395
36	0.228879
36	0.238224
36	0.246296
36	0.340337
36	0.257277
36	0.2719
36	0.353411
36	0.268527
36	0.296619
36	0.271678
36	0.301326
36	0.244713
36	0.245655
36	0.264302
36	0.196777
36	0.306708
36	0.286754
36	0.300869
36	0.265346
36	0.139485
36	0.146459
36	0.34639
36	0.205235
36	0.289116
36	0.229869
36	0.27737
36	0.290102
36	0.247391
36	0.267675
36	0.294158
36	0.183889
36	0.275874
36	0.159412
36	0.246935
36	0.240414
36	0.263258
36	0.224145
36	0.182201
36	0.171376
36	0.234114
36	0.201753
36	0.300245
36	0.293522
36	0.235364
36	0.24239
36	0.223446
36	0.278383
36	0.287946
39	0.30908
39	0.25047
39	0.279879
39	0.264726
39	0.328496
39	0.241135
39	0.359254
39	0.25193
39	0.266165
39	0.284826
39	0.204301
39	0.224566
39	0.223577
39	0.156475
39	0.287802
39	0.265436
39	0.311842
39	0.176146
39	0.272865
39	0.345468
39	0.228837
39	0.247598
39	0.203151
39	0.22224
39	0.26017
39	0.234325
39	0.330766
39	0.312406
39	0.127843
39	0.3309
39	0.276543
39	0.207356
39	0.243533
39	0.287214
39	0.366688
39	0.316466
39	0.190104
39	0.283219
39	0.150226
39	0.296562
39	0.30403
39	0.295982
39	0.246829
39	0.287703
39	0.20546
39	0.184401
39	0.271781
39	0.244758
39	0.218038
39	0.28572
39	0.312846
39	0.199644
39	0.302765
39	0.24969
39	0.267394
39	0.223965
39	0.319067
39	0.26358
39	0.239575
39	0.217831
39	0.255604
39	0.265061
39	0.159277
39	0.220922
39	0.25435
39	0.216438
39	0.219795
39	0.292521
39	0.360345
39	0.338272
39	0.310691
39	0.350102
39	0.260171
39	0.300204
39	0.228378
39	0.2723
39	0.24882
39	0.180047
39	0.244412
39	0.311654
39	0.352634
39	0.298505
39	0.170116
39	0.180923
39	0.293529
39	0.311804
39	0.287746
39	0.306628
39	0.262368
39	0.29919
39	0.265066
39	0.334581
39	0.236877
39	0.347426
39	0.179109
39	0.313822
39	0.229766
39	0.18605
39	0.298037
39	0.299412
42	0.283034
42	0.292412
42	0.33797
42	0.218866
42	0.29588
42	0.346497
42	0.285235
42	0.300453
42	0.337945
42	0.26846
42	0.272372
42	0.277844
42	0.309728
42	0.260303
42	0.293984
42	0.261219
42	0.21172
42	0.276277
42	0.349982
42	0.286219
42	0.172194
42	0.238939
42	0.285234
42	0.258939
42	0.251111
42	0.203845
42	0.234541
42	0.248088
42	0.262325
42	0.244459
42	0.257438
42	0.289517
42	0.220275
42	0.192343
42	0.30411
42	0.39822
42	0.240362
42	0.340452
42	0.241419
42	0.311096
42	0.252355
42	0.290289
42	0.288175
42	0.278894
42	0.300921
42	0.274538
42	0.262896
42	0.221456
42	0.192621
42	0.250409
42	0.220995
42	0.272302
42	0.300363
42	0.216074
42	0.202579
42	0.322011
42	0.376254
42	0.254419
42	0.273582
42	0.232097
42	0.187474
42	0.195495
42	0.254229
42	0.239587
42	0.245369
42	0.300591
42	0.224708
42	0.293098
42	0.27372
42	0.312784
42	0.228325
42	0.338558
42	0.249616
42	0.334717
42	0.153763
42	0.237507
42	0.251058
42	0.22726
42	0.222587
42	0.246707
42	0.202748
42	0.244558
42	0.262116
42	0.242588
42	0.262076
42	0.210638
42	0.28023
42	0.286649
42	0.30159
42	0.254255
42	0.221929
42	0.177899
42	0.200505
42	0.277643
42	0.287776
42	0.371862
42	0.305631
42	0.254531
42	0.254117
42	0.282123
45	0.212995
45	0.333988
45	0.32485
45	0.295254
45	0.269023
45	0.285675
45	0.172055
45	0.264147
45	0.238124
45	0.305401
45	0.347894
45	0.221177
45	0.275436
45	0.221236
45	0.141977
45	0.29185
45	0.280491
45	0.250577
45	0.305081
45	0.334951
45	0.29948
45	0.310391
45	0.14934
45	0.253748
45	0.325431
45	0.226287
45	0.110442
45	0.294679
45	0.231298
45	0.204889
45	0.237121
45	0.238016
45	0.277466
45	0.268576
45	0.187243
45	0.239611
45	0.277022
45	0.279083
45	0.275749
45	0.274063
45	0.197531
45	0.319374
45	0.320604
45	0.324151
45	0.196641
45	0.335608
45	0.249596
45	0.261631
45	0.233714
45	0.27292
45	0.268281
45	0.319916
45	0.272703
45	0.23081
45	0.248739
45	0.228398
45	0.142924
45	0.321649
45	0.205472
45	0.212527
45	0.371981
45	0.29994
45	0.214865
45	0.281089
45	0.273188
45	0.268788
45	0.258696
45	0.282179
45	0.185701
45	0.26966
45	0.343017
45	0.207484
45	0.309249
45	0.154439
45	0.219173
45	0.211879
45	0.260131
45	0.276896
45	0.264227
45	0.254602
45	0.277969
45	0.27179
45	0.244481
45	0.267841
45	0.313888
45	0.218853
45	0.320772
45	0.209741
45	0.341813
45	0.339877
45	0.217523
45	0.212858
45	0.22338
45	0.175999
45	0.236946
45	0.2332
45	0.366458
45	0.310839
45	0.264339
45	0.323881
48	0.253869
48	0.317676
48	0.216842
48	0.202313
48	0.306098
48	0.248167
48	0.209293
48	0.254285
48	0.251208
48	0.323535
48	0.14213
48	0.219353
48	0.294395
48	0.254065
48	0.280444
48	0.284414
48	0.228246
48	0.252451
48	0.179793
48	0.371629
48	0.221225
48	0.213658
48	0.246643
48	0.290559
48	0.223272
48	0.241305
48	0.24373
48	0.29097
48	0.200514
48	0.228925
48	0.257186
48	0.235973
48	0.271706
48	0.346313
48	0.304825
48	0.200773
48	0.284086
48	0.351762
48	0.298763
48	0.244033
48	0.32277
48	0.257045
48	0.294803
48	0.30236
48	0.221864
48	0.311421
48	0.27364
48	0.279733
48	0.133418
48	0.221936
48	0.338093
48	0.20296
48	0.185764
48	0.255727
48	0.281233
48	0.227585
48	0.346466
48	0.200927
48	0.260406
48	0.220035
48	0.289696
48	0.261385
48	0.239765
48	0.303592
48	0.323922
48	0.239591
48	0.363387
48	0.302848
48	0.264896
48	0.211326
48	0.271463
48	0.21914
48	0.219418
48	0.333685
48	0.217769
48	0.292538
48	0.275536
48	0.263946
48	0.19594
48	0.258285
48	0.304329
48	0.25101
48	0.306102
48	0.2108
48	0.24947
48	0.156795
48	0.260798
48	0.301273
48	0.34436
48	0.244218
48	0.222615
48	0.271473
48	0.264388
48	0.226474
48	0.189961
48	0.2445
48	0.257807
48	0.234366
48	0.194523
48	0.267362
51	0.236218
51	0.205993
51	0.257894
51	0.28092
51	0.288977
51	0.158246
51	0.237853
51	0.278127
51	0.326336
51	0.361314
51	0.258295
51	0.312633
51	0.28328
51	0.247052
51	0.358719
51	0.181783
51	0.269671
51	0.138599
51	0.256154
51	0.303159
51	0.255074
51	0.303058
51	0.211737
51	0.257883
51	0.243222
51	0.270542
51	0.327651
51	0.241649
51	0.228971
51	0.22047
51	0.281045
51	0.177151
51	0.193984
51	0.224836
51	0.202152
51	0.273471
51	0.248758
51	0.251932
51	0.298953
51	0.293544
51	0.246203
51	0.241725
51	0.297539
51	0.247529
51	0.283456
51	0.243997
51	0.224079
51	0.274961
51	0.494559
51	0.248547
51	0.229983
51	0.218267
51	0.285787
51	0.285486
51	0.228093
51	0.334171
51	0.343833
51	0.153421
51	0.266577
51	0.289038
51	0.334859
51	0.174264
51	0.18972
51	0.238566
51	0.31783
51	0.218888
51	0.27331
51	0.32565
51	0.242622
51	0.283946
51	0.219053
51	0.24031
51	0.200514
51	0.294243
51	0.230992
51	0.303951
51	0.329096
51	0.231847
51	0.232232
51	0.19602
51	0.208892
51	0.273423
51	0.188838
51	0.243005
51	0.261607
51	0.234221
51	0.369303
51	0.235742
51	0.304009
51	0.236219
51	0.306594
51	0.252967
51	0.149516
51	0.25211
51	0.252041
51	0.274177
51	0.264801
51	0.266649
51	0.259012
51	0.261221
54	0.300067
54	0.232415
54	0.132616
54	0.268672
54	0.313176
54	0.295996
54	0.265528
54	0.239907
54	0.173124
54	0.267003
54	0.20808
54	0.313751
54	0.183527
54	0.316869
54	0.250599
54	0.283374
54	0.24598
54	0.26097
54	0.364307
54	0.22731
54	0.29363
54	0.341173
54	0.278707
54	0.229123
54	0.303198
54	0.3161
54	0.320672
54	0.206923
54	0.269174
54	0.298817
54	0.426898
54	0.242273
54	0.280256
54	0.259125
54	0.258275
54	0.226549
54	0.342819
54	0.348497
54	0.194881
54	0.27413
54	0.225075
54	0.337693
54	0.321538
54	0.156893
54	0.209614
54	0.224681
54	0.269428
54	0.224512
54	0.198323
54	0.268274
54	0.272769
54	0.328223
54	0.200827
54	0.207745
54	0.159927
54	0.282644
54	0.181199
54	0.203066
54	0.341071
54	0.19167
54	0.229305
54	0.328596
54	0.198514
54	0.289787
54	0.336475
54	0.23732
54	0.301788
54	0.279579
54	0.409741
54	0.275919
54	0.276851
54	0.27598
54	0.236904
54	0.315426
54	0.307867
54	0.288361
54	0.201077
54	0.34253
54	0.261467
54	0.271577
54	0.27301
54	0.220572
54	0.223609
54	0.284151
54	0.263894
54	0.321784
54	0.140908
54	0.268619
54	0.357023
54	0.282708
54	0.336238
54	0.217213
54	0.330568
54	0.298885
54	0.259381
54	0.225169
54	0.105063
54	0.36204
54	0.237191
54	0.269406
57	0.317635
57	0.217626
57	0.276516
57	0.312442
57	0.222951
57	0.263719
57	0.323707
57	0.288913
57	0.223141
57	0.261018
57	0.282024
57	0.205984
57	0.197045
57	0.210961
57	0.237458
57	0.185884
57	0.239322
57	0.195558
57	0.339531
57	0.356983
57	0.291524
57	0.2651
57	0.254373
57	0.272262
57	0.288249
57	0.330492
57	0.276701
57	0.291963
57	0.316194
57	0.262273
57	0.28758
57	0.310443
57	0.283497
57	0.23299
57	0.283892
57	0.248056
57	0.25278
57	0.213745
57	0.238824
57	0.264862
57	0.295742
57	0.317558
57	0.244127
57	0.221085
57	0.247947
57	0.2777
57	0.261968
57	0.234716
57	0.246078
57	0.302959
57	0.249614
57	0.27373
57	0.173583
57	0.308492
57	0.298992
57	0.227987
57	0.200471
57	0.282056
57	0.242931
57	0.245373
57	0.280245
57	0.140319
57	0.204678
57	0.283296
57	0.256047
57	0.25008
57	0.231897
57	0.274834
57	0.289061
57	0.185561
57	0.268756
57	0.294682
57	0.231662
57	0.294237
57	0.178488
57	0.251084
57	0.287708
57	0.211573
57	0.265508
57	0.185953
57	0.28638
57	0.286552
57	0.174684
57	0.229018
57	0.303659
57	0.227176
57	0.225902
57	0.229731
57	0.306211
57	0.329492
57	0.27908
57	0.278944
57	0.264308
57	0.29084
57	0.272739
57	0.235082
57	0.345646
57	0.285917
57	0.241579
57	0.213978
60	0.29823
60	0.273685
60	0.240104
60	0.239473
60	0.206113
60	0.249247
60	0.22726
60	0.207195
60	0.156688
60	0.261091
60	0.237851
60	0.339732
60	0.284482
60	0.26591
60	0.35226
60	0.234171
60	0.264052
60	0.195717
60	0.22285
60	0.339389
60	0.171718
60	0.215134
60	0.25825
60	0.275027
60	0.216981
60	0.262024
60	0.294963
60	0.287293
60	0.31264
60	0.228569
60	0.153567
60	0.25472
60	0.202687
60	0.178568
60	0.247129
60	0.279951
60	0.259457
60	0.262674
60	0.15645
60	0.261454
60	0.28356
60	0.2656
60	0.317233
60	0.283035
60	0.241964
60	0.291372
60	0.253161
60	0.263
60	0.141275
60	0.171224
60	0.154071
60	0.277073
60	0.219229
60	0.227888
60	0.299741
60	0.265305
60	0.314018
60	0.30059
60	0.331088
60	0.289503
60	0.29356
60	0.277846
60	0.307021
60	0.259334
60	0.252296
60	0.121012
60	0.343159
60	0.304375
60	0.264056
60	0.277055
60	0.261175
60	0.266993
60	0.326866
60	0.287597
60	0.302394
60	0.349698
60	0.25377
60	0.267
60	0.224443
60	0.203544
60	0.138248
60	0.28414
60	0.254115
60	0.242947
60	0.332431
60	0.293236
60	0.28947
60	0.276995
60	0.344119
60	0.211029
60	0.295933
60	0.311655
60	0.26453
60	0.221179
60	0.295365
60	0.278506
60	0.242529
60	0.314777
60	0.24655
60	0.19026
63	0.237675
63	0.255388
63	0.31648
63	0.236319
63	0.249864
63	0.212718
63	0.263969
63	0.231699
63	0.271556
63	0.233837
63	0.170599
63	0.215989
63	0.283627
63	0.279964
63	0.163707
63	0.201121
63	0.257842
63	0.212517
63	0.247391
63	0.271063
63	0.192907
63	0.244722
63	0.223349
63	0.204475
63	0.376438
63	0.280398
63	0.314773
63	0.26389
63	0.25255
63	0.279211
63	0.28371
63	0.284667
63	0.349001
63	0.362779
63	0.244913
63	0.293383
63	0.301533
63	0.274666
63	0.16637
63	0.157913
63	0.250965
63	0.24822
63	0.2839
63	0.275433
63	0.260477
63	0.233672
63	0.157253
63	0.132986
63	0.292861
63	0.254086
63	0.253635
63	0.272685
63	0.25818
63	0.303918
63	0.234881
63	0.170068
63	0.318633
63	0.271053
63	0.26601
63	0.204203
63	0.253046
63	0.162557
63	0.247497
63	0.219494
63	0.388402
63	0.152811
63	0.363885
63	0.137251
63	0.281006
63	0.222028
63	0.203737
63	0.235352
63	0.268335
63	0.22984
63	0.25809
63	0.29329
63	0.292871
63	0.257797
63	0.281793
63	0.263809
63	0.261564
63	0.236048
63	0.23873
63	0.164389
63	0.257182
63	0.278456
63	0.325772
63	0.22733
63	0.363757
63	0.176916
63	0.314719
63	0.291339
63	0.349942
63	0.311262
63	0.30902
63	0.19331
63	0.285917
63	0.282643
63	0.337939
63	0.271486
66	0.291972
66	0.291365
66	0.341785
66	0.227922
66	0.284844
66	0.131684
66	0.26716
66	0.265532
66	0.294372
66	0.22696
66	0.315235
66	0.309202
66	0.228489
66	0.213814
66	0.222573
66	0.276022
66	0.349599
66	0.20118
66	0.25274
66	0.21749
66	0.313269
66	0.287606
66	0.25422
66	0.276372
66	0.215431
66	0.221542
66	0.312775
66	0.292895
66	0.241997
66	0.236029
66	0.219357
66	0.292041
66	0.311651
66	0.296047
66	0.271258
66	0.22378
66	0.254427
66	0.118639
66	0.248962
66	0.200163
66	0.306206
66	0.251053
66	0.234429
66	0.240494
66	0.282004
66	0.325881
66	0.255944
66	0.25925
66	0.340974
66	0.253397
66	0.185048
66	0.238653
66	0.237838
66	0.294871
66	0.207831
66	0.143125
66	0.301204
66	0.281383
66	0.206358
66	0.212471
66	0.321708
66	0.203074
66	0.227963
66	0.328825
66	0.199408
66	0.203357
66	0.232671
66	0.29072
66	0.206799
66	0.28727
66	0.326267
66	0.301728
66	0.183435
66	0.256274
66	0.284386
66	0.219688
66	0.14532
66	0.306276
66	0.274384
66	0.217628
66	0.287119
66	0.332173
66	0.385819
66	0.236851
66	0.312151
66	0.34295
66	0.302671
66	0.242435
66	0.3515
66	0.29523
66	0.271302
66	0.234376
66	0.311417
66	0.211926
66	0.259559
66	0.239472
66	0.228128
66	0.341244
66	0.20991
66	0.207909
69	0.250881
69	0.272356
69	0.251865
69	0.271809
69	0.30432
69	0.27413
69	0.351103
69	0.206209
69	0.318384
69	0.239796
69	0.291194
69	0.264353
69	0.285354
69	0.29994
69	0.225945
69	0.235617
69	0.228048
69	0.283381
69	0.225978
69	0.232793
69	0.315566
69	0.217432
69	0.153574
69	0.173955
69	0.279288
69	0.299075
69	0.223908
69	0.231246
69	0.220201
69	0.392793
69	0.280527
69	0.286728
69	0.283512
69	0.253274
69	0.205929
69	0.296325
69	0.261326
69	0.162732
69	0.243209
69	0.329296
69	0.304799
69	0.287739
69	0.268529
69	0.210597
69	0.267552
69	0.272142
69	0.335173
69	0.221826
69	0.277262
69	0.310932
69	0.219341
69	0.298526
69	0.285625
69	0.294079
69	0.178029
69	0.267701
69	0.264145
69	0.256944
69	0.377155
69	0.265855
69	0.309209
69	0.206478
69	0.289669
69	0.270035
69	0.237328
69	0.273295
69	0.29829
69	0.308798
69	0.224217
69	0.117515
69	0.245521
69	0.320874
69	0.323447
69	0.254442
69	0.26867
69	0.184989
69	0.187372
69	0.276459
69	0.209243
69	0.24548
69	0.405259
69	0.166271
69	0.255609
69	0.295733
69	0.257304
69	0.254865
69	0.224248
69	0.225405
69	0.275507
69	0.222554
69	0.29423
69	0.183649
69	0.221157
69	0.286322
69	0.277659
69	0.299269
69	0.368936
69	0.162233
69	0.209339
69	0.213956
72	0.286394
72	0.223855
72	0.337855
72	0.369393
72	0.196733
72	0.201753
72	0.252248
72	0.278171
72	0.182359
72	0.279448
72	0.218596
72	0.320581
72	0.313596
72	0.275824
72	0.230873
72	0.285344
72	0.24865
72	0.251676
72	0.270528
72	0.237234
72	0.163997
72	0.236913
72	0.178179
72	0.366414
72	0.268921
72	0.245292
72	0.286924
72	0.19841
72	0.242405
72	0.242403
72	0.245379
72	0.202825
72	0.272169
72	0.298621
72	0.259449
72	0.322312
72	0.174081
72	0.239594
72	0.291401
72	0.2745
72	0.251232
72	0.164645
72	0.28107
72	0.206683
72	0.237519
72	0.292686
72	0.281375
72	0.185777
72	0.345905
72	0.267826
72	0.215927
72	0.2081
72	0.216116
72	0.229838
72	0.31534
72	0.28613
72	0.280259
72	0.30746
72	0.239297
72	0.238261
72	0.326304
72	0.294757
72	0.282479
72	0.273266
72	0.231411
72	0.313637
72	0.237388
72	0.283501
72	0.275451
72	0.427941
72	0.221801
72	0.296672
72	0.179165
72	0.363513
72	0.28275
72	0.146741
72	0.290728
72	0.219851
72	0.255651
72	0.212187
72	0.264755
72	0.264174
72	0.266193
72	0.213174
72	0.282944
72	0.199266
72	0.278126
72	0.203102
72	0.290455
72	0.292038
72	0.228143
72	0.208806
72	0.219568
72	0.274083
72	0.271229
72	0.285002
72	0.42313
72	0.17262
72	0.347725
72	0.327806
75	0.193321
75	0.215609
75	0.211022
75	0.300303
75	0.266858
75	0.216814
75	0.240279
75	0.184917
75	0.330266
75	0.280079
75	0.251436
75	0.340016
75	0.17558
75	0.272435
75	0.314461
75	0.340378
75	0.265029
75	0.241352
75	0.247253
75	0.226815
75	0.241388
75	0.302814
75	0.243688
75	0.177597
75	0.234856
75	0.265716
75	0.255435
75	0.254947
75	0.239491
75	0.238
75	0.187634
75	0.29867
75	0.204608
75	0.300403
75	0.172628
75	0.254258
75	0.202687
75	0.245057
75	0.20245
75	0.223072
75	0.203588
75	0.242577
75	0.290206
75	0.267723
75	0.29481
75	0.224399
75	0.276588
75	0.223569
75	0.149911
75	0.142896
75	0.308439
75	0.298713
75	0.275056
75	0.223799
75	0.278386
75	0.246411
75	0.24224
75	0.149354
75	0.370368
75	0.229087
75	0.200131
75	0.175634
75	0.373793
75	0.304203
75	0.177707
75	0.250119
75	0.212061
75	0.298641
75	0.254419
75	0.215211
75	0.276296
75	0.0873158
75	0.234128
75	0.263981
75	0.207031
75	0.340133
75	0.230862
75	0.240929
75	0.327653
75	0.336477
75	0.181201
75	0.331869
75	0.299409
75	0.283815
75	0.278183
75	0.25297
75	0.139965
75	0.327055
75	0.252871
75	0.2075
75	0.213147
75	0.276601
75	0.313041
75	0.334352
75	0.316442
75	0.319499
75	0.273639
75	0.320884
75	0.289825
75	0.318118
78	0.26814
78	0.262659
78	0.332235
78	0.276379
78	0.230397
78	0.202699
78	0.239286
78	0.24225
78	0.264684
78	0.335298
78	0.194484
78	0.306059
78	0.135797
78	0.190642
78	0.189247
78	0.36803
78	0.257728
78	0.202685
78	0.405749
78	0.200848
78	0.259092
78	0.307668
78	0.267957
78	0.180784
78	0.202538
78	0.332252
78	0.227268
78	0.204051
78	0.250368
78	0.16958
78	0.440243
78	0.272884
78	0.242844
78	0.307739
78	0.318062
78	0.278139
78	0.360402
78	0.323764
78	0.247476
78	0.255453
78	0.3269
78	0.26614
78	0.250546
78	0.234895
78	0.186364
78	0.252973
78	0.262071
78	0.170224
78	0.22707
78	0.140031
78	0.284192
78	0.241092
78	0.328679
78	0.205275
78	0.225321
78	0.269735
78	0.198736
78	0.236537
78	0.215098
78	0.28559
78	0.227725
78	0.293789
78	0.284449
78	0.257266
78	0.445782
78	0.197294
78	0.188457
78	0.172436
78	0.234054
78	0.254491
78	0.27906
78	0.247857
78	0.199913
78	0.242093
78	0.200441
78	0.218968
78	0.355751
78	0.2526
78	0.224786
78	0.308381
78	0.165659
78	0.257656
78	0.247167
78	0.12386
78	0.239241
78	0.191964
78	0.285641
78	0.226386
78	0.272691
78	0.317093
78	0.250913
78	0.228449
78	0.182499
78	0.22725
78	0.243579
78	0.238259
78	0.268229
78	0.308934
78	0.345415
78	0.250849
81	0.208027
81	0.265275
81	0.163855
81	0.214998
81	0.211517
81	0.248067
81	0.254372
81	0.282314
81	0.256875
81	0.325235
81	0.215966
81	0.226885
81	0.263091
81	0.216549
81	0.199044
81	0.224045
81	0.17946
81	0.102588
81	0.315091
81	0.274567
81	0.271438
81	0.216214
81	0.332263
81	0.182669
81	0.327668
81	0.117802
81	0.202882
81	0.3297
81	0.278248
81	0.262917
81	0.321449
81	0.238391
81	0.216762
81	0.226704
81	0.242054
81	0.211054
81	0.266381
81	0.155926
81	0.249378
81	0.216323
81	0.334593
81	0.300774
81	0.295954
81	0.242276
81	0.184018
81	0.297088
81	0.243659
81	0.307412
81	0.214355
81	0.306599
81	0.318974
81	0.218063
81	0.324001
81	0.174037
81	0.259497
81	0.27986
81	0.188457
81	0.240549
81	0.266453
81	0.247068
81	0.188079
81	0.281165
81	0.228244
81	0.324351
81	0.312266
81	0.287722
81	0.306216
81	0.201996
81	0.259569
81	0.282649
81	0.29555
81	0.173859
81	0.226022
81	0.193255
81	0.246936
81	0.287336
81	0.229518
81	0.254208
81	0.266962
81	0.293007
81	0.289269
81	0.279134
81	0.173367
81	0.168849
81	0.325472
81	0.321596
81	0.261945
81	0.26655
81	0.232103
81	0.279194
81	0.340436
81	0.28633
81	0.153524
81	0.200675
81	0.17581
81	0.3081
81	0.3848
81	0.161697
81	0.251691
81	0.268777
84	0.26982
84	0.251409
84	0.24427
84	0.275876
84	0.27082
84	0.210362
84	0.350849
84	0.276437
84	0.23403
84	0.213724
84	0.26969
84	0.312258
84	0.270209
84	0.322927
84	0.301566
84	0.223962
84	0.246502
84	0.180802
84	0.265423
84	0.290707
84	0.232122
84	0.311629
84	0.339124
84	0.224564
84	0.199731
84	0.270743
84	0.263639
84	0.222676
84	0.273925
84	0.234391
84	0.263937
84	0.269339
84	0.218249
84	0.276041
84	0.156588
84	0.227489
84	0.339676
84	0.300271
84	0.304822
84	0.234517
84	0.295112
84	0.239615
84	0.250346
84	0.267423
84	0.336571
84	0.179589
84	0.174493
84	0.236368
84	0.293698
84	0.242188
84	0.291519
84	0.196107
84	0.242908
84	0.178185
84	0.176592
84	0.2161
84	0.290503
84	0.262264
84	0.230046
84	0.235989
84	0.251629
84	0.306397
84	0.351037
84	0.183106
84	0.206758
84	0.262221
84	0.18917
84	0.15531
84	0.278442
84	0.190855
84	0.332845
84	0.255358
84	0.302381
84	0.226446
84	0.230039
84	0.238503
84	0.253672
84	0.173751
84	0.290521
84	0.317529
84	0.298529
84	0.211789
84	0.301268
84	0.22108
84	0.305835
84	0.305232
84	0.375431
84	0.230009
84	0.23266
84	0.276823
84	0.210835
84	0.302241
84	0.28379
84	0.108372
84	0.270508
84	0.2173
84	0.286974
84	0.299383
84	0.281655
84	0.206637
87	0.352568
87	0.222538
87	0.256278
87	0.178766
87	0.218469
87	0.274465
87	0.300378
87	0.280777
87	0.272434
87	0.144094
87	0.246593
87	0.195089
87	0.286585
87	0.282815
87	0.329249
87	0.195441
87	0.266972
87	0.218727
87	0.347874
87	0.222549
87	0.246783
87	0.310842
87	0.299949
87	0.305399
87	0.327896
87	0.271065
87	0.285987
87	0.297162
87	0.227976
87	0.238306
87	0.231922
87	0.251794
87	0.170556
87	0.217895
87	0.303642
87	0.184886
87	0.238942
87	0.268897
87	0.246925
87	0.276388
87	0.30526
87	0.167657
87	0.180573
87	0.269778
87	0.29561
87	0.314124
87	0.201124
87	0.26372
87	0.355874
87	0.177992
87	0.256819
87	0.24772
87	0.177405
87	0.224815
87	0.154842
87	0.314464
87	0.166195
87	0.12852
87	0.302746
87	0.219668
87	0.2334
87	0.337351
87	0.311383
87	0.294338
87	0.261032
87	0.170325
87	0.344501
87	0.285144
87	0.157383
87	0.291256
87	0.241294
87	0.229728
87	0.221117
87	0.264269
87	0.224303
87	0.161465
87	0.232495
87	0.163363
87	0.251976
87	0.217287
87	0.253247
87	0.309573
87	0.246655
87	0.330862
87	0.271697
87	0.235364
87	0.290024
87	0.269697
87	0.145804
87	0.263588
87	0.235932
87	0.184617
87	0.124289
87	0.206174
87	0.304004
87	0.216958
87	0.0889298
87	0.217748
87	0.246776
87	0.210576
90	0.285962
90	0.132525
90	0.238095
90	0.178229
90	0.241489
90	0.293187
90	0.287325
90	0.26604
90	0.295116
90	0.227321
90	0.207697
90	0.233292
90	0.122822
90	0.130846
90	0.230454
90	0.26311
90	0.291427
90	0.212411
90	0.241901
90	0.284137
90	0.157675
90	0.305351
90	0.223658
90	0.268948
90	0.150307
90	0.258511
90	0.300305
90	0.274859
90	0.232798
90	0.221973
90	0.271656
90	0.260915
90	0.214102
90	0.224093
90	0.29992
90	0.253705
90	0.315853
90	0.281041
90	0.241224
90	0.30289
90	0.197013
90	0.1889
90	0.270771
90	0.289712
90	0.237717
90	0.283256
90	0.156085
90	0.192163
90	0.285716
90	0.272264
90	0.193192
90	0.22717
90	0.305872
90	0.277233
90	0.224079
90	0.248587
90	0.22543
90	0.181543
90	0.291046
90	0.349148
90	0.149895
90	0.242523
90	0.240198
90	0.203926
90	0.168374
90	0.244917
90	0.235396
90	0.10494
90	0.292748
90	0.152348
90	0.267444
90	0.250708
90	0.196421
90	0.246751
90	0.20472
90	0.281561
90	0.251727
90	0.216972
90	0.192578
90	0.284807
90	0.12418
90	0.152253
90	0.319967
90	0.32145
90	0.193054
90	0.208108
90	0.233304
90	0.304597
90	0.232194
90	0.24146
90	0.249914
90	0.343171
90	0.159822
90	0.288606
90	0.160807
90	0.219305
90	0.248909
90	0.180658
90	0.246618
90	0.167114
93	0.100428
93	0.180993
93	0.277553
93	0.424866
93	0.174355
93	0.21903
93	0.360416
93	0.230484
93	0.209829
93	0.258512
93	0.321529
93	0.36871
93	0.307255
93	0.297513
93	0.331428
93	0.23178
93	0.159246
93	0.290335
93	0.222564
93	0.236333
93	0.26419
93	0.200072
93	0.212067
93	0.247948
93	0.30493
93	0.264778
93	0.211996
93	0.199997
93	0.204667
93	0.242905
93	0.289169
93	0.177168
93	0.249742
93	0.239071
93	0.314968
93	0.226149
93	0.118168
93	0.202375
93	0.327824
93	0.114577
93	0.302332
93	0.224936
93	0.213249
93	0.297601
93	0.24367
93	0.215238
93	0.311896
93	0.275301
93	0.107226
93	0.251992
93	0.249993
93	0.285857
93	0.276735
93	0.280967
93	0.228074
93	0.158337
93	0.230293
93	0.249754
93	0.248434
93	0.233483
93	0.305976
93	0.20262
93	0.239848
93	0.201839
93	0.267963
93	0.334225
93	0.252223
93	0.300664
93	0.29671
93	0.193074
93	0.258566
93	0.262772
93	0.291398
93	0.268995
93	0.247556
93	0.191648
93	0.409353
93	0.25725
93	0.319565
93	0.211786
93	0.225328
93	0.12187
93	0.339278
93	0.250173
93	0.235436
93	0.155422
93	0.228613
93	0.240066
93	0.27029
93	0.185949
93	0.166596
93	0.255957
93	0.194115
93	0.26454
93	0.230777
93	0.164835
93	0.304286
93	0.186161
93	0.245602
93	0.235826
96	0.159798
96	0.118865
96	0.273363
96	0.268891
96	0.23999
96	0.137829
96	0.288242
96	0.230131
96	0.210166
96	0.221966
96	0.189791
96	0.233337
96	0.331305
96	0.184086
96	0.196055
96	0.261477
96	0.258236
96	0.222345
96	0.283439
96	0.248983
96	0.231055
96	0.244662
96	0.234456
96	0.245471
96	0.190859
96	0.248814
96	0.198496
96	0.225141
96	0.170563
96	0.328395
96	0.254356
96	0.215863
96	0.284777
96	0.352029
96	0.211057
96	0.21193
96	0.311638
96	0.227137
96	0.234332
96	0.265729
96	0.278904
96	0.241842
96	0.221432
96	0.274865
96	0.24614
96	0.243148
96	0.2557
96	0.428256
96	0.216798
96	0.338176
96	0.197675
96	0.165614
96	0.247621
96	0.157
96	0.283256
96	0.221424
96	0.125059
96	0.161446
96	0.318236
96	0.353057
96	0.341181
96	0.203078
96	0.197009
96	0.167747
96	0.22061
96	0.352697
96	0.231243
96	0.21733
96	0.243397
96	0.250164
96	0.390483
96	0.323814
96	0.266298
96	0.259629
96	0.31467
96	0.261753
96	0.298672
96	0.321796
96	0.227404
96	0.216256
96	0.351434
96	0.248628
96	0.186266
96	0.240433
96	0.214714
96	0.184456
96	0.231113
96	0.282241
96	0.177464
96	0.230791
96	0.26556
96	0.135927
96	0.193006
96	0.360189
96	0.234992
96	0.339939
96	0.215314
96	0.251645
96	0.306706
96	0.26368
99	0.310972
99	0.18433
99	0.10206
99	0.274098
99	0.162717
99	0.326254
99	0.28689
99	0.323124
99	0.191286
99	0.145406
99	0.190971
99	0.272674
99	0.1819
99	0.169915
99	0.260913
99	0.193612
99	0.28237
99	0.21691
99	0.200811
99	0.216355
99	0.244318
99	0.194568
99	0.148768
99	0.362473
99	0.183626
99	0.252991
99	0.238388
99	0.316818
99	0.205113
99	0.230476
99	0.21779
99	0.335613
99	0.202572
99	0.285312
99	0.248111
99	0.138113
99	0.231201
99	0.0793692
99	0.248851
99	0.322259
99	0.229722
99	0.300253
99	0.322588
99	0.270776
99	0.167916
99	0.136939
99	0.224306
99	0.257892
99	0.313677
99	0.223442
99	0.18589
99	0.350912
99	0.30093
99	0.252334
99	0.271539
99	0.121473
99	0.267748
99	0.211019
99	0.218994
99	0.264458
99	0.146083
99	0.232315
99	0.312829
99	0.309112
99	0.258193
99	0.228453
99	0.225439
99	0.26965
99	0.246294
99	0.404126
99	0.250618
99	0.288407
99	0.204087
99	0.242511
99	0.342662
99	0.204732
99	0.281189
99	0.155847
99	0.122353
99	0.216123
99	0.342136
99	0.233225
99	0.314328
99	0.201379
99	0.256245
99	0.205924
99	0.236148
99	0.213479
99	0.240474
99	0.112179
99	0.283685
99	0.236488
99	0.270709
99	0.255393
99	0.230705
99	0.188937
99	0.20894
99	0.280649
99	0.232658
99	0.201453
102	0.342982
102	0.272264
102	0.273212
102	0.304281
102	0.317587
102	0.321323
102	0.214218
102	0.253276
102	0.305448
102	0.232473
102	0.247328
102	0.225885
102	0.180997
102	0.247013
102	0.222309
102	0.185114
102	0.22012
102	0.213166
102	0.188251
102	0.243751
102	0.182507
102	0.262207
102	0.295156
102	0.153142
102	0.245032
102	0.203647
102	0.30288
102	0.214118
102	0.301176
102	0.262861
102	0.29333
102	0.21945
102	0.238791
102	0.147193
102	0.132287
102	0.389818
102	0.325949
102	0.180439
102	0.14555
102	0.171805
102	0.252221
102	0.303383
102	0.226387
102	0.300265
102	0.306795
102	0.285945
102	0.288572
102	0.0793386
102	0.169976
102	0.218407
102	0.457244
102	0.262502
102	0.261773
102	0.26541
102	0.25625
102	0.201006
102	0.26685
102	0.24074
102	0.174417
102	0.266441
102	0.341824
102	0.262233
102	0.283506
102	0.224116
102	0.267776
102	0.193664
102	0.190721
102	0.229596
102	0.247371
102	0.245644
102	0.160841
102	0.323018
102	0.196559
102	0.218706
102	0.316876
102	0.164088
102	0.176413
102	0.299072
102	0.178397
102	0.196279
102	0.248744
102	0.298599
102	0.186704
102	0.192839
102	0.298417
102	0.211119
102	0.268813
102	0.178689
102	0.300757
102	0.299071
102	0.192726
102	0.265726
102	0.158756
102	0.206903
102	0.288573
102	0.15595
102	0.32214
102	0.320749
102	0.161779
102	0.289579
105	0.229895
105	0.243768
105	0.203539
105	0.202688
105	0.136388
105	0.283559
105	0.218758
105	0.212201
105	0.256926
105	0.160445
105	0.290482
105	0.256342
105	0.270557
105	0.225542
105	0.209446
105	0.203951
105	0.15998
105	0.321055
105	0.185903
105	0.187923
105	0.355822
105	0.289005
105	0.214194
105	0.310397
105	0.223275
105	0.11729
105	0.184222
105	0.146928
105	0.117474
105	0.126786
105	0.241663
105	0.12961
105	0.289755
105	0.202722
105	0.280909
105	0.276854
105	0.211648
105	0.240629
105	0.31734
105	0.203549
105	0.225234
105	0.261483
105	0.262981
105	0.245478
105	0.211341
105	0.255451
105	0.280172
105	0.208402
105	0.227838
105	0.269086
105	0.204275
105	0.233201
105	0.185874
105	0.273466
105	0.346901
105	0.243744
105	0.179698
105	0.258677
105	0.236069
105	0.180417
105	0.223198
105	0.26191
105	0.257264
105	0.172597
105	0.246685
105	0.289981
105	0.205864
105	0.286501
105	0.319431
105	0.209966
105	0.175547
105	0.260848
105	0.282925
105	0.313213
105	0.258914
105	0.221238
105	0.229727
105	0.26984
105	0.144781
105	0.338539
105	0.216212
105	0.234692
105	0.146773
105	0.274031
105	0.212624
105	0.230325
105	0.311486
105	0.2481
105	0.243179
105	0.222415
105	0.249262
105	0.221307
105	0.277075
105	0.275875
105	0.146986
105	0.110576
105	0.348412
105	0.309894
105	0.220836
105	0.312836
108	0.307616
108	0.307369
108	0.24023
108	0.164663
108	0.296294
108	0.257445
108	0.1912
108	0.323214
108	0.138005
108	0.199539
108	0.273276
108	0.341635
108	0.136275
108	0.347143
108	0.259325
108	0.390639
108	0.178916
108	0.203313
108	0.159803
108	0.180722
108	0.208409
108	0.278687
108	0.246782
108	0.105146
108	0.285531
108	0.30225
108	0.282071
108	0.156041
108	0.267843
108	0.177879
108	0.259506
108	0.166687
108	0.18711
108	0.232894
108	0.209956
108	0.44188
108	0.209703
108	0.155659
108	0.238942
108	0.19193
108	0.319709
108	0.178004
108	0.258511
108	0.108194
108	0.191359
108	0.163075
108	0.327139
108	0.247384
108	0.228132
108	0.195171
108	0.195295
108	0.282713
108	0.200476
108	0.363627
108	0.211768
108	0.201117
108	0.22335
108	0.220809
108	0.292976
108	0.188582
108	0.30938
108	0.303201
108	0.253467
108	0.15084
108	0.162366
108	0.290598
108	0.225638
108	0.228321
108	0.250807
108	0.181374
108	0.129789
108	0.269685
108	0.26261
108	0.1406
108	0.156446
108	0.197996
108	0.109403
108	0.149983
108	0.178366
108	0.341329
108	0.127609
108	0.264978
108	0.354525
108	0.156352
108	0.1859
108	0.265759
108	0.209843
108	0.246578
108	0.211704
108	0.209139
108	0.187297
108	0.215471
108	0.237612
108	0.275492
108	0.186421
108	0.26928
108	0.178384
108	0.217707
108	0.231383
108	0.239957
111	0.309138
111	0.247873
111	0.146707
111	0.249141
111	0.276002
111	0.378431
111	0.338511
111	0.260368
111	0.220838
111	0.331282
111	0.278605
111	0.266977
111	0.344351
111	0.141233
111	0.129251
111	0.270292
111	0.177527
111	0.289099
111	0.201241
111	0.435247
111	0.318433
111	0.281132
111	0.230961
111	0.333712
111	0.229076
111	0.291606
111	0.33423
111	0.156329
111	0.278951
111	0.14786
111	0.179048
111	0.260291
111	0.253959
111	0.175434
111	0.20494
111	0.227077
111	0.270692
111	0.27351
111	0.289888
111	0.198806
111	0.202042
111	0.161908
111	0.219249
111	0.282895
111	0.229921
111	0.148783
111	0.290563
111	0.201671
111	0.161644
111	0.177164
111	0.328732
111	0.271125
111	0.328683
111	0.29008
111	0.207172
111	0.306402
111	0.288405
111	0.0811626
111	0.223104
111	0.273011
111	0.291462
111	0.331552
111	0.238904
111	0.276138
111	0.263745
111	0.216106
111	0.303429
111	0.259198
111	0.177029
111	0.137279
111	0.328645
111	0.26612
111	0.214563
111	0.272737
111	0.297854
111	0.234163
111	0.320968
111	0.307057
111	0.179037
111	0.134411
111	0.246541
111	0.255112
111	0.287764
111	0.223204
111	0.154376
111	0.291937
111	0.250503
111	0.250665
111	0.246628
111	0.205574
111	0.301798
111	0.179327
111	0.184803
111	0.365831
111	0.29465
111	0.26949
111	0.240492
111	0.289309
111	0.28844
111	0.209917
114	0.0734304
114	0.285002
114	0.203106
114	0.234782
114	0.338176
114	0.218684
114	0.324088
114	0.285484
114	0.219278
114	0.187029
114	0.15695
114	0.280869
114	0.151804
114	0.285514
114	0.287849
114	0.24659
114	0.284697
114	0.193704
114	0.265667
114	0.157364
114	0.239026
114	0.25163
114	0.18884
114	0.239571
114	0.216834
114	0.285646
114	0.234447
114	0.246245
114	0.184595
114	0.317445
114	0.187177
114	0.241299
114	0.219478
114	0.19014
114	0.280868
114	0.28078
114	0.274181
114	0.260694
114	0.227035
114	0.254262
114	0.171398
114	0.287322
114	0.246458
114	0.313134
114	0.266595
114	0.279088
114	0.184194
114	0.252957
114	0.327255
114	0.354134
114	0.312752
114	0.316918
114	0.228484
114	0.113778
114	0.285178
114	0.212823
114	0.272214
114	0.194271
114	0.239936
114	0.269966
114	0.192995
114	0.1774
114	0.277773
114	0.278229
114	0.239246
114	0.233513
114	0.28282
114	0.282261
114	0.208901
114	0.0737417
114	0.177018
114	0.324896
114	0.254954
114	0.242426
114	0.291017
114	0.193655
114	0.250848
114	0.289859
114	0.262349
114	0.289281
114	0.180014
114	0.269241
114	0.204614
114	0.137846
114	0.127613
114	0.350413
114	0.231705
114	0.119431
114	0.313478
114	0.198465
114	0.30746
114	0.252876
114	0.336549
114	0.291475
114	0.232414
114	0.243771
114	0.149065
114	0.258016
114	0.174625
114	0.161193
117	0.187979
117	0.237213
117	0.0950137
117	0.242357
117	0.268055
117	0.338062
117	0.288312
117	0.210351
117	0.165119
117	0.235995
117	0.141534
117	0.327082
117	0.255804
117	0.207933
117	0.21069
117	0.233621
117	0.26365
117	0.249782
117	0.275222
117	0.365501
117	0.282126
117	0.229724
117	0.246761
117	0.18557
117	0.179856
117	0.276215
117	0.120874
117	0.181815
117	0.238852
117	0.253012
117	0.238163
117	0.220912
117	0.266942
117	0.287759
117	0.181476
117	0.219596
117	0.183829
117	0.204357
117	0.309124
117	0.0687137
117	0.289565
117	0.312075
117	0.179027
117	0.2787
117	0.221227
117	0.251544
117	0.197547
117	0.194791
117	0.290142
117	0.207962
117	0.238834
117	0.255183
117	0.166054
117	0.267662
117	0.192776
117	0.268314
117	0.278739
117	0.179791
117	0.273447
117	0.279688
117	0.232638
117	0.261624
117	0.274578
117	0.173425
117	0.453164
117	0.340016
117	0.334875
117	0.19233
117	0.152728
117	0.208612
117	0.232091
117	0.258096
117	0.26351
117	0.247096
117	0.246283
117	0.248111
117	0.340774
117	0.260673
117	0.219817
117	0.283582
117	0.26179
117	0.210973
117	0.26666
117	0.195086
117	0.185192
117	0.195113
117	0.220557
117	0.332152
117	0.246076
117	0.281764
117	0.264598
117	0.132271
117	0.303991
117	0.343006
117	0.203884
117	0.223328
117	0.218732
117	0.271223
117	0.188935
117	0.347116
120	0.202048
120	0.30346
120	0.256455
120	0.276058
120	0.227069
120	0.341532
120	0.259264
120	0.245684
120	0.163758
120	0.356773
120	0.232166
120	0.157086
120	0.360516
120	0.260493
120	0.194854
120	0.217111
120	0.165234
120	0.235281
120	0.335261
120	0.328155
120	0.283098
120	0.159599
120	0.289673
120	0.225175
120	0.18372
120	0.196911
120	0.192716
120	0.310485
120	0.244995
120	0.146459
120	0.266199
120	0.317757
120	0.294223
120	0.139843
120	0.290366
120	0.119895
120	0.28335
120	0.23278
120	0.209505
120	0.347485
120	0.43482
120	0.16854
120	0.114104
120	0.247848
120	0.226804
120	0.258529
120	0.258693
120	0.352505
120	0.241302
120	0.345385
120	0.317701
120	0.259898
120	0.248503
120	0.250626
120	0.225242
120	0.328543
120	0.20821
120	0.220103
120	0.213907
120	0.199439
120	0.178436
120	0.294198
120	0.251702
120	0.244639
120	0.21086
120	0.276951
120	0.202968
120	0.227993
120	0.26799
120	0.300409
120	0.185358
120	0.226007
120	0.280004
120	0.169606
120	0.262674
120	0.202814
120	0.22942
120	0.282644
120	0.24908
120	0.181559
120	0.194546
120	0.267611
120	0.136721
120	0.191097
120	0.214542
120	0.244407
120	0.238693
120	0.240598
120	0.230262
120	0.285595
120	0.234088
120	0.220309
120	0.123936
120	0.202271
120	0.297634
120	0.281369
120	0.201435
120	0.237523
120	0.215588
120	0.141441
123	0.172769
123	0.376163
123	0.288311
123	0.311855
123	0.220893
123	0.245766
123	0.150938
123	0.196811
123	0.198284
123	0.172286
123	0.134235
123	0.212982
123	0.268725
123	0.297022
123	0.226519
123	0.251584
123	0.143155
123	0.0943859
123	0.25833
123	0.252144
123	0.288969
123	0.156352
123	0.179465
123	0.281723
123	0.267348
123	0.27981
123	0.177838
123	0.298371
123	0.296508
123	0.296882
123	0.159244
123	0.271139
123	0.22763
123	0.206418
123	0.168503
123	0.0939497
123	0.227233
123	0.151222
123	0.179984
123	0.218519
123	0.120134
123	0.155213
123	0.117796
123	0.288631
123	0.256219
123	0.203302
123	0.133548
123	0.173462
123	0.344449
123	0.185892
123	0.230146
123	0.276252
123	0.260553
123	0.193321
123	0.243688
123	0.294371
123	0.304486
123	0.190661
123	0.316488
123	0.16749
123	0.284422
123	0.201086
123	0.328794
123	0.251361
123	0.231608
123	0.218814
123	0.259308
123	0.269993
123	0.211183
123	0.0384767
123	0.217847
123	0.24357
123	0.26794
123	0.181474
123	0.273975
123	0.157598
123	0.318387
123	0.243956
123	0.309216
123	0.24129
123	0.22328
123	0.228344
123	0.28947
123	0.239366
123	0.222907
123	0.250321
123	0.191998
123	0.220199
123	0.277472
123	0.264182
123	0.223648
123	0.214621
123	0.187301
123	0.223211
123	0.332074
123	0.141116
123	0.289344
123	0.267704
123	0.331125
123	0.209249
126	0.263909
126	0.213362
126	0.222872
126	0.17777
126	0.182081
126	0.238188
126	0.439251
126	0.304739
126	0.319324
126	0.275567
126	0.169061
126	0.16845
126	0.332341
126	0.264882
126	0.271989
126	0.195713
126	0.333216
126	0.258298
126	0.377225
126	0.228272
126	0.277789
126	0.197877
126	0.133175
126	0.26064
126	0.081573
126	0.269167
126	0.283997
126	0.247776
126	0.238128
126	0.217431
126	0.318213
126	0.213586
126	0.215426
126	0.224534
126	0.149808
126	0.223217
126	0.174149
126	0.167211
126	0.26501
126	0.250148
126	0.228002
126	0.0889477
126	0.314619
126	0.274663
126	0.271512
126	0.211257
126	0.25209
126	0.271091
126	0.288393
126	0.296351
126	0.306146
126	0.228409
126	0.363526
126	0.181832
126	0.431418
126	0.15806
126	0.282071
126	0.301698
126	0.176869
126	0.255747
126	0.176034
126	0.230985
126	0.215554
126	0.259245
126	0.255447
126	0.282733
126	0.297453
126	0.153598
126	0.181137
126	0.180418
126	0.346644
126	0.181638
126	0.18006
126	0.172067
126	0.195312
126	0.192154
126	0.259848
126	0.19918
126	0.140191
126	0.260747
126	0.114537
126	0.201554
126	0.235913
126	0.203246
126	0.304925
126	0.284137
126	0.234112
126	0.195163
126	0.253225
126	0.231493
126	0.289185
126	0.308958
126	0.389183
126	0.164054
126	0.182431
126	0.254071
126	0.238068
126	0.305226
126	0.14583
126	0.328711
129	0.287692
129	0.24017
129	0.0757633
129	0.25498
129	0.172153
129	0.185979
129	0.219274
129	0.221453
129	0.181412
129	0.0770038
129	0.377071
129	0.302531
129	0.197431
129	0.170667
129	0.289986
129	0.265449
129	0.193324
129	0.158357
129	0.235307
129	0.265684
129	0.256657
129	0.21133
129	0.241523
129	0.222897
129	0.300527
129	0.347244
129	0.184152
129	0.239501
129	0.265292
129	0.237153
129	0.253473
129	0.232061
129	0.256162
129	0.229258
129	0.272212
129	0.379977
129	0.241056
129	0.227475
129	0.230245
129	0.22369
129	0.198389
129	0.29546
129	0.190726
129	0.325625
129	0.350997
129	0.378279
129	0.32119
129	0.292053
129	0.221067
129	0.135245
129	0.23081
129	0.249679
129	0.334001
129	0.226274
129	0.301526
129	0.17232
129	0.244385
129	0.285075
129	0.35888
129	0.248808
129	0.14344
129	0.25359
129	0.243512
129	0.278836
129	0.232848
129	0.277022
129	0.200382
129	0.257956
129	0.177716
129	0.231188
129	0.274688
129	0.230609
129	0.238388
129	0.249752
129	0.299071
129	0.153697
129	0.277874
129	0.219084
129	0.266035
129	0.149743
129	0.331341
129	0.159374
129	0.172669
129	0.267645
129	0.317888
129	0.348583
129	0.15192
129	0.308275
129	0.333252
129	0.0836122
129	0.108855
129	0.258606
129	0.243684
129	0.209102
129	0.231185
129	0.274287
129	0.337654
129	0.213754
129	0.248378
129	0.169444
132	0.305419
132	0.183393
132	0.309119
132	0.12246
132	0.257008
132	0.346044
132	0.285902
132	0.263574
132	0.244101
132	0.283542
132	0.132322
132	0.189655
132	0.267302
132	0.332832
132	0.276469
132	0.230199
132	0.275772
132	0.114143
132	0.239554
132	0.159265
132	0.157712
132	0.232729
132	0.376222
132	0.219349
132	0.276654
132	0.144642
132	0.148409
132	0.129938
132	0.153378
132	0.114216
132	0.202363
132	0.148969
132	0.288782
132	0.230343
132	0.28003
132	0.284844
132	0.160235
132	0.109216
132	0.189417
132	0.183599
132	0.273958
132	0.122312
132	0.139821
132	0.101774
132	0.229245
132	0.245367
132	0.281945
132	0.214977
132	0.325189
132	0.231406
132	0.244522
132	0.242387
132	0.150267
132	0.204684
132	0.227936
132	0.260587
132	0.287709
132	0.200706
132	0.140505
132	0.109267
132	0.276759
132	0.166907
132	0.194457
132	0.1823
132	0.196854
132	0.326742
132	0.276446
132	0.245941
132	0.278864
132	0.187425
132	0.209181
132	0.230192
132	0.25439
132	0.141311
132	0.330385
132	0.318183
132	0.365446
132	0.275422
132	0.128176
132	0.293427
132	0.329251
132	0.173005
132	0.136087
132	0.165907
132	0.148383
132	0.216939
132	0.323527
132	0.192766
132	0.280504
132	0.186734
132	0.279279
132	0.267034
132	0.241343
132	0.11643
132	0.337945
132	0.337383
132	0.331217
132	0.152755
132	0.177351
132	0.247405
135	0.232177
135	0.188121
135	0.15567
135	0.296136
135	0.19097
135	0.259327
135	0.332399
135	0.199549
135	0.181642
135	0.404838
135	0.189986
135	0.146395
135	0.20007
135	0.318714
135	0.266839
135	0.24564
135	0.165677
135	0.316108
135	0.272058
135	0.250834
135	0.347037
135	0.152934
135	0.240526
135	0.184091
135	0.257438
135	0.179495
135	0.23312
135	0.175516
135	0.308051
135	0.236901
135	0.331635
135	0.233593
135	0.305502
135	0.357299
135	0.201963
135	0.227667
135	0.181819
135	0.217889
135	0.105949
135	0.324357
135	0.322699
135	0.222609
135	0.29657
135	0.328127
135	0.202252
135	0.225889
135	0.331088
135	0.14186
135	0.160254
135	0.205117
135	0.297945
135	0.195987
135	0.124681
135	0.300769
135	0.33589
135	0.272133
135	0.112048
135	0.274598
135	0.248523
135	0.217357
135	0.15664
135	0.222688
135	0.241654
135	0.260114
135	0.193475
135	0.162206
135	0.101214
135	0.130841
135	0.249406
135	0.203579
135	0.195265
135	0.15241
135	0.258835
135	0.28662
135	0.297116
135	0.167204
135	0.172418
135	0.186285
135	0.306974
135	0.313203
135	0.302821
135	0.209646
135	0.203187
135	0.271757
135	0.165627
135	0.246845
135	0.243541
135	0.276606
135	0.257365
135	0.217436
135	0.204618
135	0.286681
135	0.311206
135	0.177567
135	0.182379
135	0.134292
135	0.230794
135	0.196787
135	0.276123
135	0.219633
138	0.298391
138	0.186255
138	0.252851
138	0.162577
138	0.140592
138	0.278788
138	0.258167
138	0.226208
138	0.29036
138	0.16461
138	0.18602
138	0.286521
138	0.231026
138	0.231229
138	0.198361
138	0.254791
138	0.263902
138	0.273847
138	0.267037
138	0.340557
138	0.20239
138	0.276198
138	0.342673
138	0.219761
138	0.158955
138	0.211692
138	0.17853
138	0.242408
138	0.154912
138	0.157993
138	0.271051
138	0.244708
138	0.219297
138	0.263896
138	0.269618
138	0.184231
138	0.287044
138	0.221266
138	0.235177
138	0.184347
138	0.307323
138	0.224132
138	0.325203
138	0.229758
138	0.28659
138	0.186595
138	0.312601
138	0.262262
138	0.154743
138	0.27036
138	0.23486
138	0.234589
138	0.24797
138	0.249011
138	0.165628
138	0.240636
138	0.309855
138	0.156417
138	0.275381
138	0.138573
138	0.365905
138	0.276148
138	0.347522
138	0.303538
138	0.182455
138	0.26517
138	0.201045
138	0.287146
138	0.121803
138	0.141038
138	0.242654
138	0.197451
138	0.228178
138	0.212603
138	0.0762583
138	0.200915
138	0.491358
138	0.234572
138	0.174251
138	0.317429
138	0.124325
138	0.209734
138	0.109004
138	0.175363
138	0.210653
138	0.284135
138	0.229604
138	0.292374
138	0.120947
138	0.359734
138	0.324293
138	0.261218
138	0.180347
138	0.239286
138	0.289945
138	0.0875089
138	0.231992
138	0.12953
138	0.168154
138	0.261014
141	0.264306
141	0.257899
141	0.244063
141	0.219633
141	0.261786
141	0.171003
141	0.165339
141	0.189024
141	0.190181
141	0.246598
141	0.285478
141	0.180964
141	0.151761
141	0.185236
141	0.38929
141	0.19829
141	0.246165
141	0.226352
141	0.111487
141	0.153981
141	0.247895
141	0.211391
141	0.239874
141	0.283879
141	0.290885
141	0.270931
141	0.296298
141	0.337051
141	0.205041
141	0.272364
141	0.197685
141	0.210044
141	0.224188
141	0.313536
141	0.259743
141	0.0626156
141	0.322383
141	0.267925
141	0.143665
141	0.207628
141	0.226719
141	0.270812
141	0.205506
141	0.199581
141	0.211568
141	0.285912
141	0.159831
141	0.24122
141	0.303977
141	0.288994
141	0.285902
141	0.144393
141	0.112775
141	0.289519
141	0.363786
141	0.256713
141	0.254737
141	0.269718
141	0.0948997
141	0.305552
141	0.337272
141	0.256282
141	0.148072
141	0.231278
141	0.269896
141	0.273875
141	0.168714
141	0.156518
141	0.217901
141	0.214094
141	0.306259
141	0.310028
141	0.132147
141	0.0723594
141	0.329294
141	0.507459
141	0.175405
141	0.116993
141	0.233923
141	0.250598
141	0.150235
141	0.243661
141	0.269244
141	0.226308
141	0.11433
141	0.216959
141	0.219436
141	0.205876
141	0.267645
141	0.204596
141	0.151454
141	0.159972
141	0.255264
141	0.159548
141	0.300149
141	0.394737
141	0.27612
141	0.296523
141	0.179722
141	0.299888
144	0.203476
144	0.176803
144	0.191831
144	0.220418
144	0.142563
144	0.267297
144	0.271486
144	0.27126
144	0.307662
144	0.292898
144	0.205149
144	0.266123
144	0.185363
144	0.102682
144	0.349147
144	0.28409
144	0.325335
144	0.238233
144	0.436439
144	0.284462
144	0.29352
144	0.33153
144	0.260302
144	0.261757
144	0.299542
144	0.351266
144	0.323775
144	0.203405
144	0.353262
144	0.42312
144	0.213107
144	0.25634
144	0.239142
144	0.199269
144	0.182542
144	0.195414
144	0.254233
144	0.314093
144	0.342947
144	0.202125
144	0.25334
144	0.291622
144	0.271848
144	0.300474
144	0.284846
144	0.11549
144	0.295785
144	0.342799
144	0.312035
144	0.236063
144	0.264104
144	0.184639
144	0.282064
144	0.329016
144	0.312557
144	0.155186
144	0.44027
144	0.259584
144	0.253439
144	0.229582
144	0.236335
144	0.230148
144	0.20798
144	0.306659
144	0.231479
144	0.276874
144	0.235741
144	0.257961
144	0.268779
144	0.379575
144	0.102863
144	0.206061
144	0.119351
144	0.255444
144	0.263385
144	0.32657
144	0.229
144	0.302268
144	0.144787
144	0.317927
144	0.294042
144	0.268662
144	0.27833
144	0.227853
144	0.164033
144	0.187325
144	0.263273
144	0.257932
144	0.362855
144	0.185187
144	0.200419
144	0.134231
144	0.245745
144	0.365062
144	0.240173
144	0.170805
144	0.164874
144	0.229045
144	0.244795
144	0.186947
147	0.235527
147	0.31898
147	0.216049
147	0.240682
147	0.154235
147	0.239396
147	0.304601
147	0.159362
147	0.171752
147	0.218444
147	0.170746
147	0.293314
147	0.134723
147	0.248947
147	0.281026
147	0.207847
147	0.223666
147	0.238752
147	0.230201
147	0.161016
147	0.286601
147	0.157249
147	0.212622
147	0.207522
147	0.213131
147	0.302093
147	0.319162
147	0.192818
147	0.229283
147	0.275576
147	0.302736
147	0.314208
147	0.173355
147	0.10454
147	0.213868
147	0.133795
147	0.234112
147	0.199463
147	0.282855
147	0.172985
147	0.420409
147	0.284898
147	0.17325
147	0.226716
147	0.225646
147	0.245894
147	0.271379
147	0.22789
147	0.270751
147	0.284098
147	0.130126
147	0.178529
147	0.326729
147	0.267064
147	0.311822
147	0.295033
147	0.135758
147	0.175264
147	0.210933
147	0.331778
147	0.2077
147	0.285546
147	0.197762
147	0.172229
147	0.294006
147	0.261409
147	0.106381
147	0.21786
147	0.141952
147	0.127136
147	0.186552
147	0.364252
147	0.195081
147	0.264473
147	0.277124
147	0.213675
147	0.300763
147	0.35235
147	0.130351
147	0.248031
147	0.223224
147	0.13893
147	0.201799
147	0.268429
147	0.270466
147	0.119183
147	0.200381
147	0.194033
147	0.234622
147	0.382584
147	0.329579
147	0.283724
147	0.263283
147	0.278948
147	0.203931
147	0.177518
147	0.312659
147	0.29978
147	0.272921
147	0.33122
150	0.337819
150	0.171359
150	0.119238
150	0.215015
150	0.194126
150	0.110521
150	0.0579691
150	0.225603
150	0.230173
150	0.180768
150	0.193854
150	0.288673
150	0.231722
150	0.324386
150	0.165243
150	0.227127
150	0.118549
150	0.280582
150	0.163903
150	0.261289
150	0.257426
150	0.208018
150	0.136801
150	0.241778
150	0.209246
150	0.201828
150	0.22551
150	0.218194
150	0.130561
150	0.160969
150	0.283253
150	0.306887
150	0.101016
150	0.139934
150	0.252876
150	0.182266
150	0.256921
150	0.22999
150	0.204505
150	0.261955
150	0.246853
150	0.200116
150	0.195777
150	0.22495
150	0.309672
150	0.200986
150	0.218103
150	0.225619
150	0.259246
150	0.201557
150	0.243876
150	0.138475
150	0.165673
150	0.34599
150	0.18194
150	0.208655
150	0.154554
150	0.151276
150	0.238894
150	0.272847
150	0.190318
150	0.284334
150	0.209382
150	0.115329
150	0.19622
150	0.181183
150	0.367916
150	0.218218
150	0.203272
150	0.186732
150	0.313626
150	0.200383
150	0.252027
150	0.143256
150	0.238913
150	0.464338
150	0.249516
150	0.281152
150	0.284005
150	0.149033
150	0.233174
150	0.328247
150	0.199407
150	0.309715
150	0.109156
150	0.212841
150	0.302229
150	0.272675
150	0.180662
150	0.148727
150	0.30702
150	0.368038
150	0.253549
150	0.304983
150	0.301022
150	0.302023
150	0.252827
150	0.23629
150	0.129536
150	0.272683
153	0.31702
153	0.211577
153	0.148945
153	0.174225
153	0.225703
153	0.135586
153	0.327629
153	0.385455
153	0.144077
153	0.189725
153	0.349148
153	0.205928
153	0.204814
153	0.199038
153	0.263701
153	0.234985
153	0.312728
153	0.22752
153	0.172174
153	0.17306
153	0.20292
153	0.265157
153	0.272473
153	0.270784
153	0.178756
153	0.293671
153	0.47069
153	0.271776
153	0.287177
153	0.261099
153	0.243577
153	0.176086
153	0.253804
153	0.279521
153	0.297738
153	0.1948
153	0.258818
153	0.169777
153	0.255898
153	0.255065
153	0.121417
153	0.120945
153	0.292263
153	0.337541
153	0.207937
153	0.246242
153	0.197704
153	0.279834
153	0.119385
153	0.275725
153	0.163138
153	0.228181
153	0.178215
153	0.214722
153	0.147312
153	0.251784
153	0.197611
153	0.291893
153	0.283156
153	0.219656
153	0.153034
153	0.292624
153	0.254086
153	0.201629
153	0.313126
153	0.122426
153	0.31832
153	0.102443
153	0.0941065
153	0.16546
153	0.210193
153	0.253403
153	0.218279
153	0.171647
153	0.114337
153	0.149421
153	0.259246
153	0.287185
153	0.191727
153	0.155317
153	0.113057
153	0.155918
153	0.123623
153	0.28403
153	0.325005
153	0.202866
153	0.244564
153	0.278097
153	0.203898
153	0.160424
153	0.289348
153	0.272917
153	0.206131
153	0.328266
153	0.188174
153	0.362657
153	0.320862
153	0.222719
153	0.168669
153	0.256639
156	0.198853
156	0.215507
156	0.198518
156	0.148497
156	0.288617
156	0.297518
156	0.186579
156	0.376893
156	0.187425
156	0.185167
156	0.261796
156	0.239262
156	0.255025
156	0.138645
156	0.169549
156	0.214194
156	0.25728
156	0.260729
156	0.226743
156	0.204346
156	0.140443
156	0.177746
156	0.22665
156	0.27626
156	0.175618
156	0.115659
156	0.369111
156	0.259271
156	0.174016
156	0.155475
156	0.19894
156	0.21882
156	0.184876
156	0.235578
156	0.256836
156	0.143208
156	0.511397
156	0.174944
156	0.230794
156	0.22742
156	0.1787
156	0.401839
156	0.0417603
156	0.206707
156	0.239174
156	0.178447
156	0.228578
156	0.216309
156	0.215018
156	0.206416
156	0.0948683
156	0.0976529
156	0.139997
156	0.145658
156	0.170121
156	0.246625
156	0.215136
156	0.220754
156	0.181271
156	0.154034
156	0.139083
156	0.330174
156	0.126129
156	0.213363
156	0.219977
156	0.253433
156	0.122134
156	0.264079
156	0.130545
156	0.263042
156	0.116192
156	0.18575
156	0.193294
156	0.253458
156	0.11218
156	0.132566
156	0.10189
156	0.267671
156	0.274368
156	0.314941
156	0.289748
156	0.199117
156	0.205438
156	0.288337
156	0.357636
156	0.237529
156	0.283484
156	0.10235
156	0.275271
156	0.236725
156	0.256547
156	0.281284
156	0.227255
156	0.258604
156	0.210725
156	0.245895
156	0.15944
156	0.223461
156	0.249303
156	0.320302
159	0.324872
159	0.226849
159	0.248128
159	0.34041
159	0.32049
159	0.248024
159	0.252195
159	0.150385
159	0.204268
159	0.168528
159	0.243056
159	0.281984
159	0.210357
159	0.186889
159	0.108708
159	0.292947
159	0.235077
159	0.300764
159	0.268104
159	0.267194
159	0.236235
159	0.251594
159	0.199176
159	0.188584
159	0.271019
159	0.275417
159	0.244225
159	0.286198
159	0.190336
159	0.285856
159	0.27054
159	0.293024
159	0.235057
159	0.106486
159	0.198931
159	0.287516
159	0.301391
159	0.271791
159	0.330793
159	0.123503
159	0.255753
159	0.145538
159	0.200015
159	0.25244
159	0.21174
159	0.181658
159	0.209607
159	0.248537
159	0.120159
159	0.283391
159	0.163267
159	0.20641
159	0.273437
159	0.300013
159	0.145272
159	0.252042
159	0.219968
159	0.302221
159	0.23685
159	0.293367
159	0.333279
159	0.268038
159	0.163355
159	0.202198
159	0.172896
159	0.319383
159	0.290272
159	0.283407
159	0.183641
159	0.209308
159	0.317088
159	0.112221
159	0.178302
159	0.266716
159	0.154373
159	0.260132
159	0.347455
159	0.258412
159	0.22396
159	0.187805
159	0.291277
159	0.141047
159	0.269688
159	0.298467
159	0.248809
159	0.168159
159	0.292176
159	0.168941
159	0.183624
159	0.273267
159	0.343894
159	0.154108
159	0.328695
159	0.32137
159	0.228708
159	0.203717
159	0.136692
159	0.169768
159	0.296289
159	0.219338
162	0.251624
162	0.27086
162	0.114313
162	0.119287
162	0.223556
162	0.318386
162	0.298832
162	0.159163
162	0.154686
162	0.214032
162	0.229583
162	0.153226
162	0.318514
162	0.186409
162	0.217159
162	0.209027
162	0.19573
162	0.272002
162	0.172157
162	0.270176
162	0.278424
162	0.144723
162	0.214467
162	0.317407
162	0.31744
162	0.203784
162	0.281788
162	0.180537
162	0.290295
162	0.132743
162	0.279677
162	0.220226
162	0.167706
162	0.133273
162	0.232946
162	0.271516
162	0.307185
162	0.218228
162	0.22765
162	0.168128
162	0.325112
162	0.230353
162	0.466279
162	0.151511
162	0.439712
162	0.330144
162	0.255657
162	0.33453
162	0.338126
162	0.292048
162	0.298874
162	0.19923
162	0.177622
162	0.124707
162	0.159121
162	0.131516
162	0.280893
162	0.373718
162	0.256185
162	0.131035
162	0.255102
162	0.217485
162	0.285886
162	0.270924
162	0.264505
162	0.259272
162	0.250303
162	0.158074
162	0.224127
162	0.307643
162	0.292689
162	0.194201
162	0.166637
162	0.298688
162	0.0654722
162	0.340028
162	0.208449
162	0.331995
162	0.292274
162	0.171778
162	0.285756
162	0.251398
162	0.22343
162	0.221707
162	0.225558
162	0.0868483
162	0.266724
162	0.232736
162	0.333788
162	0.221563
162	0.179602
162	0.342744
162	0.22064
162	0.237318
162	0.169015
162	0.321089
162	0.202367
162	0.250721
162	0.304415
162	0.109089
165	0.250448
165	0.226157
165	0.256664
165	0.211281
165	0.215965
165	0.327605
165	0.278357
165	0.232517
165	0.228233
165	0.243801
165	0.226892
165	0.287839
165	0.189101
165	0.128948
165	0.181722
165	0.18168
165	0.220341
165	0.378383
165	0.252578
165	0.226419
165	0.147767
165	0.28719
165	0.244054
165	0.251956
165	0.140911
165	0.197079
165	0.266605
165	0.217163
165	0.215058
165	0.392244
165	0.271829
165	0.0557546
165	0.1489
165	0.353573
165	0.318543
165	0.236825
165	0.246194
165	0.221432
165	0.165441
165	0.255673
165	0.244391
165	0.334608
165	0.237196
165	0.205071
165	0.216771
165	0.293588
165	0.214192
165	0.317976
165	0.160215
165	0.271974
165	0.265798
165	0.187259
165	0.18054
165	0.143739
165	0.138533
165	0.280226
165	0.177497
165	0.156926
165	0.254393
165	0.202805
165	0.0886727
165	0.232422
165	0.215972
165	0.170181
165	0.164933
165	0.271139
165	0.17171
165	0.0715125
165	0.198083
165	0.159032
165	0.214689
165	0.232083
165	0.337313
165	0.240391
165	0.179388
165	0.197715
165	0.10446
165	0.226878
165	0.154083
165	0.156762
165	0.261414
165	0.280667
165	0.273421
165	0.151486
165	0.194318
165	0.171276
165	0.161775
165	0.25095
165	0.261706
165	0.272533
165	0.208742
165	0.252863
165	0.0754024
165	0.327656
165	0.278019
165	0.211179
165	0.21243
165	0.331232
165	0.217799
165	0.154379
168	0.28704
168	0.28354
168	0.208474
168	0.224625
168	0.268657
168	0.168622
168	0.328103
168	0.305924
168	0.211698
168	0.262754
168	0.224457
168	0.259888
168	0.0878844
168	0.294027
168	0.238284
168	0.0666547
168	0.0986273
168	0.310318
168	0.20407
168	0.176715
168	0.276424
168	0.226965
168	0.184482
168	0.140584
168	0.200713
168	0.249701
168	0.217006
168	0.28623
168	0.415563
168	0.176367
168	0.278523
168	0.289679
168	0.207086
168	0.196246
168	0.264375
168	0.214186
168	0.176215
168	0.17007
168	0.295819
168	0.152406
168	0.128374
168	0.295822
168	0.410414
168	0.115214
168	0.298269
168	0.185579
168	0.247165
168	0.269014
168	0.130775
168	0.175745
168	0.209801
168	0.244852
168	0.268372
168	0.192351
168	0.269454
168	0.17143
168	0.274695
168	0.229971
168	0.16548
168	0.131173
168	0.300982
168	0.366675
168	0.193783
168	0.207885
168	0.124761
168	0.245039
168	0.339449
168	0.33762
168	0.203736
168	0.210784
168	0.238204
168	0.214911
168	0.302039
168	0.237693
168	0.249555
168	0.137523
168	0.174922
168	0.128281
168	0.165174
168	0.318578
168	0.27718
168	0.283286
168	0.329125
168	0.299544
168	0.298025
168	0.233606
168	0.197468
168	0.214837
168	0.215745
168	0.19147
168	0.385537
168	0.240488
168	0.120846
168	0.174495
168	0.246599
168	0.284831
168	0.185387
168	0.267327
168	0.230019
168	0.191208
171	0.300924
171	0.373921
171	0.263494
171	0.200474
171	0.143285
171	0.220252
171	0.300649
171	0.210908
171	0.285398
171	0.2159
171	0.186638
171	0.245843
171	0.194387
171	0.209805
171	0.277214
171	0.291621
171	0.227447
171	0.1419
171	0.277128
171	0.318501
171	0.299339
171	0.335234
171	0.271777
171	0.349131
171	0.240428
171	0.350203
171	0.206141
171	0.169836
171	0.262412
171	0.195274
171	0.185482
171	0.317564
171	0.178122
171	0.307505
171	0.309476
171	0.243056
171	0.246693
171	0.316299
171	0.254629
171	0.175387
171	0.189555
171	0.265684
171	0.188719
171	0.256853
171	0.192592
171	0.378727
171	0.23392
171	0.182126
171	0.259761
171	0.16051
171	0.311922
171	0.17885
171	0.102849
171	0.146229
171	0.231574
171	0.351661
171	0.208962
171	0.172257
171	0.244806
171	0.216145
171	0.0985996
171	0.287906
171	0.163483
171	0.140683
171	0.196542
171	0.282366
171	0.276694
171	0.198675
171	0.297007
171	0.211579
171	0.206087
171	0.274167
171	0.276627
171	0.198973
171	0.320714
171	0.233062
171	0.273655
171	0.270111
171	0.289288
171	0.0682842
171	0.265225
171	0.201196
171	0.352669
171	0.3519
171	0.263396
171	0.144734
171	0.280821
171	0.115357
171	0.207633
171	0.175539
171	0.287498
171	0.164888
171	0.322697
171	0.461835
171	0.12813
171	0.234747
171	0.185643
171	0.166422
171	0.252938
171	0.210968
174	0.316049
174	0.147808
174	0.197952
174	0.2158
174	0.197596
174	0.320188
174	0.179688
174	0.223579
174	0.142515
174	0.136484
174	0.376553
174	0.101559
174	0.286055
174	0.175963
174	0.357119
174	0.250319
174	0.279819
174	0.179118
174	0.149021
174	0.196057
174	0.0749762
174	0.222687
174	0.278143
174	0.271255
174	0.260951
174	0.216653
174	0.332081
174	0.253486
174	0.206983
174	0.32048
174	0.135382
174	0.254888
174	0.162064
174	0.203682
174	0.101401
174	0.298098
174	0.126447
174	0.228892
174	0.216125
174	0.268872
174	0.236501
174	0.26466
174	0.104661
174	0.35288
174	0.26055
174	0.283895
174	0.205186
174	0.184757
174	0.247526
174	0.188123
174	0.30401
174	0.106143
174	0.241459
174	0.0828683
174	0.164945
174	0.2973
174	0.206646
174	0.153024
174	0.108566
174	0.12862
174	0.287676
174	0.237597
174	0.1965
174	0.201619
174	0.252172
174	0.223247
174	0.0952315
174	0.247234
174	0.189322
174	0.250377
174	0.245711
174	0.197916
174	0.379922
174	0.182279
174	0.277108
174	0.310888
174	0.288841
174	0.247759
174	0.269598
174	0.246267
174	0.322235
174	0.238939
174	0.215926
174	0.188044
174	0.290964
174	0.212649
174	0.192675
174	0.0526094
174	0.236674
174	0.31015
174	0.191754
174	0.110023
174	0.214
174	0.24729
174	0.290345
174	0.272041
174	0.183052
174	0.127105
174	0.187324
174	0.266142
177	0.25056
177	0.176948
177	0.179828
177	0.101649
177	0.162599
177	0.246742
177	0.355555
177	0.155761
177	0.112343
177	0.187286
177	0.319447
177	0.22091
177	0.152597
177	0.138237
177	0.310977
177	0.161954
177	0.152636
177	0.212229
177	0.231179
177	0.195264
177	0.325676
177	0.192922
177	0.201853
177	0.135552
177	0.219456
177	0.196432
177	0.130712
177	0.21424
177	0.259785
177	0.321909
177	0.108786
177	0.276562
177	0.179601
177	0.160352
177	0.0713326
177	0.237232
177	0.141793
177	0.301833
177	0.329413
177	0.268316
177	0.149106
177	0.166613
177	0.203353
177	0.161214
177	0.190798
177	0.121554
177	0.317147
177	0.32275
177	0.220623
177	0.325925
177	0.18118
177	0.158814
177	0.328971
177	0.252488
177	0.227368
177	0.325461
177	0.181901
177	0.0909012
177	0.315023
177	0.257269
177	0.226641
177	0.198879
177	0.212121
177	0.20052
177	0.120198
177	0.410624
177	0.2366
177	0.209725
177	0.290924
177	0.0715906
177	0.174468
177	0.225703
177	0.229819
177	0.206357
177	0.221865
177	0.299069
177	0.103939
177	0.193842
177	0.125626
177	0.185518
177	0.197768
177	0.193688
177	0.222449
177	0.310606
177	0.268121
177	0.172259
177	0.306662
177	0.203963
177	0.2139
177	0.148997
177	0.186222
177	0.248408
177	0.278197
177	0.15775
177	0.239121
177	0.193098
177	0.175962
177	0.313155
177	0.200335
177	0.257803
180	0.198157
180	0.204959
180	0.168085
180	0.237729
180	0.271733
180	0.251552
180	0.142328
180	0.195799
180	0.245245
180	0.249035
180	0.0879534
180	0.26395
180	0.113909
180	0.297741
180	0.27219
180	0.28822
180	0.186481
180	0.151003
180	0.289661
180	0.196243
180	0.243729
180	0.179879
180	0.223711
180	0.215272
180	0.2089
180	0.303838
180	0.21119
180	0.122857
180	0.289598
180	0.19377
180	0.323025
180	0.204162
180	0.159781
180	0.262112
180	0.189885
180	0.232322
180	0.179333
180	0.171153
180	0.242294
180	0.215818
180	0.202329
180	0.287246
180	0.25677
180	0.246032
180	0.213836
180	0.240958
180	0.260305
180	0.146344
180	0.256809
180	0.182127
180	0.323538
180	0.268129
180	0.20605
180	0.182458
180	0.280561
180	0.305697
180	0.284789
180	0.224742
180	0.240522
180	0.31678
180	0.379143
180	0.189538
180	0.149095
180	0.222192
180	0.26951
180	0.153554
180	0.188397
180	0.178353
180	0.280602
180	0.0599173
180	0.259614
180	0.262482
180	0.131474
180	0.232767
180	0.171355
180	0.29719
180	0.180226
180	0.167315
180	0.208235
180	0.211766
180	0.297798
180	0.235847
180	0.251101
180	0.165091
180	0.136457
180	0.46673
180	0.190333
180	0.215896
180	0.163939
180	0.233658
180	0.263336
180	0.184266
180	0.28173
180	0.25616
180	0.071899
180	0.192887
180	0.228626
180	0.285477
180	0.197358
180	0.402643
