var	minCostFlow
30	0.526445
30	0.606499
30	0.826977
30	0.75606
30	0.765649
30	0.735663
30	0.451644
30	0.620109
30	0.746109
30	0.66871
30	0.641499
30	0.737555
30	0.668014
30	0.818885
30	0.574821
30	0.635542
30	0.791705
30	0.727743
30	0.65291
30	0.863696
30	0.617575
30	0.759204
30	0.691661
30	0.782651
30	0.733775
30	0.713014
30	0.724799
30	0.858731
30	0.669682
30	0.622947
30	0.743983
30	0.703919
30	0.755053
30	0.704853
30	0.681938
30	0.663604
30	0.759665
30	0.766123
30	0.841281
30	0.736386
30	0.665714
30	0.684775
30	0.683364
30	0.759741
30	0.694865
30	0.57532
30	0.841463
30	0.683608
30	0.566204
30	0.814466
30	0.782927
30	0.58423
30	0.773493
30	0.752192
30	0.826623
30	0.748148
30	0.754568
30	0.704983
30	0.691336
30	0.582692
30	0.596466
30	0.62106
30	0.72876
30	0.756579
30	0.643567
30	0.64224
30	0.766033
30	0.828794
30	0.719691
30	0.845555
30	0.785036
30	0.763711
30	0.664092
30	0.619882
30	0.804157
30	0.810962
30	0.539584
30	0.665937
30	0.719826
30	0.502666
30	0.593407
30	0.644292
30	0.744567
30	0.665988
30	0.74992
30	0.560079
30	0.66637
30	0.437622
30	0.586495
30	0.55609
30	0.612356
30	0.605739
30	0.627678
30	0.736408
30	0.685181
30	0.741218
30	0.722218
30	0.737301
30	0.761865
30	0.66348
32	0.595998
32	0.726495
32	0.684015
32	0.751896
32	0.754425
32	0.624936
32	0.508684
32	0.390131
32	0.676606
32	0.749627
32	0.744692
32	0.662259
32	0.708418
32	0.736769
32	0.805916
32	0.654665
32	0.742666
32	0.677174
32	0.664168
32	0.800333
32	0.777243
32	0.758296
32	0.683546
32	0.735493
32	0.792339
32	0.733236
32	0.708398
32	0.764386
32	0.813545
32	0.611159
32	0.836792
32	0.592414
32	0.73581
32	0.713398
32	0.839365
32	0.567549
32	0.608514
32	0.639692
32	0.694743
32	0.635342
32	0.723968
32	0.655921
32	0.655949
32	0.72408
32	0.765952
32	0.721278
32	0.684894
32	0.764151
32	0.661087
32	0.784493
32	0.697668
32	0.669546
32	0.579545
32	0.697001
32	0.680983
32	0.519004
32	0.604503
32	0.773477
32	0.697293
32	0.64444
32	0.811121
32	0.694944
32	0.73633
32	0.749041
32	0.679693
32	0.518323
32	0.660601
32	0.709125
32	0.633592
32	0.845458
32	0.743484
32	0.828132
32	0.76869
32	0.723037
32	0.808108
32	0.845159
32	0.803037
32	0.418082
32	0.563557
32	0.740057
32	0.629919
32	0.742309
32	0.767167
32	0.802755
32	0.556588
32	0.861928
32	0.609436
32	0.759655
32	0.732614
32	0.738394
32	0.640764
32	0.613838
32	0.730042
32	0.709486
32	0.745821
32	0.723209
32	0.6762
32	0.600012
32	0.738581
32	0.809199
34	0.583438
34	0.877166
34	0.710936
34	0.628969
34	0.54935
34	0.80798
34	0.766491
34	0.761709
34	0.76152
34	0.808166
34	0.753083
34	0.772206
34	0.768376
34	0.751281
34	0.74309
34	0.8261
34	0.643642
34	0.702596
34	0.583935
34	0.64789
34	0.714827
34	0.680737
34	0.816803
34	0.760844
34	0.587993
34	0.679428
34	0.684996
34	0.703447
34	0.670825
34	0.783052
34	0.66452
34	0.647888
34	0.621817
34	0.812508
34	0.67471
34	0.668709
34	0.77233
34	0.812514
34	0.581135
34	0.812755
34	0.596047
34	0.753199
34	0.707492
34	0.80442
34	0.649009
34	0.681318
34	0.785116
34	0.808918
34	0.773498
34	0.730814
34	0.531703
34	0.731456
34	0.65458
34	0.810814
34	0.706498
34	0.683383
34	0.675881
34	0.566388
34	0.730877
34	0.75748
34	0.804694
34	0.531177
34	0.819879
34	0.589704
34	0.727059
34	0.650115
34	0.812162
34	0.733821
34	0.742289
34	0.687983
34	0.661518
34	0.671829
34	0.71336
34	0.632109
34	0.723405
34	0.666135
34	0.759736
34	0.633774
34	0.715376
34	0.653637
34	0.744163
34	0.748639
34	0.733416
34	0.764491
34	0.754358
34	0.781543
34	0.678605
34	0.800637
34	0.800954
34	0.707255
34	0.697078
34	0.821651
34	0.613245
34	0.656617
34	0.758735
34	0.779718
34	0.710376
34	0.748549
34	0.749648
34	0.698777
36	0.703635
36	0.637369
36	0.66393
36	0.702691
36	0.748229
36	0.786105
36	0.66063
36	0.583481
36	0.725024
36	0.64756
36	0.793194
36	0.707802
36	0.779825
36	0.649334
36	0.730959
36	0.728076
36	0.602465
36	0.729431
36	0.817903
36	0.677342
36	0.852973
36	0.827248
36	0.741954
36	0.849427
36	0.666974
36	0.816216
36	0.662269
36	0.694681
36	0.794025
36	0.822974
36	0.692174
36	0.59619
36	0.617134
36	0.635137
36	0.784182
36	0.635841
36	0.85436
36	0.805876
36	0.733415
36	0.84519
36	0.312528
36	0.739511
36	0.720507
36	0.675729
36	0.823386
36	0.759423
36	0.678093
36	0.79261
36	0.531636
36	0.816638
36	0.708213
36	0.674902
36	0.720592
36	0.845593
36	0.682299
36	0.630406
36	0.5706
36	0.71121
36	0.688421
36	0.529718
36	0.605771
36	0.738197
36	0.891487
36	0.707161
36	0.792261
36	0.734477
36	0.697837
36	0.839573
36	0.486044
36	0.689331
36	0.699787
36	0.70168
36	0.712996
36	0.725611
36	0.369404
36	0.745616
36	0.778784
36	0.608265
36	0.656543
36	0.751268
36	0.738974
36	0.745971
36	0.634549
36	0.749638
36	0.63331
36	0.659666
36	0.828977
36	0.686125
36	0.70223
36	0.827326
36	0.772457
36	0.700147
36	0.532593
36	0.790285
36	0.740858
36	0.718525
36	0.812425
36	0.675658
36	0.824247
36	0.610443
38	0.827241
38	0.735414
38	0.663128
38	0.604396
38	0.9375
38	0.698659
38	0.832848
38	0.610031
38	0.574798
38	0.677201
38	0.382569
38	0.759139
38	0.62884
38	0.66142
38	0.831697
38	0.684326
38	0.665814
38	0.447751
38	0.554929
38	0.791478
38	0.816907
38	0.780639
38	0.686208
38	0.81213
38	0.592609
38	0.65604
38	0.778996
38	0.658176
38	0.761375
38	0.610364
38	0.664113
38	0.673112
38	0.613638
38	0.784804
38	0.718816
38	0.725187
38	0.774416
38	0.649089
38	0.840371
38	0.667028
38	0.575162
38	0.655993
38	0.67683
38	0.498238
38	0.79422
38	0.653098
38	0.673466
38	0.483568
38	0.703959
38	0.679658
38	0.62538
38	0.66368
38	0.625502
38	0.702568
38	0.832095
38	0.830057
38	0.731302
38	0.744097
38	0.818007
38	0.852551
38	0.751739
38	0.809292
38	0.662342
38	0.706775
38	0.719389
38	0.659345
38	0.812354
38	0.566645
38	0.632526
38	0.679103
38	0.608424
38	0.688017
38	0.617629
38	0.799685
38	0.762595
38	0.707408
38	0.683707
38	0.79831
38	0.685743
38	0.80537
38	0.697815
38	0.675516
38	0.658999
38	0.667395
38	0.738965
38	0.810066
38	0.707078
38	0.776946
38	0.727221
38	0.706834
38	0.59588
38	0.438782
38	0.684968
38	0.553446
38	0.660577
38	0.636703
38	0.791246
38	0.666712
38	0.541299
38	0.754469
40	0.58842
40	0.685446
40	0.636647
40	0.590768
40	0.681322
40	0.785834
40	0.642711
40	0.703968
40	0.623849
40	0.680648
40	0.720738
40	0.647176
40	0.708976
40	0.801654
40	0.631171
40	0.732604
40	0.590396
40	0.720029
40	0.586435
40	0.621015
40	0.692209
40	0.745021
40	0.76722
40	0.399475
40	0.689459
40	0.695433
40	0.856118
40	0.563055
40	0.757967
40	0.664102
40	0.669366
40	0.712503
40	0.721185
40	0.755662
40	0.721783
40	0.793954
40	0.735468
40	0.614319
40	0.512044
40	0.789373
40	0.623322
40	0.757832
40	0.674164
40	0.732399
40	0.716682
40	0.687097
40	0.764539
40	0.606416
40	0.594972
40	0.515834
40	0.606338
40	0.642769
40	0.370539
40	0.771807
40	0.734957
40	0.612859
40	0.673851
40	0.756553
40	0.785116
40	0.588426
40	0.649015
40	0.494084
40	0.589709
40	0.814939
40	0.579271
40	0.724597
40	0.756861
40	0.704767
40	0.845086
40	0.639166
40	0.739452
40	0.731982
40	0.849856
40	0.604211
40	0.791344
40	0.473637
40	0.690288
40	0.735116
40	0.621561
40	0.60763
40	0.605053
40	0.758219
40	0.721374
40	0.788583
40	0.774794
40	0.682765
40	0.69114
40	0.756897
40	0.604549
40	0.807255
40	0.720885
40	0.714836
40	0.776142
40	0.685464
40	0.775344
40	0.832894
40	0.695541
40	0.755309
40	0.610262
40	0.545237
42	0.726522
42	0.652545
42	0.82915
42	0.681628
42	0.78624
42	0.466377
42	0.776647
42	0.756627
42	0.58373
42	0.65877
42	0.64692
42	0.751058
42	0.690158
42	0.653521
42	0.731034
42	0.723013
42	0.571871
42	0.576344
42	0.757085
42	0.466837
42	0.695577
42	0.854436
42	0.727393
42	0.813174
42	0.670501
42	0.732442
42	0.879696
42	0.740112
42	0.816981
42	0.558619
42	0.784878
42	0.728241
42	0.660026
42	0.734094
42	0.654562
42	0.599513
42	0.624123
42	0.502306
42	0.610738
42	0.690291
42	0.744723
42	0.858997
42	0.735416
42	0.666629
42	0.592488
42	0.687534
42	0.605209
42	0.793313
42	0.666592
42	0.663382
42	0.657142
42	0.851839
42	0.680839
42	0.616928
42	0.657937
42	0.681859
42	0.716959
42	0.557092
42	0.637953
42	0.664577
42	0.670694
42	0.768926
42	0.742866
42	0.709989
42	0.732607
42	0.813282
42	0.793045
42	0.751955
42	0.679709
42	0.762324
42	0.585201
42	0.699811
42	0.658922
42	0.823614
42	0.679053
42	0.700114
42	0.561425
42	0.637454
42	0.614909
42	0.598158
42	0.739726
42	0.709379
42	0.547977
42	0.743736
42	0.674407
42	0.78812
42	0.639918
42	0.774257
42	0.730354
42	0.6306
42	0.7752
42	0.728071
42	0.636139
42	0.718552
42	0.646764
42	0.793303
42	0.644091
42	0.705885
42	0.697692
42	0.764046
44	0.787951
44	0.811059
44	0.726454
44	0.512445
44	0.729358
44	0.768968
44	0.631269
44	0.613219
44	0.62726
44	0.572507
44	0.396795
44	0.427104
44	0.629519
44	0.64781
44	0.661881
44	0.780071
44	0.686708
44	0.837535
44	0.785745
44	0.712906
44	0.682743
44	0.699446
44	0.723505
44	0.708419
44	0.793059
44	0.6838
44	0.678439
44	0.813822
44	0.496447
44	0.679802
44	0.603644
44	0.704079
44	0.615142
44	0.749657
44	0.725755
44	0.721705
44	0.658577
44	0.678154
44	0.765412
44	0.714929
44	0.757379
44	0.771575
44	0.670626
44	0.578465
44	0.671564
44	0.70225
44	0.776345
44	0.578446
44	0.804771
44	0.620188
44	0.741388
44	0.739096
44	0.405606
44	0.441874
44	0.722836
44	0.633943
44	0.787395
44	0.806858
44	0.583194
44	0.731863
44	0.707277
44	0.719248
44	0.709702
44	0.480866
44	0.606542
44	0.651531
44	0.679839
44	0.283268
44	0.712205
44	0.682442
44	0.657839
44	0.71533
44	0.619113
44	0.640331
44	0.74742
44	0.636812
44	0.766917
44	0.756185
44	0.589201
44	0.719471
44	0.777301
44	0.765819
44	0.615814
44	0.685906
44	0.741029
44	0.72095
44	0.644626
44	0.668077
44	0.649457
44	0.711872
44	0.629226
44	0.548505
44	0.664571
44	0.741911
44	0.736175
44	0.742102
44	0.661574
44	0.862218
44	0.71508
44	0.629647
46	0.694516
46	0.762217
46	0.553079
46	0.71422
46	0.463062
46	0.703579
46	0.604463
46	0.718984
46	0.607506
46	0.684403
46	0.605035
46	0.640722
46	0.533019
46	0.663188
46	0.901354
46	0.673664
46	0.431144
46	0.683086
46	0.722088
46	0.589393
46	0.861877
46	0.682591
46	0.481378
46	0.573953
46	0.521563
46	0.620569
46	0.780952
46	0.662139
46	0.568982
46	0.643644
46	0.750505
46	0.681328
46	0.872285
46	0.623473
46	0.532237
46	0.728479
46	0.734234
46	0.651761
46	0.708156
46	0.634123
46	0.557021
46	0.61044
46	0.568223
46	0.593791
46	0.553983
46	0.67768
46	0.591143
46	0.790023
46	0.629384
46	0.630102
46	0.7634
46	0.832479
46	0.646763
46	0.738843
46	0.469516
46	0.643234
46	0.633881
46	0.625612
46	0.766704
46	0.338419
46	0.632451
46	0.850068
46	0.548292
46	0.713858
46	0.789172
46	0.701997
46	0.573392
46	0.54151
46	0.718746
46	0.471131
46	0.798095
46	0.536625
46	0.717772
46	0.740644
46	0.668635
46	0.779345
46	0.703468
46	0.645552
46	0.644526
46	0.441289
46	0.820825
46	0.646892
46	0.798217
46	0.707464
46	0.715828
46	0.629143
46	0.566233
46	0.701877
46	0.682673
46	0.714232
46	0.561154
46	0.750709
46	0.777647
46	0.62427
46	0.747847
46	0.738418
46	0.499757
46	0.663193
46	0.685092
46	0.735246
48	0.440626
48	0.645186
48	0.665038
48	0.745578
48	0.616867
48	0.645295
48	0.406376
48	0.704567
48	0.579297
48	0.728449
48	0.724634
48	0.646188
48	0.617005
48	0.4304
48	0.639005
48	0.593936
48	0.831079
48	0.870921
48	0.641453
48	0.684388
48	0.660653
48	0.46696
48	0.672933
48	0.602099
48	0.741437
48	0.745147
48	0.844235
48	0.657358
48	0.610956
48	0.682275
48	0.785888
48	0.74042
48	0.742967
48	0.721992
48	0.792121
48	0.660407
48	0.686859
48	0.695292
48	0.724141
48	0.647935
48	0.606535
48	0.801076
48	0.665392
48	0.66876
48	0.634495
48	0.498336
48	0.724939
48	0.525379
48	0.802151
48	0.642321
48	0.670133
48	0.747946
48	0.677975
48	0.540577
48	0.757105
48	0.780626
48	0.788141
48	0.776576
48	0.680381
48	0.762917
48	0.700078
48	0.658486
48	0.639769
48	0.669129
48	0.645085
48	0.644848
48	0.616103
48	0.49489
48	0.747609
48	0.66799
48	0.43804
48	0.757673
48	0.43782
48	0.615051
48	0.490076
48	0.726715
48	0.630841
48	0.731075
48	0.661359
48	0.574871
48	0.596499
48	0.671886
48	0.494783
48	0.826651
48	0.60595
48	0.723661
48	0.678024
48	0.819414
48	0.674684
48	0.767155
48	0.476744
48	0.790499
48	0.634838
48	0.663062
48	0.493555
48	0.802742
48	0.539619
48	0.766659
48	0.68671
48	0.772472
50	0.591909
50	0.813844
50	0.576254
50	0.81634
50	0.702145
50	0.563982
50	0.699571
50	0.721121
50	0.762905
50	0.714652
50	0.751217
50	0.628707
50	0.621564
50	0.771758
50	0.741623
50	0.345573
50	0.678501
50	0.754586
50	0.8077
50	0.546387
50	0.728689
50	0.592976
50	0.723584
50	0.388665
50	0.587292
50	0.511912
50	0.570641
50	0.7486
50	0.605962
50	0.717119
50	0.640873
50	0.651241
50	0.874041
50	0.662656
50	0.733967
50	0.641622
50	0.668071
50	0.682767
50	0.742694
50	0.476651
50	0.696336
50	0.492088
50	0.68542
50	0.820527
50	0.654314
50	0.713413
50	0.571451
50	0.649888
50	0.51528
50	0.721186
50	0.557728
50	0.519905
50	0.336144
50	0.626893
50	0.561072
50	0.541696
50	0.669066
50	0.627128
50	0.76732
50	0.597936
50	0.634007
50	0.645194
50	0.561342
50	0.546002
50	0.703883
50	0.742801
50	0.658228
50	0.792122
50	0.661213
50	0.607616
50	0.624798
50	0.57349
50	0.763479
50	0.715596
50	0.753567
50	0.806709
50	0.604686
50	0.669375
50	0.718885
50	0.634258
50	0.68811
50	0.708564
50	0.714831
50	0.738394
50	0.580424
50	0.784253
50	0.747638
50	0.637299
50	0.514393
50	0.662994
50	0.606269
50	0.56526
50	0.65885
50	0.720624
50	0.688944
50	0.611836
50	0.826793
50	0.725587
50	0.554616
50	0.59273
52	0.578951
52	0.627819
52	0.771534
52	0.643874
52	0.635999
52	0.646331
52	0.677248
52	0.650646
52	0.784611
52	0.666299
52	0.536677
52	0.619818
52	0.721311
52	0.619391
52	0.666568
52	0.682169
52	0.688321
52	0.540743
52	0.669813
52	0.742955
52	0.639759
52	0.777731
52	0.821554
52	0.668598
52	0.66247
52	0.622755
52	0.622179
52	0.667345
52	0.776236
52	0.814663
52	0.662799
52	0.641049
52	0.82007
52	0.789039
52	0.6115
52	0.64837
52	0.664083
52	0.715967
52	0.721264
52	0.544152
52	0.565338
52	0.87336
52	0.747387
52	0.684294
52	0.642971
52	0.568597
52	0.721314
52	0.667355
52	0.72556
52	0.698434
52	0.58862
52	0.886411
52	0.732563
52	0.663672
52	0.824205
52	0.643152
52	0.643033
52	0.659727
52	0.521326
52	0.506221
52	0.759308
52	0.645966
52	0.81176
52	0.566096
52	0.614723
52	0.652792
52	0.647506
52	0.614674
52	0.664852
52	0.649297
52	0.850895
52	0.742627
52	0.694568
52	0.668711
52	0.601422
52	0.564586
52	0.606335
52	0.515476
52	0.68117
52	0.672468
52	0.541842
52	0.687038
52	0.602882
52	0.750895
52	0.630053
52	0.70762
52	0.693085
52	0.595427
52	0.695542
52	0.751258
52	0.757326
52	0.675964
52	0.846212
52	0.652749
52	0.586972
52	0.636355
52	0.745696
52	0.579197
52	0.730472
52	0.863551
54	0.704471
54	0.663288
54	0.823259
54	0.670441
54	0.628457
54	0.830238
54	0.597344
54	0.493069
54	0.587914
54	0.614667
54	0.674401
54	0.272752
54	0.754882
54	0.864789
54	0.740517
54	0.621928
54	0.673459
54	0.744413
54	0.599481
54	0.75943
54	0.528517
54	0.593133
54	0.555653
54	0.622464
54	0.755753
54	0.570871
54	0.529841
54	0.819795
54	0.570573
54	0.638301
54	0.705694
54	0.642721
54	0.686254
54	0.766104
54	0.773629
54	0.644625
54	0.676285
54	0.620679
54	0.750772
54	0.612491
54	0.602297
54	0.61337
54	0.481814
54	0.65927
54	0.591721
54	0.62257
54	0.677974
54	0.697924
54	0.547616
54	0.737262
54	0.682645
54	0.762164
54	0.633103
54	0.680242
54	0.685563
54	0.682249
54	0.553722
54	0.573195
54	0.781546
54	0.54376
54	0.725497
54	0.624277
54	0.820271
54	0.580405
54	0.685448
54	0.616401
54	0.658335
54	0.742639
54	0.510692
54	0.826126
54	0.669843
54	0.606941
54	0.740559
54	0.721591
54	0.627691
54	0.698126
54	0.678533
54	0.527798
54	0.872383
54	0.66717
54	0.705244
54	0.726712
54	0.643065
54	0.496183
54	0.732474
54	0.506165
54	0.607388
54	0.678764
54	0.636606
54	0.589006
54	0.755828
54	0.630335
54	0.661802
54	0.628574
54	0.532235
54	0.695224
54	0.790379
54	0.60443
54	0.53734
54	0.743263
56	0.543962
56	0.578182
56	0.780218
56	0.56685
56	0.619081
56	0.887323
56	0.449147
56	0.631504
56	0.652977
56	0.492134
56	0.677123
56	0.536631
56	0.640429
56	0.653263
56	0.644244
56	0.682212
56	0.634351
56	0.674839
56	0.819025
56	0.728144
56	0.683286
56	0.607516
56	0.57195
56	0.589248
56	0.588449
56	0.684808
56	0.749393
56	0.278557
56	0.550327
56	0.736577
56	0.691914
56	0.628533
56	0.581093
56	0.595516
56	0.858013
56	0.684029
56	0.797253
56	0.470142
56	0.625222
56	0.740008
56	0.643496
56	0.65637
56	0.69671
56	0.740698
56	0.743917
56	0.622224
56	0.636725
56	0.707441
56	0.56569
56	0.723576
56	0.831122
56	0.657962
56	0.695422
56	0.730118
56	0.787123
56	0.662125
56	0.620098
56	0.583813
56	0.6149
56	0.693412
56	0.764885
56	0.524839
56	0.481161
56	0.772221
56	0.785321
56	0.588414
56	0.604382
56	0.558148
56	0.694039
56	0.698609
56	0.747193
56	0.797264
56	0.711558
56	0.733774
56	0.560797
56	0.721222
56	0.823164
56	0.726663
56	0.560139
56	0.596126
56	0.811205
56	0.738482
56	0.711627
56	0.691398
56	0.679211
56	0.644281
56	0.622566
56	0.69207
56	0.691726
56	0.787527
56	0.634876
56	0.733974
56	0.645665
56	0.746698
56	0.647644
56	0.622464
56	0.653037
56	0.655275
56	0.687428
56	0.715189
58	0.590244
58	0.774718
58	0.642785
58	0.763988
58	0.839817
58	0.55998
58	0.722187
58	0.521692
58	0.81644
58	0.596581
58	0.706462
58	0.598126
58	0.569071
58	0.693999
58	0.626887
58	0.588037
58	0.65221
58	0.548577
58	0.602453
58	0.504178
58	0.585948
58	0.711759
58	0.831984
58	0.634542
58	0.618371
58	0.817906
58	0.728712
58	0.471874
58	0.571465
58	0.593801
58	0.796796
58	0.610494
58	0.780823
58	0.447299
58	0.75888
58	0.663375
58	0.704589
58	0.689602
58	0.723745
58	0.70933
58	0.700702
58	0.803701
58	0.719046
58	0.692078
58	0.620671
58	0.651591
58	0.72775
58	0.716199
58	0.741383
58	0.668454
58	0.537174
58	0.76288
58	0.485457
58	0.548304
58	0.675645
58	0.585632
58	0.645647
58	0.748957
58	0.588434
58	0.612217
58	0.713784
58	0.556804
58	0.781986
58	0.821966
58	0.807743
58	0.705255
58	0.769018
58	0.532026
58	0.714127
58	0.707007
58	0.695292
58	0.684068
58	0.662428
58	0.712147
58	0.583511
58	0.651324
58	0.706374
58	0.731421
58	0.713831
58	0.657616
58	0.669337
58	0.643488
58	0.781379
58	0.712592
58	0.78717
58	0.823845
58	0.686488
58	0.623656
58	0.580978
58	0.733069
58	0.603339
58	0.85049
58	0.675543
58	0.705673
58	0.749554
58	0.642189
58	0.659297
58	0.743737
58	0.661533
58	0.698478
60	0.642057
60	0.688224
60	0.666753
60	0.635109
60	0.418274
60	0.581732
60	0.592418
60	0.617907
60	0.336302
60	0.669366
60	0.740643
60	0.569362
60	0.752865
60	0.715204
60	0.607885
60	0.689886
60	0.67515
60	0.711982
60	0.806954
60	0.613977
60	0.643921
60	0.567037
60	0.667514
60	0.672841
60	0.447519
60	0.747532
60	0.615614
60	0.716067
60	0.541924
60	0.628073
60	0.652593
60	0.534506
60	0.354063
60	0.836227
60	0.553559
60	0.688046
60	0.717454
60	0.765994
60	0.657973
60	0.62395
60	0.367216
60	0.623054
60	0.213213
60	0.660523
60	0.736949
60	0.611219
60	0.785065
60	0.628436
60	0.354568
60	0.73945
60	0.550746
60	0.606203
60	0.790947
60	0.721473
60	0.553992
60	0.625881
60	0.376499
60	0.670455
60	0.62602
60	0.619098
60	0.636905
60	0.7493
60	0.601023
60	0.542903
60	0.835848
60	0.739354
60	0.73741
60	0.546319
60	0.516659
60	0.692924
60	0.643146
60	0.73459
60	0.747654
60	0.72834
60	0.646321
60	0.652288
60	0.60424
60	0.676767
60	0.604148
60	0.709095
60	0.745813
60	0.741621
60	0.714456
60	0.936538
60	0.669034
60	0.727039
60	0.571143
60	0.735881
60	0.687735
60	0.696964
60	0.653626
60	0.621742
60	0.726944
60	0.621162
60	0.665202
60	0.691196
60	0.812018
60	0.710063
60	0.594066
60	0.814275
62	0.588718
62	0.617795
62	0.771397
62	0.722887
62	0.538106
62	0.683858
62	0.499846
62	0.698539
62	0.669467
62	0.602507
62	0.664456
62	0.766445
62	0.560602
62	0.577321
62	0.562786
62	0.605754
62	0.789393
62	0.685551
62	0.585154
62	0.635675
62	0.608494
62	0.720927
62	0.595948
62	0.620342
62	0.71036
62	0.53653
62	0.511365
62	0.648697
62	0.748019
62	0.677718
62	0.585953
62	0.649573
62	0.749415
62	0.662604
62	0.619986
62	0.608489
62	0.613417
62	0.777209
62	0.61535
62	0.742642
62	0.521137
62	0.741358
62	0.555485
62	0.746704
62	0.617533
62	0.78918
62	0.711771
62	0.768799
62	0.754581
62	0.556083
62	0.727184
62	0.619792
62	0.708785
62	0.814322
62	0.732035
62	0.711537
62	0.687584
62	0.695306
62	0.7223
62	0.662992
62	0.464631
62	0.812537
62	0.694659
62	0.431473
62	0.915455
62	0.630242
62	0.708537
62	0.641692
62	0.386014
62	0.749533
62	0.756426
62	0.787191
62	0.487655
62	0.793133
62	0.708177
62	0.667687
62	0.659777
62	0.739797
62	0.355881
62	0.632891
62	0.659957
62	0.669949
62	0.741038
62	0.604882
62	0.711512
62	0.518375
62	0.733426
62	0.617969
62	0.521007
62	0.521217
62	0.697027
62	0.595322
62	0.720997
62	0.702156
62	0.63479
62	0.693361
62	0.720265
62	0.613389
62	0.615912
62	0.702022
64	0.738694
64	0.730912
64	0.483794
64	0.552618
64	0.674657
64	0.720446
64	0.614159
64	0.586735
64	0.676589
64	0.554167
64	0.648974
64	0.772042
64	0.806812
64	0.621777
64	0.555422
64	0.740909
64	0.642898
64	0.635194
64	0.748681
64	0.746909
64	0.696467
64	0.702693
64	0.653558
64	0.616284
64	0.672141
64	0.60411
64	0.60844
64	0.455571
64	0.699622
64	0.489067
64	0.469183
64	0.617349
64	0.521262
64	0.661824
64	0.695659
64	0.444126
64	0.666128
64	0.718358
64	0.68557
64	0.70341
64	0.633428
64	0.772028
64	0.650125
64	0.762342
64	0.532175
64	0.659084
64	0.66157
64	0.690837
64	0.729059
64	0.492035
64	0.790927
64	0.598642
64	0.651771
64	0.762683
64	0.541913
64	0.455556
64	0.687045
64	0.616971
64	0.556815
64	0.634965
64	0.606087
64	0.64369
64	0.743782
64	0.649015
64	0.727977
64	0.706917
64	0.595867
64	0.673377
64	0.763628
64	0.587692
64	0.77062
64	0.59976
64	0.538218
64	0.672302
64	0.662647
64	0.794829
64	0.679017
64	0.532923
64	0.606693
64	0.956364
64	0.690356
64	0.550319
64	0.786197
64	0.777542
64	0.810091
64	0.830793
64	0.621166
64	0.72975
64	0.718944
64	0.534244
64	0.642176
64	0.574198
64	0.678729
64	0.668387
64	0.761229
64	0.671086
64	0.719258
64	0.642695
64	0.517731
64	0.566587
66	0.83555
66	0.312036
66	0.725459
66	0.6697
66	0.683621
66	0.621501
66	0.612466
66	0.703571
66	0.641931
66	0.46592
66	0.765142
66	0.713977
66	0.536106
66	0.734656
66	0.692964
66	0.624361
66	0.65783
66	0.65282
66	0.584045
66	0.667054
66	0.658067
66	0.585397
66	0.600136
66	0.890716
66	0.65062
66	0.630632
66	0.533596
66	0.58554
66	0.74102
66	0.754957
66	0.626886
66	0.682434
66	0.468651
66	0.696194
66	0.735927
66	0.590391
66	0.581105
66	0.526747
66	0.709917
66	0.702048
66	0.552114
66	0.745929
66	0.66657
66	0.753301
66	0.570812
66	0.538917
66	0.337407
66	0.721582
66	0.159504
66	0.668664
66	0.609307
66	0.619758
66	0.672047
66	0.6908
66	0.751377
66	0.632801
66	0.682171
66	0.710109
66	0.702519
66	0.70904
66	0.877255
66	0.700312
66	0.706148
66	0.749188
66	0.643772
66	0.632134
66	0.648362
66	0.544611
66	0.593874
66	0.646884
66	0.635117
66	0.766318
66	0.592643
66	0.792672
66	0.657184
66	0.759046
66	0.699646
66	0.626741
66	0.633736
66	0.779839
66	0.782262
66	0.661727
66	0.696147
66	0.651477
66	0.479316
66	0.624559
66	0.582846
66	0.725227
66	0.645171
66	0.686502
66	0.666661
66	0.67215
66	0.65508
66	0.679651
66	0.548766
66	0.7389
66	0.715297
66	0.694965
66	0.672804
66	0.717676
68	0.579361
68	0.692527
68	0.623488
68	0.605458
68	0.520044
68	0.632072
68	0.746236
68	0.685982
68	0.807979
68	0.759596
68	0.620941
68	0.572634
68	0.70401
68	0.709064
68	0.236438
68	0.583081
68	0.624248
68	0.665755
68	0.693581
68	0.652209
68	0.627127
68	0.783812
68	0.594762
68	0.716968
68	0.717789
68	0.490612
68	0.806089
68	0.517874
68	0.519131
68	0.651571
68	0.609134
68	0.56212
68	0.54467
68	0.490555
68	0.674108
68	0.636322
68	0.733524
68	0.686284
68	0.635432
68	0.512462
68	0.570257
68	0.735051
68	0.602952
68	0.61499
68	0.690967
68	0.604083
68	0.463353
68	0.534168
68	0.631306
68	0.730503
68	0.766002
68	0.702904
68	0.708141
68	0.615269
68	0.652496
68	0.576208
68	0.625439
68	0.791997
68	0.655963
68	0.505595
68	0.677255
68	0.612859
68	0.759667
68	0.739888
68	0.815896
68	0.71746
68	0.738642
68	0.572469
68	0.588924
68	0.701419
68	0.713893
68	0.705045
68	0.567684
68	0.7216
68	0.743661
68	0.605937
68	0.615095
68	0.718162
68	0.674311
68	0.679247
68	0.639249
68	0.47512
68	0.757604
68	0.44584
68	0.619603
68	0.615742
68	0.642182
68	0.715521
68	0.872581
68	0.801591
68	0.548475
68	0.638012
68	0.683719
68	0.534975
68	0.783758
68	0.583952
68	0.647197
68	0.664848
68	0.473243
68	0.639143
70	0.827997
70	0.639563
70	0.727841
70	0.638346
70	0.681756
70	0.536527
70	0.882274
70	0.581464
70	0.581874
70	0.739385
70	0.673537
70	0.666982
70	0.709457
70	0.679918
70	0.599417
70	0.638208
70	0.75906
70	0.808203
70	0.660083
70	0.801703
70	0.558584
70	0.651587
70	0.6219
70	0.670998
70	0.592814
70	0.627322
70	0.674218
70	0.680046
70	0.570981
70	0.528847
70	0.480119
70	0.547284
70	0.426792
70	0.769395
70	0.65906
70	0.742581
70	0.713522
70	0.814403
70	0.686205
70	0.654206
70	0.70204
70	0.516074
70	0.639133
70	0.601927
70	0.467011
70	0.664418
70	0.628625
70	0.551806
70	0.671859
70	0.333807
70	0.597665
70	0.593292
70	0.729064
70	0.734211
70	0.750269
70	0.690654
70	0.62455
70	0.637133
70	0.585476
70	0.607007
70	0.517209
70	0.56136
70	0.56016
70	0.571663
70	0.609807
70	0.655708
70	0.699681
70	0.636453
70	0.388368
70	0.737483
70	0.650035
70	0.718368
70	0.560452
70	0.766547
70	0.589858
70	0.749596
70	0.63708
70	0.590855
70	0.468904
70	0.493726
70	0.464051
70	0.622772
70	0.48559
70	0.688476
70	0.733479
70	0.534846
70	0.41986
70	0.57266
70	0.657582
70	0.661367
70	0.615247
70	0.590096
70	0.702022
70	0.726965
70	0.620474
70	0.73642
70	0.744189
70	0.534648
70	0.348707
70	0.404158
72	0.605055
72	0.685665
72	0.556805
72	0.683654
72	0.58604
72	0.655792
72	0.705425
72	0.627893
72	0.668498
72	0.683416
72	0.535158
72	0.673546
72	0.773834
72	0.736676
72	0.621772
72	0.737552
72	0.268905
72	0.613695
72	0.666708
72	0.509815
72	0.497114
72	0.76324
72	0.622257
72	0.559147
72	0.556972
72	0.621759
72	0.707204
72	0.679763
72	0.765213
72	0.795565
72	0.541126
72	0.657008
72	0.496381
72	0.670905
72	0.481839
72	0.779898
72	0.726058
72	0.675742
72	0.596132
72	0.575437
72	0.607329
72	0.733625
72	0.74977
72	0.606347
72	0.693717
72	0.869468
72	0.782292
72	0.674394
72	0.690411
72	0.613846
72	0.714223
72	0.833383
72	0.734295
72	0.631138
72	0.608264
72	0.788608
72	0.730158
72	0.780416
72	0.640236
72	0.595772
72	0.676679
72	0.678923
72	0.517513
72	0.719471
72	0.521258
72	0.65545
72	0.35765
72	0.588335
72	0.629384
72	0.587466
72	0.591279
72	0.449208
72	0.443333
72	0.703068
72	0.524412
72	0.642463
72	0.56315
72	0.635437
72	0.599886
72	0.618173
72	0.408488
72	0.631486
72	0.627525
72	0.62123
72	0.750293
72	0.64727
72	0.735257
72	0.546154
72	0.651461
72	0.615247
72	0.563012
72	0.484959
72	0.713028
72	0.5924
72	0.624527
72	0.770925
72	0.538704
72	0.311943
72	0.488249
72	0.685835
74	0.347425
74	0.596639
74	0.719744
74	0.556384
74	0.616393
74	0.641723
74	0.717815
74	0.641779
74	0.713432
74	0.574756
74	0.560255
74	0.817627
74	0.454798
74	0.700856
74	0.699249
74	0.749716
74	0.63887
74	0.428236
74	0.510238
74	0.455344
74	0.447348
74	0.74221
74	0.543367
74	0.60409
74	0.74632
74	0.762971
74	0.450147
74	0.601737
74	0.747945
74	0.683197
74	0.645011
74	0.655779
74	0.751462
74	0.704143
74	0.59181
74	0.744607
74	0.602437
74	0.418316
74	0.652343
74	0.738792
74	0.558798
74	0.593372
74	0.671317
74	0.532227
74	0.75031
74	0.591266
74	0.607408
74	0.662929
74	0.591091
74	0.602848
74	0.636454
74	0.609399
74	0.526837
74	0.605952
74	0.687414
74	0.571767
74	0.619795
74	0.648438
74	0.665373
74	0.580129
74	0.638779
74	0.749274
74	0.601094
74	0.631561
74	0.796499
74	0.782634
74	0.637402
74	0.670515
74	0.646333
74	0.725483
74	0.832735
74	0.582541
74	0.707065
74	0.656451
74	0.553159
74	0.504161
74	0.478013
74	0.616202
74	0.817722
74	0.677206
74	0.70615
74	0.591267
74	0.61586
74	0.661626
74	0.65473
74	0.669029
74	0.449886
74	0.518178
74	0.68453
74	0.694976
74	0.637286
74	0.702046
74	0.698741
74	0.720208
74	0.586153
74	0.335269
74	0.69595
74	0.606091
74	0.609213
74	0.598594
76	0.615894
76	0.699193
76	0.6336
76	0.843781
76	0.614032
76	0.657292
76	0.662367
76	0.706622
76	0.723751
76	0.794541
76	0.664948
76	0.641257
76	0.686624
76	0.323782
76	0.554887
76	0.626211
76	0.809763
76	0.489718
76	0.745127
76	0.677427
76	0.763717
76	0.692656
76	0.695268
76	0.640434
76	0.633579
76	0.403546
76	0.768962
76	0.567603
76	0.516921
76	0.322418
76	0.315611
76	0.650171
76	0.624582
76	0.423874
76	0.572631
76	0.731086
76	0.512684
76	0.647052
76	0.678008
76	0.534824
76	0.732179
76	0.287679
76	0.525416
76	0.592378
76	0.722952
76	0.557446
76	0.521349
76	0.39036
76	0.698331
76	0.534464
76	0.638102
76	0.675249
76	0.730017
76	0.629581
76	0.73673
76	0.720446
76	0.617872
76	0.68429
76	0.583819
76	0.671738
76	0.728629
76	0.603885
76	0.738232
76	0.695175
76	0.610959
76	0.62379
76	0.664734
76	0.2853
76	0.683474
76	0.649489
76	0.594854
76	0.62398
76	0.723672
76	0.49237
76	0.350334
76	0.622282
76	0.689771
76	0.64594
76	0.61697
76	0.656331
76	0.644121
76	0.724074
76	0.388965
76	0.645237
76	0.558349
76	0.707603
76	0.490761
76	0.742373
76	0.707848
76	0.67192
76	0.729287
76	0.255867
76	0.74176
76	0.734687
76	0.605364
76	0.638464
76	0.677194
76	0.675437
76	0.653629
76	0.684443
78	0.600462
78	0.643369
78	0.850211
78	0.650294
78	0.693742
78	0.666844
78	0.725411
78	0.710186
78	0.506382
78	0.602073
78	0.707709
78	0.625175
78	0.517024
78	0.58095
78	0.704461
78	0.655417
78	0.728514
78	0.775728
78	0.414691
78	0.436318
78	0.641846
78	0.579108
78	0.627638
78	0.60326
78	0.631132
78	0.119048
78	0.656794
78	0.603773
78	0.588405
78	0.755376
78	0.647736
78	0.746741
78	0.750109
78	0.766964
78	0.553774
78	0.719595
78	0.660707
78	0.646603
78	0.66041
78	0.741979
78	0.718266
78	0.673531
78	0.676216
78	0.369405
78	0.686519
78	0.700428
78	0.792486
78	0.530569
78	0.371007
78	0.728908
78	0.723328
78	0.663792
78	0.797014
78	0.705559
78	0.722136
78	0.615513
78	0.848938
78	0.578563
78	0.693674
78	0.693539
78	0.564546
78	0.688322
78	0.515744
78	0.676981
78	0.725164
78	0.657729
78	0.671364
78	0.756398
78	0.700478
78	0.61598
78	0.643032
78	0.647109
78	0.595383
78	0.581147
78	0.534561
78	0.749415
78	0.680252
78	0.740203
78	0.744843
78	0.617163
78	0.608605
78	0.654419
78	0.758949
78	0.726214
78	0.593307
78	0.565981
78	0.627225
78	0.588017
78	0.575443
78	0.7559
78	0.663887
78	0.452723
78	0.701831
78	0.710725
78	0.692675
78	0.71525
78	0.740254
78	0.714699
78	0.545691
78	0.688431
80	0.528241
80	0.391519
80	0.711389
80	0.666821
80	0.642461
80	0.712615
80	0.690025
80	0.677162
80	0.640739
80	0.644466
80	0.520031
80	0.741513
80	0.630891
80	0.543329
80	0.637027
80	0.551789
80	0.66016
80	0.940358
80	0.670683
80	0.593627
80	0.623706
80	0.752232
80	0.643042
80	0.743562
80	0.554378
80	0.675675
80	0.757542
80	0.76469
80	0.610086
80	0.492169
80	0.709469
80	0.808665
80	0.525312
80	0.626861
80	0.582249
80	0.707594
80	0.765247
80	0.623702
80	0.730371
80	0.539411
80	0.60737
80	0.681153
80	0.739535
80	0.556341
80	0.605022
80	0.71754
80	0.722924
80	0.596206
80	0.58467
80	0.688629
80	0.59124
80	0.625477
80	0.688624
80	0.783512
80	0.667816
80	0.759471
80	0.497388
80	0.653013
80	0.680557
80	0.66868
80	0.360319
80	0.482808
80	0.652131
80	0.636466
80	0.506159
80	0.670045
80	0.754009
80	0.572521
80	0.7835
80	0.655383
80	0.764572
80	0.475699
80	0.685114
80	0.624207
80	0.724571
80	0.661716
80	0.731494
80	0.713108
80	0.676544
80	0.634886
80	0.325181
80	0.679772
80	0.616501
80	0.47857
80	0.598892
80	0.673694
80	0.670781
80	0.565818
80	0.643156
80	0.41723
80	0.607149
80	0.75612
80	0.72251
80	0.581141
80	0.633729
80	0.615715
80	0.64618
80	0.722296
80	0.658717
80	0.749003
82	0.534123
82	0.474794
82	0.703217
82	0.603262
82	0.648059
82	0.690135
82	0.728006
82	0.673242
82	0.775782
82	0.494939
82	0.644911
82	0.622612
82	0.523195
82	0.634299
82	0.577038
82	0.582583
82	0.554537
82	0.68349
82	0.511028
82	0.607779
82	0.611296
82	0.380406
82	0.652133
82	0.378066
82	0.622419
82	0.720377
82	0.761625
82	0.83773
82	0.595394
82	0.350763
82	0.61413
82	0.5562
82	0.700616
82	0.527726
82	0.666022
82	0.646186
82	0.588022
82	0.642484
82	0.656836
82	0.720792
82	0.597128
82	0.653062
82	0.683336
82	0.588438
82	0.71294
82	0.638854
82	0.57065
82	0.674395
82	0.605821
82	0.71271
82	0.739851
82	0.647122
82	0.723162
82	0.782946
82	0.645425
82	0.785677
82	0.660589
82	0.453407
82	0.775549
82	0.633902
82	0.629451
82	0.569064
82	0.642157
82	0.62882
82	0.505505
82	0.730745
82	0.237605
82	0.602521
82	0.683971
82	0.648921
82	0.756494
82	0.499604
82	0.684301
82	0.69068
82	0.695672
82	0.593391
82	0.718998
82	0.615082
82	0.610183
82	0.573493
82	0.584649
82	0.62096
82	0.674559
82	0.822505
82	0.628161
82	0.728366
82	0.653256
82	0.662118
82	0.504167
82	0.555017
82	0.692078
82	0.717481
82	0.471453
82	0.738535
82	0.70846
82	0.567216
82	0.32246
82	0.59363
82	0.549057
82	0.561252
84	0.408331
84	0.503933
84	0.632378
84	0.659924
84	0.649395
84	0.586386
84	0.780629
84	0.654453
84	0.339406
84	0.618376
84	0.610765
84	0.690537
84	0.603252
84	0.526207
84	0.784215
84	0.657933
84	0.643532
84	0.556556
84	0.572238
84	0.663029
84	0.64593
84	0.506898
84	0.536569
84	0.643986
84	0.375751
84	0.578256
84	0.586635
84	0.216429
84	0.66807
84	0.660723
84	0.550147
84	0.526603
84	0.755368
84	0.689136
84	0.542178
84	0.50603
84	0.378958
84	0.597701
84	0.629465
84	0.700281
84	0.760335
84	0.77311
84	0.400414
84	0.669957
84	0.858333
84	0.605243
84	0.550687
84	0.778109
84	0.729978
84	0.586001
84	0.713959
84	0.7341
84	0.684224
84	0.57779
84	0.704768
84	0.565383
84	0.598924
84	0.706796
84	0.491039
84	0.612328
84	0.764148
84	0.381525
84	0.712462
84	0.701636
84	0.635249
84	0.774543
84	0.698449
84	0.64019
84	0.64717
84	0.77795
84	0.651147
84	0.541106
84	0.638166
84	0.600846
84	0.712659
84	0.720975
84	0.80746
84	0.798947
84	0.684712
84	0.59434
84	0.657108
84	0.44009
84	0.534353
84	0.801066
84	0.760044
84	0.812861
84	0.438822
84	0.656703
84	0.717246
84	0.610223
84	0.682702
84	0.596498
84	0.597618
84	0.61823
84	0.610174
84	0.835624
84	0.586513
84	0.687791
84	0.78352
84	0.593181
86	0.686865
86	0.731654
86	0.531352
86	0.615753
86	0.733212
86	0.653983
86	0.78379
86	0.514973
86	0.553622
86	0.619401
86	0.736181
86	0.632286
86	0.551416
86	0.675233
86	0.577844
86	0.656191
86	0.764459
86	0.52779
86	0.581794
86	0.180134
86	0.564082
86	0.65677
86	0.593605
86	0.592372
86	0.586412
86	0.581059
86	0.539706
86	0.637221
86	0.677578
86	0.620893
86	0.749303
86	0.628563
86	0.625954
86	0.686892
86	0.634794
86	0.612241
86	0.546313
86	0.589197
86	0.616926
86	0.566292
86	0.660401
86	0.490853
86	0.665031
86	0.707713
86	0.695666
86	0.686914
86	0.609754
86	0.586062
86	0.344893
86	0.689652
86	0.631249
86	0.548897
86	0.566985
86	0.519464
86	0.705211
86	0.659832
86	0.652261
86	0.520392
86	0.693358
86	0.629386
86	0.740206
86	0.675195
86	0.719129
86	0.618693
86	0.760899
86	0.583607
86	0.700915
86	0.769997
86	0.466799
86	0.598183
86	0.741475
86	0.520442
86	0.691141
86	0.406232
86	0.596904
86	0.75068
86	0.550725
86	0.768547
86	0.687722
86	0.793133
86	0.784593
86	0.655524
86	0.653829
86	0.682664
86	0.703835
86	0.550881
86	0.653408
86	0.550515
86	0.803498
86	0.680131
86	0.707655
86	0.509791
86	0.696754
86	0.720576
86	0.66677
86	0.621275
86	0.655133
86	0.54752
86	0.734982
86	0.694885
88	0.739326
88	0.44783
88	0.727832
88	0.79111
88	0.698577
88	0.630397
88	0.583563
88	0.681075
88	0.604531
88	0.721784
88	0.745461
88	0.519352
88	0.617029
88	0.643746
88	0.720885
88	0.594788
88	0.515477
88	0.70507
88	0.412513
88	0.629691
88	0.713423
88	0.672865
88	0.628128
88	0.781879
88	0.542628
88	0.699278
88	0.582585
88	0.622128
88	0.806968
88	0.782653
88	0.649782
88	0.41534
88	0.631006
88	0.650862
88	0.718546
88	0.513741
88	0.757063
88	0.735506
88	0.516066
88	0.463465
88	0.541289
88	0.705456
88	0.601112
88	0.616424
88	0.84881
88	0.702556
88	0.658654
88	0.607691
88	0.544304
88	0.765005
88	0.687561
88	0.518709
88	0.771417
88	0.647033
88	0.601342
88	0.493577
88	0.707608
88	0.662245
88	0.76305
88	0.78429
88	0.725226
88	0.559797
88	0.594672
88	0.490045
88	0.652898
88	0.716012
88	0.388108
88	0.747049
88	0.495847
88	0.622285
88	0.674446
88	0.58575
88	0.730701
88	0.596242
88	0.583482
88	0.760711
88	0.6718
88	0.537285
88	0.766929
88	0.586134
88	0.66087
88	0.48017
88	0.610936
88	0.568899
88	0.709972
88	0.632106
88	0.643046
88	0.616162
88	0.529647
88	0.722029
88	0.628273
88	0.664985
88	0.699402
88	0.696665
88	0.523769
88	0.69147
88	0.732709
88	0.7222
88	0.259332
88	0.513404
90	0.722143
90	0.648615
90	0.633468
90	0.660236
90	0.663831
90	0.598356
90	0.621562
90	0.478134
90	0.587953
90	0.617548
90	0.710548
90	0.802643
90	0.731861
90	0.676453
90	0.742388
90	0.699677
90	0.615321
90	0.643191
90	0.525303
90	0.692879
90	0.443747
90	0.610767
90	0.696714
90	0.450168
90	0.631469
90	0.716351
90	0.713657
90	0.580364
90	0.549436
90	0.628534
90	0.451449
90	0.736371
90	0.730254
90	0.627941
90	0.800779
90	0.710967
90	0.633422
90	0.558243
90	0.632012
90	0.543462
90	0.597348
90	0.537906
90	0.670876
90	0.448423
90	0.606944
90	0.708884
90	0.68511
90	0.763284
90	0.521469
90	0.64896
90	0.498834
90	0.600166
90	0.651459
90	0.496517
90	0.489966
90	0.657871
90	0.662664
90	0.72725
90	0.570898
90	0.593296
90	0.673231
90	0.56228
90	0.633213
90	0.685733
90	0.589221
90	0.583514
90	0.708686
90	0.671911
90	0.581964
90	0.5734
90	0.613134
90	0.769927
90	0.502995
90	0.576654
90	0.6294
90	0.565043
90	0.740669
90	0.510277
90	0.665127
90	0.676919
90	0.332705
90	0.549775
90	0.72682
90	0.588543
90	0.66181
90	0.761075
90	0.581083
90	0.513178
90	0.688102
90	0.334291
90	0.587466
90	0.486873
90	0.719341
90	0.622151
90	0.574418
90	0.495252
90	0.657863
90	0.622269
90	0.714925
90	0.654227
92	0.538143
92	0.737125
92	0.618372
92	0.648278
92	0.918797
92	0.695328
92	0.519926
92	0.277111
92	0.632841
92	0.583299
92	0.589914
92	0.627929
92	0.650161
92	0.576096
92	0.647075
92	0.700918
92	0.732293
92	0.5125
92	0.678058
92	0.695428
92	0.821692
92	0.698015
92	0.585894
92	0.603443
92	0.202054
92	0.452632
92	0.592876
92	0.632766
92	0.454741
92	0.784964
92	0.628179
92	0.588351
92	0.584225
92	0.726465
92	0.611532
92	0.604636
92	0.440285
92	0.420427
92	0.823124
92	0.716169
92	0.734413
92	0.517562
92	0.666384
92	0.734765
92	0.592662
92	0.663247
92	0.53309
92	0.450708
92	0.60995
92	0.610148
92	0.520803
92	0.714157
92	0.691835
92	0.669334
92	0.581654
92	0.700559
92	0.610804
92	0.598192
92	0.577675
92	0.533455
92	0.371935
92	0.63019
92	0.672102
92	0.745359
92	0.735549
92	0.705073
92	0.633476
92	0.727014
92	0.557314
92	0.666488
92	0.728584
92	0.577781
92	0.709958
92	0.6473
92	0.645627
92	0.635188
92	0.693223
92	0.577692
92	0.441866
92	0.417338
92	0.353647
92	0.55423
92	0.633261
92	0.74466
92	0.596301
92	0.591754
92	0.649347
92	0.659854
92	0.510406
92	0.048
92	0.736795
92	0.636304
92	0.654087
92	0.544178
92	0.541991
92	0.645727
92	0.637918
92	0.508907
92	0.562492
92	0.643739
94	0.714269
94	0.679449
94	0.76201
94	0.511179
94	0.67974
94	0.528056
94	0.7361
94	0.549531
94	0.537867
94	0.695207
94	0.738654
94	0.674675
94	0.629906
94	0.580355
94	0.489601
94	0.613087
94	0.443887
94	0.655482
94	0.59708
94	0.628477
94	0.522794
94	0.637704
94	0.43613
94	0.624021
94	0.55352
94	0.531301
94	0.709089
94	0.664109
94	0.758876
94	0.537048
94	0.685072
94	0.620952
94	0.634983
94	0.658269
94	0.75098
94	0.50378
94	0.759001
94	0.767196
94	0.566043
94	0.590504
94	0.805437
94	0.702146
94	0.745308
94	0.438018
94	0.699431
94	0.611069
94	0.684005
94	0.622993
94	0.36859
94	0.74121
94	0.707156
94	0.621713
94	0.544044
94	0.542588
94	0.552375
94	0.639498
94	0.443721
94	0.567497
94	0.650147
94	0.613169
94	0.54031
94	0.26274
94	0.668682
94	0.52726
94	0.589382
94	0.609739
94	0.673196
94	0.47206
94	0.815825
94	0.791155
94	0.712875
94	0.429836
94	0.760119
94	0.523239
94	0.766616
94	0.788602
94	0.613604
94	0.516635
94	0.759093
94	0.643071
94	0.584497
94	0.609135
94	0.743122
94	0.691668
94	0.643481
94	0.639332
94	0.69361
94	0.517807
94	0.552734
94	0.780549
94	0.651498
94	0.712348
94	0.776081
94	0.557241
94	0.574811
94	0.661704
94	0.690047
94	0.777205
94	0.567874
94	0.741125
96	0.476656
96	0.740246
96	0.5263
96	0.647015
96	0.272388
96	0.589013
96	0.482065
96	0.585513
96	0.555586
96	0.590286
96	0.416452
96	0.686863
96	0.69613
96	0.563784
96	0.424166
96	0.636144
96	0.642001
96	0.666703
96	0.587243
96	0.365791
96	0.76992
96	0.475208
96	0.643833
96	0.780892
96	0.592925
96	0.70696
96	0.697147
96	0.527607
96	0.62239
96	0.693415
96	0.559803
96	0.726044
96	0.673469
96	0.709247
96	0.635706
96	0.701527
96	0.681162
96	0.648994
96	0.533498
96	0.57315
96	0.56574
96	0.662024
96	0.638609
96	0.771929
96	0.626695
96	0.583089
96	0.620597
96	0.562486
96	0.532785
96	0.640995
96	0.723822
96	0.650056
96	0.596123
96	0.562722
96	0.75074
96	0.609778
96	0.700834
96	0.77559
96	0.505726
96	0.627908
96	0.801825
96	0.715183
96	0.66338
96	0.596512
96	0.789476
96	0.638584
96	0.578237
96	0.601329
96	0.652191
96	0.673637
96	0.624651
96	0.683732
96	0.377919
96	0.718584
96	0.606542
96	0.810588
96	0.694704
96	0.692648
96	0.528891
96	0.575368
96	0.617684
96	0.671229
96	0.659397
96	0.613399
96	0.739989
96	0.542493
96	0.617407
96	0.700438
96	0.741625
96	0.578178
96	0.699594
96	0.653098
96	0.675498
96	0.652545
96	0.698895
96	0.556549
96	0.609003
96	0.629312
96	0.736891
96	0.761961
98	0.645927
98	0.619325
98	0.610943
98	0.604829
98	0.648125
98	0.383977
98	0.718176
98	0.599373
98	0.60593
98	0.621665
98	0.658167
98	0.804919
98	0.64856
98	0.575221
98	0.771285
98	0.707428
98	0.815657
98	0.596967
98	0.637073
98	0.656929
98	0.725074
98	0.46979
98	0.585564
98	0.536417
98	0.489614
98	0.710031
98	0.589719
98	0.576141
98	0.517081
98	0.710891
98	0.746511
98	0.590765
98	0.592798
98	0.67811
98	0.706331
98	0.53705
98	0.740769
98	0.616015
98	0.72938
98	0.66969
98	0.613354
98	0.638885
98	0.725309
98	0.699883
98	0.670023
98	0.742523
98	0.637448
98	0.586926
98	0.563636
98	0.413065
98	0.78416
98	0.710455
98	0.603249
98	0.647879
98	0.646949
98	0.705536
98	0.617086
98	0.710522
98	0.643307
98	0.670088
98	0.670069
98	0.747889
98	0.592924
98	0.61198
98	0.392723
98	0.58143
98	0.703951
98	0.709856
98	0.553416
98	0.432233
98	0.589163
98	0.303947
98	0.551321
98	0.668971
98	0.497545
98	0.721142
98	0.671857
98	0.69014
98	0.611997
98	0.579888
98	0.564557
98	0.649117
98	0.639217
98	0.464909
98	0.517239
98	0.699644
98	0.677442
98	0.224853
98	0.371924
98	0.737173
98	0.677788
98	0.521114
98	0.651641
98	0.635505
98	0.743703
98	0.662591
98	0.668057
98	0.693513
98	0.598606
98	0.645732
100	0.470398
100	0.654581
100	0.700766
100	0.770092
100	0.662129
100	0.345604
100	0.763579
100	0.532529
100	0.615244
100	0.724905
100	0.654023
100	0.629471
100	0.642104
100	0.642194
100	0.826297
100	0.704943
100	0.482453
100	0.695537
100	0.718916
100	0.623128
100	0.633651
100	0.615243
100	0.7092
100	0.568361
100	0.507287
100	0.710407
100	0.638651
100	0.707855
100	0.714757
100	0.535743
100	0.656957
100	0.611496
100	0.645729
100	0.670989
100	0.773548
100	0.636748
100	0.710715
100	0.779514
100	0.700267
100	0.752397
100	0.638725
100	0.500324
100	0.77239
100	0.569415
100	0.665883
100	0.625362
100	0.593422
100	0.543846
100	0.819776
100	0.743154
100	0.604318
100	0.688529
100	0.325404
100	0.263797
100	0.637534
100	0.607605
100	0.447324
100	0.519951
100	0.642476
100	0.631848
100	0.667663
100	0.573696
100	0.676674
100	0.706522
100	0.552516
100	0.666001
100	0.52465
100	0.692913
100	0.813858
100	0.724423
100	0.740826
100	0.844775
100	0.552828
100	0.660379
100	0.795442
100	0.426509
100	0.715491
100	0.656927
100	0.580036
100	0.56512
100	0.602373
100	0.570793
100	0.678925
100	0.563441
100	0.675086
100	0.705138
100	0.696034
100	0.353263
100	0.615795
100	0.624611
100	0.810589
100	0.757468
100	0.39116
100	0.765929
100	0.663279
100	0.780945
100	0.643381
100	0.62594
100	0.611927
100	0.443684
102	0.558432
102	0.662058
102	0.562894
102	0.475121
102	0.553665
102	0.566991
102	0.7155
102	0.627773
102	0.340512
102	0.560702
102	0.676892
102	0.56433
102	0.56548
102	0.80713
102	0.548182
102	0.594203
102	0.674734
102	0.508917
102	0.701507
102	0.60698
102	0.710902
102	0.653344
102	0.645504
102	0.656863
102	0.629599
102	0.541375
102	0.657489
102	0.653848
102	0.677079
102	0.621279
102	0.743328
102	0.67146
102	0.745257
102	0.624425
102	0.578962
102	0.514303
102	0.738999
102	0.707175
102	0.625672
102	0.611881
102	0.755794
102	0.634723
102	0.766756
102	0.622699
102	0.607368
102	0.756639
102	0.62185
102	0.713021
102	0.602469
102	0.777
102	0.64391
102	0.664565
102	0.668466
102	0.503448
102	0.611822
102	0.620517
102	0.750385
102	0.716337
102	0.494777
102	0.536988
102	0.478578
102	0.74228
102	0.778709
102	0.720173
102	0.424575
102	0.539563
102	0.64202
102	0.553018
102	0.639641
102	0.521468
102	0.558976
102	0.716537
102	0.574001
102	0.778256
102	0.51969
102	0.598063
102	0.599297
102	0.700769
102	0.744806
102	0.776077
102	0.571029
102	0.518783
102	0.63462
102	0.649557
102	0.367172
102	0.563087
102	0.600442
102	0.697495
102	0.367146
102	0.619099
102	0.637587
102	0.545782
102	0.554878
102	0.666926
102	0.516799
102	0.465182
102	0.759696
102	0.686107
102	0.622627
102	0.539805
104	0.648289
104	0.726755
104	0.678514
104	0.538913
104	0.689858
104	0.583462
104	0.412814
104	0.58825
104	0.64093
104	0.776997
104	0.811379
104	0.796325
104	0.692009
104	0.667153
104	0.685791
104	0.599718
104	0.543769
104	0.57156
104	0.573101
104	0.600145
104	0.494996
104	0.611235
104	0.548793
104	0.684642
104	0.618332
104	0.665907
104	0.578546
104	0.585111
104	0.766893
104	0.646146
104	0.800794
104	0.605568
104	0.310374
104	0.671308
104	0.607321
104	0.526479
104	0.692192
104	0.676274
104	0.778593
104	0.668084
104	0.585208
104	0.556605
104	0.641612
104	0.726303
104	0.747295
104	0.395519
104	0.547445
104	0.598917
104	0.727495
104	0.730528
104	0.556546
104	0.681697
104	0.725276
104	0.736124
104	0.749214
104	0.648753
104	0.703194
104	0.927907
104	0.642585
104	0.627433
104	0.577654
104	0.525894
104	0.774942
104	0.643666
104	0.610334
104	0.66909
104	0.603146
104	0.40511
104	0.597856
104	0.458908
104	0.562002
104	0.755887
104	0.630666
104	0.57236
104	0.728359
104	0.622517
104	0.552125
104	0.675052
104	0.497796
104	0.616375
104	0.677837
104	0.575532
104	0.48271
104	0.631428
104	0.667858
104	0.742749
104	0.665894
104	0.490452
104	0.555174
104	0.603655
104	0.600179
104	0.66733
104	0.616384
104	0.591149
104	0.733153
104	0.553825
104	0.279918
104	0.740422
104	0.656031
104	0.649905
106	0.77437
106	0.655572
106	0.547719
106	0.599208
106	0.639411
106	0.77368
106	0.712736
106	0.602273
106	0.763376
106	0.776557
106	0.535575
106	0.589597
106	0.60561
106	0.855326
106	0.730301
106	0.621869
106	0.539576
106	0.681449
106	0.718251
106	0.759399
106	0.579699
106	0.657789
106	0.492402
106	0.602214
106	0.75924
106	0.538931
106	0.546571
106	0.642407
106	0.59915
106	0.652665
106	0.44696
106	0.646452
106	0.782729
106	0.530566
106	0.463232
106	0.695815
106	0.551304
106	0.712646
106	0.612326
106	0.557303
106	0.822922
106	0.628283
106	0.723732
106	0.590173
106	0.521708
106	0.766211
106	0.31378
106	0.557031
106	0.517857
106	0.715037
106	0.65501
106	0.52809
106	0.56836
106	0.707236
106	0.689684
106	0.688761
106	0.520862
106	0.650634
106	0.601672
106	0.665662
106	0.698555
106	0.641242
106	0.480403
106	0.653937
106	0.541174
106	0.161765
106	0.748001
106	0.615452
106	0.711753
106	0.53913
106	0.588258
106	0.514088
106	0.479332
106	0.548964
106	0.733412
106	0.685132
106	0.671428
106	0.558841
106	0.67287
106	0.746774
106	0.636824
106	0.653427
106	0.48564
106	0.282377
106	0.646057
106	0.650492
106	0.736201
106	0.606417
106	0.648376
106	0.580743
106	0.417958
106	0.766806
106	0.710281
106	0.689684
106	0.67299
106	0.607963
106	0.506791
106	0.766833
106	0.57996
106	0.605469
108	0.773694
108	0.541582
108	0.646323
108	0.675293
108	0.709187
108	0.832107
108	0.545915
108	0.583494
108	0.75437
108	0.549856
108	0.674235
108	0.812567
108	0.348045
108	0.532392
108	0.611778
108	0.709686
108	0.6682
108	0.711383
108	0.536517
108	0.693204
108	0.667574
108	0.548556
108	0.637454
108	0.800563
108	0.632105
108	0.61649
108	0.533325
108	0.535297
108	0.654212
108	0.674677
108	0.616028
108	0.789786
108	0.312088
108	0.567395
108	0.578789
108	0.759368
108	0.60759
108	0.593855
108	0.710974
108	0.692865
108	0.615912
108	0.732737
108	0.536968
108	0.576296
108	0.661981
108	0.603215
108	0.518054
108	0.610865
108	0.557944
108	0.614281
108	0.343195
108	0.628128
108	0.732613
108	0.568589
108	0.701315
108	0.735029
108	0.533166
108	0.373548
108	0.749405
108	0.535894
108	0.675198
108	0.764766
108	0.823178
108	0.377144
108	0.601343
108	0.713984
108	0.714524
108	0.712231
108	0.571168
108	0.717382
108	0.7407
108	0.411772
108	0.526124
108	0.710182
108	0.392833
108	0.73854
108	0.652551
108	0.615744
108	0.695294
108	0.608767
108	0.598956
108	0.447531
108	0.579399
108	0.835038
108	0.724476
108	0.589032
108	0.593525
108	0.511314
108	0.577081
108	0.394799
108	0.617992
108	0.78427
108	0.687046
108	0.677722
108	0.72493
108	0.583391
108	0.472564
108	0.578797
108	0.67803
108	0.799432
110	0.631018
110	0.590698
110	0.627233
110	0.759593
110	0.589168
110	0.842132
110	0.590918
110	0.616525
110	0.692957
110	0.641823
110	0.598568
110	0.650972
110	0.626154
110	0.535973
110	0.573354
110	0.573502
110	0.623985
110	0.64322
110	0.567405
110	0.537257
110	0.507028
110	0.755692
110	0.651412
110	0.636192
110	0.650134
110	0.613115
110	0.804761
110	0.542308
110	0.616372
110	0.573457
110	0.679103
110	0.525926
110	0.552189
110	0.656998
110	0.561873
110	0.776882
110	0.584234
110	0.697247
110	0.612714
110	0.532175
110	0.613009
110	0.58627
110	0.573893
110	0.67484
110	0.643263
110	0.640582
110	0.632396
110	0.738194
110	0.636595
110	0.60487
110	0.79674
110	0.704411
110	0.672441
110	0.785921
110	0.950588
110	0.56398
110	0.657078
110	0.615499
110	0.643702
110	0.675566
110	0.664519
110	0.674102
110	0.757782
110	0.746641
110	0.670537
110	0.646372
110	0.634158
110	0.547396
110	0.64185
110	0.656573
110	0.572704
110	0.540845
110	0.676273
110	0.349732
110	0.563823
110	0.540516
110	0.668643
110	0.715689
110	0.633763
110	0.778409
110	0.626459
110	0.688735
110	0.50923
110	0.691979
110	0.567401
110	0.47032
110	0.674526
110	0.56798
110	0.708075
110	0.724501
110	0.64579
110	0.748731
110	0.247041
110	0.792075
110	0.604354
110	0.774956
110	0.672918
110	0.583781
110	0.543589
110	0.548289
112	0.659409
112	0.841565
112	0.602656
112	0.849451
112	0.808695
112	0.711862
112	0.754595
112	0.536263
112	0.822664
112	0.700129
112	0.607634
112	0.528589
112	0.619079
112	0.558126
112	0.664186
112	0.664483
112	0.439805
112	0.778712
112	0.642793
112	0.618833
112	0.613172
112	0.628382
112	0.651228
112	0.631044
112	0.771612
112	0.573859
112	0.714472
112	0.663859
112	0.587778
112	0.524207
112	0.503578
112	0.649247
112	0.476374
112	0.622447
112	0.629665
112	0.574054
112	0.615955
112	0.651871
112	0.655698
112	0.738874
112	0.537966
112	0.563946
112	0.738447
112	0.74808
112	0.755035
112	0.812122
112	0.622809
112	0.702796
112	0.549654
112	0.722295
112	0.6497
112	0.626351
112	0.55341
112	0.571494
112	0.738629
112	0.558694
112	0.54379
112	0.436717
112	0.595163
112	0.674971
112	0.668645
112	0.615194
112	0.652377
112	0.316092
112	0.651998
112	0.744906
112	0.647847
112	0.656789
112	0.845472
112	0.629613
112	0.617073
112	0.731608
112	0.621227
112	0.696167
112	0.590713
112	0.799489
112	0.725543
112	0.52625
112	0.529204
112	0.739598
112	0.776871
112	0.51821
112	0.605682
112	0.565065
112	0.633891
112	0.665685
112	0.627933
112	0.745922
112	0.565763
112	0.473309
112	0.409547
112	0.623126
112	0.531388
112	0.703966
112	0.56855
112	0.642405
112	0.602611
112	0.826463
112	0.432641
112	0.804483
114	0.718157
114	0.763287
114	0.737313
114	0.745316
114	0.571649
114	0.410189
114	0.654015
114	0.584511
114	0.624474
114	0.666318
114	0.573728
114	0.603816
114	0.545247
114	0.659262
114	0.53669
114	0.568339
114	0.578238
114	0.669236
114	0.716293
114	0.546889
114	0.709402
114	0.593152
114	0.779794
114	0.701351
114	0.699563
114	0.607957
114	0.821218
114	0.566658
114	0.507477
114	0.624541
114	0.560887
114	0.644434
114	0.646897
114	0.403646
114	0.710623
114	0.660814
114	0.672841
114	0.571731
114	0.709876
114	0.668648
114	0.658757
114	0.664625
114	0.511485
114	0.800024
114	0.741347
114	0.606369
114	0.524613
114	0.710756
114	0.638347
114	0.45708
114	0.682677
114	0.715219
114	0.670488
114	0.660138
114	0.760454
114	0.771231
114	0.615981
114	0.840452
114	0.621992
114	0.685962
114	0.617024
114	0.730948
114	0.718651
114	0.62882
114	0.548146
114	0.799101
114	0.672236
114	0.777913
114	0.702198
114	0.792319
114	0.529422
114	0.608561
114	0.794469
114	0.482976
114	0.346108
114	0.609372
114	0.675763
114	0.728928
114	0.484142
114	0.510018
114	0.755026
114	0.638244
114	0.632986
114	0.669322
114	0.803056
114	0.399476
114	0.57993
114	0.621715
114	0.820838
114	0.764314
114	0.632658
114	0.735814
114	0.73543
114	0.65058
114	0.577843
114	0.756798
114	0.614319
114	0.763325
114	0.652066
114	0.690125
116	0.594342
116	0.742731
116	0.681597
116	0.530366
116	0.662677
116	0.668245
116	0.727892
116	0.592824
116	0.760951
116	0.517844
116	0.837962
116	0.530152
116	0.49918
116	0.68881
116	0.49852
116	0.571978
116	0.791275
116	0.64249
116	0.621392
116	0.649937
116	0.583394
116	0.517083
116	0.776892
116	0.641556
116	0.670151
116	0.558913
116	0.648513
116	0.790125
116	0.554604
116	0.511234
116	0.585588
116	0.4869
116	0.708436
116	0.60326
116	0.592395
116	0.709375
116	0.636818
116	0.627805
116	0.679514
116	0.262622
116	0.529386
116	0.583645
116	0.574824
116	0.695649
116	0.627238
116	0.626654
116	0.724774
116	0.643434
116	0.606317
116	0.582785
116	0.627159
116	0.887873
116	0.777901
116	0.668266
116	0.562081
116	0.599854
116	0.323596
116	0.539042
116	0.731291
116	0.706599
116	0.522334
116	0.730859
116	0.48144
116	0.533842
116	0.617035
116	0.661545
116	0.67919
116	0.666121
116	0.355869
116	0.734477
116	0.578605
116	0.682614
116	0.654169
116	0.662519
116	0.742426
116	0.633793
116	0.803061
116	0.578498
116	0.647372
116	0.650133
116	0.626379
116	0.56055
116	0.743864
116	0.6527
116	0.355009
116	0.525497
116	0.638246
116	0.665102
116	0.649458
116	0.584575
116	0.739193
116	0.434632
116	0.550188
116	0.415065
116	0.722229
116	0.410567
116	0.528319
116	0.354053
116	0.720118
116	0.592074
118	0.603511
118	0.418469
118	0.757449
118	0.653963
118	0.719484
118	0.702831
118	0.744353
118	0.632243
118	0.6811
118	0.579743
118	0.620075
118	0.514252
118	0.657447
118	0.694488
118	0.547395
118	0.608978
118	0.595416
118	0.526893
118	0.400795
118	0.617125
118	0.599592
118	0.718891
118	0.767469
118	0.722143
118	0.537489
118	0.726583
118	0.615715
118	0.530814
118	0.674893
118	0.61928
118	0.711254
118	0.640537
118	0.694431
118	0.491654
118	0.523645
118	0.596605
118	0.737339
118	0.626176
118	0.668429
118	0.624901
118	0.487893
118	0.625644
118	0.626883
118	0.748441
118	0.5261
118	0.583049
118	0.572742
118	0.646685
118	0.620186
118	0.839711
118	0.775219
118	0.636302
118	0.643077
118	0.706989
118	0.645011
118	0.572367
118	0.539334
118	0.766062
118	0.459388
118	0.733044
118	0.490757
118	0.72183
118	0.567734
118	0.56182
118	0.580751
118	0.671548
118	0.780564
118	0.630039
118	0.700491
118	0.705932
118	0.647253
118	0.359001
118	0.666784
118	0.456123
118	0.536002
118	0.85914
118	0.721403
118	0.543101
118	0.502002
118	0.638904
118	0.941652
118	0.622559
118	0.636571
118	0.658725
118	0.671437
118	0.623971
118	0.6915
118	0.565138
118	0.637959
118	0.618756
118	0.694994
118	0.377096
118	0.660528
118	0.640529
118	0.662105
118	0.573624
118	0.687146
118	0.662202
118	0.72318
118	0.614983
120	0.587074
120	0.650742
120	0.586723
120	0.560863
120	0.792487
120	0.631629
120	0.565336
120	0.533681
120	0.692733
120	0.597105
120	0.634142
120	0.570377
120	0.455373
120	0.758316
120	0.774879
120	0.634901
120	0.546609
120	0.728495
120	0.606617
120	0.645895
120	0.739733
120	0.727907
120	0.680528
120	0.671501
120	0.41174
120	0.660353
120	0.555113
120	0.698919
120	0.610398
120	0.51857
120	0.695122
120	0.575689
120	0.415045
120	0.644384
120	0.623105
120	0.481057
120	0.581125
120	0.601133
120	0.749142
120	0.647523
120	0.571191
120	0.664201
120	0.761081
120	0.726091
120	0.701171
120	0.686602
120	0.599337
120	0.706623
120	0.653505
120	0.583467
120	0.723854
120	0.641063
120	0.666588
120	0.515957
120	0.618868
120	0.606452
120	0.721349
120	0.642039
120	0.751684
120	0.600215
120	0.659099
120	0.568269
120	0.665242
120	0.54132
120	0.565224
120	0.806005
120	0.518195
120	0.673982
120	0.368563
120	0.478636
120	0.71934
120	0.652644
120	0.715693
120	0.510412
120	0.70122
120	0.598562
120	0.521463
120	0.516011
120	0.63869
120	0.680156
120	0.708854
120	0.515962
120	0.423234
120	0.675283
120	0.60027
120	0.614934
120	0.609552
120	0.641986
120	0.691889
120	0.657986
120	0.564131
120	0.659783
120	0.542729
120	0.497781
120	0.768556
120	0.459677
120	0.640879
120	0.747967
120	0.734958
120	0.540821
