var	minCostFlow
30	0.072375
30	0.047119
30	0.0231977
30	0.0536065
30	0.0829575
30	0.223034
30	0.069021
30	0.0286188
30	0.0811434
30	0.104609
30	0.128272
30	0.0877768
30	0.0361544
30	0.060017
30	0.112389
30	0.0267909
30	0.0880821
30	0.116415
30	0.135035
30	0.0984505
30	0.0954765
30	0.0421364
30	0.202141
30	0.0590653
30	0.0872025
30	0.131144
30	0.130549
30	0.185999
30	0.166811
30	0.059478
30	0.10804
30	0.123055
30	0.130297
30	0.0733791
30	0.130196
30	0.0832062
30	0.0268345
30	0.0447864
30	0.0604471
30	0.0767499
30	0.037596
30	0.251865
30	0.139981
30	0.107543
30	0.0825619
30	0.0616122
30	0.0462711
30	0.017168
30	0.208398
30	0.10142
30	0.0839584
30	0.0741137
30	0.121714
30	0.0611945
30	0.105085
30	0.106654
30	0.144882
30	0.137678
30	0.153733
30	0.104581
30	0.0816212
30	0.100442
30	0.0905842
30	0.0608021
30	0.0499784
30	0.00545324
30	0.0625134
30	0.0589016
30	0.100406
30	0.0652387
30	0.183474
30	0.0567122
30	0.0961846
30	0.145971
30	0.0691492
30	0.101137
30	0.0627951
30	0.10432
30	0.0450145
30	0.120325
30	0.203075
30	0.0959095
30	0.0411487
30	0.116768
30	0.0901335
30	0.0678289
30	0.12586
30	0.0428377
30	0.148528
30	0.178029
30	0.212455
30	0.0703779
30	0.0840238
30	0.0462685
30	0.0896922
30	0.209667
30	0.0394825
30	0.115363
30	0.130595
30	0.115898
33	0.0591793
33	0.0352813
33	0.100753
33	0.119836
33	0.0817456
33	0.146312
33	0.0610901
33	0.017822
33	0.0565069
33	0.0844044
33	0.110404
33	0.0814936
33	0.103795
33	0.0592844
33	0.107797
33	0.157255
33	0.107344
33	0.11784
33	0.19432
33	0.122763
33	0.0687896
33	0.0957933
33	0.0178831
33	0.210968
33	0.118879
33	0.119902
33	0.202292
33	0.0948229
33	0.143128
33	0.127434
33	0.126046
33	0.136647
33	0.0943228
33	0.0793969
33	0.0396224
33	0.164349
33	0.0963917
33	0.0478075
33	0.112924
33	0.217076
33	0.0802972
33	0.0265646
33	0.0824935
33	0.122772
33	0.28552
33	0.0843256
33	0.197516
33	0.103993
33	0.0785726
33	0.128727
33	0.0807161
33	0.0529869
33	0.134691
33	0.123572
33	0.15257
33	0.0544779
33	0.106886
33	0.0986611
33	0.111482
33	0.152324
33	0.190469
33	0.117379
33	0.0440509
33	0.0869612
33	0.109836
33	0.0170647
33	0.0968596
33	0.0508544
33	0.0469311
33	0.0834469
33	0.146384
33	0.028409
33	0.200154
33	0.204348
33	0.183544
33	0.0586782
33	0.129555
33	0.124585
33	0.0710793
33	0.0782153
33	0.0975503
33	0.113825
33	0.101651
33	0.023053
33	0.0916489
33	0.141001
33	0.14553
33	0.142217
33	0.115388
33	0.0920725
33	0.0900738
33	0.10774
33	0.12811
33	0.140452
33	0.0169258
33	0.0968034
33	0.156358
33	0.162556
33	0.0246016
33	0.0798667
36	0.0329165
36	0.18588
36	0.023154
36	0.10176
36	0.119247
36	0.054505
36	0.212692
36	0.192168
36	0.169684
36	0.115592
36	0.102087
36	0.0810332
36	0.0693058
36	0.150674
36	0.0922498
36	0.0664276
36	0.042692
36	0.159284
36	0.0794709
36	0.0364836
36	0.0688141
36	0.127773
36	0.0314531
36	0.037834
36	0.148305
36	0.0871674
36	0.108691
36	0.104197
36	0.0459562
36	0.128031
36	0.094407
36	0.167137
36	0.188925
36	0.186971
36	0.0807289
36	0.140543
36	0.0761646
36	0.0562145
36	0.0734854
36	0.132565
36	0.114035
36	0.195563
36	0.0426117
36	0.158993
36	0.045536
36	0.141469
36	0.0917523
36	0.0284395
36	0.187067
36	0.228159
36	0.172481
36	0.140857
36	0.0932685
36	0.157468
36	0.0415076
36	0.105678
36	0.157336
36	0.256084
36	0.144128
36	0.117597
36	0.136945
36	0.0984855
36	0.0964734
36	0.202696
36	0.0854968
36	0.145676
36	0.112651
36	0.127822
36	0.12385
36	0.0488151
36	0.0448711
36	0.0619235
36	0.124765
36	0.161899
36	0.149152
36	0.156631
36	0.164841
36	0.0754463
36	0.0239009
36	0.126704
36	0.127931
36	0.114434
36	0.186446
36	0.0867045
36	0.17761
36	0.223061
36	0.0760419
36	0.191868
36	0.177121
36	0.0563958
36	0.0867698
36	0.111114
36	0.26953
36	0.130285
36	0.15888
36	0.158046
36	0.117863
36	0.0928338
36	0.0769208
36	0.134787
39	0.103149
39	0.0769812
39	0.156442
39	0.0803303
39	0.0611827
39	0.0898135
39	0.179593
39	0.138903
39	0.0691165
39	0.228855
39	0.11322
39	0.0983062
39	0.122474
39	0.10583
39	0.0281798
39	0.102291
39	0.0282659
39	0.126308
39	0.163562
39	0.135259
39	0.0888071
39	0.0978809
39	0.0814909
39	0.0865284
39	0.107153
39	0.00955854
39	0.0597409
39	0.0442842
39	0.137299
39	0.136342
39	0.10764
39	0.201341
39	0.16506
39	0.116739
39	0.187819
39	0.145831
39	0.0824956
39	0.065699
39	0.0780651
39	0.108525
39	0.08371
39	0.058083
39	0.139542
39	0.0550976
39	0.0885827
39	0.155552
39	0.10931
39	0.0690807
39	0.0828542
39	0.129136
39	0.10521
39	0.173149
39	0.027909
39	0.0539676
39	0.0871282
39	0.0292537
39	0.0851294
39	0.0761513
39	0.100176
39	0.0509323
39	0.174025
39	0.0705662
39	0.0247657
39	0.145651
39	0.00255026
39	0.284065
39	0.0775723
39	0.0273389
39	0.0834187
39	0.112154
39	0.200784
39	0.0206622
39	0.133676
39	0.147894
39	0.151819
39	0.173434
39	0.0577006
39	0.123932
39	0.0796124
39	0.246478
39	0.130466
39	0.0765188
39	0.125835
39	0.0573204
39	0.112184
39	0.123858
39	0.0658345
39	0.215248
39	0.0540084
39	0.0086385
39	0.0641046
39	0.130328
39	0.154283
39	0.107811
39	0.0743029
39	0.11251
39	0.169811
39	0.103833
39	0.0512565
39	0.178176
42	0.156306
42	0.0821672
42	0.100486
42	0.102199
42	0.16245
42	0.139877
42	0.0550941
42	0.197429
42	0.0432892
42	0.093793
42	0.118734
42	0.184363
42	0.106023
42	0.122073
42	0.0467925
42	0.127353
42	0.118917
42	0.0793423
42	0.158192
42	0.0690388
42	0.0689041
42	0.122671
42	0.0822585
42	0.168839
42	0.0742527
42	0.202046
42	0.108615
42	0.0547309
42	0.100213
42	0.0553119
42	0.19085
42	0.170964
42	0.0943576
42	0.0786495
42	0.0596903
42	0.0417671
42	0.134924
42	0.164317
42	0.103127
42	0.18669
42	0.170855
42	0.201552
42	0.0559573
42	0.125526
42	0.125596
42	0.143178
42	0.128624
42	0.0912336
42	0.0432843
42	0.0638741
42	0.193927
42	0.0556467
42	0.126909
42	0.0813168
42	0.0595437
42	0.0877473
42	0.0830051
42	0.125487
42	0.112674
42	0.116725
42	0.0611965
42	0.0832471
42	0.101986
42	0.0723565
42	0.0656208
42	0.107928
42	0.0990638
42	0.0517408
42	0.0329763
42	0.103955
42	0.194539
42	0.114957
42	0.0496955
42	0.157964
42	0.147735
42	0.103417
42	0.187071
42	0.0962894
42	0.140226
42	0.0542094
42	0.0785307
42	0.0914706
42	0.0897843
42	0.196446
42	0.0615226
42	0.116653
42	0.0669504
42	0.143204
42	0.134714
42	0.105427
42	0.117866
42	0.0765907
42	0.175925
42	0.141069
42	0.0659186
42	0.266372
42	0.125153
42	0.0585028
42	0.0802462
42	0.083876
45	0.145246
45	0.0718348
45	0.104561
45	0.0666604
45	0.167621
45	0.0791579
45	0.0769645
45	0.130266
45	0.100573
45	0.0919252
45	0.17759
45	0.156587
45	0.0574264
45	0.156556
45	0.037026
45	0.178761
45	0.117188
45	0.140557
45	0.0986208
45	0.10714
45	0.250438
45	0.10948
45	0.0825811
45	0.0842377
45	0.0604912
45	0.0642927
45	0.0778955
45	0.0395662
45	0.162187
45	0.138544
45	0.0571686
45	0.0947073
45	0.101301
45	0.0302332
45	0.0798214
45	0.129703
45	0.0410674
45	0.246023
45	0.0908087
45	0.0587275
45	0.0796508
45	0.0884783
45	0.0738656
45	0.118911
45	0.146561
45	0.0577885
45	0.109299
45	0.193106
45	0.159844
45	0.110115
45	0.0710159
45	0.14451
45	0.141702
45	0.0397726
45	0.106697
45	0.0399114
45	0.0860585
45	0.105167
45	0.127789
45	0.131383
45	0.115416
45	0.155228
45	0.169535
45	0.223093
45	0.0889631
45	0.158348
45	0.0397274
45	0.0841341
45	0.144348
45	0.0800131
45	0.0835222
45	0.0678641
45	0.154812
45	0.107096
45	0.163824
45	0.107444
45	0.0821054
45	0.126308
45	0.0768847
45	0.0468342
45	0.0804694
45	0.126125
45	0.180999
45	0.236752
45	0.104519
45	0.184641
45	0.172498
45	0.089281
45	0.0944693
45	0.101258
45	0.121679
45	0.0990826
45	0.0380358
45	0.0222087
45	0.0951963
45	0.0951125
45	0.0420084
45	0.133247
45	0.0566881
45	0.0709502
48	0.110225
48	0.179475
48	0.03139
48	0.0607483
48	0.0917855
48	0.121988
48	0.112175
48	0.0101792
48	0.106817
48	0.168449
48	0.080546
48	0.218788
48	0.13336
48	0.0409339
48	0.0988452
48	0.0694236
48	0.167336
48	0.138861
48	0.0584609
48	0.181833
48	0.0409867
48	0.0950101
48	0.165727
48	0.0491473
48	0.133787
48	0.0822248
48	0.145579
48	0.0982253
48	0.139781
48	0.0441979
48	0.12399
48	0.0882621
48	0.142765
48	0.137677
48	0.126219
48	0.0321126
48	0.198622
48	0.127573
48	0.134848
48	0.0851994
48	0.104098
48	0.0596434
48	0.107941
48	0.0334129
48	0.0868363
48	0.25299
48	0.0885485
48	0.23369
48	0.157292
48	0.124031
48	0.122267
48	0.0326734
48	0.0553752
48	0.0864564
48	0.0148162
48	0.0645336
48	0.146608
48	0.0924312
48	0.175997
48	0.0593748
48	0.146516
48	0.141807
48	0.0352654
48	0.126411
48	0.0915087
48	0.10817
48	0.150796
48	0.144912
48	0.16535
48	0.0959586
48	0.167993
48	0.164249
48	0.0784251
48	0.181282
48	0.0336494
48	0.0711002
48	0.0427947
48	0.0799761
48	0.212949
48	0.0999325
48	0.123709
48	0.106751
48	0.138991
48	0.124486
48	0.106018
48	0.244203
48	0.107369
48	0.147977
48	0.187499
48	0.0896765
48	0.23675
48	0.0687316
48	0.109432
48	0.108633
48	0.0383937
48	0.175741
48	0.0616312
48	0.0847555
48	0.17268
48	0.0724587
51	0.112563
51	0.0618371
51	0.0997606
51	0.152489
51	0.0989629
51	0.122458
51	0.175621
51	0.110456
51	0.111311
51	0.0403567
51	0.0497693
51	0.159931
51	0.154323
51	0.111634
51	0.111101
51	0.143164
51	0.207696
51	0.0716073
51	0.0771674
51	0.0801281
51	0.0460907
51	0.105308
51	0.0493133
51	0.0558461
51	0.141357
51	0.118632
51	0.112069
51	0.048005
51	0.0992187
51	0.259825
51	0.0957511
51	0.044774
51	0.127156
51	0.0359979
51	0.111178
51	0.0469806
51	0.147071
51	0.0384912
51	0.113415
51	0.167784
51	0.180597
51	0.110936
51	0.122082
51	0.0672234
51	0.102564
51	0.0951454
51	0.0671387
51	0.0570291
51	0.130064
51	0.0616572
51	0.0372132
51	0.0379022
51	0.153095
51	0.155041
51	0.188297
51	0.0896993
51	0.099085
51	0.0799352
51	0.047902
51	0.20946
51	0.0839906
51	0.145958
51	0.113575
51	0.0348819
51	0.185531
51	0.0983178
51	0.062953
51	0.119333
51	0.0946483
51	0.136493
51	0.114273
51	0.141969
51	0.0733721
51	0.170852
51	0.0848218
51	0.0612353
51	0.151928
51	0.0993278
51	0.146752
51	0.143305
51	0.189569
51	0.145533
51	0.118713
51	0.141205
51	0.0941686
51	0.194158
51	0.1098
51	0.111057
51	0.0518217
51	0.160679
51	0.156177
51	0.167235
51	0.142856
51	0.116738
51	0.0985385
51	0.100725
51	0.0955889
51	0.0619423
51	0.187849
51	0.0560447
54	0.109367
54	0.105307
54	0.14612
54	0.114442
54	0.129994
54	0.0997712
54	0.110232
54	0.0998609
54	0.131091
54	0.16189
54	0.105493
54	0.0353717
54	0.104275
54	0.060948
54	0.0735223
54	0.0728614
54	0.114586
54	0.0763458
54	0.194915
54	0.0472698
54	0.114146
54	0.127672
54	0.088758
54	0.0155572
54	0.0928145
54	0.137885
54	0.0649399
54	0.261744
54	0.0575128
54	0.0854382
54	0.181255
54	0.104744
54	0.0739745
54	0.149335
54	0.108449
54	0.195979
54	0.149449
54	0.149386
54	0.0630087
54	0.0708219
54	0.0244279
54	0.105902
54	0.117381
54	0.217528
54	0.0980246
54	0.171282
54	0.0312096
54	0.0808222
54	0.0924302
54	0.0963001
54	0.0354818
54	0.0521295
54	0.0749239
54	0.108781
54	0.147264
54	0.0168846
54	0.0766881
54	0.0939604
54	0.107395
54	0.116646
54	0.0837747
54	0.124016
54	0.0436182
54	0.0456924
54	0.0882836
54	0.0914247
54	0.100301
54	0.0437391
54	0.171094
54	0.0427818
54	0.22865
54	0.13375
54	0.106058
54	0.0756222
54	0.034571
54	0.141667
54	0.113523
54	0.188823
54	0.099436
54	0.161619
54	0.17384
54	0.220651
54	0.0336905
54	0.170353
54	0.157933
54	0.155434
54	0.147633
54	0.1384
54	0.182459
54	0.133548
54	0.0950973
54	0.0215418
54	0.131748
54	0.102223
54	0.194799
54	0.0552094
54	0.0961534
54	0.173662
54	0.160547
54	0.071844
57	0.121362
57	0.105724
57	0.173585
57	0.111466
57	0.116216
57	0.170524
57	0.162089
57	0.185443
57	0.18208
57	0.100573
57	0.0156994
57	0.114159
57	0.143295
57	0.182006
57	0.0340808
57	0.119788
57	0.0925019
57	0.148164
57	0.112662
57	0.099159
57	0.0491515
57	0.14979
57	0.128447
57	0.074651
57	0.0567519
57	0.131667
57	0.186309
57	0.0448553
57	0.0972912
57	0.0889857
57	0.130734
57	0.105692
57	0.0760313
57	0.0977421
57	0.0462669
57	0.126286
57	0.128165
57	0.102296
57	0.126919
57	0.158059
57	0.02447
57	0.0838281
57	0.0923145
57	0.183025
57	0.162415
57	0.129668
57	0.0142096
57	0.0494951
57	0.175057
57	0.100999
57	0.120442
57	0.122503
57	0.131705
57	0.129689
57	0.113704
57	0.135319
57	0.0892032
57	0.0840212
57	0.0713915
57	0.102111
57	0.074476
57	0.19137
57	0.0512373
57	0.0947508
57	0.126868
57	0.1194
57	0.155961
57	0.0961397
57	0.0565124
57	0.190331
57	0.22783
57	0.0224354
57	0.104679
57	0.0251784
57	0.065837
57	0.0698809
57	0.0974186
57	0.13036
57	0.0567273
57	0.0316142
57	0.0903386
57	0.105885
57	0.092844
57	0.0951423
57	0.0481523
57	0.18612
57	0.120719
57	0.136359
57	0.127188
57	0.078042
57	0.19687
57	0.098404
57	0.128
57	0.206104
57	0.0995441
57	0.135565
57	0.081196
57	0.125268
57	0.0706344
57	0.139531
60	0.12699
60	0.152181
60	0.142735
60	0.173449
60	0.171548
60	0.0802421
60	0.132094
60	0.00277935
60	0.0785789
60	0.0558833
60	0.136175
60	0.140759
60	0.108903
60	0.218661
60	0.111387
60	0.0842624
60	0.177685
60	0.0636361
60	0.0670618
60	0.165702
60	0.0895091
60	0.0959251
60	0.0827708
60	0.164084
60	0.167782
60	0.134343
60	0.158431
60	0.134855
60	0.110631
60	0.186047
60	0.109391
60	0.16127
60	0.0241078
60	0.177883
60	0.0499508
60	0.0862985
60	0.067158
60	0.109835
60	0.225004
60	0.130287
60	0.101252
60	0.15717
60	0.0694848
60	0.0752195
60	0.164276
60	0.104784
60	0.152043
60	0.183971
60	0.0341545
60	0.141329
60	0.10379
60	0.0624373
60	0.164242
60	0.152497
60	0.131742
60	0.0605955
60	0.117645
60	0.0606519
60	0.0920448
60	0.0712712
60	0.151974
60	0.1931
60	0.142084
60	0.116771
60	0.0347436
60	0.0939554
60	0.0793737
60	0.0924571
60	0.0734432
60	0.048228
60	0.0528362
60	0.203145
60	0.0487422
60	0.1525
60	0.0694572
60	0.0909771
60	0.195437
60	0.130737
60	0.123295
60	0.0335921
60	0.105638
60	0.0940743
60	0.128537
60	0.187512
60	0.113563
60	0.0841239
60	0.0529357
60	0.110227
60	0.164326
60	0.11616
60	0.0990321
60	0.100328
60	0.207354
60	0.106611
60	0.0751724
60	0.0544776
60	0.0418181
60	0.0820998
60	0.050909
60	0.133987
63	0.202097
63	0.138226
63	0.157072
63	0.114176
63	0.243043
63	0.109408
63	0.0840814
63	0.166757
63	0.106888
63	0.139163
63	0.121989
63	0.0551406
63	0.148388
63	0.119334
63	0.0920926
63	0.112347
63	0.18038
63	0.109299
63	0.127659
63	0.094585
63	0.125582
63	0.0686062
63	0.0514445
63	0.0492924
63	0.0862725
63	0.0876274
63	0.21049
63	0.126037
63	0.0888236
63	0.140047
63	0.0813668
63	0.145674
63	0.0738417
63	0.101183
63	0.0655176
63	0.103183
63	0.0407689
63	0.175408
63	0.0664385
63	0.13664
63	0.127284
63	0.0737081
63	0.058851
63	0.0875176
63	0.134522
63	0.221443
63	0.155666
63	0.121607
63	0.109337
63	0.120528
63	0.184707
63	0.101305
63	0.11103
63	0.0765695
63	0.043532
63	0.0517766
63	0.115463
63	0.144579
63	0.116943
63	0.081839
63	0.196846
63	0.033333
63	0.0568344
63	0.104827
63	0.0992215
63	0.153311
63	0.0881067
63	0.0743746
63	0.200725
63	0.0961414
63	0.112858
63	0.0910242
63	0.0825756
63	0.0873699
63	0.184075
63	0.109602
63	0.0916105
63	0.0294395
63	0.0473351
63	0.0359972
63	0.12877
63	0.136696
63	0.114221
63	0.10302
63	0.0691402
63	0.1315
63	0.0600098
63	0.0676379
63	0.192511
63	0.0809669
63	0.263258
63	0.184289
63	0.0812651
63	0.070883
63	0.142026
63	0.115705
63	0.179957
63	0.106107
63	0.110906
63	0.138933
66	0.0832301
66	0.122994
66	0.0741997
66	0.0608138
66	0.111691
66	0.222137
66	0.197278
66	0.112336
66	0.0606769
66	0.231009
66	0.101739
66	0.132258
66	0.0462814
66	0.0425283
66	0.096893
66	0.143316
66	0.161341
66	0.126949
66	0.10733
66	0.0771135
66	0.0625465
66	0.0883303
66	0.146296
66	0.0680003
66	0.0531178
66	0.0445203
66	0.136889
66	0.128992
66	0.147842
66	0.235472
66	0.0896018
66	0.100578
66	0.192508
66	0.105952
66	0.0294767
66	0.0230812
66	0.08203
66	0.0808916
66	0.156502
66	0.11682
66	0.0910107
66	0.171053
66	0.124991
66	0.160072
66	0.187188
66	0.101749
66	0.057953
66	0.0960998
66	0.136176
66	0.170156
66	0.136531
66	0.151797
66	0.220474
66	0.0823033
66	0.0684514
66	0.0625889
66	0.183672
66	0.140211
66	0.128621
66	0.103647
66	0.110572
66	0.0948869
66	0.110017
66	0.0780939
66	0.0480096
66	0.0789079
66	0.111284
66	0.132249
66	0.0929025
66	0.102553
66	0.0979558
66	0.186014
66	0.0923046
66	0.140574
66	0.159551
66	0.0914327
66	0.163596
66	0.15073
66	0.109648
66	0.10314
66	0.183122
66	0.10584
66	0.164449
66	0.0662419
66	0.102431
66	0.0679276
66	0.176736
66	0.142616
66	0.142214
66	0.124826
66	0.282755
66	0.121709
66	0.0613837
66	0.180868
66	0.0469073
66	0.101623
66	0.0971454
66	0.0970316
66	0.110968
66	0.16612
69	0.102878
69	0.0192089
69	0.0787799
69	0.08105
69	0.0787894
69	0.110386
69	0.120775
69	0.171194
69	0.161492
69	0.114278
69	0.104069
69	0.0957934
69	0.148323
69	0.102849
69	0.0973428
69	0.15413
69	0.193535
69	0.0887498
69	0.0599119
69	0.144293
69	0.0533694
69	0.103813
69	0.0966575
69	0.059092
69	0.0325945
69	0.120041
69	0.07263
69	0.0564699
69	0.155858
69	0.106884
69	0.109043
69	0.153618
69	0.160563
69	0.0741891
69	0.0648924
69	0.0829454
69	0.0667453
69	0.103736
69	0.116788
69	0.062124
69	0.0932434
69	0.0545588
69	0.121156
69	0.0700853
69	0.133499
69	0.140229
69	0.159209
69	0.0483375
69	0.0863994
69	0.0858021
69	0.081312
69	0.076165
69	0.0795788
69	0.0604689
69	0.0751124
69	0.150561
69	0.0586616
69	0.18467
69	0.0808294
69	0.101886
69	0.19871
69	0.12163
69	0.0683974
69	0.0754137
69	0.175652
69	0.0992998
69	0.102021
69	0.0518258
69	0.0668333
69	0.0599795
69	0.111519
69	0.1082
69	0.108199
69	0.0751426
69	0.0314545
69	0.0653207
69	0.00370881
69	0.0947846
69	0.156977
69	0.0814897
69	0.16905
69	0.122153
69	0.0829275
69	0.119393
69	0.0707038
69	0.145551
69	0.104662
69	0.0747959
69	0.00360743
69	0.0772342
69	0.0144055
69	0.0948893
69	0.0224737
69	0.118035
69	0.133504
69	0.0627852
69	0.105709
69	0.100626
69	0.108566
69	0.0655488
72	0.105291
72	0.0582792
72	0.0673611
72	0.126747
72	0.043533
72	0.0443023
72	0.040908
72	0.0848594
72	0.197379
72	0.0452232
72	0.114343
72	0.0536943
72	0.0621713
72	0.0317621
72	0.0820857
72	0.143356
72	0.104396
72	0.063783
72	0.0662108
72	0.125453
72	0.102939
72	0.0959858
72	0.100411
72	0.174883
72	0.0623085
72	0.0961924
72	0.197714
72	0.134703
72	0.0749364
72	0.0558086
72	0.17109
72	0.206518
72	0.129966
72	0.0942285
72	0.07847
72	0.183338
72	0.119679
72	0.0774556
72	0.075301
72	0.0764126
72	0.0470533
72	0.0736621
72	0.115306
72	0.146824
72	0.175352
72	0.0627621
72	0.136058
72	0.144634
72	0.110692
72	0.114124
72	0.103563
72	0.104699
72	0.077915
72	0.0744404
72	0.0429106
72	0.0778107
72	0.133023
72	0.133735
72	0.0936686
72	0.0817626
72	0.0818973
72	0.0203375
72	0.0738194
72	0.114425
72	0.180387
72	0.0622905
72	0.138829
72	0.0442242
72	0.200455
72	0.0692283
72	0.0865871
72	0.155426
72	0.153449
72	0.0280879
72	0.191884
72	0.132588
72	0.110503
72	0.0394407
72	0.0760818
72	0.28919
72	0.0402553
72	0.171991
72	0.0958809
72	0.0837688
72	0.0826884
72	0.119117
72	0.118142
72	0.0566736
72	0.0120006
72	0.133483
72	0.0790989
72	0.170769
72	0.133601
72	0.0417124
72	0.13803
72	0.117211
72	0.153491
72	0.180637
72	0.0906149
72	0.0707508
75	0.07371
75	0.115062
75	0.0824305
75	0.105067
75	0.133712
75	0.15402
75	0.0994287
75	0.0736108
75	0.124469
75	0.0472027
75	0.141341
75	0.113044
75	0.0151644
75	0.169546
75	0.140199
75	0.151311
75	0.0744479
75	0.0433093
75	0.0908529
75	0.109295
75	0.190397
75	0.127901
75	0.0679744
75	0.129735
75	0.0127316
75	0.159154
75	0.178952
75	0.176568
75	0.0655356
75	0.117598
75	0.152597
75	0.0588216
75	0.25926
75	0.0718664
75	0.137553
75	0.153444
75	0.0927332
75	0.104376
75	0.094997
75	0.0747039
75	0.0870574
75	0.0213724
75	0.0243798
75	0.143848
75	0.0944
75	0.117334
75	0.0786668
75	0.182657
75	0.0948021
75	0.0224145
75	0.172185
75	0.0850109
75	0.180609
75	0.0663826
75	0.112704
75	0.064558
75	0.186073
75	0.154776
75	0.144425
75	0.124881
75	0.0496498
75	0.147207
75	0.072822
75	0.0764393
75	0.0978018
75	0.0214912
75	0.0567705
75	0.0447485
75	0.0780688
75	0.129739
75	0.123
75	0.150034
75	0.0937298
75	0.330442
75	0.163816
75	0.0690873
75	0.0414918
75	0.0209453
75	0.0828517
75	0.0976049
75	0.129995
75	0.103223
75	0.0286321
75	0.142291
75	0.0808347
75	0.0592766
75	0.0785372
75	0.138989
75	0.0807964
75	0.0213744
75	0.129847
75	0.0222363
75	0.0803005
75	0.129819
75	0.0876532
75	0.0851239
75	0.0422188
75	0.0763406
75	0.0373853
75	0.0702313
78	0.0785439
78	0.184638
78	0.0872225
78	0.0572054
78	0.0925879
78	0.147123
78	0.110938
78	0.0800464
78	0.272016
78	0.225097
78	0.0841927
78	0.175433
78	0.141867
78	0.0768296
78	0.0600359
78	0.137802
78	0.0435586
78	0.112376
78	0.0702057
78	0.127601
78	0.117069
78	0.12747
78	0.0721312
78	0.13197
78	0.187539
78	0.122011
78	0.118553
78	0.0450424
78	0.163852
78	0.134609
78	0.0740464
78	0.0664535
78	0.0769224
78	0.0717023
78	0.0655885
78	0.114429
78	0.127873
78	0.0902741
78	0.136093
78	0.0715174
78	0.0597463
78	0.0160594
78	0.11496
78	0.222986
78	0.0748928
78	0.10252
78	0.148935
78	0.0281184
78	0.06039
78	0.137412
78	0.0617418
78	0.16047
78	0.115376
78	0.135891
78	0.171817
78	0.0625748
78	0.120538
78	0.108126
78	0.108945
78	0.16948
78	0.0747993
78	0.148513
78	0.0201792
78	0.0170489
78	0.165969
78	0.0829808
78	0.122387
78	0.107325
78	0.0197017
78	0.101849
78	0.142425
78	0.0381487
78	0.0527327
78	0.0235604
78	0.0711334
78	0.0234331
78	0.0941711
78	0.0117094
78	0.0629134
78	0.152997
78	0.0233377
78	0.137477
78	0.205399
78	0.118914
78	0.136905
78	0.0697147
78	0.110312
78	0.0554507
78	0.222482
78	0.157993
78	0.0972451
78	0.103487
78	0.0462139
78	0.0531943
78	0.152193
78	0.104631
78	0.0579725
78	0.0862582
78	0.0927714
78	0.0884066
81	0.0925238
81	0.0766843
81	0.0346872
81	0.100234
81	0.170804
81	0.0868748
81	0.147318
81	0.121158
81	0.0895641
81	0.141038
81	0.177652
81	0.0422808
81	0.143115
81	0.0746914
81	0.0652579
81	0.0508557
81	0.0305147
81	0.174548
81	0.0345632
81	0.126155
81	0.149034
81	0.0896201
81	0.0977999
81	0.089316
81	0.152944
81	0.0837485
81	0.0772965
81	0.147713
81	0.152645
81	0.105879
81	0.0736715
81	0.114433
81	0.110075
81	0.0835576
81	0.0769831
81	0.0614086
81	0.0721526
81	0.20844
81	0.120385
81	0.0818437
81	0.13126
81	0.0561755
81	0.103292
81	0.0558379
81	0.0694208
81	0.143488
81	0.126291
81	0.066045
81	0.105657
81	0.258626
81	0.0625194
81	0.182385
81	0.256549
81	0.0542314
81	0.0837165
81	0.102108
81	0.0580256
81	0.26104
81	0.0608219
81	0.116042
81	0.108162
81	0.102291
81	0.0352677
81	0.222892
81	0.0445446
81	0.0855439
81	0.233901
81	0.167737
81	0.0494648
81	0.120543
81	0.0852851
81	0.156567
81	0.163099
81	0.0835992
81	0.138428
81	0.0393271
81	0.0196164
81	0.0960114
81	0.0978711
81	0.134447
81	0.0541671
81	0.151082
81	0.0807083
81	0.0657308
81	0.12141
81	0.123415
81	0.119218
81	0.0849892
81	0.156949
81	0.0364722
81	0.0751223
81	0.0930506
81	0.0435064
81	0.123875
81	0.274531
81	0.0376211
81	0.0968478
81	0.131621
81	0.12742
81	0.112262
84	0.125698
84	0.0509158
84	0.137986
84	0.0626967
84	0.11068
84	0.07122
84	0.0815018
84	0.0843087
84	0.054622
84	0.121304
84	0.0901892
84	0.0759401
84	0.020296
84	0.0140256
84	0.125663
84	0.0581776
84	0.050187
84	0.104646
84	0.0438862
84	0.0974361
84	0.0927594
84	0.234433
84	0.163426
84	0.0742344
84	0.118803
84	0.0411349
84	0.0888886
84	0.163334
84	0.10059
84	0.212622
84	0.0632347
84	0.113339
84	0.0893952
84	0.0716474
84	0.0974464
84	0.0794977
84	0.0604135
84	0.136862
84	0.0883489
84	0.106452
84	0.145147
84	0.247707
84	0.157082
84	0.15845
84	0.237402
84	0.0728231
84	0.0378209
84	0.110828
84	0.132621
84	0.095774
84	0.117688
84	0.0943188
84	0.14179
84	0.0788379
84	0.100104
84	0.137785
84	0.11588
84	0.0358293
84	0.156717
84	0.161718
84	0.217046
84	0.0914017
84	0.238489
84	0.0730354
84	0.118363
84	0.167605
84	0.226912
84	0.105633
84	0.107429
84	0.0556842
84	0.119163
84	0.124736
84	0.148416
84	0.128478
84	0.0525701
84	0.161718
84	0.132407
84	0.0923503
84	0.111995
84	0.118917
84	0.0854227
84	0.128128
84	0.0928088
84	0.132601
84	0.135279
84	0.0593301
84	0.0810877
84	0.098093
84	0.0632013
84	0.195918
84	0.111588
84	0.197158
84	0.11137
84	0.120632
84	0.123094
84	0.171401
84	0.0767681
84	0.153507
84	0.126303
84	0.0986874
87	0.0915559
87	0.18145
87	0.0951139
87	0.109801
87	0.0643107
87	0.0835979
87	0.131678
87	0.115197
87	0.094004
87	0.110087
87	0.203885
87	0.0279339
87	0.0711063
87	0.17192
87	0.128962
87	0.15603
87	0.0283646
87	0.132175
87	0.0162408
87	0.0628793
87	0.0908662
87	0.0758973
87	0.0514482
87	0.0416432
87	0.167793
87	0.0659429
87	0.0918685
87	0.0423611
87	0.03536
87	0.161336
87	0.0579466
87	0.0751876
87	0.163431
87	0.055613
87	0.152548
87	0.0728673
87	0.201468
87	0.100302
87	0.112294
87	0.105906
87	0.106384
87	0.119185
87	0.13146
87	0.104254
87	0.0797088
87	0.117495
87	0.0874382
87	0.116286
87	0.0669425
87	0.122931
87	0.149521
87	0.0313174
87	0.0906476
87	0.150486
87	0.0611227
87	0.132503
87	0.0586819
87	0.137141
87	0.0865923
87	0.0687214
87	0.111715
87	0.094617
87	0.0537898
87	0.146196
87	0.103292
87	0.132972
87	0.0551164
87	0.0169171
87	0.0834821
87	0.0388081
87	0.170751
87	0.13735
87	0.0783551
87	0.153096
87	0.131455
87	0.150518
87	0.0701765
87	0.111333
87	0.0213698
87	0.131233
87	0.0885114
87	0.117306
87	0.0592506
87	0.0951163
87	0.111049
87	0.0637734
87	0.0442038
87	0.0715351
87	0.14865
87	0.132063
87	0.112522
87	0.173946
87	0.194555
87	0.117789
87	0.118418
87	0.183577
87	0.0777501
87	0.0374397
87	0.156225
87	0.16927
90	0.0943758
90	0.0513644
90	0.0502701
90	0.126364
90	0.115791
90	0.10916
90	0.109525
90	0.158366
90	0.145292
90	0.0971357
90	0.100239
90	0.0884522
90	0.149389
90	0.0679811
90	0.149009
90	0.193242
90	0.0693411
90	0.0786479
90	0.12231
90	0
90	0.114021
90	0.0544031
90	0.099681
90	0.0742879
90	0.0462151
90	0.104374
90	0.0692574
90	0.0933397
90	0.0620232
90	0.084542
90	0.156572
90	0.125547
90	0.181456
90	0.0248541
90	0.093474
90	0.142607
90	0.0545493
90	0.0990567
90	0.0298523
90	0.0950205
90	0.154773
90	0.147363
90	0.110661
90	0.0886024
90	0.0842583
90	0.110816
90	0.0968709
90	0.0431853
90	0.0700854
90	0.131883
90	0.172451
90	0.219736
90	0.0646974
90	0.106354
90	0.223043
90	0.0646977
90	0.212339
90	0.125729
90	0.103196
90	0.084353
90	0.0943819
90	0.0832212
90	0.0336862
90	0.146681
90	0.0893445
90	0.0847724
90	0.0904005
90	0.153261
90	0.0615398
90	0.15386
90	0.112409
90	0.0630616
90	0.13705
90	0.0631816
90	0.306266
90	0.143063
90	0.0971545
90	0.157029
90	0.124013
90	0.0962518
90	0.158916
90	0.0340062
90	0.0821705
90	0.155444
90	0.178421
90	0.140653
90	0.0906224
90	0.0919039
90	0.0907604
90	0.0431167
90	0.0713459
90	0.15624
90	0.228537
90	0.113297
90	0.0879808
90	0.0792173
90	0.112506
90	0.0786112
90	0.154332
90	0.112081
93	0.103603
93	0.0790904
93	0.0893885
93	0.20789
93	0.0675809
93	0.138985
93	0.157974
93	0.0477392
93	0.0898011
93	0.0833926
93	0.112035
93	0.140164
93	0.0945585
93	0.129469
93	0.234487
93	0.241518
93	0.227293
93	0.119657
93	0.122414
93	0.0313762
93	0.116985
93	0.175602
93	0.0684689
93	0.0596836
93	0.180195
93	0.146907
93	0.13217
93	0.0851429
93	0.111966
93	0.0226411
93	0.107843
93	0.234656
93	0.0756293
93	0.0851113
93	0.045605
93	0.131537
93	0.182444
93	0.0868204
93	0.0339097
93	0.156939
93	0.144078
93	0.148982
93	0.133304
93	0.150508
93	0.0660675
93	0.0856914
93	0.144685
93	0
93	0.153358
93	0.0422714
93	0.165456
93	0.0331701
93	0.0980428
93	0.056137
93	0.0128708
93	0.0982476
93	0.0621822
93	0.0677957
93	0.199874
93	0.0711788
93	0.10677
93	0.0831998
93	0.0403906
93	0.109468
93	0.0280905
93	0.0390495
93	0.0799096
93	0.0774963
93	0.05184
93	0.0757351
93	0.0892745
93	0.098818
93	0.0560632
93	0.0711085
93	0.0549142
93	0.0402354
93	0.085821
93	0.133177
93	0.0429247
93	0.0527487
93	0.112543
93	0.114957
93	0.0809049
93	0.128537
93	0.163712
93	0.0933181
93	0.157268
93	0.0846012
93	0.21539
93	0.131822
93	0.0694118
93	0.148012
93	0.131954
93	0.0391781
93	0.0854879
93	0.0656546
93	0.0719255
93	0.146604
93	0.10796
93	0.0796356
96	0.0218832
96	0.0634806
96	0.0468361
96	0.0689139
96	0.0935904
96	0.132654
96	0.106355
96	0.149963
96	0.0578594
96	0.043541
96	0.206427
96	0.0840444
96	0.166717
96	0.0641662
96	0.0521413
96	0.0977925
96	0.0892229
96	0.0855446
96	0.0382251
96	0.0533878
96	0.172674
96	0.102347
96	0.121346
96	0.0736868
96	0.062298
96	0.142226
96	0.149265
96	0.0479224
96	0.104933
96	0.119245
96	0.244983
96	0.0880888
96	0.155192
96	0.137226
96	0.127291
96	0.185858
96	0.247109
96	0.0719525
96	0.111442
96	0.0449392
96	0.0379468
96	0.0818477
96	0.0847451
96	0.123543
96	0.191048
96	0.0761719
96	0.0267099
96	0.0946096
96	0.140279
96	0.116827
96	0.0552395
96	0.119486
96	0.0458126
96	0.0828187
96	0.142278
96	0.0180739
96	0.163732
96	0.123869
96	0.085497
96	0.165277
96	0.108354
96	0.111908
96	0.12833
96	0.0737082
96	0.0564157
96	0.0478471
96	0.109974
96	0.177413
96	0.0965234
96	0.15186
96	0.119549
96	0.138071
96	0.0459968
96	0.0942876
96	0.0837219
96	0.068231
96	0.100065
96	0.141365
96	0.085187
96	0.154722
96	0.128473
96	0.0454184
96	0.148248
96	0.10114
96	0.0638814
96	0.126936
96	0.141298
96	0.100996
96	0.0724764
96	0.122748
96	0.0471016
96	0.109741
96	0.0696741
96	0.144113
96	0.239767
96	0.0357244
96	0.0548873
96	0.0287437
96	0.205682
96	0.0296645
99	0.0521883
99	0.216007
99	0.0257417
99	0.0265033
99	0.0145477
99	0.191598
99	0.0999526
99	0.163046
99	0.104443
99	0.191473
99	0.131745
99	0.0805971
99	0.0619259
99	0.217086
99	0.116299
99	0.0820842
99	0.128879
99	0.0354801
99	0.0549657
99	0.0994615
99	0.0860751
99	0.161656
99	0.0841701
99	0.0613382
99	0.192765
99	0.0591335
99	0.127533
99	0.137189
99	0.098111
99	0.0808179
99	0.0668777
99	0.0487947
99	0.136088
99	0.0636294
99	0.080295
99	0.0477525
99	0.0845322
99	0.101629
99	0.131836
99	0.0259149
99	0.0799395
99	0.147319
99	0.067155
99	0.0973406
99	0.16598
99	0.0794574
99	0.0144146
99	0.0634012
99	0.0894186
99	0.0694751
99	0.0447714
99	0.0646343
99	0.0815636
99	0.200468
99	0.0657562
99	0.157032
99	0.168927
99	0.0526378
99	0.0589403
99	0.000102244
99	0.133877
99	0.214868
99	0.0759671
99	0.0788401
99	0.0676901
99	0.118759
99	0.186583
99	0.198761
99	0.135666
99	0.0711395
99	0.117939
99	0.0861508
99	0.195
99	0.0985646
99	0.0318174
99	0.0234176
99	0.10864
99	0.0271261
99	0.12291
99	0.153385
99	0.0874536
99	0.162879
99	0.0324247
99	0.0899385
99	0.153184
99	0.0195939
99	0.044313
99	0.138317
99	0.0801301
99	0.0681284
99	0.101701
99	0.125301
99	0.178042
99	0.0443111
99	0.149484
99	0.220714
99	0.095929
99	0.0780408
99	0.0313183
99	0.0924498
102	0.133477
102	0.0769736
102	0.105063
102	0.0867801
102	0.160121
102	0.135762
102	0.120495
102	0.13013
102	0.114907
102	0.14682
102	0.152618
102	0.0537018
102	0.139109
102	0.105109
102	0.135139
102	0.0369385
102	0.0698083
102	0.173179
102	0.192576
102	0.0640578
102	0.067703
102	0.161083
102	0.220441
102	0.209586
102	0.0706633
102	0.118917
102	0.0860562
102	0.0714768
102	0.202635
102	0.145815
102	0.0922355
102	0.147192
102	0.0358766
102	0.138491
102	0.11743
102	0.067607
102	0.0537883
102	0.0835476
102	0.0192254
102	0.0575318
102	0.156101
102	0.0531966
102	0.223207
102	0.164969
102	0.115014
102	0.0702882
102	0.059436
102	0.0975504
102	0.0378302
102	0.00821547
102	0.180583
102	0.101389
102	0.0394515
102	0.083803
102	0.0243711
102	0.0767635
102	0.0712349
102	0.190575
102	0.102819
102	0.17613
102	0.092505
102	0.0145468
102	0.0688609
102	0.140545
102	0.112465
102	0.0437063
102	0.0602682
102	0.234701
102	0.093848
102	0.125023
102	0.153598
102	0.0354326
102	0.189129
102	0.0635182
102	0.0537567
102	0.121112
102	0.244372
102	0.102065
102	0.125493
102	0.169375
102	0.100909
102	0.0772058
102	0.0777747
102	0.14172
102	0.129481
102	0.129102
102	0.154357
102	0.0468826
102	0.162083
102	0.121172
102	0.102022
102	0.0414118
102	0.046276
102	0.0375858
102	0.163249
102	0.0549671
102	0.167903
102	0.0573446
102	0.101485
102	0.0542693
105	0.0672273
105	0.186066
105	0.11571
105	0.082508
105	0.141556
105	0.0271862
105	0.0595382
105	0.0370811
105	0.0944131
105	0.11934
105	0.0862437
105	0.0777571
105	0.0328486
105	0.0780524
105	0.080004
105	0.155771
105	0.174974
105	0.0612019
105	0.100653
105	0.0693555
105	0.0404156
105	0.0786537
105	0.0756429
105	0.143372
105	0.12265
105	0.0425602
105	0.139313
105	0.196941
105	0.0777642
105	0.134469
105	0.0961712
105	0.174941
105	0.112354
105	0.138117
105	0.11751
105	0.0860182
105	0.0676488
105	0.128509
105	0.0536122
105	0.046566
105	0.130844
105	0.135452
105	0.128419
105	0.131366
105	0.0389343
105	0.0625437
105	0.191113
105	0.0104212
105	0.148157
105	0.107765
105	0.0903566
105	0.0985328
105	0.137116
105	0.0191336
105	0.0749648
105	0.0435925
105	0.239905
105	0.0762973
105	0.167387
105	0.0352798
105	0.116552
105	0.0771492
105	0.0255797
105	0.0542571
105	0.18652
105	0.121228
105	0.129036
105	0.0596492
105	0.0854553
105	0.109887
105	0.0599214
105	0.0457414
105	0.0543159
105	0.046579
105	0.223745
105	0.016658
105	0.041745
105	0.175759
105	0.154922
105	0.145917
105	0.0919149
105	0.0896644
105	0.109941
105	0.135688
105	0.143349
105	0.0843154
105	0.0669082
105	0.158337
105	0.0671784
105	0.112399
105	0.112675
105	0.0440885
105	0.0640628
105	0.0477558
105	0.113291
105	0.0588222
105	0.0269074
105	0.178276
105	0.0403252
105	0.127127
108	0.211322
108	0.215984
108	0.12704
108	0.0821404
108	0.0295068
108	0.0372068
108	0.103221
108	0.0802916
108	0.0391466
108	0.11726
108	0.124409
108	0.0858586
108	0.0666413
108	0.19708
108	0.19382
108	0.0369217
108	0.13711
108	0.126426
108	0.0502022
108	0.104844
108	0.116913
108	0.122574
108	0.158311
108	0.0392342
108	0.149929
108	0.124928
108	0.0423115
108	0.123442
108	0.114387
108	0.144809
108	0.0949241
108	0.138861
108	0.0709917
108	0.00292256
108	0.109829
108	0.0376293
108	0.0770634
108	0.156459
108	0.138585
108	0.0686055
108	0.0662084
108	0.12464
108	0.0708906
108	0.131588
108	0.0199556
108	0.119838
108	0.146008
108	0.0261475
108	0.151417
108	0.121616
108	0.141385
108	0.14674
108	0.0835336
108	0.148249
108	0.0671786
108	0.172144
108	0.199434
108	0.169473
108	0.130577
108	0.0080629
108	0.0936382
108	0.236233
108	0.0561463
108	0.101181
108	0.0801322
108	0.166103
108	0.0731565
108	0.0172692
108	0.0555758
108	0.00489342
108	0.10446
108	0.0686242
108	0.220371
108	0.0921768
108	0.0409051
108	0.030014
108	0.196352
108	0.0774774
108	0.141192
108	0.0796101
108	0.0906558
108	0.131893
108	0.157803
108	0.147051
108	0.0998656
108	0.028449
108	0.125038
108	0.0361789
108	0.0353814
108	0.178109
108	0.103949
108	0.065516
108	0.032606
108	0.0306518
108	0.103456
108	0.154491
108	0.178303
108	0.0703233
108	0.114435
108	0.0839455
111	0.242248
111	0.0211999
111	0.168636
111	0.040431
111	0.068017
111	0.0563221
111	0.0353921
111	0.00156609
111	0.0485088
111	0.0245424
111	0.191521
111	0.0574181
111	0.119872
111	0.140868
111	0.187957
111	0.180246
111	0.0293677
111	0.157279
111	0.125894
111	0.0423026
111	0.0904656
111	0.138553
111	0.0613359
111	0.0688617
111	0.0639959
111	0.121508
111	0.108869
111	0.128029
111	0.144021
111	0.025403
111	0.120294
111	0.164191
111	0.1236
111	0.0536377
111	0.0775168
111	0.134681
111	0.141869
111	0.207658
111	0.160905
111	0.133603
111	0.0222885
111	0.105637
111	0.110246
111	0.0426129
111	0.0676667
111	0.161857
111	0.0536369
111	0.139725
111	0.14029
111	0.0431632
111	0.102294
111	0.200712
111	0.0717818
111	0.0218844
111	0.0140359
111	0.127889
111	0.0484159
111	0.0591248
111	0.0504421
111	0.146402
111	0.258458
111	0.113955
111	0.072203
111	0.0477869
111	0.143915
111	0.0905966
111	0.0296745
111	0.0915734
111	0.10207
111	0.00195107
111	0.0700959
111	0.100928
111	0.057592
111	0.0344613
111	0.249956
111	0.109141
111	0.135433
111	0.164335
111	0.154046
111	0.142048
111	0.0865241
111	0.0489691
111	0.0681563
111	0.0976466
111	0.143526
111	0.0867922
111	0.0326254
111	0.129824
111	0.0901344
111	0.0516452
111	0.111356
111	0.0487483
111	0.10035
111	0.056469
111	0.0696651
111	0.0706883
111	0.113096
111	0.0955568
111	0.0452953
111	0.0638161
114	0.0474266
114	0.10898
114	0.0111403
114	0.05597
114	0.180592
114	0.134111
114	0.0496104
114	0.0434113
114	0.0459691
114	0.17039
114	0.101334
114	0.0277415
114	0.115314
114	0.118271
114	0.0296027
114	0.137076
114	0.153773
114	0.0648293
114	0.123855
114	0.162427
114	0.0909204
114	0.0587771
114	0.0769406
114	0.0331394
114	0.0563269
114	0.165306
114	0.101426
114	0.114039
114	0.129537
114	0.0664607
114	0.0101522
114	0.0246104
114	0.0325087
114	0.0236513
114	0.211874
114	0.0804479
114	0.0515966
114	0.118835
114	0.00894823
114	0.0691692
114	0.133827
114	0.0894859
114	0.118603
114	0.0457617
114	0.0840316
114	0.0832601
114	0.164803
114	0.0922505
114	0.162857
114	0.131691
114	0.0652351
114	0.02947
114	0.0317413
114	0.0662246
114	0.0679729
114	0.135654
114	0.0984003
114	0.0824223
114	0.178897
114	0.0974136
114	0.146384
114	0.0512138
114	0.0840279
114	0.0965654
114	0.0407284
114	0.03747
114	0.0873166
114	0.153762
114	0.0528755
114	0.149794
114	0.0741478
114	0.164312
114	0.0537251
114	0.14758
114	0.0947962
114	0.0504923
114	0.153481
114	0.233541
114	0.122746
114	0.110574
114	0.136944
114	0.110803
114	0.206107
114	0.121946
114	0.036259
114	0.152155
114	0.181951
114	0.0543019
114	0.0191198
114	0.0256692
114	0.031135
114	0.0959655
114	0.042064
114	0.0975025
114	0.183105
114	0.0784535
114	0.212954
114	0.0347838
114	0.182283
114	0.0954507
117	0.12944
117	0.141572
117	0.129928
117	0.156817
117	0.0555052
117	0.206305
117	0.11257
117	0.0628121
117	0.129985
117	0.111071
117	0.111189
117	0.133041
117	0.122493
117	0.196462
117	0.0636772
117	0.0561226
117	0.0713623
117	0.0793793
117	0.0652362
117	0.0609259
117	0.0402805
117	0.16772
117	0.0614636
117	0.084845
117	0.038406
117	0.0998229
117	0.121614
117	0.0406553
117	0.139953
117	0.035525
117	0.148829
117	0.132302
117	0.156808
117	0.103759
117	0.1477
117	0.187274
117	0.0755019
117	0.113306
117	0.199772
117	0.14521
117	0.0175731
117	0.136045
117	0.0521871
117	0.0541193
117	0.182049
117	0.0303852
117	0.0947058
117	0.0718614
117	0.0752311
117	0.176938
117	0.0429496
117	0.0610998
117	0.0874814
117	0.226795
117	0.0876824
117	0.0861583
117	0.061117
117	0.0388275
117	0.175482
117	0.0739051
117	0.0560741
117	0.0946557
117	0.0351534
117	0.0512978
117	0.163424
117	0.0727807
117	0.0139576
117	0.136494
117	0.149074
117	0.0514096
117	0.103791
117	0.193344
117	0.0680479
117	0.217309
117	0.0375723
117	0.100018
117	0.0207188
117	0.179156
117	0.113524
117	0.0550106
117	0.168048
117	0.1195
117	0.172815
117	0.0463954
117	0.165842
117	0.0262362
117	0.0726676
117	0.0940701
117	0.115408
117	0.168211
117	0.105362
117	0.100328
117	0.0435364
117	0.207911
117	0.136324
117	0.105907
117	0.151599
117	0.0481946
117	0.0976475
117	0.217265
120	0.0785471
120	0.0896362
120	0.0356736
120	0.0931573
120	0.0566925
120	0.0105191
120	0.0622111
120	0.0716056
120	0.119194
120	0.143702
120	0.11911
120	0.180213
120	0.0404492
120	0.12062
120	0.0725184
120	0.096894
120	0.152466
120	0.133235
120	0.0907352
120	0.0793441
120	0.146642
120	0.0527146
120	0.149285
120	0.084516
120	0.0625881
120	0.125953
120	0.0681723
120	0.018764
120	0.107953
120	0.0851981
120	0.123457
120	0.19959
120	0.0356521
120	0.133839
120	0.0601747
120	0.0337345
120	0.0891822
120	0.0630879
120	0.056532
120	0.118631
120	0.161221
120	0.079651
120	0.0795495
120	0.0420346
120	0.0449871
120	0.100186
120	0.0949933
120	0.0891797
120	0.124057
120	0.185139
120	0.0858562
120	0.196861
120	0.0206892
120	0.0461363
120	0.0830062
120	0.0774837
120	0.120543
120	0.0974629
120	0.0880283
120	0.267389
120	0.00978834
120	0.0529968
120	0.123795
120	0.0897029
120	0.17963
120	0.128748
120	0.113114
120	0.11727
120	0.033589
120	0.133217
120	0.0611813
120	0.113952
120	0
120	0.171374
120	0.0230132
120	0.0746836
120	0.0831197
120	0.0484535
120	0.187801
120	0.037206
120	0.100597
120	0.148175
120	0.150624
120	0.0593217
120	0.0194068
120	0.171797
120	0.242675
120	0.126211
120	0.0666664
120	0.0662293
120	0.0798784
120	0.232918
120	0.126646
120	0.153314
120	0.0404223
120	0.157084
120	0.219585
120	0.121294
120	0.0423473
120	0.106544
123	0.129144
123	0.0477375
123	0.189428
123	0.126202
123	0.199488
123	0.0470097
123	0.0701207
123	0.166306
123	0.127204
123	0.0644669
123	0.124559
123	0.0743426
123	0.160442
123	0.137708
123	0.106995
123	0.113196
123	0.112776
123	0.0415152
123	0.251608
123	0.106936
123	0.0705731
123	0.089004
123	0.138474
123	0.0805212
123	0.204729
123	0.144832
123	0.171544
123	0.112256
123	0.0840168
123	0.0112786
123	0.117287
123	0.137745
123	0.00629842
123	0.146585
123	0.0680659
123	0.131195
123	0.163225
123	0.0749744
123	0.0630616
123	0.129058
123	0.0217151
123	0.0507219
123	0.164714
123	0.125849
123	0.0418812
123	0.0575221
123	0.213077
123	0.0515039
123	0.0756028
123	0.0595024
123	0.0152043
123	0.173658
123	0.0678791
123	0.0154768
123	0.108676
123	0.0929097
123	0.093445
123	0.0610778
123	0.0652999
123	0.0793051
123	0.0616213
123	0.0829768
123	0.211836
123	0.0955883
123	0.128542
123	0.0485863
123	0.04689
123	0.138319
123	0.00382793
123	0.0471853
123	0.119129
123	0.180208
123	0.068578
123	0.147689
123	0.0762563
123	0.124086
123	0.16195
123	0.1657
123	0.0525553
123	0.100721
123	0.0518562
123	0.0146077
123	0.135265
123	0.122593
123	0.185031
123	0.166542
123	0.119907
123	0.0830527
123	0.186136
123	0.107616
123	0.15017
123	0.10949
123	0.0640361
123	0.157387
123	0.2161
123	0.151509
123	0.0412844
123	0.153071
123	0.0685234
123	0.0971178
126	0.205927
126	0.131493
126	0.0371234
126	0.0303564
126	0.107836
126	0.0368344
126	0.0708225
126	0.0853585
126	0.051042
126	0.0440666
126	0.147176
126	0.0120288
126	0.0558991
126	0.0817957
126	0.100732
126	0.143089
126	0.145626
126	0.19843
126	0.0873043
126	0.187917
126	0.111904
126	0.234425
126	0.0588789
126	0.0290999
126	0.133513
126	0.104197
126	0.0355973
126	0.210298
126	0.163316
126	0.199463
126	0.0911724
126	0.0465676
126	0.0838104
126	0.0972461
126	0.0996814
126	0.245454
126	0.12271
126	0.0650536
126	0.0924187
126	0.043727
126	0.11017
126	0.0240248
126	0.207909
126	0.0427822
126	0.0845336
126	0.0312646
126	0.214541
126	0.0470814
126	0.144804
126	0.0975404
126	0.0192903
126	0.0966905
126	0.0467993
126	0.0740696
126	0.0436627
126	0.0266055
126	0.0421385
126	0.126414
126	0.0277801
126	0.0490411
126	0.141588
126	0.062433
126	0.159529
126	0.0472023
126	0.0327926
126	0.185086
126	0.170923
126	0.0813885
126	0.0258519
126	0.155698
126	0.0694028
126	0.0938314
126	0.0741525
126	0.166017
126	0.144653
126	0.103971
126	0.125439
126	0.141024
126	0.0659873
126	0.083309
126	0.0692036
126	0.0056106
126	0.133131
126	0.0384862
126	0.0416347
126	0.182595
126	0.106133
126	0.150339
126	0.0761658
126	0.149111
126	0.155332
126	0.057912
126	0.0405473
126	0.18732
126	0.119175
126	0.0224044
126	0.103206
126	0.108698
126	0.0938284
126	0.0665668
129	0.0767093
129	0.078286
129	0.0389502
129	0.0773436
129	0.0905401
129	0.106618
129	0.146974
129	0.16821
129	0.0474303
129	0.119838
129	0.0544304
129	0.185257
129	0.142929
129	0.171312
129	0.197997
129	0.117194
129	0.0848602
129	0.0468967
129	0.172985
129	0.0797722
129	0.100657
129	0.0750499
129	0.0373835
129	0.089226
129	0.0300025
129	0.166094
129	0.0884816
129	0.0442653
129	0.0414578
129	0.235714
129	0.0134501
129	0.111305
129	0.0959627
129	0.0539062
129	0.062936
129	0.099851
129	0.0232274
129	0.0358575
129	0.0231434
129	0.0251366
129	0.10077
129	0.0971197
129	0.115352
129	0.180054
129	0.088271
129	0.0615149
129	0.0983982
129	0.191797
129	0.128064
129	0.0712495
129	0.0689333
129	0.104889
129	0.243868
129	0.139658
129	0.0812271
129	0.0775089
129	0.123808
129	0.203511
129	0.0112063
129	0.152946
129	0.0775914
129	0.0948011
129	0.0630423
129	0.059612
129	0.0740056
129	0.101943
129	0.111954
129	0.0683232
129	0.116727
129	0.131263
129	0.167436
129	0.153064
129	0.117316
129	0.178608
129	0.191153
129	0.00795442
129	0.111026
129	0.0991272
129	0.0622095
129	0.0781173
129	0.0778398
129	0.0720134
129	0.168625
129	0.0660952
129	0.0383915
129	0.0300686
129	0.0963734
129	0.0854318
129	0.122647
129	0.0593874
129	0.145546
129	0.0164456
129	0.138316
129	0.149643
129	0.0602502
129	0.0695693
129	0.138482
129	0.163076
129	0.115464
129	0.00916797
132	0.104121
132	0.0659292
132	0.188355
132	0.0685173
132	0.0172683
132	0.0103804
132	0.127624
132	0.0349305
132	0.039438
132	0.12663
132	0.104659
132	0.148742
132	0.0553968
132	0.116383
132	0.131925
132	0.0500296
132	0.0186285
132	0.134037
132	0.0653959
132	0.10131
132	0.0714538
132	0.104522
132	0.154555
132	0.0887648
132	0.14484
132	0.0603986
132	0.142815
132	0.123882
132	0.0579024
132	0.133009
132	0.120831
132	0.0949945
132	0.138078
132	0.0174086
132	0.184087
132	0.137883
132	0.107835
132	0.0491846
132	0.0676758
132	0.0388249
132	0.0285721
132	0.0943695
132	0.0501959
132	0.130276
132	0.0159092
132	0.0656209
132	0.0937583
132	0.0754691
132	0.256812
132	0.0287529
132	0.101798
132	0.0509244
132	0.204069
132	0.16198
132	0.0409745
132	0.151155
132	0.0247234
132	0.128862
132	0.00445132
132	0.1727
132	0.0554299
132	0.0306352
132	0.0576081
132	0.122558
132	0.301492
132	0.038333
132	0.179377
132	0.0793768
132	0.080479
132	0.0555483
132	0.14881
132	0.0521273
132	0.041209
132	0.0577329
132	0.0928596
132	0.15842
132	0.0905019
132	0.0167942
132	0.273963
132	0.157111
132	0.0341905
132	0.0937356
132	0.0808239
132	0.0382327
132	0.0350032
132	0.0339263
132	0.0710936
132	0.019348
132	0.0849911
132	0.135635
132	0.173225
132	0.0356599
132	0.245326
132	0.150138
132	0.14169
132	0.016978
132	0.146036
132	0.100675
132	0.0550394
132	0.0705911
135	0.0968901
135	0.0415984
135	0.0543402
135	0.301829
135	0.057398
135	0.123986
135	0.0767655
135	0.142562
135	0.121375
135	0.0345424
135	0.0979227
135	0.050614
135	0.110933
135	0.0658035
135	0.0569766
135	0.166678
135	0.182243
135	0.0565784
135	0.177606
135	0.166858
135	0.118496
135	0.15823
135	0.203258
135	0.0831441
135	0.0488239
135	0.183695
135	0.0851697
135	0.0877011
135	0
135	0.144058
135	0.128144
135	0.0581773
135	0.126677
135	0.121829
135	0.227019
135	0.170062
135	0.0762579
135	0.0343012
135	0.0473146
135	0.142698
135	0.101682
135	0.165084
135	0.0586688
135	0.142568
135	0.11348
135	0.201088
135	0.0433294
135	0.0668729
135	0.0437652
135	0.0691592
135	0.0420395
135	0.122091
135	0.0323487
135	0.0719495
135	0.0827489
135	0.0825767
135	0.167016
135	0.0978148
135	0.245555
135	0.1293
135	0.111521
135	0.158998
135	0.0591027
135	0.166853
135	0.2226
135	0.0667682
135	0.0824037
135	0.100042
135	0.0573453
135	0.108193
135	0.0603266
135	0.0983489
135	0.0418296
135	0.11066
135	0.117238
135	0.0576032
135	0.175447
135	0.0767962
135	0.0236417
135	0.0640455
135	0.0986969
135	0.211768
135	0.134301
135	0.0964564
135	0.182201
135	0.201652
135	0.0774857
135	0.0387866
135	0.139925
135	0.0461178
135	0.20716
135	0.0647384
135	0.0784899
135	0.0855498
135	0.064369
135	0.0399576
135	0.0278332
135	0.250927
135	0.143656
135	0.0950474
138	0.18634
138	0.120024
138	0.0426402
138	0.0635792
138	0.0942563
138	0.0499822
138	0.153197
138	0.0353542
138	0.0252724
138	0.0741208
138	0.0799139
138	0.117898
138	0.0780658
138	0.123948
138	0.141999
138	0
138	0.137813
138	0.00881674
138	0.0485919
138	0.0392692
138	0.0449935
138	0.0251037
138	0.19355
138	0.10616
138	0.074234
138	0.143718
138	0.00218272
138	0.0276375
138	0.0286178
138	0.0396968
138	0.0161527
138	0.132216
138	0.0449554
138	0.0416139
138	0.129956
138	0.0413198
138	0.0927283
138	0.0742302
138	0.0826219
138	0.0903598
138	0.0272154
138	0.323226
138	0.0408217
138	0.122129
138	0.0875777
138	0.0631105
138	0.151198
138	0.157307
138	0.068672
138	0.0377924
138	0.0943811
138	0.0618945
138	0.123679
138	0.103652
138	0.18903
138	0.103178
138	0.0236639
138	0.0425748
138	0.14053
138	0.0340907
138	0.114109
138	0.0237531
138	0.0921378
138	0.104883
138	0.0752479
138	0.0119668
138	0.192887
138	0.112695
138	0.081557
138	0.0429351
138	0.0656781
138	0.150321
138	0.195741
138	0.0205281
138	0.0661335
138	0.136388
138	0.0768115
138	0.0465481
138	0.180768
138	0.21956
138	0.183175
138	0.153481
138	0.0475933
138	0.150153
138	0.0347358
138	0.0233504
138	0.128523
138	0.0980733
138	0.034014
138	0.146523
138	0.0438496
138	0.0263414
138	0.0752677
138	0.177077
138	0.049995
138	0.0244998
138	0.0510036
138	0.0180706
138	0.0821685
138	0.106761
141	0.141737
141	0.0698951
141	0.0199691
141	0.187771
141	0.119422
141	0.0443803
141	0.183493
141	0.127208
141	0.0224969
141	0.0192627
141	0.0835399
141	0.158046
141	0.072809
141	0.134885
141	0.125735
141	0.0446647
141	0.0869085
141	0.0875494
141	0.0305592
141	0.0301202
141	0.111759
141	0.0331131
141	0.000543301
141	0.0113415
141	0.172482
141	0.000110239
141	0.0493322
141	0.160751
141	0.0858098
141	0.114509
141	0.0940703
141	0.0249688
141	0.137078
141	0.0718203
141	0.0245388
141	0.0108152
141	0.0857267
141	0.117517
141	0.0915323
141	0.094923
141	0.0599489
141	0.0882857
141	0.0518721
141	0.14744
141	0.116971
141	0.0619223
141	0.0936959
141	0.0509515
141	0.0247109
141	0.0978602
141	0.0904927
141	0.130957
141	0.094441
141	0.0522494
141	0.195686
141	0.0892136
141	0.0596269
141	0.167942
141	0.117473
141	0.0860328
141	0.00484675
141	0.0644695
141	0.0233845
141	0.166234
141	0.00886688
141	0.0887653
141	0.137335
141	0.0282175
141	0.0573167
141	0.0349726
141	0.15722
141	0.108498
141	0.065678
141	0.0836902
141	0.0392344
141	0.135617
141	0.182425
141	0.036554
141	0.0321208
141	0.133433
141	0.143564
141	0.0480773
141	0.122211
141	0.0898276
141	0.107284
141	0.100063
141	0.139035
141	0.102891
141	0.13794
141	0.0256938
141	0.181204
141	0.104925
141	0.108476
141	0.143743
141	0.164403
141	0.13682
141	0.0951191
141	0.0915773
141	0.217935
141	0.0870929
144	0.0385391
144	0.0844078
144	0.0953517
144	0.0968866
144	0.0780044
144	0.122482
144	0.13745
144	0.0614837
144	0.239265
144	0.133486
144	0.262647
144	0.100417
144	0.0392873
144	0.224143
144	0.0965501
144	0.0231058
144	0.110997
144	0.0948929
144	0.115849
144	0.0384169
144	0.0969692
144	0
144	0.159412
144	0.119371
144	0.0757622
144	0.12037
144	0.0644616
144	0.150259
144	0.222375
144	0.207149
144	0.160592
144	0.130174
144	0.157794
144	0.123677
144	0.0854935
144	0.130656
144	0.116095
144	0.0960834
144	0.0258896
144	0.10169
144	0.115893
144	0.134153
144	0.108776
144	0.235486
144	0.077597
144	0.116435
144	0.0782654
144	0.0442316
144	0.0279487
144	0.052445
144	0.0233153
144	0.0363595
144	0.0425491
144	0.17306
144	0.0547548
144	0.00800684
144	0.0395044
144	0.207603
144	0.0980944
144	0.197097
144	0.217194
144	0.0349709
144	0.158542
144	0.11162
144	0.0125643
144	0.115002
144	0.159994
144	0.00922793
144	0.147001
144	0.047324
144	0.0672424
144	0.0786921
144	0.0881234
144	0.142628
144	0.135977
144	0.0424088
144	0.043281
144	0.13074
144	0.0473454
144	0.147609
144	0.211435
144	0.0305009
144	0.108209
144	0.0276684
144	0.00407799
144	0.0480505
144	0.110337
144	0.111309
144	0.0637702
144	0.128924
144	0.155777
144	0.0840187
144	0.179369
144	0.0838157
144	0.0704634
144	0.154676
144	0.111598
144	0.155949
144	0.0891232
144	0.0110311
147	0.0520175
147	0.102209
147	0.0710134
147	0.0965449
147	0.0888157
147	0.140052
147	0.0614923
147	0.0851976
147	0.0685855
147	0.047414
147	0.0144057
147	0.197943
147	0.0643575
147	0.0144115
147	0.0698745
147	0.0589522
147	0.163408
147	0.148425
147	0.0476417
147	0.0497135
147	0.0503004
147	0.210601
147	0.0632698
147	0.143473
147	0.157035
147	0.063838
147	0.124533
147	0.112157
147	0.177893
147	0.095123
147	0.158421
147	0.119868
147	0.0114006
147	0.0843101
147	0.015873
147	0.0705372
147	0.124244
147	0.0726888
147	0.0394691
147	0.0245508
147	0.0814575
147	0.0331627
147	0.0968068
147	0.0404923
147	0.0504722
147	0.0166823
147	0.02185
147	0.0371884
147	0.108814
147	0.0443896
147	0.100464
147	0.0929455
147	0.142938
147	0.00478321
147	0.0817011
147	0.0618408
147	0.154832
147	0.0935687
147	0.171117
147	0.0394107
147	0.123326
147	0.0119087
147	0.0525177
147	0.0135901
147	0.059389
147	0.0497651
147	0.143857
147	0.100316
147	0.0564287
147	0.158783
147	0.0442018
147	0.0854731
147	0.0641947
147	0.054218
147	0.0979209
147	0.0381894
147	0.176751
147	0.0917762
147	0.0410466
147	0.0393252
147	0.0700204
147	0.0861626
147	0.0596943
147	0.129675
147	0.0454014
147	0.220875
147	0.0862933
147	0.180909
147	0.00820436
147	0.0564007
147	0.104968
147	0.0780599
147	0.0724149
147	0.134023
147	0.0294671
147	0.056716
147	0.100669
147	0.133022
147	0.167904
147	0.0674079
150	0.0513161
150	0.0409786
150	0.138646
150	0.0446094
150	0.0711334
150	0.0763508
150	0.0631792
150	0.0645223
150	0.113863
150	0.131739
150	0.204935
150	0.124006
150	0.190057
150	0.110918
150	0.017982
150	0.0755094
150	0.207702
150	0.020068
150	0.153232
150	0.180451
150	0.0475847
150	0.145626
150	0.0720296
150	0.126049
150	0.0788838
150	0.0486112
150	0.0593591
150	0.0591263
150	0.0567993
150	0.0986599
150	0.11314
150	0.111479
150	0.0963389
150	0.227253
150	0.0599079
150	0.0197106
150	0.0529257
150	0.104405
150	0.066894
150	0.10121
150	0.0217743
150	0.101369
150	0.0512307
150	0.0645708
150	0.054436
150	0.0618111
150	0.166427
150	0.0591618
150	0.102196
150	0.134623
150	0.155211
150	0.0665604
150	0.177933
150	0.026716
150	0.0652511
150	0.0819226
150	0.0197421
150	0.124227
150	0.116423
150	0.136642
150	0.0912384
150	0.0707322
150	0.0420618
150	0.0887356
150	0.120597
150	0.0334495
150	0.173275
150	0.014705
150	0.032515
150	0.110646
150	0.198747
150	0.100219
150	0.0553354
150	0.126858
150	0.0555081
150	0.0925512
150	0.0762125
150	0.0708095
150	0.0504858
150	0.118896
150	0.0239585
150	0.0301288
150	0.0704664
150	0.062358
150	0.163011
150	0.0796968
150	0.0575217
150	0.0289546
150	0.122362
150	0.0511333
150	0.0138873
150	0.155655
150	0.012677
150	0.099394
150	0.0791698
150	0.0312235
150	0.179977
150	0.0302504
150	0.0943331
150	0.0631427
153	0.0526637
153	0.0148861
153	0.0475508
153	0.109892
153	0.0619487
153	0.0964541
153	0.0707386
153	0.184244
153	0.0598047
153	0.169158
153	0.0802325
153	0.0349372
153	0.0364845
153	0.0561623
153	0.0435383
153	0.0658976
153	0.207713
153	0.0596698
153	0.148355
153	0.0928332
153	0.0536969
153	0.193183
153	0.109923
153	0.0406919
153	0.0551225
153	0.00198413
153	0.0890151
153	0.215577
153	0.235482
153	0.0723734
153	0.0567786
153	0.0853724
153	0.0870932
153	0.0307885
153	0.0329447
153	0.0380746
153	0.00614203
153	0.0428314
153	0.0362991
153	0.0604154
153	0.0375099
153	0.108771
153	0.0157636
153	0.158861
153	0.186383
153	0.0719268
153	0.0272813
153	0.022152
153	0.14208
153	0.127867
153	0.0339935
153	0.0138526
153	0.0387774
153	0.104336
153	0.100758
153	0.013178
153	0.00761915
153	0.0646824
153	0.0962791
153	0.0725825
153	0.102485
153	0.0420705
153	0.040704
153	0.0596063
153	0.0419987
153	0.0412063
153	0.156153
153	0.0821821
153	0.175879
153	0.180214
153	0.0931002
153	0.138598
153	0.0849035
153	0.119469
153	0.0936138
153	0.156435
153	0.104225
153	0.192169
153	0.0983115
153	0.116466
153	0.176643
153	0.0666833
153	0.0739341
153	0.118002
153	0.201197
153	0.0448904
153	0.0489492
153	0.00560339
153	0.0869113
153	0.0749227
153	0.0312397
153	0.0451154
153	0.0869679
153	0.0799688
153	0.0748546
153	0.11247
153	0.263952
153	0.0237208
153	0.15596
153	0.0978364
156	0.0795072
156	0.175214
156	0.0177277
156	0.0793752
156	0.108007
156	0.0920249
156	0.0320956
156	0.103925
156	0.185684
156	0.204979
156	0.00800771
156	0.211868
156	0.0801466
156	0.0554077
156	0.0796287
156	0.0721164
156	0.0949837
156	0.099255
156	0.0896775
156	0.16445
156	0.0564723
156	0.0661004
156	0.13994
156	0.012328
156	0.118099
156	0.0735436
156	0.0253445
156	0.0928591
156	0.022306
156	0.27769
156	0.162673
156	0.0110294
156	0.185956
156	0.00226191
156	0.0169675
156	0.0741369
156	0.171788
156	0.0155416
156	0.0225365
156	0.134157
156	0.0714189
156	0.0257522
156	0.0595297
156	0.161762
156	0.0995113
156	0.0537605
156	0.0488798
156	0.127652
156	0.0496666
156	0.0666908
156	0.0496498
156	0.126714
156	0.0850175
156	0.0753637
156	0.0633175
156	0.180448
156	0.163259
156	0.073615
156	0.0571666
156	0.0868839
156	0.0823068
156	0.0594519
156	0.167877
156	0.0398617
156	0.0345975
156	0.046957
156	0.0379465
156	0.0552915
156	0.150157
156	0.0432588
156	0.223085
156	0.0804389
156	0.0886818
156	0.107238
156	0.0440924
156	0.130886
156	0.00378788
156	0.191088
156	0.250445
156	0.221125
156	0.164777
156	0.0764035
156	0.00834517
156	0.137557
156	0.0324018
156	0.183316
156	0.0624374
156	0.097653
156	0.0814916
156	0.0756986
156	0.143692
156	0.170521
156	0.114249
156	0.147428
156	0.0829581
156	0.0681685
156	0.110677
156	0.109193
156	0.140759
156	0.00873876
159	0.0651242
159	0.143711
159	0.0681816
159	0.190393
159	0.055068
159	0.0696306
159	0.181087
159	0.0487343
159	0.0373145
159	0.199425
159	0.075491
159	0.0815603
159	0.0132041
159	0.0871354
159	0.0119874
159	0.0655279
159	0.133399
159	0.17247
159	0
159	0.0825125
159	0.00559701
159	0.0266358
159	0.148856
159	0.120504
159	0.02935
159	0.0386486
159	0.123311
159	0.101461
159	0.0932882
159	0.170995
159	0.180036
159	0.0278151
159	0.0849756
159	0.20845
159	0.0983427
159	0.001768
159	0.107393
159	0.135087
159	0.146375
159	0.0442632
159	0.133817
159	0.0520923
159	0.138869
159	0.115663
159	0.112602
159	0.136244
159	0.247836
159	0.205496
159	0.102373
159	0.0417067
159	0.0711771
159	0.0307144
159	0.0988084
159	0.0721995
159	0.0146568
159	0.0519732
159	0.0356262
159	0.0430781
159	0.14834
159	0.1234
159	0.187408
159	0.0623564
159	0.225853
159	0.0748856
159	0.196558
159	0.150791
159	0.0488757
159	0.0853355
159	0.0576638
159	0.131219
159	0.199356
159	0.157781
159	0.0441107
159	0.0245918
159	0.015036
159	0.0474166
159	0.0715165
159	0.0387825
159	0.0477318
159	0.0153882
159	0.0132323
159	0.0647417
159	0.0770149
159	0.13989
159	0.043907
159	0.150405
159	0.0019022
159	0.0941124
159	0.0907921
159	0.170265
159	0.0273166
159	0.0268828
159	0.0387957
159	0.187995
159	0.235586
159	0.070695
159	0.106359
159	0.0658361
159	0.0583276
159	0.130941
162	0.161647
162	0.0251583
162	0.0855778
162	0.0972098
162	0.0857956
162	0.0752233
162	0.131564
162	0.216556
162	0.0397851
162	0.0420035
162	0.133049
162	0.207499
162	0.0591281
162	0.0657128
162	0.0615742
162	0.157136
162	0.23973
162	0.0830909
162	0.0587274
162	0.1022
162	0.0773479
162	0.047453
162	0.0519022
162	0.0498572
162	0.0964246
162	0.122353
162	0.0797879
162	0.067426
162	0.0927078
162	0.130774
162	0.109866
162	0.035738
162	0.132611
162	0.11091
162	0.11629
162	0.0532749
162	0.0447888
162	0.0451315
162	0.0103002
162	0.0509939
162	0.00555556
162	0.0895076
162	0.0959147
162	0.130527
162	0.137529
162	0.0938701
162	0.0535275
162	0.0591014
162	0.213224
162	0.101502
162	0.0841726
162	0.196487
162	0.0951252
162	0.0903982
162	0.0443353
162	0.197047
162	0.281074
162	0.123954
162	0.144295
162	0.0262873
162	0.0107914
162	0.143135
162	0.237748
162	0.0224814
162	0.0690309
162	0.14574
162	0.170627
162	0.0439531
162	0.0931802
162	0.210176
162	0.0597112
162	0.00875096
162	0.207563
162	0.142909
162	0.138752
162	0.0460946
162	0.160761
162	0.0258187
162	0.0373385
162	0.0817485
162	0.0251493
162	0.115333
162	0.186319
162	0.0917563
162	0.18864
162	0.0915687
162	0.238549
162	0.181444
162	0.189821
162	0.110995
162	0.0609765
162	0.137741
162	0
162	0.0488926
162	0.153755
162	0.089452
162	0.125682
162	0.0737667
162	0.203893
162	0.0247823
165	0.0575421
165	0.00372323
165	0.073194
165	0.0159817
165	0.145495
165	0.0496042
165	0.206537
165	0.194867
165	0.113231
165	0.0323892
165	0.102675
165	0.107083
165	0.00756993
165	0.096226
165	0.130191
165	0.114663
165	0.0460298
165	0.0114492
165	0.0811483
165	0.0080062
165	0.159038
165	0.0204227
165	0.0269784
165	0.117617
165	0.223985
165	0.0782323
165	0.183003
165	0.0253688
165	0.163843
165	0.183493
165	0.145253
165	0.0103801
165	0.115135
165	0.179914
165	0.160262
165	0.149226
165	0.223369
165	0.0679506
165	0.0320946
165	0.0319306
165	0.0559194
165	0.119618
165	0.00943803
165	0.095315
165	0.153899
165	0.0185811
165	0.054752
165	0.144497
165	0.120792
165	0.097148
165	0.11433
165	0.116317
165	0.0950978
165	0.0771141
165	0.0961135
165	0.187804
165	0.0994739
165	0.0409517
165	0.0815021
165	0.0890565
165	0.0571124
165	0.00854793
165	0.0201153
165	0.00865066
165	0.0830793
165	0.0160899
165	0.175198
165	0.210138
165	0.141738
165	0
165	0.115685
165	0.0275224
165	0.119132
165	0.0484086
165	0.063774
165	0.105181
165	0.101669
165	0.15058
165	0.235358
165	0.177602
165	0.0805347
165	0.0369939
165	0.0829783
165	0.161286
165	0.126348
165	0.0463587
165	0.0913088
165	0.0818233
165	0.0588582
165	0.1813
165	0.191228
165	0.0166763
165	0.0950069
165	0.147377
165	0.054841
165	0.0808988
165	0.126451
165	0.0815369
165	0.10656
165	0.0703628
168	0.0679834
168	0.187702
168	0.137266
168	0.0460079
168	0.0263536
168	0.274432
168	0.136188
168	0.151697
168	0.0814707
168	0.0938436
168	0.0354848
168	0.167814
168	0.142287
168	0.110983
168	0.070242
168	0.216042
168	0.0613302
168	0.00748321
168	0.141776
168	0.164681
168	0.117937
168	0.0745379
168	0.0128719
168	0.0769927
168	0.178417
168	0.129426
168	0.201952
168	0.196693
168	0.221725
168	0.0944907
168	0.0582729
168	0.0395099
168	0.0070922
168	0.0683228
168	0.135563
168	0.151711
168	0.216484
168	0.00856164
168	0.146829
168	0.0614408
168	0.1562
168	0.0396021
168	0.210461
168	0.24998
168	0.0677679
168	0.136697
168	0.0764402
168	0.0684915
168	0.0810502
168	0.00675676
168	0.287606
168	0.0700524
168	0.090963
168	0.00830995
168	0.0646842
168	0.112488
168	0.0428878
168	0.143169
168	0.0557242
168	0.160473
168	0.100281
168	0.0546057
168	0.10624
168	0.145834
168	0.0230582
168	0.11675
168	0.0267794
168	0.0337697
168	0.183626
168	0.062344
168	0.0919441
168	0.181261
168	0.170402
168	0.0316494
168	0.115356
168	0.204456
168	0.0644424
168	0.190106
168	0.0455492
168	0.0420623
168	0.127371
168	0.118383
168	0.175672
168	0.00447078
168	0.171673
168	0.049268
168	0.0528921
168	0.0819781
168	0.203314
168	0.151834
168	0.0343643
168	0.0212519
168	0.0217101
168	0.17935
168	0.134465
168	0.199708
168	0.00393989
168	0.129828
168	0.025873
168	0.0216104
171	0.0514872
171	0.0207716
171	0.147172
171	0.133473
171	0.0708714
171	0.135482
171	0.0846193
171	0.0254329
171	0.0681818
171	0.213166
171	0.0662028
171	0.000242313
171	0.0648845
171	0.0369658
171	0.0704625
171	0.0576277
171	0.0319546
171	0.0973095
171	0.114625
171	0.0665119
171	0.0834092
171	0.0661384
171	0.196256
171	0.0450262
171	0.226726
171	0.0572993
171	0.167471
171	0.0858465
171	0.0188225
171	0.114699
171	0.141297
171	0.114601
171	0.158932
171	0.0333972
171	0
171	0.0136367
171	0.135666
171	0.126295
171	0.0340712
171	0.0234236
171	0.101479
171	0.0480981
171	0.0309381
171	0.0830318
171	0.112594
171	0.0665124
171	0.00587698
171	0.280048
171	0.0336714
171	0.111399
171	0.0225772
171	0.0300591
171	0.295733
171	0.134066
171	0.0407996
171	0.0020229
171	0.131681
171	0.0499388
171	0.0137482
171	0.195399
171	0.0683084
171	0.0544609
171	0.102091
171	0.207148
171	0.136813
171	0.0673959
171	0.0525301
171	0.0654254
171	0.190563
171	0.179566
171	0.210357
171	0.128082
171	0.130302
171	0.0276691
171	0.0563538
171	0.0931555
171	0.257166
171	0.0716113
171	0.118255
171	0.127044
171	0.0576552
171	0.257016
171	0.177971
171	0.119285
171	0.133825
171	0.0547777
171	0.0832112
171	0.0154603
171	0.134191
171	0.236709
171	0.111351
171	0.209836
171	0.0806142
171	0.168531
171	0.0294255
171	0.0541415
171	0.0549362
171	0.112563
171	0.180668
171	0.0093006
174	0.092055
174	0.0523176
174	0.137683
174	0.135869
174	0.231278
174	0.0893669
174	0.0118675
174	0.0704527
174	0.0966312
174	0.183881
174	0.121041
174	0.135548
174	0.138221
174	0.0563616
174	0.140421
174	0.0571837
174	0.195889
174	0.0290651
174	0.135559
174	0.0482627
174	0.0227273
174	0.0141255
174	0.115508
174	0.0320143
174	0.26516
174	0.0498691
174	0.00363258
174	0.128236
174	0.119723
174	0.0151033
174	0.129881
174	0.0331451
174	0.00393473
174	0.0799188
174	0.056691
174	0.133394
174	0.0628799
174	0.154011
174	0.105312
174	0.09364
174	0.0376806
174	0.195368
174	0.0801189
174	0.0453125
174	0.0334155
174	0.108277
174	0.0729076
174	0.180832
174	0.0638735
174	0.0276547
174	0.103406
174	0.0411625
174	0.124257
174	0.0806142
174	0.0714102
174	0.146017
174	0.243446
174	0.0791386
174	0.119349
174	0.0270528
174	0.0606342
174	0.214415
174	0.0821256
174	0.120117
174	0.218963
174	0.0191826
174	0.168958
174	0.21114
174	0.276303
174	0.075447
174	0.0467818
174	0.0528913
174	0.0537027
174	0.0206679
174	0.0413923
174	0.124561
174	0.0709787
174	0.188735
174	0.165547
174	0.0363459
174	0.106586
174	0.0319908
174	0.113156
174	0.0150552
174	0.00668828
174	0.061369
174	0.21466
174	0.179334
174	0.014897
174	0
174	0.0355855
174	0.0169697
174	0.00503356
174	0.137347
174	0.0388202
174	0.0154039
174	0.0588289
174	0
174	0.0447634
174	0.0162678
177	0.0523965
177	0.0297287
177	0.0145963
177	0.0804088
177	0.0473952
177	0.043824
177	0.220961
177	0.0886574
177	0.0474941
177	0.0904969
177	0.103033
177	0.010586
177	0.0133641
177	0.0887906
177	0.0695688
177	0.187893
177	0.140496
177	0.0456908
177	0.0465373
177	0.0805803
177	0.0659841
177	0.0537738
177	0.147832
177	0.0240256
177	0.0327007
177	0.0546194
177	0.0727955
177	0.0750376
177	0.0797698
177	0.105215
177	0.0493141
177	0.0768925
177	0.0658942
177	0.0681168
177	0.0991508
177	0.0791335
177	0.231749
177	0.213257
177	0.204957
177	0.121119
177	0.0792109
177	0.0919458
177	0.168695
177	0.0617218
177	0.0607711
177	0.0367845
177	0.0256295
177	0.0656194
177	0.223891
177	0.0643699
177	0.0585345
177	0.0537496
177	0.083215
177	0.0361423
177	0.121015
177	0.121836
177	0.180097
177	0.0103448
177	0.122764
177	0.0462085
177	0.0784506
177	0.117127
177	0.0219499
177	0.104983
177	0.241177
177	0.0237582
177	0.200536
177	0.0956871
177	0.135448
177	0.00584824
177	0.165859
177	0.105481
177	0.0670702
177	0.065247
177	0.0186969
177	0.0550278
177	0.147228
177	0.101589
177	0.084557
177	0.168742
177	0.0843063
177	0.0728109
177	0.00160256
177	0.0362338
177	0.065465
177	0.116671
177	0.255435
177	0.117749
177	0.0401719
177	0.0773165
177	0.0987489
177	0.100066
177	0.0189145
177	0.0644883
177	0.0340814
177	0.0303065
177	0.228389
177	0.0902015
177	0.150503
177	0.0477621
180	0.179099
180	0.121647
180	0.148227
180	0.0749907
180	0.133658
180	0.139315
180	0.264129
180	0.0889981
180	0.0577799
180	0.207239
180	0.0925735
180	0.054912
180	0.0441891
180	0.117385
180	0.0840818
180	0.100097
180	0.251921
180	0.126242
180	0.0441378
180	0.201176
180	0.059036
180	0.119487
180	0.0153388
180	0.115416
180	0.0946988
180	0.0374819
180	0.163117
180	0.0512402
180	0.0464655
180	0.0693548
180	0.0305181
180	0.0256849
180	0.0180502
180	0.0530818
180	0.0137405
180	0.185832
180	0.048743
180	0.0705128
180	0.0933531
180	0.148232
180	0.0368998
180	0.0479269
180	0.180846
180	0.0702015
180	0.129848
180	0
180	0.201065
180	0.0702186
180	0.238675
180	0.143688
180	0.121314
180	0.119908
180	0.105881
180	0.244895
180	0.140429
180	0.0359161
180	0.130772
180	0.0371322
180	0.0417657
180	0.0805482
180	0.0322593
180	0.118192
180	0.0457782
180	0.0487205
180	0.0260573
180	0.161614
180	0.0364841
180	0.0155492
180	0.0952862
180	0.0888067
180	0.0538251
180	0.170788
180	0.166129
180	0.0458889
180	0.0065924
180	0.0553238
180	0.181856
180	0.0550299
180	0.035428
180	0.11206
180	0.0451888
180	0.0449828
180	0.0854008
180	0.0346601
180	0.147041
180	0.0079491
180	0.0389414
180	0.0694282
180	0.00782601
180	0.0351529
180	0.0886698
180	0.0378346
180	0.228251
180	0.0714877
180	0.0557219
180	0.0866875
180	0.0360123
180	0.0520434
180	0.198212
180	0.024326
