10	20
9	0.1
8	0.1
7	0.1
6	0.1
5	0.1
4	0.1
3	0.1
2	0.1
1	0.1
0	0.1
29	0.00494448
28	0.0134429
27	0.0177881
26	0.0265763
25	0.0305122
24	0.0312174
23	0.032039
22	0.0373057
21	0.0422248
20	0.0427186
19	0.0449638
18	0.0481705
17	0.0525531
16	0.0695704
15	0.0725612
14	0.0737867
13	0.0737867
12	0.0841041
11	0.0860845
10	0.11565
200	9	21	0.103896
200	8	19	0.324675
200	7	16	0.155844
200	6	29	0.233766
200	5	13	0.168831
200	4	12	0.168831
200	3	18	0.0779221
200	2	13	0.025974
200	1	11	0.246753
200	0	20	0.246753
