var	minCostFlow
5	0.354341
5	0.388515
5	0.389099
5	0.372666
5	0.288881
5	0.335145
5	0.365943
5	0.35025
5	0.364499
5	0.328809
5	0.323071
5	0.364923
5	0.405564
5	0.49356
5	0.373202
5	0.323872
5	0.353573
5	0.348038
5	0.356951
5	0.369447
5	0.309694
5	0.397461
5	0.389138
5	0.357417
5	0.353615
5	0.348919
5	0.497015
5	0.355633
5	0.388425
5	0.430865
5	0.387199
5	0.329981
5	0.368958
5	0.374052
5	0.402838
5	0.359836
5	0.349337
5	0.380832
5	0.350603
5	0.336918
5	0.340497
5	0.341535
5	0.380559
5	0.356783
5	0.371232
5	0.324672
5	0.345576
5	0.377729
5	0.38064
5	0.354676
5	0.353494
5	0.371278
5	0.378969
5	0.364433
5	0.344493
5	0.359605
5	0.365031
5	0.375964
5	0.371561
5	0.343498
5	0.368173
5	0.372659
5	0.365542
5	0.399419
5	0.377322
5	0.354162
5	0.327614
5	0.337679
5	0.38662
5	0.3493
5	0.366845
5	0.348235
5	0.355879
5	0.382109
5	0.307206
5	0.373536
5	0.34141
5	0.340453
5	0.347215
5	0.370325
5	0.36867
5	0.377595
5	0.356684
5	0.340662
5	0.369435
5	0.414379
5	0.376841
5	0.347215
5	0.395384
5	0.362377
5	0.353516
5	0.339518
5	0.403765
5	0.374992
5	0.36253
5	0.336083
5	0.30473
5	0.367065
5	0.336572
5	0.338135
8	0.380975
8	0.358848
8	0.382691
8	0.343172
8	0.362152
8	0.356466
8	0.425605
8	0.324273
8	0.300219
8	0.372298
8	0.357711
8	0.366644
8	0.318451
8	0.372563
8	0.327817
8	0.315039
8	0.364373
8	0.338802
8	0.244092
8	0.355294
8	0.348121
8	0.336188
8	0.346179
8	0.317933
8	0.322799
8	0.307596
8	0.375904
8	0.34216
8	0.244459
8	0.464396
8	0.347263
8	0.344599
8	0.337747
8	0.37231
8	0.328999
8	0.369494
8	0.36052
8	0.326196
8	0.346407
8	0.29498
8	0.344547
8	0.384576
8	0.364055
8	0.359703
8	0.340915
8	0.294579
8	0.342611
8	0.356929
8	0.342485
8	0.295284
8	0.387736
8	0.312077
8	0.356162
8	0.326323
8	0.351241
8	0.358832
8	0.33004
8	0.289963
8	0.279687
8	0.302535
8	0.553676
8	0.359235
8	0.354514
8	0.33429
8	0.369854
8	0.374337
8	0.292822
8	0.379325
8	0.330675
8	0.357406
8	0.342986
8	0.302304
8	0.34432
8	0.366548
8	0.361515
8	0.330062
8	0.321051
8	0.319174
8	0.354823
8	0.309765
8	0.350695
8	0.322368
8	0.345547
8	0.345527
8	0.310641
8	0.32631
8	0.360611
8	0.364231
8	0.335179
8	0.380858
8	0.356775
8	0.319969
8	0.290596
8	0.346313
8	0.347221
8	0.357358
8	0.336861
8	0.301337
8	0.32888
8	0.466105
11	0.329942
11	0.327694
11	0.320672
11	0.342993
11	0.291843
11	0.295105
11	0.366887
11	0.322727
11	0.353382
11	0.353803
11	0.36543
11	0.293076
11	0.349985
11	0.351554
11	0.328401
11	0.297502
11	0.31533
11	0.313574
11	0.275112
11	0.354553
11	0.330196
11	0.323204
11	0.31932
11	0.352498
11	0.32636
11	0.299559
11	0.316553
11	0.347957
11	0.318458
11	0.311808
11	0.332551
11	0.339507
11	0.436414
11	0.317713
11	0.376734
11	0.347252
11	0.329746
11	0.293329
11	0.306193
11	0.300509
11	0.304295
11	0.315401
11	0.341507
11	0.333954
11	0.303829
11	0.33617
11	0.368533
11	0.357625
11	0.309351
11	0.303526
11	0.31704
11	0.303283
11	0.359244
11	0.331159
11	0.326351
11	0.314959
11	0.301878
11	0.314135
11	0.365161
11	0.350673
11	0.320358
11	0.297779
11	0.3542
11	0.32579
11	0.287776
11	0.305485
11	0.324289
11	0.347702
11	0.347941
11	0.309586
11	0.359713
11	0.292747
11	0.342924
11	0.351937
11	0.273932
11	0.310184
11	0.278247
11	0.262097
11	0.298403
11	0.28243
11	0.353082
11	0.364841
11	0.314361
11	0.309091
11	0.324858
11	0.288574
11	0.352017
11	0.342906
11	0.345399
11	0.358571
11	0.381218
11	0.325414
11	0.312457
11	0.389409
11	0.305238
11	0.34932
11	0.344292
11	0.317703
11	0.288968
11	0.322194
14	0.344725
14	0.346693
14	0.299333
14	0.359791
14	0.317679
14	0.307951
14	0.348073
14	0.285988
14	0.350489
14	0.271567
14	0.30664
14	0.301514
14	0.290983
14	0.288054
14	0.33855
14	0.338309
14	0.329055
14	0.336733
14	0.300832
14	0.299141
14	0.316315
14	0.303856
14	0.299078
14	0.319098
14	0.262694
14	0.363382
14	0.288087
14	0.376285
14	0.298923
14	0.331508
14	0.355371
14	0.314472
14	0.28284
14	0.341053
14	0.310179
14	0.316798
14	0.287829
14	0.287868
14	0.319098
14	0.307479
14	0.31779
14	0.30442
14	0.321587
14	0.29825
14	0.33047
14	0.313278
14	0.286136
14	0.299137
14	0.342077
14	0.319438
14	0.34492
14	0.320916
14	0.294555
14	0.329537
14	0.341683
14	0.319475
14	0.318302
14	0.314782
14	0.337415
14	0.288279
14	0.309052
14	0.296937
14	0.330509
14	0.308673
14	0.336106
14	0.312686
14	0.304031
14	0.29812
14	0.301669
14	0.34052
14	0.309605
14	0.292164
14	0.315217
14	0.273974
14	0.278919
14	0.336664
14	0.303082
14	0.277186
14	0.352664
14	0.321761
14	0.312155
14	0.294657
14	0.308072
14	0.315673
14	0.31378
14	0.28716
14	0.297617
14	0.317787
14	0.336944
14	0.295464
14	0.283868
14	0.333098
14	0.338131
14	0.332909
14	0.315094
14	0.299254
14	0.284777
14	0.34135
14	0.288703
14	0.279656
17	0.29766
17	0.316037
17	0.288206
17	0.271679
17	0.3441
17	0.322493
17	0.358992
17	0.320209
17	0.306474
17	0.279541
17	0.323278
17	0.298256
17	0.302463
17	0.305058
17	0.34962
17	0.304717
17	0.335536
17	0.310404
17	0.319854
17	0.323217
17	0.335734
17	0.299586
17	0.338351
17	0.30042
17	0.329918
17	0.355542
17	0.297341
17	0.301463
17	0.36194
17	0.278663
17	0.319517
17	0.319203
17	0.25093
17	0.252063
17	0.267356
17	0.312248
17	0.275655
17	0.303719
17	0.285053
17	0.308106
17	0.308531
17	0.311643
17	0.327239
17	0.334199
17	0.318592
17	0.288984
17	0.311401
17	0.346463
17	0.374328
17	0.285443
17	0.306752
17	0.293904
17	0.314224
17	0.250805
17	0.312719
17	0.346351
17	0.309367
17	0.321999
17	0.273331
17	0.313072
17	0.376362
17	0.303673
17	0.355467
17	0.347724
17	0.291632
17	0.295934
17	0.303664
17	0.31225
17	0.297131
17	0.31139
17	0.314722
17	0.315278
17	0.298255
17	0.314798
17	0.277161
17	0.286185
17	0.276159
17	0.344758
17	0.324459
17	0.322491
17	0.328932
17	0.265285
17	0.494597
17	0.302392
17	0.338785
17	0.341365
17	0.282101
17	0.321219
17	0.299023
17	0.264936
17	0.326894
17	0.268162
17	0.320558
17	0.348293
17	0.298541
17	0.284196
17	0.287472
17	0.254247
17	0.321732
17	0.295942
20	0.292662
20	0.314961
20	0.274994
20	0.285804
20	0.310025
20	0.291272
20	0.311711
20	0.322989
20	0.277672
20	0.316185
20	0.276836
20	0.298819
20	0.331053
20	0.34294
20	0.311294
20	0.303063
20	0.303639
20	0.324709
20	0.313672
20	0.311657
20	0.303282
20	0.312705
20	0.299544
20	0.349362
20	0.293101
20	0.269963
20	0.297569
20	0.300796
20	0.352494
20	0.330212
20	0.307735
20	0.356279
20	0.318578
20	0.301126
20	0.286255
20	0.287009
20	0.28753
20	0.358928
20	0.366105
20	0.285663
20	0.314433
20	0.334238
20	0.343099
20	0.346519
20	0.282551
20	0.266356
20	0.289633
20	0.311369
20	0.301639
20	0.254748
20	0.315139
20	0.33173
20	0.295432
20	0.270952
20	0.311357
20	0.336189
20	0.341091
20	0.29168
20	0.297639
20	0.301919
20	0.277758
20	0.298581
20	0.289795
20	0.292319
20	0.336233
20	0.286616
20	0.281755
20	0.30239
20	0.318804
20	0.305668
20	0.369007
20	0.273312
20	0.324208
20	0.317912
20	0.313795
20	0.319993
20	0.282066
20	0.271522
20	0.326955
20	0.308678
20	0.345575
20	0.339938
20	0.255377
20	0.303208
20	0.286117
20	0.247169
20	0.284482
20	0.388946
20	0.279676
20	0.298118
20	0.486207
20	0.304559
20	0.333827
20	0.336133
20	0.315435
20	0.327261
20	0.39776
20	0.27111
20	0.272711
20	0.310576
23	0.329683
23	0.304725
23	0.334542
23	0.319038
23	0.251594
23	0.277723
23	0.23957
23	0.29449
23	0.323904
23	0.265503
23	0.258113
23	0.257529
23	0.295183
23	0.30001
23	0.303956
23	0.334713
23	0.319296
23	0.268944
23	0.325139
23	0.311202
23	0.301666
23	0.30672
23	0.302446
23	0.301259
23	0.266974
23	0.276959
23	0.311211
23	0.301051
23	0.27689
23	0.256837
23	0.303524
23	0.305107
23	0.275728
23	0.343118
23	0.303756
23	0.283406
23	0.293822
23	0.231914
23	0.312195
23	0.277591
23	0.347379
23	0.279964
23	0.273045
23	0.305597
23	0.258834
23	0.2941
23	0.281215
23	0.296588
23	0.281939
23	0.332528
23	0.331567
23	0.242089
23	0.307723
23	0.301966
23	0.28854
23	0.317725
23	0.279796
23	0.297727
23	0.310247
23	0.317176
23	0.205458
23	0.269691
23	0.328959
23	0.297329
23	0.274928
23	0.293308
23	0.316488
23	0.296304
23	0.268048
23	0.277406
23	0.278746
23	0.286755
23	0.272876
23	0.29451
23	0.339958
23	0.306546
23	0.291836
23	0.33634
23	0.295723
23	0.339702
23	0.296736
23	0.301916
23	0.254808
23	0.250064
23	0.271845
23	0.316469
23	0.298004
23	0.464596
23	0.281034
23	0.239577
23	0.306761
23	0.291562
23	0.275116
23	0.280445
23	0.275558
23	0.284046
23	0.299639
23	0.263925
23	0.304111
23	0.300155
26	0.321726
26	0.289576
26	0.292844
26	0.294506
26	0.290758
26	0.302784
26	0.29151
26	0.301656
26	0.27981
26	0.242338
26	0.287778
26	0.271884
26	0.319399
26	0.304219
26	0.326419
26	0.278284
26	0.29794
26	0.272399
26	0.284505
26	0.289161
26	0.294126
26	0.281079
26	0.306088
26	0.309659
26	0.303125
26	0.282573
26	0.39481
26	0.300766
26	0.313763
26	0.300524
26	0.259803
26	0.226735
26	0.285161
26	0.262804
26	0.306424
26	0.260856
26	0.410839
26	0.281923
26	0.255072
26	0.298345
26	0.245633
26	0.283568
26	0.232435
26	0.282632
26	0.300735
26	0.295632
26	0.329486
26	0.320337
26	0.288167
26	0.309778
26	0.330369
26	0.30794
26	0.270702
26	0.341146
26	0.317876
26	0.273413
26	0.351718
26	0.304236
26	0.314055
26	0.334152
26	0.312785
26	0.290747
26	0.304133
26	0.29487
26	0.32694
26	0.303849
26	0.285594
26	0.314969
26	0.282635
26	0.300622
26	0.309024
26	0.31706
26	0.252045
26	0.313047
26	0.310907
26	0.274935
26	0.344044
26	0.342882
26	0.276666
26	0.315147
26	0.272907
26	0.272835
26	0.261407
26	0.315673
26	0.275549
26	0.288004
26	0.33611
26	0.298567
26	0.316839
26	0.288825
26	0.27595
26	0.37029
26	0.312074
26	0.313068
26	0.426752
26	0.2894
26	0.309925
26	0.249182
26	0.29981
26	0.292806
29	0.310025
29	0.285188
29	0.309765
29	0.282091
29	0.290441
29	0.318867
29	0.280266
29	0.384044
29	0.289403
29	0.264092
29	0.294985
29	0.298528
29	0.322372
29	0.309431
29	0.284036
29	0.321295
29	0.309853
29	0.334018
29	0.29762
29	0.307799
29	0.230907
29	0.30706
29	0.258361
29	0.278428
29	0.294089
29	0.343147
29	0.323649
29	0.240375
29	0.295342
29	0.307668
29	0.304832
29	0.298683
29	0.301285
29	0.272102
29	0.30256
29	0.30426
29	0.234317
29	0.247725
29	0.359004
29	0.245956
29	0.284622
29	0.306423
29	0.296448
29	0.292404
29	0.291749
29	0.291059
29	0.308469
29	0.311271
29	0.26896
29	0.304793
29	0.296256
29	0.283564
29	0.32004
29	0.317465
29	0.28653
29	0.292036
29	0.315657
29	0.306468
29	0.329532
29	0.287994
29	0.284925
29	0.258219
29	0.314337
29	0.343184
29	0.288103
29	0.279275
29	0.284282
29	0.362542
29	0.285789
29	0.29026
29	0.338027
29	0.267044
29	0.307885
29	0.29631
29	0.307243
29	0.307006
29	0.247706
29	0.312894
29	0.311363
29	0.29857
29	0.287971
29	0.345916
29	0.288508
29	0.282795
29	0.32576
29	0.320076
29	0.252605
29	0.319505
29	0.24862
29	0.265062
29	0.297223
29	0.310356
29	0.274545
29	0.294583
29	0.370046
29	0.2558
29	0.283724
29	0.300709
29	0.270494
29	0.330056
32	0.264281
32	0.286394
32	0.28375
32	0.286405
32	0.277879
32	0.306115
32	0.285639
32	0.314993
32	0.319224
32	0.312546
32	0.308683
32	0.24753
32	0.29946
32	0.312717
32	0.303989
32	0.300308
32	0.316526
32	0.283046
32	0.239193
32	0.360385
32	0.281595
32	0.294853
32	0.476407
32	0.450431
32	0.281232
32	0.297866
32	0.273422
32	0.319891
32	0.265909
32	0.325026
32	0.290031
32	0.262305
32	0.270682
32	0.28439
32	0.985135
32	0.246404
32	0.316692
32	0.29887
32	0.3025
32	0.277799
32	0.317486
32	0.302251
32	0.277576
32	0.317379
32	0.265837
32	0.256115
32	0.282785
32	0.280674
32	0.319182
32	0.299145
32	0.298325
32	0.322842
32	0.290403
32	0.2808
32	0.261549
32	0.297643
32	0.265405
32	0.300014
32	0.314476
32	0.318444
32	0.316988
32	0.275401
32	0.311347
32	0.276704
32	0.277283
32	0.250517
32	0.283222
32	0.253203
32	0.280048
32	0.256423
32	0.303518
32	0.271262
32	0.303589
32	0.268589
32	0.305119
32	0.418301
32	0.277612
32	0.308434
32	0.286053
32	0.307575
32	0.259414
32	0.289704
32	0.281231
32	0.251308
32	0.324218
32	0.287984
32	0.246186
32	0.304892
32	0.26373
32	0.29961
32	0.283215
32	0.239074
32	0.341342
32	0.279306
32	0.285482
32	0.305401
32	0.2634
32	0.252489
32	0.27649
32	0.277044
35	0.333031
35	0.279113
35	0.231645
35	0.258298
35	0.284288
35	0.287819
35	0.300765
35	0.220329
35	0.268477
35	0.29672
35	0.25037
35	0.271258
35	0.28379
35	0.309
35	0.301195
35	0.270435
35	0.264442
35	0.278069
35	0.312233
35	0.292983
35	0.348068
35	0.298463
35	0.293288
35	0.282939
35	0.285682
35	0.297694
35	0.266841
35	0.271331
35	0.310634
35	0.311952
35	0.249516
35	0.299483
35	0.292475
35	0.307341
35	0.316712
35	0.251568
35	0.295269
35	0.231162
35	0.275881
35	0.244575
35	0.289955
35	0.318567
35	0.294338
35	0.274402
35	0.227942
35	0.254022
35	0.305849
35	0.30002
35	0.321486
35	0.304466
35	0.312094
35	0.270703
35	0.302129
35	0.321346
35	0.304695
35	0.265557
35	0.255899
35	0.253302
35	0.313446
35	0.273084
35	0.2615
35	0.275082
35	0.277612
35	0.290429
35	0.49512
35	0.284708
35	0.247029
35	0.304222
35	0.247365
35	0.307927
35	0.234927
35	0.289958
35	0.29054
35	0.276555
35	0.279923
35	0.250532
35	0.225135
35	0.327367
35	0.283614
35	0.277891
35	0.258298
35	0.286984
35	0.301506
35	0.214186
35	0.293265
35	0.269919
35	0.268188
35	0.22643
35	0.298911
35	0.262511
35	0.300301
35	0.227041
35	0.289625
35	0.237337
35	0.374235
35	0.256879
35	0.289948
35	0.256077
35	0.283347
35	0.328243
38	0.251848
38	0.25048
38	0.269277
38	0.364586
38	0.30417
38	0.253013
38	0.316143
38	0.195644
38	0.286013
38	0.300393
38	0.279983
38	0.272351
38	0.228142
38	0.249432
38	0.283039
38	0.282298
38	0.278933
38	0.227382
38	0.293078
38	0.295938
38	0.339108
38	0.316296
38	0.278139
38	0.302607
38	0.266668
38	0.33897
38	0.304492
38	0.275417
38	0.238111
38	0.239207
38	0.267789
38	0.305471
38	0.253907
38	0.298566
38	0.297577
38	0.300336
38	0.317423
38	0.307768
38	0.257
38	0.265834
38	0.35269
38	0.24944
38	0.268405
38	0.295374
38	0.265504
38	0.246074
38	0.313857
38	0.29934
38	0.241901
38	0.28799
38	0.309885
38	0.256165
38	0.262887
38	0.281924
38	0.294964
38	0.323725
38	0.264941
38	0.267155
38	0.281894
38	0.260752
38	0.292994
38	0.294456
38	0.310637
38	0.332703
38	0.326371
38	0.217365
38	0.276156
38	0.286424
38	0.281485
38	0.262884
38	0.341662
38	0.31705
38	0.31383
38	0.256108
38	0.293362
38	0.269902
38	0.316766
38	0.313078
38	0.264057
38	0.292351
38	0.25554
38	0.28256
38	0.322028
38	0.275394
38	0.334198
38	0.298346
38	0.363697
38	0.257987
38	0.30515
38	0.238929
38	0.269026
38	0.357921
38	0.327119
38	0.424692
38	0.243163
38	0.273746
38	0.261228
38	0.302263
38	0.242321
38	0.26945
41	0.268746
41	0.258381
41	0.278424
41	0.288382
41	0.284685
41	0.26771
41	0.262803
41	0.368588
41	0.326677
41	0.332201
41	0.272303
41	0.258347
41	0.273046
41	0.28064
41	0.218733
41	0.976965
41	0.28037
41	0.256459
41	0.269263
41	0.271317
41	0.266201
41	0.259425
41	0.247582
41	0.269492
41	0.299969
41	0.284717
41	0.253857
41	0.276107
41	0.293052
41	0.274046
41	0.237179
41	0.263889
41	0.299992
41	0.240452
41	0.328186
41	0.223894
41	0.34434
41	0.250003
41	0.275335
41	0.314194
41	0.262471
41	0.24698
41	0.266377
41	0.293486
41	0.253733
41	0.301747
41	0.216393
41	0.268823
41	0.241029
41	0.315311
41	0.300846
41	0.255445
41	0.241955
41	0.285449
41	0.277277
41	0.308501
41	0.264373
41	0.332896
41	0.237375
41	0.295433
41	0.234586
41	0.312703
41	0.290414
41	0.2919
41	0.247986
41	0.239839
41	0.33245
41	0.301015
41	0.278021
41	0.294553
41	0.263576
41	0.276441
41	0.311911
41	0.377023
41	0.301307
41	0.295335
41	0.289936
41	0.304989
41	0.270362
41	0.293986
41	0.246195
41	0.290715
41	0.272108
41	0.286295
41	0.319164
41	0.267019
41	0.260971
41	0.255843
41	0.223037
41	0.976
41	0.278207
41	0.258935
41	0.327088
41	0.270009
41	0.261121
41	0.29396
41	0.298939
41	0.26301
41	0.314674
41	0.297131
44	0.313162
44	0.239398
44	0.304251
44	0.30013
44	0.446123
44	0.333377
44	0.317984
44	0.251161
44	0.274885
44	0.268586
44	0.365923
44	0.311751
44	0.346637
44	0.24242
44	0.278389
44	0.276586
44	0.257697
44	0.274395
44	0.297337
44	0.275309
44	0.282022
44	0.308123
44	0.224348
44	0.33042
44	0.259048
44	0.29839
44	0.295564
44	0.282315
44	0.27763
44	0.331744
44	0.255857
44	0.272277
44	0.31991
44	0.29175
44	0.271828
44	0.287106
44	0.305395
44	0.260938
44	0.27837
44	0.28751
44	0.290577
44	0.239975
44	0.26111
44	0.273288
44	0.275247
44	0.292601
44	0.225221
44	0.295793
44	0.257002
44	0.271854
44	0.304772
44	0.285219
44	0.334983
44	0.283662
44	0.293426
44	0.229169
44	0.405566
44	0.277465
44	0.342184
44	0.275816
44	0.280042
44	0.273544
44	0.278797
44	0.256386
44	0.242406
44	0.33989
44	0.300354
44	0.273772
44	0.332976
44	0.296712
44	0.340082
44	0.293075
44	0.282377
44	0.252351
44	0.268836
44	0.247429
44	0.311255
44	0.24941
44	0.240932
44	0.274514
44	0.277823
44	0.28883
44	0.255479
44	0.275408
44	0.280617
44	0.284939
44	0.326317
44	0.310066
44	0.261424
44	0.307705
44	0.257451
44	0.269726
44	0.306103
44	0.32944
44	0.389242
44	0.244327
44	0.300589
44	0.294449
44	0.273549
44	0.256281
47	0.281157
47	0.243028
47	0.288828
47	0.241754
47	0.292663
47	0.259042
47	0.296661
47	0.275511
47	0.285076
47	0.28098
47	0.253562
47	0.240901
47	0.28036
47	0.296875
47	0.301196
47	0.284753
47	0.265029
47	0.34534
47	0.31104
47	0.29971
47	0.302076
47	0.346626
47	0.272758
47	0.226237
47	0.250626
47	0.259241
47	0.271213
47	0.294124
47	0.325263
47	0.263118
47	0.307351
47	0.329949
47	0.267245
47	0.333465
47	0.225008
47	0.220382
47	0.250968
47	0.2706
47	0.338625
47	0.285021
47	0.337292
47	0.258772
47	0.308873
47	0.29939
47	0.284283
47	0.283176
47	0.300151
47	0.277622
47	0.312267
47	0.268481
47	0.320654
47	0.288751
47	0.324089
47	0.353617
47	0.27641
47	0.265698
47	0.243563
47	0.295295
47	0.29091
47	0.276252
47	0.314921
47	0.266329
47	0.272613
47	0.267213
47	0.284995
47	0.27912
47	0.263568
47	0.29092
47	0.30626
47	0.314492
47	0.286756
47	0.369199
47	0.293683
47	0.280312
47	0.311125
47	0.242087
47	0.302252
47	0.24712
47	0.298379
47	0.261121
47	0.31542
47	0.255669
47	0.264224
47	0.301096
47	0.309715
47	0.298766
47	0.319187
47	0.279755
47	0.281746
47	0.279956
47	0.285427
47	0.205068
47	0.258621
47	0.272739
47	0.293657
47	0.235462
47	0.301615
47	0.275461
47	0.27948
47	0.24408
50	0.316481
50	0.299514
50	0.270938
50	0.314034
50	0.262343
50	0.354684
50	0.252227
50	0.223164
50	0.250672
50	0.296277
50	0.302454
50	0.31871
50	0.302804
50	0.25985
50	0.262747
50	0.28131
50	0.302349
50	0.279469
50	0.283084
50	0.287481
50	0.243905
50	0.292633
50	0.209705
50	0.284601
50	0.313712
50	0.235266
50	0.257954
50	0.290693
50	0.36876
50	0.2792
50	0.28066
50	0.278828
50	0.282229
50	0.252558
50	0.376027
50	0.297909
50	0.287587
50	0.237341
50	0.286672
50	0.268045
50	0.308294
50	0.301301
50	0.27026
50	0.288113
50	0.268404
50	0.298404
50	0.2662
50	0.283891
50	0.327743
50	0.283362
50	0.347079
50	0.303211
50	0.274598
50	0.248286
50	0.296897
50	0.305894
50	0.229506
50	0.300798
50	0.268613
50	0.226621
50	0.213311
50	0.278887
50	0.299509
50	0.289146
50	0.272036
50	0.171529
50	0.249937
50	0.287997
50	0.274623
50	0.312871
50	0.289821
50	0.264188
50	0.309917
50	0.275515
50	0.240059
50	0.320271
50	0.273273
50	0.235254
50	0.234433
50	0.252163
50	0.247926
50	0.462436
50	0.26793
50	0.218449
50	0.237094
50	0.24204
50	0.30526
50	0.266663
50	0.248325
50	0.279743
50	0.27337
50	0.263477
50	0.255446
50	0.289131
50	0.290233
50	0.310039
50	0.271977
50	0.266205
50	0.242753
50	0.270787
53	0.278421
53	0.255252
53	0.257114
53	0.326775
53	0.26032
53	0.294613
53	0.279069
53	0.23173
53	0.285448
53	0.338855
53	0.280736
53	0.537856
53	0.275191
53	0.327351
53	0.267299
53	0.210654
53	0.289846
53	0.214883
53	0.309979
53	0.412883
53	0.263455
53	0.299751
53	0.956164
53	0.30064
53	0.273587
53	0.289854
53	0.286947
53	0.271004
53	0.331678
53	0.327783
53	0.228782
53	0.309344
53	0.255934
53	0.225833
53	0.262076
53	0.244935
53	0.257185
53	0.279918
53	0.344915
53	0.275097
53	0.290084
53	0.363654
53	0.234263
53	0.264927
53	0.210715
53	0.29284
53	0.317771
53	0.281837
53	0.289963
53	0.297148
53	0.302576
53	0.30707
53	0.330389
53	0.282024
53	0.243754
53	0.297797
53	0.30786
53	0.324475
53	0.255126
53	0.201087
53	0.300496
53	0.235077
53	0.978667
53	0.30196
53	0.254307
53	0.312432
53	0.269115
53	0.261549
53	0.294013
53	0.299594
53	0.262615
53	0.231704
53	0.325723
53	0.280972
53	0.386956
53	0.340406
53	0.358305
53	0.255586
53	0.287697
53	0.224965
53	0.258449
53	0.332145
53	0.275459
53	0.235596
53	0.297235
53	0.293279
53	0.25579
53	0.243434
53	0.279764
53	0.302306
53	0.286935
53	0.272609
53	0.290066
53	0.260827
53	0.277809
53	0.265908
53	0.290658
53	0.26785
53	0.265421
53	0.259687
56	0.326782
56	0.262773
56	0.313663
56	0.244886
56	0.275387
56	0.197987
56	0.284374
56	0.248182
56	0.25509
56	0.238733
56	0.294637
56	0.225996
56	0.23974
56	0.216914
56	0.255931
56	0.24016
56	0.229715
56	0.214133
56	0.246903
56	0.175709
56	0.303514
56	0.268963
56	0.275401
56	0.268081
56	0.298103
56	0.27244
56	0.278848
56	0.342932
56	0.291103
56	0.385959
56	0.241865
56	0.311207
56	0.276356
56	0.27903
56	0.268391
56	0.24199
56	0.251807
56	0.230965
56	0.241525
56	0.27407
56	0.258843
56	0.278389
56	0.298997
56	0.29205
56	0.270666
56	0.318851
56	0.244897
56	0.285659
56	0.305306
56	0.167873
56	0.256499
56	0.282117
56	0.264717
56	0.26787
56	0.275266
56	0.261225
56	0.348107
56	0.276572
56	0.274913
56	0.283756
56	0.303284
56	0.269124
56	0.257925
56	0.285446
56	0.318416
56	0.248251
56	0.267838
56	0.283646
56	0.274748
56	0.314288
56	0.246137
56	0.250875
56	0.254914
56	0.290297
56	0.291243
56	0.271571
56	0.289081
56	0.30254
56	0.250289
56	0.296307
56	0.323244
56	0.290002
56	0.234042
56	0.2334
56	0.262531
56	0.300665
56	0.290115
56	0.261921
56	0.280632
56	0.286532
56	0.293065
56	0.2874
56	0.2405
56	0.247737
56	0.255655
56	0.263039
56	0.283808
56	0.309574
56	0.249259
56	0.303423
59	0.223236
59	0.238903
59	0.281702
59	0.323227
59	0.272867
59	0.263026
59	0.237856
59	0.290932
59	0.318162
59	0.28839
59	0.272077
59	0.240379
59	0.276986
59	0.396282
59	0.326955
59	0.320645
59	0.24443
59	0.285422
59	0.250804
59	0.276157
59	0.241838
59	0.259255
59	0.281751
59	0.312528
59	0.301392
59	0.269353
59	0.245221
59	0.316804
59	0.268899
59	0.279151
59	0.214333
59	0.213078
59	0.29701
59	0.284108
59	0.254583
59	0.244708
59	0.252858
59	0.270189
59	0.248436
59	0.292098
59	0.305663
59	0.300385
59	0.256565
59	0.242653
59	0.340053
59	0.333312
59	0.254081
59	0.29358
59	0.262606
59	0.207778
59	0.301972
59	0.324551
59	0.332937
59	0.249026
59	0.212116
59	0.254452
59	0.241469
59	0.247056
59	0.202265
59	0.256266
59	0.262284
59	0.245843
59	0.329032
59	0.254483
59	0.354695
59	0.275399
59	0.299938
59	0.372789
59	0.267493
59	0.280945
59	0.254437
59	0.284991
59	0.237601
59	0.298085
59	0.309907
59	0.27284
59	0.256694
59	0.298224
59	0.253739
59	0.244203
59	0.306815
59	0.265291
59	0.265599
59	0.267865
59	0.227371
59	0.270971
59	0.230606
59	0.276728
59	0.283317
59	0.223246
59	0.266831
59	0.258757
59	0.279077
59	0.287629
59	0.308191
59	0.322767
59	0.325454
59	0.266448
59	0.271947
59	0.256363
62	0.292851
62	0.296441
62	0.258371
62	0.238309
62	0.30029
62	0.309434
62	0.280769
62	0.22393
62	0.320237
62	0.280594
62	0.232436
62	0.273558
62	0.275561
62	0.229905
62	0.261501
62	0.278138
62	0.281898
62	0.226379
62	0.291717
62	0.310405
62	0.304806
62	0.259307
62	0.294202
62	0.305306
62	0.266357
62	0.258508
62	0.212654
62	0.226443
62	0.342329
62	0.287743
62	0.286963
62	0.296082
62	0.269664
62	0.265747
62	0.223942
62	0.248907
62	0.227005
62	0.310501
62	0.289561
62	0.330803
62	0.250531
62	0.23488
62	0.244945
62	0.253174
62	0.282782
62	0.259847
62	0.502569
62	0.312716
62	0.267451
62	0.31645
62	0.269358
62	0.206179
62	0.331441
62	0.29402
62	0.289231
62	0.289618
62	0.217376
62	0.31388
62	0.276736
62	0.299897
62	0.233854
62	0.284131
62	0.284258
62	0.294786
62	0.233237
62	0.331339
62	0.288968
62	0.297648
62	0.311938
62	0.272099
62	0.315564
62	0.286402
62	0.236309
62	0.303183
62	0.27719
62	0.320508
62	0.236262
62	0.240135
62	0.277343
62	0.316674
62	0.245616
62	0.314578
62	0.224181
62	0.302291
62	0.283991
62	0.262473
62	0.252863
62	0.29408
62	0.322528
62	0.211762
62	0.342421
62	0.272408
62	0.199179
62	0.2338
62	0.232673
62	0.271781
62	0.256382
62	0.241911
62	0.252102
62	0.252757
65	0.289761
65	0.291888
65	0.22705
65	0.288281
65	0.286002
65	0.285617
65	0.217421
65	0.251875
65	0.2617
65	0.283456
65	0.336758
65	0.308678
65	0.249315
65	0.325106
65	0.297266
65	0.29224
65	0.261946
65	0.263949
65	0.248862
65	0.317097
65	0.270155
65	0.258185
65	0.282896
65	0.293778
65	0.328792
65	0.240517
65	0.234219
65	0.280527
65	0.288487
65	0.250676
65	0.248451
65	0.226634
65	0.279223
65	0.308371
65	0.255207
65	0.271604
65	0.260563
65	0.205972
65	0.232659
65	0.3453
65	0.248864
65	0.252154
65	0.225768
65	0.277239
65	0.374316
65	0.300559
65	0.278345
65	0.230781
65	0.235584
65	0.292008
65	0.30927
65	0.32329
65	0.270149
65	0.267841
65	0.268227
65	0.308774
65	0.248614
65	0.303772
65	0.222669
65	0.228107
65	0.299742
65	0.269033
65	0.272551
65	0.300542
65	0.28313
65	0.279109
65	0.26935
65	0.304879
65	0.25072
65	0.264663
65	0.295165
65	0.330217
65	0.317216
65	0.245046
65	0.322572
65	0.324375
65	0.25513
65	0.236167
65	0.254694
65	0.341747
65	0.276509
65	0.259133
65	0.316131
65	0.355505
65	0.288658
65	0.256938
65	0.315728
65	0.294224
65	0.304668
65	0.28713
65	0.28771
65	0.27585
65	0.443884
65	0.255031
65	0.284952
65	0.294928
65	0.244838
65	0.262586
65	0.314917
65	0.379591
68	0.167044
68	0.248889
68	0.289298
68	0.292846
68	0.303786
68	0.307018
68	0.278954
68	0.241391
68	0.198078
68	0.18884
68	0.15508
68	0.248422
68	0.287734
68	0.273779
68	0.281634
68	0.273673
68	0.215949
68	0.237231
68	0.389387
68	0.276443
68	0.209045
68	0.219715
68	0.298599
68	0.253265
68	0.269386
68	0.292586
68	0.281334
68	0.242892
68	0.350059
68	0.312136
68	0.285562
68	0.263392
68	0.268335
68	0.290045
68	0.275393
68	0.265351
68	0.259226
68	0.277265
68	0.318093
68	0.280506
68	0.26233
68	0.261657
68	0.17043
68	0.36547
68	0.296992
68	0.263258
68	0.191397
68	0.282342
68	0.205628
68	0.236652
68	0.265699
68	0.23172
68	0.275205
68	0.251805
68	0.303828
68	0.252963
68	0.24182
68	0.301605
68	0.309191
68	0.306738
68	0.276312
68	0.350709
68	0.28748
68	0.260327
68	0.283786
68	0.282428
68	0.286239
68	0.269118
68	0.278525
68	0.350294
68	0.271551
68	0.278433
68	0.314874
68	0.261921
68	0.280569
68	0.305687
68	0.245841
68	0.242354
68	0.28752
68	0.221465
68	0.263172
68	0.300472
68	0.262857
68	0.303196
68	0.238462
68	0.227421
68	0.284347
68	0.299471
68	0.284381
68	0.289636
68	0.244938
68	0.197418
68	0.323326
68	0.303544
68	0.294146
68	0.329706
68	0.238456
68	0.293313
68	0.344674
68	0.264633
71	0.320918
71	0.210829
71	0.305921
71	0.273642
71	0.214463
71	0.263908
71	0.266607
71	0.271052
71	0.229439
71	0.270054
71	0.278468
71	0.275784
71	0.260112
71	0.343718
71	0.242897
71	0.254772
71	0.265701
71	0.291768
71	0.257086
71	0.266407
71	0.267742
71	0.283579
71	0.246464
71	0.241543
71	0.246658
71	0.323363
71	0.294785
71	0.277815
71	0.29435
71	0.271884
71	0.239141
71	0.265447
71	0.313421
71	0.276028
71	0.278904
71	0.293169
71	0.264682
71	0.406409
71	0.271821
71	0.252183
71	0.280931
71	0.271406
71	0.277678
71	0.339105
71	0.320978
71	0.275341
71	0.362579
71	0.223958
71	0.327097
71	0.295087
71	0.249779
71	0.174156
71	0.24925
71	0.206361
71	0.2998
71	0.286649
71	0.258803
71	0.313073
71	0.259775
71	0.227501
71	0.293838
71	0.233788
71	0.254374
71	0.305511
71	0.279561
71	0.279303
71	0.304539
71	0.231772
71	0.256059
71	0.316944
71	0.246007
71	0.299166
71	0.281869
71	0.261106
71	0.237612
71	0.258795
71	0.279523
71	0.231769
71	0.31768
71	0.230273
71	0.282093
71	0.250324
71	0.222138
71	0.20013
71	0.304011
71	0.29407
71	0.261646
71	0.294372
71	0.371051
71	0.270087
71	0.291564
71	0.30193
71	0.221916
71	0.270263
71	0.335298
71	0.245728
71	0.310596
71	0.270636
71	0.308578
71	0.334317
74	0.24556
74	0.251452
74	0.315455
74	0.313356
74	0.261353
74	0.310429
74	0.207159
74	0.347123
74	0.285341
74	0.280899
74	0.274764
74	0.35573
74	0.320986
74	0.342649
74	0.226014
74	0.419838
74	0.281067
74	0.16231
74	0.292674
74	0.284261
74	0.264215
74	0.251052
74	0.321149
74	0.21016
74	0.286943
74	0.311932
74	0.268347
74	0.284355
74	0.301228
74	0.328592
74	0.278816
74	0.275222
74	0.378761
74	0.229995
74	0.281533
74	0.305333
74	0.933296
74	0.280918
74	0.278632
74	0.27886
74	0.323134
74	0.232681
74	0.283932
74	0.267375
74	0.289452
74	0.275935
74	0.279313
74	0.240483
74	0.257865
74	0.241682
74	0.253995
74	0.296649
74	0.292987
74	0.291737
74	0.278819
74	0.916674
74	0.152609
74	0.274907
74	0.250122
74	0.360014
74	0.239194
74	0.317177
74	0.3078
74	0.274785
74	0.270401
74	0.299048
74	0.268819
74	0.277047
74	0.268932
74	0.290427
74	0.252947
74	0.287728
74	0.276361
74	0.168767
74	0.315505
74	0.316408
74	0.242616
74	0.244166
74	0.286606
74	0.230551
74	0.285739
74	0.289329
74	0.262945
74	0.326715
74	0.29797
74	0.262463
74	0.415906
74	0.256249
74	0.343761
74	0.274345
74	0.278354
74	0.317546
74	0.208288
74	0.282277
74	0.266165
74	0.212133
74	0.358337
74	0.263953
74	0.363794
74	0.263126
77	0.241124
77	0.321055
77	0.245871
77	0.304061
77	0.271276
77	0.297457
77	0.279005
77	0.30092
77	0.224636
77	0.196013
77	0.192955
77	0.321824
77	0.259823
77	0.263544
77	0.268661
77	0.298469
77	0.281459
77	0.270656
77	0.315156
77	0.223633
77	0.219545
77	0.320125
77	0.291033
77	0.278105
77	0.199533
77	0.280324
77	0.349845
77	0.269029
77	0.278086
77	0.324559
77	0.236658
77	0.29104
77	0.262381
77	0.345661
77	0.289662
77	0.265996
77	0.337465
77	0.285767
77	0.277023
77	0.257197
77	0.274301
77	0.273992
77	0.275002
77	0.292584
77	0.214943
77	0.2634
77	0.282276
77	0.260224
77	0.273658
77	0.313982
77	0.261845
77	0.253019
77	0.24816
77	0.252048
77	0.297953
77	0.272736
77	0.258466
77	0.293962
77	0.276354
77	0.305657
77	0.264131
77	0.216939
77	0.301313
77	0.280591
77	0.264629
77	0.280709
77	0.305542
77	0.292023
77	0.312914
77	0.2451
77	0.315869
77	0.329916
77	0.301521
77	0.334197
77	0.206225
77	0.287723
77	0.310331
77	0.183944
77	0.207859
77	0.279953
77	0.253893
77	0.333608
77	0.245493
77	0.218103
77	0.255785
77	0.242981
77	0.241747
77	0.274649
77	0.175663
77	0.295825
77	0.320596
77	0.248479
77	0.270861
77	0.350062
77	0.232608
77	0.277894
77	0.279944
77	0.277607
77	0.314355
77	0.296316
80	0.375337
80	0.246497
80	0.237458
80	0.202565
80	0.354485
80	0.24229
80	0.313899
80	0.323512
80	0.253439
80	0.256755
80	0.20702
80	0.284115
80	0.255485
80	0.184447
80	0.243154
80	0.266142
80	0.216209
80	0.244515
80	0.250685
80	0.301384
80	0.22344
80	0.299057
80	0.275461
80	0.258564
80	0.216566
80	0.281266
80	0.282899
80	0.260383
80	0.354374
80	0.231167
80	0.29298
80	0.333218
80	0.30561
80	0.294376
80	0.287081
80	0.23422
80	0.295864
80	0.270518
80	0.230054
80	0.259887
80	0.262902
80	0.203676
80	0.337626
80	0.235696
80	0.274639
80	0.213964
80	0.290326
80	0.282496
80	0.247268
80	0.26267
80	0.293896
80	0.412708
80	0.242645
80	0.940008
80	0.377959
80	0.370838
80	0.252525
80	0.263875
80	0.295739
80	0.218357
80	0.228992
80	0.210472
80	0.274008
80	0.284753
80	0.276567
80	0.262754
80	0.25513
80	0.237032
80	0.278724
80	0.305421
80	0.266596
80	0.249973
80	0.268232
80	0.260721
80	0.33104
80	0.220381
80	0.277565
80	0.301179
80	0.275252
80	0.259475
80	0.194739
80	0.371598
80	0.226299
80	0.253497
80	0.241142
80	0.361654
80	0.21905
80	0.258684
80	0.272293
80	0.311674
80	0.248744
80	0.268682
80	0.266291
80	0.290451
80	0.230576
80	0.225492
80	0.24201
80	0.307007
80	0.234329
80	0.320629
83	0.317516
83	0.30064
83	0.326854
83	0.249828
83	0.282341
83	0.253057
83	0.278816
83	0.272507
83	0.351002
83	0.241104
83	0.262518
83	0.286822
83	0.219897
83	0.216091
83	0.264145
83	0.287513
83	0.245276
83	0.250498
83	0.281755
83	0.258274
83	0.274826
83	0.270923
83	0.249863
83	0.280073
83	0.279743
83	0.377254
83	0.302226
83	0.286246
83	0.232014
83	0.292252
83	0.283596
83	0.293354
83	0.249971
83	0.211031
83	0.215882
83	0.302684
83	0.277515
83	0.264981
83	0.276469
83	0.300732
83	0.306834
83	0.252582
83	0.248126
83	0.308384
83	0.260791
83	0.272446
83	0.253066
83	0.310342
83	0.227954
83	0.294846
83	0.666141
83	0.261874
83	0.311781
83	0.301617
83	0.302551
83	0.268214
83	0.322979
83	0.238003
83	0.207564
83	0.438046
83	0.33962
83	0.249678
83	0.244087
83	0.299268
83	0.209454
83	0.25189
83	0.316526
83	0.271982
83	0.223953
83	0.277543
83	0.923377
83	0.155906
83	0.258254
83	0.2613
83	0.192051
83	0.288699
83	0.33781
83	0.262461
83	0.254752
83	0.250501
83	0.441215
83	0.271327
83	0.256231
83	0.277157
83	0.32754
83	0.24073
83	0.290225
83	0.352245
83	0.277437
83	0.287005
83	0.271367
83	0.278502
83	0.270791
83	0.212853
83	0.224417
83	0.226486
83	0.278018
83	0.250352
83	0.268234
83	0.317807
86	0.293788
86	0.250588
86	0.244986
86	0.314277
86	0.261456
86	0.278401
86	0.279546
86	0.271604
86	0.273133
86	0.271808
86	0.252422
86	0.279339
86	0.305211
86	0.282511
86	0.220627
86	0.264363
86	0.238149
86	0.298096
86	0.2595
86	0.274957
86	0.268923
86	0.275613
86	0.255715
86	0.3338
86	0.226236
86	0.217569
86	0.253858
86	0.281007
86	0.238654
86	0.226542
86	0.305524
86	0.198834
86	0.267976
86	0.361379
86	0.268435
86	0.254669
86	0.230488
86	0.255583
86	0.283548
86	0.221448
86	0.236855
86	0.284791
86	0.250961
86	0.245966
86	0.302217
86	0.240737
86	0.276239
86	0.275267
86	0.311693
86	0.247275
86	0.310533
86	0.275293
86	0.25911
86	0.280126
86	0.321293
86	0.258038
86	0.268923
86	0.350009
86	0.233405
86	0.240507
86	0.273296
86	0.232817
86	0.278799
86	0.207597
86	0.215321
86	0.310947
86	0.249643
86	0.262231
86	0.289059
86	0.262127
86	0.165106
86	0.244508
86	0.274131
86	0.272448
86	0.28151
86	0.265794
86	0.345498
86	0.272196
86	0.226924
86	0.292462
86	0.256601
86	0.288888
86	0.293013
86	0.35054
86	0.247462
86	0.311496
86	0.207414
86	0.288324
86	0.241557
86	0.298967
86	0.432161
86	0.218221
86	0.335397
86	0.303744
86	0.229377
86	0.241424
86	0.284621
86	0.213935
86	0.243473
86	0.25734
89	0.302245
89	0.275762
89	0.358119
89	0.300194
89	0.93412
89	0.293928
89	0.286833
89	0.292608
89	0.293801
89	0.215101
89	0.902667
89	0.307114
89	0.864824
89	0.283895
89	0.261224
89	0.229563
89	0.244532
89	0.295789
89	0.312159
89	0.293615
89	0.248129
89	0.911832
89	0.296228
89	0.257887
89	0.325836
89	0.274996
89	0.305654
89	0.302095
89	0.256441
89	0.194308
89	0.299659
89	0.265787
89	0.241514
89	0.269133
89	0.225147
89	0.240223
89	0.321858
89	0.246502
89	0.235915
89	0.261226
89	0.252384
89	0.301522
89	0.273115
89	0.275785
89	0.296853
89	0.285036
89	0.30383
89	0.262236
89	0.281756
89	0.242295
89	0.226685
89	0.277617
89	0.333307
89	0.246822
89	0.296551
89	0.244661
89	0.284576
89	0.229936
89	0.370155
89	0.925664
89	0.316648
89	0.267018
89	0.312232
89	0.343969
89	0.315064
89	0.305069
89	0.262949
89	0.277071
89	0.277516
89	0.268684
89	0.343058
89	0.292137
89	0.299139
89	0.263681
89	0.253773
89	0.293217
89	0.288899
89	0.280325
89	0.308668
89	0.265989
89	0.27879
89	0.303967
89	0.325568
89	0.243052
89	0.280528
89	0.253317
89	0.278848
89	0.229911
89	0.270912
89	0.297168
89	0.314642
89	0.233147
89	0.229368
89	0.301063
89	0.284517
89	0.302058
89	0.275326
89	0.26795
89	0.259242
89	0.922108
92	0.28564
92	0.214374
92	0.238864
92	0.286621
92	0.254322
92	0.33698
92	0.200773
92	0.333891
92	0.310195
92	0.2514
92	0.278192
92	0.935738
92	0.301456
92	0.258043
92	0.268125
92	0.245072
92	0.320973
92	0.195078
92	0.236519
92	0.307096
92	0.3104
92	0.264198
92	0.228164
92	0.268164
92	0.255654
92	0.259757
92	0.284177
92	0.335666
92	0.30955
92	0.295845
92	0.293905
92	0.193601
92	0.255661
92	0.181429
92	0.19288
92	0.20748
92	0.256273
92	0.31508
92	0.249428
92	0.326086
92	0.28046
92	0.224431
92	0.26049
92	0.310672
92	0.36962
92	0.303731
92	0.344029
92	0.28853
92	0.321991
92	0.33605
92	0.259919
92	0.249347
92	0.263004
92	0.250374
92	0.227879
92	0.195186
92	0.251744
92	0.904913
92	0.258313
92	0.232185
92	0.276871
92	0.249619
92	0.263625
92	0.24631
92	0.269712
92	0.360867
92	0.262026
92	0.295112
92	0.359964
92	0.272253
92	0.267483
92	0.262848
92	0.264631
92	0.239397
92	0.218971
92	0.233517
92	0.290092
92	0.278853
92	0.25066
92	0.18939
92	0.322341
92	0.323576
92	0.321543
92	0.32321
92	0.325444
92	0.242107
92	0.195525
92	0.224094
92	0.288255
92	0.27711
92	0.332192
92	0.278963
92	0.354425
92	0.275882
92	0.172441
92	0.277663
92	0.416711
92	0.243296
92	0.246797
92	0.209617
95	0.263692
95	0.248848
95	0.335172
95	0.262617
95	0.222007
95	0.26828
95	0.244601
95	0.247129
95	0.26648
95	0.242764
95	0.276756
95	0.25679
95	0.273841
95	0.280798
95	0.263165
95	0.187211
95	0.280168
95	0.308932
95	0.292599
95	0.324664
95	0.257699
95	0.277566
95	0.25108
95	0.301218
95	0.239972
95	0.269379
95	0.256507
95	0.353525
95	0.231082
95	0.279537
95	0.241895
95	0.346181
95	0.403258
95	0.322161
95	0.294744
95	0.25073
95	0.259537
95	0.283132
95	0.208362
95	0.25337
95	0.244164
95	0.194081
95	0.275125
95	0.291977
95	0.251033
95	0.239077
95	0.275843
95	0.22573
95	0.241893
95	0.260929
95	0.223681
95	0.297156
95	0.26598
95	0.264623
95	0.203192
95	0.21805
95	0.25042
95	0.203469
95	0.210054
95	0.330413
95	0.300434
95	0.277573
95	0.234726
95	0.227901
95	0.293707
95	0.356272
95	0.248816
95	0.238342
95	0.279146
95	0.302799
95	0.222741
95	0.309274
95	0.327466
95	0.327985
95	0.285159
95	0.253133
95	0.326981
95	0.219591
95	0.256421
95	0.260931
95	0.279882
95	0.286097
95	0.242525
95	0.894279
95	0.295312
95	0.21918
95	0.326301
95	0.30679
95	0.220199
95	0.345962
95	0.335044
95	0.208211
95	0.235292
95	0.210076
95	0.271864
95	0.301296
95	0.25827
95	0.267526
95	0.311064
95	0.218482
98	0.23783
98	0.267521
98	0.257938
98	0.259262
98	0.256155
98	0.260968
98	0.179216
98	0.286155
98	0.245387
98	0.205276
98	0.258846
98	0.277008
98	0.32331
98	0.197308
98	0.231025
98	0.238611
98	0.329065
98	0.278455
98	0.224664
98	0.29497
98	0.246827
98	0.871622
98	0.228611
98	0.285676
98	0.335381
98	0.227996
98	0.883854
98	0.265337
98	0.255211
98	0.270432
98	0.260612
98	0.292338
98	0.248967
98	0.273681
98	0.316693
98	0.26452
98	0.245327
98	0.266146
98	0.291197
98	0.286148
98	0.182516
98	0.260132
98	0.196298
98	0.2817
98	0.294757
98	0.173765
98	0.293934
98	0.263527
98	0.219361
98	0.227838
98	0.263134
98	0.267471
98	0.335008
98	0.286146
98	0.302833
98	0.16888
98	0.213647
98	0.414031
98	0.252131
98	0.293832
98	0.25661
98	0.235933
98	0.167583
98	0.271895
98	0.267106
98	0.275913
98	0.323504
98	0.295006
98	0.340017
98	0.218337
98	0.256286
98	0.27288
98	0.259632
98	0.275467
98	0.24724
98	0.311142
98	0.266041
98	0.281866
98	0.379166
98	0.249447
98	0.244889
98	0.299465
98	0.262938
98	0.917406
98	0.243509
98	0.30699
98	0.309977
98	0.359587
98	0.237233
98	0.269453
98	0.176827
98	0.284579
98	0.26956
98	0.283946
98	0.239717
98	0.28797
98	0.270047
98	0.376981
98	0.256247
98	0.276586
101	0.262849
101	0.319457
101	0.3034
101	0.285411
101	0.233217
101	0.242957
101	0.225152
101	0.217358
101	0.263295
101	0.189668
101	0.222338
101	0.274122
101	0.260947
101	0.266478
101	0.279352
101	0.297318
101	0.306565
101	0.308019
101	0.194441
101	0.313595
101	0.289023
101	0.287603
101	0.289769
101	0.251858
101	0.298406
101	0.231994
101	0.243538
101	0.281617
101	0.248959
101	0.237026
101	0.283413
101	0.246949
101	0.32629
101	0.299018
101	0.343095
101	0.237906
101	0.312589
101	0.273135
101	0.325556
101	0.310425
101	0.295305
101	0.268242
101	0.226692
101	0.277624
101	0.479009
101	0.310165
101	0.171662
101	0.283549
101	0.285459
101	0.255675
101	0.238618
101	0.23895
101	0.246148
101	0.265321
101	0.244931
101	0.305101
101	0.274759
101	0.331007
101	0.288048
101	0.315829
101	0.339404
101	0.247759
101	0.245344
101	0.229298
101	0.264109
101	0.330546
101	0.268373
101	0.364945
101	0.26656
101	0.261668
101	0.280451
101	0.260584
101	0.233704
101	0.251713
101	0.283718
101	0.275135
101	0.240726
101	0.269338
101	0.252741
101	0.242621
101	0.267827
101	0.251985
101	0.239616
101	0.238467
101	0.201324
101	0.324567
101	0.287731
101	0.257079
101	0.28671
101	0.255674
101	0.258633
101	0.216404
101	0.265741
101	0.331657
101	0.317817
101	0.302494
101	0.18062
101	0.268169
101	0.302327
101	0.25147
104	0.240632
104	0.243087
104	0.295085
104	0.234038
104	0.20309
104	0.849673
104	0.23554
104	0.177199
104	0.265999
104	0.213544
104	0.277194
104	0.275113
104	0.227866
104	0.335794
104	0.208188
104	0.278848
104	0.287076
104	0.265737
104	0.26961
104	0.326732
104	0.28986
104	0.325133
104	0.31208
104	0.254897
104	0.281138
104	0.323974
104	0.269785
104	0.243368
104	0.222631
104	0.221938
104	0.16227
104	0.248637
104	0.305597
104	0.234697
104	0.268965
104	0.320391
104	0.250932
104	0.219484
104	0.291654
104	0.294306
104	0.264348
104	0.378455
104	0.295141
104	0.248764
104	0.272012
104	0.304402
104	0.340584
104	0.310076
104	0.451602
104	0.346489
104	0.217329
104	0.322794
104	0.237842
104	0.334508
104	0.435524
104	0.23637
104	0.309805
104	0.258064
104	0.280377
104	0.290026
104	0.274707
104	0.290713
104	0.217906
104	0.330118
104	0.23542
104	0.248854
104	0.23798
104	0.230157
104	0.306673
104	0.247338
104	0.253399
104	0.328368
104	0.286759
104	0.2806
104	0.291535
104	0.251304
104	0.220076
104	0.266104
104	0.254919
104	0.252339
104	0.309595
104	0.255006
104	0.306667
104	0.236996
104	0.202396
104	0.262098
104	0.253235
104	0.906384
104	0.301209
104	0.239392
104	0.300409
104	0.262724
104	0.250504
104	0.258887
104	0.248545
104	0.268756
104	0.344813
104	0.312541
104	0.237181
104	0.271432
107	0.196446
107	0.252107
107	0.274434
107	0.223654
107	0.272637
107	0.257211
107	0.21971
107	0.315872
107	0.275199
107	0.288043
107	0.257777
107	0.240431
107	0.251045
107	0.239652
107	0.245055
107	0.263988
107	0.241971
107	0.290328
107	0.300678
107	0.248388
107	0.279888
107	0.271124
107	0.273221
107	0.306609
107	0.269794
107	0.298277
107	0.245155
107	0.232679
107	0.225063
107	0.255655
107	0.240966
107	0.915104
107	0.192188
107	0.210679
107	0.172161
107	0.258214
107	0.203728
107	0.294447
107	0.257881
107	0.901455
107	0.256843
107	0.23262
107	0.277859
107	0.227867
107	0.243695
107	0.315307
107	0.199617
107	0.172088
107	0.289836
107	0.257754
107	0.284292
107	0.203999
107	0.879836
107	0.249582
107	0.260223
107	0.285438
107	0.290542
107	0.197715
107	0.283935
107	0.821695
107	0.23551
107	0.258651
107	0.269112
107	0.261552
107	0.238125
107	0.284348
107	0.325264
107	0.21377
107	0.267311
107	0.317567
107	0.464743
107	0.25899
107	0.297296
107	0.254094
107	0.325129
107	0.206774
107	0.268503
107	0.250794
107	0.217413
107	0.226232
107	0.883196
107	0.307099
107	0.356035
107	0.290166
107	0.24141
107	0.299274
107	0.306906
107	0.280637
107	0.215239
107	0.223064
107	0.306581
107	0.24131
107	0.273
107	0.278367
107	0.250709
107	0.356926
107	0.240786
107	0.336541
107	0.256931
107	0.327586
110	0.298693
110	0.255374
110	0.259793
110	0.309253
110	0.297238
110	0.278897
110	0.198384
110	0.188836
110	0.273231
110	0.273522
110	0.236192
110	0.165379
110	0.189491
110	0.330589
110	0.255283
110	0.187421
110	0.329706
110	0.314966
110	0.275814
110	0.191761
110	0.231285
110	0.275517
110	0.246546
110	0.27289
110	0.225637
110	0.307955
110	0.211894
110	0.252353
110	0.282926
110	0.252746
110	0.314245
110	0.281074
110	0.231902
110	0.330929
110	0.27805
110	0.219787
110	0.2727
110	0.341807
110	0.318912
110	0.266535
110	0.234646
110	0.26901
110	0.345652
110	0.342722
110	0.22001
110	0.273199
110	0.334951
110	0.263979
110	0.173809
110	0.288524
110	0.250223
110	0.234621
110	0.296232
110	0.915662
110	0.452847
110	0.300431
110	0.345302
110	0.26013
110	0.248643
110	0.280159
110	0.242389
110	0.306913
110	0.896739
110	0.221378
110	0.321673
110	0.259094
110	0.220406
110	0.267848
110	0.370187
110	0.242586
110	0.185315
110	0.273187
110	0.27543
110	0.306266
110	0.21438
110	0.307149
110	0.336841
110	0.25765
110	0.255242
110	0.319371
110	0.220477
110	0.308701
110	0.233252
110	0.256459
110	0.243351
110	0.275939
110	0.274711
110	0.252261
110	0.251299
110	0.269358
110	0.290713
110	0.272291
110	0.202209
110	0.24565
110	0.275188
110	0.30427
110	0.294893
110	0.916438
110	0.238436
110	0.323282
113	0.246847
113	0.209794
113	0.383225
113	0.291778
113	0.269391
113	0.255196
113	0.280457
113	0.2472
113	0.266067
113	0.288965
113	0.284946
113	0.336985
113	0.241148
113	0.280981
113	0.282498
113	0.307646
113	0.276938
113	0.927456
113	0.284726
113	0.428959
113	0.299257
113	0.240259
113	0.249872
113	0.211222
113	0.286093
113	0.282358
113	0.231559
113	0.271354
113	0.269039
113	0.303361
113	0.27908
113	0.237461
113	0.22737
113	0.314096
113	0.199731
113	0.204631
113	0.283248
113	0.299178
113	0.280636
113	0.234284
113	0.332759
113	0.276085
113	0.308067
113	0.323793
113	0.287279
113	0.286204
113	0.22163
113	0.200274
113	0.225756
113	0.228641
113	0.31976
113	0.329048
113	0.250654
113	0.255138
113	0.302414
113	0.928907
113	0.254906
113	0.264334
113	0.349778
113	0.324013
113	0.253005
113	0.318558
113	0.261776
113	0.242435
113	0.864656
113	0.22248
113	0.364434
113	0.24653
113	0.206223
113	0.275577
113	0.242152
113	0.298879
113	0.239474
113	0.285269
113	0.266954
113	0.215695
113	0.325917
113	0.242795
113	0.274466
113	0.88377
113	0.246154
113	0.254686
113	0.243042
113	0.254944
113	0.251534
113	0.328855
113	0.315151
113	0.230635
113	0.247269
113	0.259196
113	0.259607
113	0.275441
113	0.272036
113	0.323549
113	0.276292
113	0.366308
113	0.263166
113	0.199371
113	0.232708
113	0.322437
116	0.179073
116	0.207072
116	0.240898
116	0.185584
116	0.237951
116	0.302016
116	0.269238
116	0.152164
116	0.291354
116	0.224938
116	0.216759
116	0.228784
116	0.264431
116	0.214752
116	0.256001
116	0.279652
116	0.304866
116	0.337588
116	0.28183
116	0.320546
116	0.279514
116	0.3163
116	0.232614
116	0.250099
116	0.281969
116	0.256452
116	0.243111
116	0.240987
116	0.317216
116	0.301702
116	0.286424
116	0.249313
116	0.201714
116	0.33481
116	0.301819
116	0.22662
116	0.176346
116	0.227928
116	0.35006
116	0.282136
116	0.246929
116	0.228548
116	0.285482
116	0.263223
116	0.329105
116	0.321506
116	0.281314
116	0.275003
116	0.296733
116	0.874677
116	0.302968
116	0.315508
116	0.301545
116	0.253738
116	0.912173
116	0.242351
116	0.284069
116	0.240067
116	0.256715
116	0.303947
116	0.313654
116	0.213639
116	0.296163
116	0.290431
116	0.245457
116	0.276976
116	0.87151
116	0.239239
116	0.271528
116	0.298154
116	0.2873
116	0.241104
116	0.296034
116	0.388093
116	0.20537
116	0.167481
116	0.29884
116	0.295922
116	0.220978
116	0.251518
116	0.27895
116	0.241648
116	0.309463
116	0.26915
116	0.326999
116	0.237223
116	0.283862
116	0.264253
116	0.357518
116	0.376046
116	0.242685
116	0.305549
116	0.271497
116	0.326213
116	0.231565
116	0.26161
116	0.225055
116	0.257612
116	0.224358
116	0.189673
119	0.231934
119	0.243809
119	0.32984
119	0.203942
119	0.286004
119	0.27063
119	0.222744
119	0.272377
119	0.285647
119	0.245549
119	0.297364
119	0.210808
119	0.186177
119	0.2435
119	0.256784
119	0.278635
119	0.254925
119	0.369352
119	0.236497
119	0.240348
119	0.279229
119	0.25285
119	0.297814
119	0.200162
119	0.203752
119	0.310762
119	0.28983
119	0.31275
119	0.241097
119	0.25104
119	0.291205
119	0.278685
119	0.268539
119	0.260398
119	0.285068
119	0.361737
119	0.293364
119	0.218447
119	0.215951
119	0.269313
119	0.347254
119	0.268082
119	0.200944
119	0.280409
119	0.216547
119	0.332121
119	0.287515
119	0.242015
119	0.183341
119	0.264227
119	0.277659
119	0.235454
119	0.279261
119	0.320056
119	0.27549
119	0.250446
119	0.225538
119	0.282188
119	0.276565
119	0.357479
119	0.280515
119	0.246988
119	0.225335
119	0.188622
119	0.315926
119	0.23291
119	0.23228
119	0.24502
119	0.277733
119	0.26378
119	0.223876
119	0.249932
119	0.261748
119	0.219614
119	0.394207
119	0.341138
119	0.276711
119	0.257134
119	0.31604
119	0.303804
119	0.274327
119	0.271174
119	0.318417
119	0.2611
119	0.302937
119	0.246318
119	0.282366
119	0.264426
119	0.249385
119	0.276087
119	0.226798
119	0.316399
119	0.355732
119	0.916438
119	0.231798
119	0.283184
119	0.292479
119	0.262244
119	0.290802
119	0.274228
122	0.243975
122	0.338357
122	0.284613
122	0.178676
122	0.300505
122	0.318346
122	0.272639
122	0.253534
122	0.283222
122	0.258515
122	0.300812
122	0.287553
122	0.242527
122	0.260337
122	0.254935
122	0.89449
122	0.291738
122	0.217259
122	0.379706
122	0.25436
122	0.273977
122	0.308377
122	0.217316
122	0.299898
122	0.175589
122	0.271014
122	0.261764
122	0.250694
122	0.233047
122	0.291188
122	0.381681
122	0.283565
122	0.280412
122	0.21447
122	0.27223
122	0.33482
122	0.306805
122	0.301572
122	0.33606
122	0.216404
122	0.293077
122	0.24527
122	0.243791
122	0.259676
122	0.326117
122	0.326533
122	0.364764
122	0.273285
122	0.325671
122	0.224376
122	0.257801
122	0.300064
122	0.266217
122	0.208544
122	0.189976
122	0.232574
122	0.266064
122	0.247568
122	0.257244
122	0.333721
122	0.205399
122	0.267003
122	0.290785
122	0.249235
122	0.277142
122	0.306075
122	0.249063
122	0.233449
122	0.268281
122	0.321109
122	0.282601
122	0.301177
122	0.194609
122	0.278709
122	0.302311
122	0.31375
122	0.296941
122	0.895712
122	0.875298
122	0.332611
122	0.299842
122	0.193089
122	0.26179
122	0.35818
122	0.297245
122	0.274079
122	0.328418
122	0.202996
122	0.228726
122	0.258739
122	0.31824
122	0.257719
122	0.221683
122	0.292613
122	0.200131
122	0.234989
122	0.543858
122	0.280827
122	0.893381
122	0.322208
125	0.273525
125	0.285979
125	0.281836
125	0.293109
125	0.258341
125	0.266078
125	0.2319
125	0.302604
125	0.223776
125	0.157393
125	0.318935
125	0.3169
125	0.177024
125	0.292844
125	0.277033
125	0.296407
125	0.872647
125	0.291639
125	0.286483
125	0.314635
125	0.227462
125	0.256228
125	0.440433
125	0.249449
125	0.254008
125	0.294463
125	0.271929
125	0.263131
125	0.263124
125	0.183949
125	0.242515
125	0.296248
125	0.274145
125	0.310895
125	0.31708
125	0.248172
125	0.257726
125	0.295402
125	0.212187
125	0.29763
125	0.260214
125	0.266926
125	0.338261
125	0.233738
125	0.282236
125	0.334621
125	0.301604
125	0.174068
125	0.196359
125	0.311423
125	0.289261
125	0.174075
125	0.278583
125	0.257006
125	0.291477
125	0.313037
125	0.25209
125	0.27877
125	0.350567
125	0.309782
125	0.259455
125	0.260501
125	0.299372
125	0.874416
125	0.267642
125	0.268397
125	0.264049
125	0.252952
125	0.208187
125	0.236528
125	0.235075
125	0.243537
125	0.305181
125	0.247525
125	0.272749
125	0.874364
125	0.210348
125	0.284296
125	0.277526
125	0.250981
125	0.299403
125	0.310367
125	0.258234
125	0.311424
125	0.173577
125	0.248392
125	0.269306
125	0.321367
125	0.219557
125	0.217842
125	0.249685
125	0.271708
125	0.239924
125	0.318468
125	0.241894
125	0.265662
125	0.284085
125	0.257597
125	0.280394
125	0.204077
128	0.263814
128	0.19092
128	0.240555
128	0.209926
128	0.281666
128	0.32941
128	0.233831
128	0.270113
128	0.225559
128	0.2507
128	0.293606
128	0.245149
128	0.277226
128	0.35274
128	0.244195
128	0.252322
128	0.320541
128	0.307927
128	0.235163
128	0.347924
128	0.380214
128	0.284421
128	0.244056
128	0.280388
128	0.292191
128	0.213438
128	0.225248
128	0.270507
128	0.280749
128	0.303156
128	0.27777
128	0.241448
128	0.237463
128	0.307694
128	0.218911
128	0.293716
128	0.305659
128	0.272434
128	0.272966
128	0.344389
128	0.231514
128	0.241579
128	0.292912
128	0.296949
128	0.265646
128	0.915202
128	0.815283
128	0.205384
128	0.273146
128	0.319388
128	0.238118
128	0.266741
128	0.24892
128	0.280483
128	0.254815
128	0.283524
128	0.241962
128	0.251538
128	0.281866
128	0.273942
128	0.267228
128	0.260137
128	0.277408
128	0.327589
128	0.328446
128	0.263501
128	0.27968
128	0.267269
128	0.250678
128	0.254903
128	0.294706
128	0.295368
128	0.232526
128	0.304593
128	0.224125
128	0.256006
128	0.26049
128	0.31272
128	0.304714
128	0.253516
128	0.303252
128	0.358339
128	0.247104
128	0.287626
128	0.215008
128	0.253703
128	0.275139
128	0.257591
128	0.259701
128	0.303844
128	0.301239
128	0.300485
128	0.242069
128	0.243963
128	0.301083
128	0.243154
128	0.261825
128	0.175197
128	0.281116
128	0.293518
131	0.253521
131	0.311696
131	0.314985
131	0.266981
131	0.21932
131	0.294062
131	0.183515
131	0.361105
131	0.294428
131	0.297815
131	0.353047
131	0.3401
131	0.319771
131	0.354194
131	0.189439
131	0.27476
131	0.280197
131	0.222441
131	0.312254
131	0.345127
131	0.245587
131	0.232562
131	0.318033
131	0.24933
131	0.3439
131	0.22133
131	0.247892
131	0.278415
131	0.25818
131	0.31366
131	0.22196
131	0.301533
131	0.309204
131	0.272965
131	0.248462
131	0.218983
131	0.279808
131	0.270383
131	0.283977
131	0.212973
131	0.260686
131	0.329807
131	0.267028
131	0.232292
131	0.284395
131	0.245251
131	0.289458
131	0.922757
131	0.292517
131	0.280395
131	0.335949
131	0.286303
131	0.273148
131	0.275995
131	0.225063
131	0.212284
131	0.275741
131	0.265448
131	0.287715
131	0.268239
131	0.398319
131	0.238567
131	0.188061
131	0.289788
131	0.264364
131	0.211693
131	0.241844
131	0.220182
131	0.238391
131	0.260221
131	0.304413
131	0.204438
131	0.253209
131	0.261146
131	0.219016
131	0.284996
131	0.261883
131	0.258412
131	0.276972
131	0.245642
131	0.302827
131	0.288139
131	0.216917
131	0.228348
131	0.171673
131	0.195536
131	0.200447
131	0.297644
131	0.308092
131	0.262131
131	0.283148
131	0.258465
131	0.305515
131	0.278786
131	0.250202
131	0.265238
131	0.324714
131	0.248539
131	0.234594
131	0.281756
134	0.256296
134	0.245448
134	0.18283
134	0.235865
134	0.31805
134	0.299039
134	0.280112
134	0.190527
134	0.195636
134	0.311635
134	0.256565
134	0.249633
134	0.219548
134	0.25847
134	0.265894
134	0.310985
134	0.260821
134	0.900171
134	0.253859
134	0.196423
134	0.256453
134	0.319696
134	0.190767
134	0.264479
134	0.261239
134	0.305154
134	0.279596
134	0.30406
134	0.189877
134	0.283398
134	0.245669
134	0.23101
134	0.255884
134	0.288846
134	0.367954
134	0.315517
134	0.254708
134	0.259927
134	0.299852
134	0.228906
134	0.191192
134	0.266852
134	0.328981
134	0.211385
134	0.251898
134	0.301501
134	0.249505
134	0.297279
134	0.302941
134	0.27906
134	0.258008
134	0.254079
134	0.333526
134	0.347858
134	0.306589
134	0.27379
134	0.192328
134	0.247352
134	0.290709
134	0.229864
134	0.296137
134	0.328468
134	0.28625
134	0.285044
134	0.253529
134	0.226885
134	0.267597
134	0.199649
134	0.155384
134	0.24699
134	0.253673
134	0.278884
134	0.321812
134	0.390654
134	0.283244
134	0.229086
134	0.43733
134	0.218346
134	0.255359
134	0.225547
134	0.263854
134	0.328817
134	0.305206
134	0.216329
134	0.216837
134	0.281186
134	0.273737
134	0.279659
134	0.36747
134	0.303192
134	0.289827
134	0.293924
134	0.265597
134	0.236743
134	0.241644
134	0.262911
134	0.285231
134	0.272397
134	0.278259
134	0.286142
137	0.286543
137	0.286244
137	0.269945
137	0.229436
137	0.220493
137	0.282896
137	0.264563
137	0.250811
137	0.283937
137	0.274256
137	0.228637
137	0.321456
137	0.283636
137	0.298308
137	0.203265
137	0.245086
137	0.24515
137	0.289108
137	0.290745
137	0.242423
137	0.302911
137	0.309686
137	0.299617
137	0.300008
137	0.306741
137	0.283097
137	0.206707
137	0.214046
137	0.328193
137	0.293388
137	0.296694
137	0.864142
137	0.212872
137	0.325305
137	0.254658
137	0.252948
137	0.336529
137	0.379359
137	0.207779
137	0.262713
137	0.328796
137	0.317233
137	0.268059
137	0.289223
137	0.921768
137	0.881583
137	0.172033
137	0.267377
137	0.213771
137	0.271684
137	0.223074
137	0.234422
137	0.236472
137	0.314226
137	0.243602
137	0.196958
137	0.298365
137	0.294406
137	0.276036
137	0.301698
137	0.276894
137	0.347022
137	0.28418
137	0.252702
137	0.253867
137	0.348595
137	0.298576
137	0.35157
137	0.263257
137	0.271571
137	0.270317
137	0.27413
137	0.2653
137	0.344014
137	0.248686
137	0.273644
137	0.405812
137	0.277657
137	0.23623
137	0.2269
137	0.128246
137	0.200627
137	0.303658
137	0.240419
137	0.195649
137	0.234557
137	0.264475
137	0.284819
137	0.237663
137	0.257503
137	0.256864
137	0.279772
137	0.227695
137	0.297072
137	0.288094
137	0.193004
137	0.350973
137	0.236433
137	0.303868
137	0.249095
140	0.847846
140	0.232284
140	0.258736
140	0.228978
140	0.279886
140	0.237979
140	0.332478
140	0.255446
140	0.346019
140	0.284776
140	0.894978
140	0.290838
140	0.225804
140	0.232696
140	0.296884
140	0.223995
140	0.239713
140	0.260072
140	0.269015
140	0.2734
140	0.240636
140	0.308417
140	0.293548
140	0.230731
140	0.21837
140	0.249451
140	0.304773
140	0.512331
140	0.273406
140	0.26621
140	0.198754
140	0.256207
140	0.199013
140	0.306575
140	0.211337
140	0.299965
140	0.289369
140	0.280572
140	0.299049
140	0.276874
140	0.230992
140	0.281824
140	0.21657
140	0.316376
140	0.305064
140	0.227525
140	0.222765
140	0.234432
140	0.308248
140	0.253646
140	0.2639
140	0.206212
140	0.311042
140	0.456091
140	0.251406
140	0.331041
140	0.270666
140	0.331908
140	0.293986
140	0.246479
140	0.251235
140	0.353414
140	0.284417
140	0.308174
140	0.250573
140	0.355574
140	0.249188
140	0.301622
140	0.209746
140	0.303736
140	0.253025
140	0.235641
140	0.279713
140	0.317794
140	0.26531
140	0.277933
140	0.259468
140	0.219256
140	0.3261
140	0.308874
140	0.253284
140	0.245431
140	0.265027
140	0.292522
140	0.247252
140	0.261808
140	0.260373
140	0.282218
140	0.243379
140	0.890988
140	0.240893
140	0.259174
140	0.202676
140	0.244667
140	0.276322
140	0.204489
140	0.308421
140	0.17824
140	0.220105
140	0.320404
143	0.413838
143	0.241243
143	0.256939
143	0.251782
143	0.19649
143	0.282592
143	0.231477
143	0.278014
143	0.246814
143	0.333163
143	0.326031
143	0.27525
143	0.23873
143	0.256368
143	0.270144
143	0.876736
143	0.314005
143	0.156853
143	0.24548
143	0.250635
143	0.261444
143	0.24658
143	0.315738
143	0.266313
143	0.326432
143	0.282277
143	0.291574
143	0.259465
143	0.788063
143	0.200494
143	0.428614
143	0.139715
143	0.237397
143	0.268588
143	0.313826
143	0.22031
143	0.245939
143	0.254495
143	0.32412
143	0.235553
143	0.248666
143	0.173423
143	0.266406
143	0.283108
143	0.302779
143	0.234351
143	0.25556
143	0.251422
143	0.851457
143	0.238481
143	0.266261
143	0.253374
143	0.226972
143	0.29385
143	0.162069
143	0.305989
143	0.244721
143	0.246718
143	0.291596
143	0.28021
143	0.30416
143	0.271262
143	0.224456
143	0.277253
143	0.288319
143	0.272167
143	0.155867
143	0.293836
143	0.247832
143	0.273997
143	0.774335
143	0.222789
143	0.29152
143	0.260251
143	0.302137
143	0.28776
143	0.273809
143	0.87365
143	0.174723
143	0.225224
143	0.210026
143	0.270197
143	0.307726
143	0.310698
143	0.240766
143	0.227611
143	0.253829
143	0.253965
143	0.241526
143	0.298487
143	0.268416
143	0.275787
143	0.204339
143	0.240252
143	0.279487
143	0.122821
143	0.266359
143	0.26878
143	0.339329
143	0.30417
146	0.174743
146	0.180224
146	0.301797
146	0.247127
146	0.297809
146	0.250693
146	0.28256
146	0.190011
146	0.370982
146	0.27746
146	0.210303
146	0.444993
146	0.20237
146	0.362047
146	0.290681
146	0.278538
146	0.177782
146	0.232739
146	0.266955
146	0.235782
146	0.196898
146	0.386387
146	0.188486
146	0.282856
146	0.278462
146	0.318684
146	0.319269
146	0.231417
146	0.21045
146	0.291908
146	0.232535
146	0.352156
146	0.266078
146	0.302242
146	0.260419
146	0.280168
146	0.888939
146	0.229109
146	0.199796
146	0.185666
146	0.27922
146	0.260718
146	0.254492
146	0.241194
146	0.247847
146	0.226764
146	0.279855
146	0.326698
146	0.260107
146	0.239604
146	0.302513
146	0.24015
146	0.231375
146	0.234345
146	0.219141
146	0.233509
146	0.313018
146	0.227023
146	0.221429
146	0.392432
146	0.341977
146	0.240702
146	0.257796
146	0.312221
146	0.225507
146	0.32698
146	0.257046
146	0.296578
146	0.265609
146	0.327805
146	0.264793
146	0.234691
146	0.26784
146	0.277296
146	0.196408
146	0.314462
146	0.271278
146	0.197709
146	0.211627
146	0.237389
146	0.337078
146	0.242117
146	0.236404
146	0.281167
146	0.209615
146	0.243112
146	0.273176
146	0.259585
146	0.238068
146	0.338922
146	0.264418
146	0.293976
146	0.253422
146	0.188596
146	0.304285
146	0.295026
146	0.790578
146	0.279068
146	0.273984
146	0.333867
149	0.218736
149	0.277247
149	0.301881
149	0.241461
149	0.276924
149	0.356306
149	0.377428
149	0.271713
149	0.315863
149	0.248561
149	0.201053
149	0.316163
149	0.33246
149	0.34426
149	0.20719
149	0.267361
149	0.269125
149	0.254324
149	0.273892
149	0.255977
149	0.269894
149	0.2008
149	0.306503
149	0.242816
149	0.24649
149	0.184948
149	0.343195
149	0.262295
149	0.333346
149	0.221436
149	0.279093
149	0.261398
149	0.20806
149	0.199787
149	0.346593
149	0.294453
149	0.164066
149	0.27301
149	0.239891
149	0.266838
149	0.300257
149	0.268474
149	0.336641
149	0.263414
149	0.223663
149	0.265121
149	0.220273
149	0.266756
149	0.827808
149	0.290174
149	0.230001
149	0.267209
149	0.248449
149	0.279015
149	0.3041
149	0.313272
149	0.183249
149	0.188406
149	0.246769
149	0.239344
149	0.338999
149	0.253906
149	0.314456
149	0.178129
149	0.209008
149	0.235243
149	0.232948
149	0.878235
149	0.299683
149	0.238205
149	0.321076
149	0.341834
149	0.231082
149	0.221971
149	0.268808
149	0.218442
149	0.245203
149	0.26089
149	0.323643
149	0.355818
149	0.254005
149	0.285335
149	0.307523
149	0.213579
149	0.259437
149	0.296315
149	0.177272
149	0.24153
149	0.296354
149	0.266222
149	0.292239
149	0.274176
149	0.291996
149	0.236027
149	0.180398
149	0.226978
149	0.291422
149	0.349675
149	0.253584
149	0.299493
152	0.278319
152	0.19758
152	0.220404
152	0.282819
152	0.284186
152	0.264883
152	0.220269
152	0.2889
152	0.332105
152	0.273502
152	0.359208
152	0.249146
152	0.182849
152	0.273466
152	0.309023
152	0.314012
152	0.257977
152	0.852341
152	0.223366
152	0.222318
152	0.275828
152	0.314255
152	0.261799
152	0.25461
152	0.286089
152	0.250084
152	0.33333
152	0.31648
152	0.267033
152	0.219043
152	0.312458
152	0.214646
152	0.254652
152	0.266518
152	0.279347
152	0.312316
152	0.323791
152	0.328869
152	0.228627
152	0.25027
152	0.27609
152	0.281975
152	0.275526
152	0.298394
152	0.242261
152	0.224742
152	0.388419
152	0.224526
152	0.256623
152	0.266915
152	0.190966
152	0.26404
152	0.2589
152	0.205972
152	0.179378
152	0.367994
152	0.271097
152	0.323543
152	0.232994
152	0.291096
152	0.324149
152	0.322281
152	0.211471
152	0.207761
152	0.220156
152	0.261284
152	0.370395
152	0.201495
152	0.315196
152	0.259875
152	0.305941
152	0.272279
152	0.34192
152	0.291134
152	0.320531
152	0.285677
152	0.220129
152	0.266108
152	0.341699
152	0.255071
152	0.246639
152	0.28263
152	0.220784
152	0.330947
152	0.272744
152	0.238945
152	0.279873
152	0.290648
152	0.305814
152	0.226153
152	0.241516
152	0.305603
152	0.300229
152	0.228945
152	0.207737
152	0.267902
152	0.290777
152	0.235363
152	0.235376
152	0.275394
155	0.229018
155	0.271615
155	0.280391
155	0.271561
155	0.214519
155	0.213439
155	0.268947
155	0.173515
155	0.270247
155	0.280234
155	0.282785
155	0.286813
155	0.322584
155	0.18418
155	0.295933
155	0.196346
155	0.251503
155	0.245583
155	0.25887
155	0.235525
155	0.335175
155	0.265397
155	0.238907
155	0.220456
155	0.329876
155	0.272458
155	0.911643
155	0.320312
155	0.223085
155	0.196452
155	0.295276
155	0.285815
155	0.253315
155	0.19474
155	0.219399
155	0.254295
155	0.235222
155	0.267325
155	0.198339
155	0.192992
155	0.355581
155	0.223315
155	0.283272
155	0.213336
155	0.252012
155	0.256436
155	0.23015
155	0.251757
155	0.246657
155	0.23509
155	0.306222
155	0.348198
155	0.232189
155	0.240899
155	0.297936
155	0.30713
155	0.306159
155	0.299395
155	0.243139
155	0.903287
155	0.840151
155	0.217198
155	0.266104
155	0.255896
155	0.301796
155	0.253696
155	0.209132
155	0.192238
155	0.204356
155	0.317507
155	0.308343
155	0.259412
155	0.29412
155	0.307117
155	0.30544
155	0.756223
155	0.257593
155	0.261187
155	0.268174
155	0.334096
155	0.250394
155	0.359913
155	0.221809
155	0.321873
155	0.228022
155	0.313002
155	0.197559
155	0.2421
155	0.207705
155	0.198834
155	0.449642
155	0.219881
155	0.327936
155	0.330004
155	0.815989
155	0.272818
155	0.283495
155	0.29586
155	0.335053
155	0.231453
158	0.242433
158	0.171824
158	0.254448
158	0.239972
158	0.287647
158	0.284439
158	0.265976
158	0.310746
158	0.253153
158	0.310739
158	0.231565
158	0.270095
158	0.290808
158	0.234771
158	0.291894
158	0.206742
158	0.201536
158	0.280652
158	0.263168
158	0.16945
158	0.269136
158	0.866667
158	0.225241
158	0.303264
158	0.252356
158	0.277015
158	0.224957
158	0.272963
158	0.847583
158	0.325272
158	0.35177
158	0.322883
158	0.199854
158	0.187624
158	0.227708
158	0.341077
158	0.239561
158	0.314657
158	0.260459
158	0.212415
158	0.218976
158	0.269707
158	0.286791
158	0.272656
158	0.219226
158	0.237176
158	0.29585
158	0.135723
158	0.310904
158	0.28679
158	0.284585
158	0.171785
158	0.236505
158	0.139128
158	0.301454
158	0.254424
158	0.4343
158	0.346755
158	0.270059
158	0.316231
158	0.268913
158	0.245688
158	0.262709
158	0.314398
158	0.327593
158	0.173472
158	0.25053
158	0.31298
158	0.291943
158	0.310371
158	0.285605
158	0.231577
158	0.281614
158	0.245289
158	0.254136
158	0.203077
158	0.361163
158	0.239673
158	0.292035
158	0.332918
158	0.260905
158	0.225834
158	0.193716
158	0.247769
158	0.281729
158	0.244289
158	0.441575
158	0.255277
158	0.265167
158	0.281345
158	0.335714
158	0.223784
158	0.283264
158	0.247572
158	0.322387
158	0.280722
158	0.191548
158	0.315229
158	0.269145
158	0.269239
161	0.236181
161	0.272928
161	0.291923
161	0.303285
161	0.272066
161	0.287327
161	0.310067
161	0.271169
161	0.274179
161	0.235054
161	0.224596
161	0.239545
161	0.244928
161	0.258551
161	0.261897
161	0.248906
161	0.33538
161	0.291076
161	0.230357
161	0.299533
161	0.275641
161	0.333539
161	0.237922
161	0.297259
161	0.247223
161	0.221697
161	0.261141
161	0.256814
161	0.183356
161	0.311282
161	0.223698
161	0.238906
161	0.268894
161	0.223075
161	0.347852
161	0.265107
161	0.287267
161	0.316779
161	0.252552
161	0.190744
161	0.249379
161	0.246835
161	0.201245
161	0.341306
161	0.270107
161	0.180099
161	0.256932
161	0.279061
161	0.240024
161	0.247107
161	0.265
161	0.338392
161	0.18814
161	0.320251
161	0.304249
161	0.257937
161	0.300234
161	0.270117
161	0.227898
161	0.218091
161	0.291294
161	0.309044
161	0.325313
161	0.282843
161	0.317503
161	0.269479
161	0.296291
161	0.253879
161	0.291329
161	0.273043
161	0.551047
161	0.2756
161	0.263598
161	0.246723
161	0.787448
161	0.205021
161	0.210462
161	0.241818
161	0.242849
161	0.334764
161	0.406328
161	0.247507
161	0.430494
161	0.852551
161	0.230245
161	0.211662
161	0.264333
161	0.341505
161	0.266923
161	0.257478
161	0.301919
161	0.312885
161	0.298512
161	0.302824
161	0.26595
161	0.161098
161	0.846575
161	0.252364
161	0.316931
161	0.254122
164	0.32564
164	0.314901
164	0.818265
164	0.223914
164	0.276844
164	0.340679
164	0.26387
164	0.270148
164	0.30096
164	0.22945
164	0.25279
164	0.274886
164	0.238979
164	0.269716
164	0.236194
164	0.899187
164	0.284561
164	0.233778
164	0.177478
164	0.293767
164	0.335793
164	0.196764
164	0.310592
164	0.349644
164	0.252311
164	0.855264
164	0.342939
164	0.285437
164	0.264945
164	0.242454
164	0.314091
164	0.218378
164	0.244173
164	0.245945
164	0.151215
164	0.196847
164	0.297278
164	0.245355
164	0.295588
164	0.280008
164	0.236026
164	0.352009
164	0.248801
164	0.303244
164	0.259367
164	0.328182
164	0.176157
164	0.254224
164	0.367335
164	0.301454
164	0.28332
164	0.241234
164	0.242098
164	0.307421
164	0.307088
164	0.267855
164	0.300708
164	0.260683
164	0.254557
164	0.347828
164	0.296397
164	0.172214
164	0.241516
164	0.25051
164	0.289063
164	0.245279
164	0.259567
164	0.291049
164	0.201348
164	0.783381
164	0.235863
164	0.28493
164	0.235282
164	0.236493
164	0.307292
164	0.327821
164	0.167211
164	0.207201
164	0.319679
164	0.342186
164	0.348472
164	0.355535
164	0.243903
164	0.239585
164	0.238841
164	0.283983
164	0.234056
164	0.210591
164	0.833333
164	0.260431
164	0.277394
164	0.371306
164	0.259472
164	0.195766
164	0.325258
164	0.299725
164	0.24104
164	0.374162
164	0.228702
164	0.255968
167	0.235709
167	0.216623
167	0.254911
167	0.244638
167	0.228151
167	0.840197
167	0.258095
167	0.284724
167	0.263473
167	0.267898
167	0.271852
167	0.23126
167	0.229818
167	0.266531
167	0.312501
167	0.252265
167	0.239817
167	0.277426
167	0.275945
167	0.221412
167	0.24595
167	0.257789
167	0.235107
167	0.269112
167	0.345148
167	0.353805
167	0.223989
167	0.344207
167	0.205996
167	0.217783
167	0.287673
167	0.27148
167	0.242169
167	0.223855
167	0.261449
167	0.216226
167	0.268487
167	0.203196
167	0.276586
167	0.281046
167	0.268794
167	0.288433
167	0.279724
167	0.244547
167	0.173526
167	0.247541
167	0.236115
167	0.315406
167	0.330476
167	0.259605
167	0.278491
167	0.22019
167	0.455367
167	0.260453
167	0.292327
167	0.215549
167	0.2696
167	0.330865
167	0.312406
167	0.321455
167	0.201751
167	0.205506
167	0.289771
167	0.16852
167	0.238211
167	0.300988
167	0.272423
167	0.238982
167	0.256093
167	0.270682
167	0.251636
167	0.229794
167	0.261811
167	0.295681
167	0.246289
167	0.238842
167	0.26343
167	0.213016
167	0.277671
167	0.215841
167	0.246425
167	0.262904
167	0.279137
167	0.266833
167	0.173607
167	0.210152
167	0.298662
167	0.244306
167	0.323017
167	0.26441
167	0.268086
167	0.790702
167	0.321426
167	0.333107
167	0.27987
167	0.232812
167	0.257464
167	0.246405
167	0.287308
167	0.254985
170	0.251269
170	0.283168
170	0.236785
170	0.221429
170	0.143954
170	0.242304
170	0.257571
170	0.268524
170	0.21677
170	0.217781
170	0.295278
170	0.331707
170	0.280332
170	0.182742
170	0.251048
170	0.253248
170	0.2828
170	0.298691
170	0.229476
170	0.237937
170	0.230629
170	0.277514
170	0.275111
170	0.225456
170	0.239511
170	0.185128
170	0.225644
170	0.301147
170	0.37272
170	0.260094
170	0.309254
170	0.201942
170	0.2777
170	0.286662
170	0.281844
170	0.187604
170	0.249396
170	0.312682
170	0.238535
170	0.257772
170	0.277855
170	0.267889
170	0.364486
170	0.239334
170	0.303268
170	0.194053
170	0.217606
170	0.258484
170	0.230454
170	0.254894
170	0.274881
170	0.274553
170	0.186992
170	0.258403
170	0.329672
170	0.395128
170	0.286843
170	0.216273
170	0.319347
170	0.227225
170	0.312923
170	0.250776
170	0.289534
170	0.281211
170	0.283024
170	0.224774
170	0.394014
170	0.27305
170	0.213559
170	0.257963
170	0.286805
170	0.285301
170	0.228962
170	0.250717
170	0.247844
170	0.247532
170	0.286381
170	0.276335
170	0.280587
170	0.313752
170	0.239014
170	0.26776
170	0.250616
170	0.280343
170	0.274481
170	0.29429
170	0.328941
170	0.273729
170	0.314484
170	0.259167
170	0.257402
170	0.23222
170	0.247244
170	0.32718
170	0.276855
170	0.323318
170	0.256761
170	0.21304
170	0.20343
170	0.243128
173	0.269559
173	0.27593
173	0.291869
173	0.287525
173	0.268412
173	0.27196
173	0.186176
173	0.289252
173	0.199088
173	0.33868
173	0.236882
173	0.2802
173	0.25037
173	0.235256
173	0.277948
173	0.30162
173	0.287661
173	0.279348
173	0.289509
173	0.276882
173	0.252262
173	0.281011
173	0.228642
173	0.292244
173	0.334187
173	0.274308
173	0.263261
173	0.194202
173	0.253285
173	0.256903
173	0.231823
173	0.298068
173	0.299578
173	0.300914
173	0.28758
173	0.177656
173	0.80071
173	0.190804
173	0.264915
173	0.284125
173	0.798981
173	0.227216
173	0.281682
173	0.242692
173	0.188602
173	0.262894
173	0.262655
173	0.251203
173	0.306797
173	0.378787
173	0.301603
173	0.261882
173	0.876617
173	0.791239
173	0.214895
173	0.189471
173	0.287867
173	0.322748
173	0.275111
173	0.304317
173	0.221769
173	0.449636
173	0.235771
173	0.201612
173	0.316486
173	0.288295
173	0.247344
173	0.165212
173	0.24211
173	0.351813
173	0.237625
173	0.22878
173	0.27502
173	0.343124
173	0.277668
173	0.223394
173	0.2062
173	0.202535
173	0.223531
173	0.212481
173	0.266364
173	0.280214
173	0.19204
173	0.195781
173	0.279258
173	0.301504
173	0.281435
173	0.25381
173	0.247409
173	0.303886
173	0.230387
173	0.18797
173	0.276392
173	0.251067
173	0.862363
173	0.254004
173	0.325435
173	0.27573
173	0.291395
173	0.260325
176	0.245795
176	0.291995
176	0.289472
176	0.210101
176	0.263784
176	0.274686
176	0.317636
176	0.325291
176	0.185386
176	0.199526
176	0.337469
176	0.279466
176	0.261944
176	0.27056
176	0.255478
176	0.252968
176	0.321523
176	0.292608
176	0.309776
176	0.250247
176	0.786126
176	0.297823
176	0.283927
176	0.358304
176	0.219576
176	0.226049
176	0.255369
176	0.348825
176	0.190291
176	0.315754
176	0.338122
176	0.391606
176	0.175046
176	0.278083
176	0.214404
176	0.254011
176	0.207228
176	0.273045
176	0.254241
176	0.303935
176	0.383385
176	0.175815
176	0.256878
176	0.251907
176	0.231358
176	0.239559
176	0.346577
176	0.178296
176	0.284129
176	0.866234
176	0.25129
176	0.238139
176	0.244624
176	0.262528
176	0.315849
176	0.281802
176	0.2042
176	0.292676
176	0.257349
176	0.195684
176	0.283696
176	0.238729
176	0.346463
176	0.219583
176	0.238833
176	0.284532
176	0.222538
176	0.313934
176	0.266823
176	0.284656
176	0.201783
176	0.250781
176	0.281249
176	0.32079
176	0.292328
176	0.250709
176	0.276486
176	0.33376
176	0.214527
176	0.282773
176	0.262804
176	0.33004
176	0.287329
176	0.270398
176	0.178535
176	0.321759
176	0.256718
176	0.203006
176	0.24788
176	0.843633
176	0.224679
176	0.199108
176	0.321211
176	0.23305
176	0.216049
176	0.223955
176	0.292225
176	0.279057
176	0.205191
176	0.230501
179	0.326044
179	0.322023
179	0.29852
179	0.279446
179	0.279553
179	0.270678
179	0.172604
179	0.270108
179	0.31236
179	0.294374
179	0.240748
179	0.305563
179	0.23837
179	0.249313
179	0.238542
179	0.352911
179	0.263729
179	0.271777
179	0.330374
179	0.252632
179	0.267773
179	0.292175
179	0.337813
179	0.248507
179	0.30303
179	0.25679
179	0.287886
179	0.222863
179	0.245491
179	0.269477
179	0.268478
179	0.260739
179	0.286719
179	0.293643
179	0.257082
179	0.238981
179	0.28513
179	0.285167
179	0.358266
179	0.239072
179	0.295499
179	0.172294
179	0.283919
179	0.258481
179	0.309402
179	0.222335
179	0.233745
179	0.288266
179	0.234962
179	0.277721
179	0.224602
179	0.183104
179	0.367586
179	0.283669
179	0.224568
179	0.283441
179	0.236736
179	0.322476
179	0.244985
179	0.291484
179	0.240638
179	0.287755
179	0.227879
179	0.25026
179	0.306256
179	0.859883
179	0.243977
179	0.267968
179	0.225083
179	0.355302
179	0.327015
179	0.28455
179	0.201575
179	0.27052
179	0.234307
179	0.263836
179	0.249871
179	0.290055
179	0.283802
179	0.315256
179	0.25447
179	0.241305
179	0.249271
179	0.233562
179	0.188148
179	0.241947
179	0.283275
179	0.273391
179	0.194304
179	0.228643
179	0.224184
179	0.25855
179	0.275707
179	0.308392
179	0.270102
179	0.266417
179	0.285514
179	0.340342
179	0.215812
179	0.280474
182	0.253915
182	0.330773
182	0.265799
182	0.213145
182	0.248814
182	0.202185
182	0.314562
182	0.353803
182	0.279242
182	0.273897
182	0.225474
182	0.250198
182	0.266114
182	0.225014
182	0.152524
182	0.302518
182	0.276365
182	0.261545
182	0.252418
182	0.224974
182	0.265792
182	0.21257
182	0.232624
182	0.209301
182	0.182617
182	0.222205
182	0.274895
182	0.200736
182	0.17313
182	0.119898
182	0.240464
182	0.285054
182	0.244201
182	0.185815
182	0.278878
182	0.27567
182	0.252015
182	0.190529
182	0.296977
182	0.256912
182	0.233892
182	0.274123
182	0.222766
182	0.293506
182	0.311384
182	0.258488
182	0.269769
182	0.265493
182	0.307256
182	0.28157
182	0.245027
182	0.35147
182	0.790152
182	0.225079
182	0.221317
182	0.309665
182	0.249661
182	0.241054
182	0.276685
182	0.777822
182	0.285821
182	0.239009
182	0.266865
182	0.221222
182	0.237514
182	0.237944
182	0.272278
182	0.302542
182	0.232376
182	0.208155
182	0.225984
182	0.281634
182	0.249681
182	0.284328
182	0.216205
182	0.254347
182	0.235816
182	0.183552
182	0.245214
182	0.310693
182	0.201848
182	0.206702
182	0.193211
182	0.276794
182	0.174782
182	0.381456
182	0.248511
182	0.156933
182	0.788491
182	0.220452
182	0.301212
182	0.19177
182	0.258536
182	0.268808
182	0.167014
182	0.254991
182	0.270497
182	0.288972
182	0.319088
182	0.255348
185	0.211762
185	0.195864
185	0.190277
185	0.270738
185	0.225679
185	0.290134
185	0.260081
185	0.268676
185	0.235721
185	0.311066
185	0.256758
185	0.342505
185	0.173326
185	0.309345
185	0.254685
185	0.208905
185	0.275822
185	0.189957
185	0.354932
185	0.259924
185	0.290069
185	0.224153
185	0.275423
185	0.281794
185	0.331754
185	0.129727
185	0.281626
185	0.308353
185	0.221037
185	0.249408
185	0.280944
185	0.270697
185	0.260377
185	0.238249
185	0.254985
185	0.250286
185	0.328294
185	0.262855
185	0.193595
185	0.299372
185	0.192568
185	0.355621
185	0.234328
185	0.307612
185	0.253176
185	0.2561
185	0.177646
185	0.254519
185	0.221577
185	0.171063
185	0.814575
185	0.277693
185	0.218098
185	0.237669
185	0.26081
185	0.286117
185	0.232898
185	0.291911
185	0.202783
185	0.273911
185	0.240893
185	0.266661
185	0.314055
185	0.18191
185	0.328386
185	0.282121
185	0.20701
185	0.186032
185	0.310311
185	0.318667
185	0.158655
185	0.238853
185	0.290757
185	0.365051
185	0.342418
185	0.227768
185	0.25712
185	0.300459
185	0.268658
185	0.25736
185	0.194609
185	0.263191
185	0.255846
185	0.26041
185	0.272886
185	0.288895
185	0.415507
185	0.178021
185	0.339283
185	0.250117
185	0.300584
185	0.207623
185	0.279224
185	0.31216
185	0.215219
185	0.188927
185	0.327521
185	0.264141
185	0.194977
185	0.27778
188	0.222
188	0.271389
188	0.248215
188	0.304326
188	0.279759
188	0.306984
188	0.21086
188	0.245732
188	0.221514
188	0.32706
188	0.180947
188	0.215304
188	0.237674
188	0.335453
188	0.244095
188	0.274955
188	0.213641
188	0.243477
188	0.284549
188	0.24187
188	0.281438
188	0.22525
188	0.205304
188	0.181906
188	0.300329
188	0.289834
188	0.263232
188	0.262674
188	0.244518
188	0.182674
188	0.246907
188	0.205246
188	0.218409
188	0.322599
188	0.298097
188	0.260447
188	0.674324
188	0.219072
188	0.280466
188	0.237667
188	0.295796
188	0.264394
188	0.292574
188	0.208281
188	0.2525
188	0.211115
188	0.244808
188	0.257083
188	0.233458
188	0.78489
188	0.241679
188	0.304374
188	0.279999
188	0.211706
188	0.33337
188	0.324508
188	0.25811
188	0.250886
188	0.253153
188	0.259463
188	0.200584
188	0.306378
188	0.276363
188	0.23711
188	0.304651
188	0.29276
188	0.183123
188	0.262879
188	0.247508
188	0.378444
188	0.206554
188	0.212649
188	0.297591
188	0.155396
188	0.263396
188	0.285572
188	0.30713
188	0.267028
188	0.277913
188	0.283849
188	0.231022
188	0.242566
188	0.294529
188	0.197226
188	0.226145
188	0.190247
188	0.301562
188	0.205146
188	0.293895
188	0.257194
188	0.311178
188	0.329268
188	0.207858
188	0.269585
188	0.274245
188	0.244171
188	0.281308
188	0.282132
188	0.266799
188	0.2579
191	0.232176
191	0.35438
191	0.231704
191	0.32227
191	0.306743
191	0.288083
191	0.221034
191	0.172986
191	0.269685
191	0.257317
191	0.326324
191	0.274653
191	0.257438
191	0.225752
191	0.206142
191	0.293745
191	0.25004
191	0.223975
191	0.183223
191	0.294461
191	0.25668
191	0.258254
191	0.252796
191	0.28611
191	0.332769
191	0.276716
191	0.277893
191	0.321315
191	0.308463
191	0.746065
191	0.268136
191	0.217573
191	0.283919
191	0.276897
191	0.38511
191	0.271593
191	0.233249
191	0.269914
191	0.198188
191	0.294194
191	0.268562
191	0.224137
191	0.235468
191	0.281487
191	0.29806
191	0.229712
191	0.258425
191	0.825654
191	0.258954
191	0.273642
191	0.213616
191	0.231446
191	0.177552
191	0.277159
191	0.215448
191	0.278727
191	0.191319
191	0.264777
191	0.24001
191	0.331042
191	0.198776
191	0.203927
191	0.650159
191	0.257461
191	0.248193
191	0.238911
191	0.242708
191	0.213097
191	0.270717
191	0.291723
191	0.356054
191	0.320703
191	0.189527
191	0.355758
191	0.188085
191	0.323029
191	0.271938
191	0.290159
191	0.239403
191	0.217464
191	0.215078
191	0.269134
191	0.137673
191	0.252228
191	0.276549
191	0.235791
191	0.254095
191	0.196781
191	0.353629
191	0.268122
191	0.318605
191	0.252485
191	0.286481
191	0.221525
191	0.274603
191	0.249248
191	0.288859
191	0.706111
191	0.207468
191	0.288974
194	0.175714
194	0.24617
194	0.168586
194	0.242952
194	0.241178
194	0.249855
194	0.237818
194	0.213142
194	0.342867
194	0.275352
194	0.294329
194	0.189968
194	0.186853
194	0.80187
194	0.282533
194	0.251595
194	0.292647
194	0.285773
194	0.249907
194	0.298352
194	0.225278
194	0.296374
194	0.257688
194	0.212755
194	0.30595
194	0.258505
194	0.299193
194	0.29328
194	0.238815
194	0.284059
194	0.260691
194	0.23902
194	0.290905
194	0.262415
194	0.289055
194	0.276822
194	0.258836
194	0.309592
194	0.835278
194	0.239514
194	0.29625
194	0.311792
194	0.276403
194	0.225779
194	0.315227
194	0.305956
194	0.245563
194	0.345358
194	0.187791
194	0.298382
194	0.32538
194	0.305651
194	0.348934
194	0.260379
194	0.299158
194	0.282587
194	0.25995
194	0.246259
194	0.270141
194	0.199353
194	0.281264
194	0.316615
194	0.316346
194	0.247364
194	0.285012
194	0.202653
194	0.246626
194	0.245054
194	0.247539
194	0.241129
194	0.254411
194	0.214649
194	0.235238
194	0.278696
194	0.282414
194	0.23733
194	0.285766
194	0.282247
194	0.262531
194	0.323228
194	0.209283
194	0.214947
194	0.144293
194	0.246094
194	0.201762
194	0.234931
194	0.321838
194	0.256538
194	0.257686
194	0.231041
194	0.368131
194	0.251735
194	0.289228
194	0.348023
194	0.297358
194	0.212494
194	0.262733
194	0.317698
194	0.818808
194	0.214415
197	0.278273
197	0.168869
197	0.289836
197	0.182497
197	0.263467
197	0.211915
197	0.202466
197	0.216293
197	0.238194
197	0.333059
197	0.242542
197	0.285533
197	0.229701
197	0.227391
197	0.225816
197	0.84836
197	0.351593
197	0.204618
197	0.752904
197	0.270754
197	0.311489
197	0.255694
197	0.226524
197	0.475367
197	0.408713
197	0.209904
197	0.245325
197	0.199982
197	0.190765
197	0.271798
197	0.283681
197	0.228215
197	0.311352
197	0.202169
197	0.204362
197	0.251325
197	0.236305
197	0.249478
197	0.31783
197	0.257553
197	0.256741
197	0.38135
197	0.172171
197	0.25176
197	0.265293
197	0.291722
197	0.258851
197	0.269021
197	0.264601
197	0.307918
197	0.296255
197	0.323813
197	0.238948
197	0.328115
197	0.248538
197	0.312495
197	0.251672
197	0.270499
197	0.150802
197	0.300326
197	0.352971
197	0.314151
197	0.195208
197	0.26086
197	0.262763
197	0.259761
197	0.230925
197	0.255267
197	0.314898
197	0.275151
197	0.331678
197	0.165957
197	0.197432
197	0.273879
197	0.30953
197	0.27017
197	0.265596
197	0.298892
197	0.305815
197	0.22512
197	0.226909
197	0.296266
197	0.216523
197	0.275888
197	0.239764
197	0.207679
197	0.216832
197	0.248554
197	0.164552
197	0.139021
197	0.191099
197	0.263484
197	0.332662
197	0.303484
197	0.284515
197	0.208749
197	0.289952
197	0.292974
197	0.256308
197	0.261487
200	0.201616
200	0.267362
200	0.218627
200	0.43121
200	0.221394
200	0.256728
200	0.356514
200	0.299958
200	0.147221
200	0.280019
200	0.190475
200	0.238331
200	0.302099
200	0.205787
200	0.249928
200	0.234258
200	0.291974
200	0.231105
200	0.184037
200	0.24068
200	0.224063
200	0.24788
200	0.32647
200	0.306135
200	0.334194
200	0.277762
200	0.227905
200	0.289937
200	0.212229
200	0.260221
200	0.279341
200	0.220934
200	0.578962
200	0.806733
200	0.236491
200	0.189496
200	0.189328
200	0.847455
200	0.148911
200	0.254728
200	0.218883
200	0.195099
200	0.853102
200	0.246632
200	0.268948
200	0.314965
200	0.278622
200	0.270049
200	0.152505
200	0.126534
200	0.171888
200	0.28318
200	0.244575
200	0.225669
200	0.220131
200	0.190551
200	0.226615
200	0.191672
200	0.362047
200	0.226967
200	0.267671
200	0.349064
200	0.192233
200	0.171074
200	0.287828
200	0.283207
200	0.292779
200	0.272914
200	0.538623
200	0.23614
200	0.296411
200	0.1785
200	0.196142
200	0.257883
200	0.295502
200	0.213919
200	0.278503
200	0.187068
200	0.281746
200	0.194089
200	0.32131
200	0.299711
200	0.374034
200	0.273365
200	0.324031
200	0.254312
200	0.345144
200	0.319464
200	0.273906
200	0.216439
200	0.226021
200	0.253866
200	0.854166
200	0.359907
200	0.19773
200	0.265219
200	0.164662
200	0.237079
200	0.244095
200	0.250487
