10	31
9	0.1
8	0.1
7	0.1
6	0.1
5	0.1
4	0.1
3	0.1
2	0.1
1	0.1
0	0.1
40	7.0478e-05
39	0.000158678
38	0.000324054
37	0.000616727
36	0.000725583
35	0.000981965
34	0.00181509
33	0.00302191
32	0.00464815
31	0.00657
30	0.00726136
29	0.00727788
28	0.00802489
27	0.00873026
26	0.00931161
25	0.0123476
24	0.0133386
23	0.0150242
22	0.0210416
21	0.0276292
20	0.0281453
19	0.0396683
18	0.0404985
17	0.0484203
16	0.0494345
15	0.0600471
14	0.0851227
13	0.0933702
12	0.0963724
11	0.14941
10	0.160591
180	9	32	0.38
180	8	26	0.14
180	7	10	0.0733333
180	6	16	0.0933333
180	5	35	0.22
180	4	16	0.12
180	3	16	0.126667
180	2	34	0.2
180	1	27	0.153333
180	0	30	0.206667
