var	minCostFlow
30	0.276637
30	0.269204
30	0.333081
30	0.295851
30	0.243335
30	0.271119
30	0.25034
30	0.30095
30	0.288302
30	0.295303
30	0.277035
30	0.244493
30	0.223109
30	0.308077
30	0.309224
30	0.284652
30	0.311702
30	0.268908
30	0.327007
30	0.365396
30	0.317958
30	0.266852
30	0.197885
30	0.230722
30	0.235428
30	0.279206
30	0.307404
30	0.266421
30	0.243037
30	0.25695
30	0.265159
30	0.364384
30	0.249531
30	0.266169
30	0.220786
30	0.210107
30	0.264425
30	0.344458
30	0.252591
30	0.322876
30	0.278284
30	0.318054
30	0.275893
30	0.275675
30	0.265051
30	0.242814
30	0.265995
30	0.368373
30	0.314661
30	0.243221
30	0.241761
30	0.311163
30	0.341453
30	0.254701
30	0.257394
30	0.247901
30	0.237549
30	0.329236
30	0.221541
30	0.338252
30	0.284899
30	0.359693
30	0.2787
30	0.240631
30	0.281315
30	0.280669
30	0.341873
30	0.324499
30	0.302564
30	0.283309
30	0.30199
30	0.23315
30	0.253096
30	0.227693
30	0.250431
30	0.269928
30	0.357558
30	0.266183
30	0.300482
30	0.313475
30	0.296167
30	0.279123
30	0.269044
30	0.32809
30	0.229598
30	0.230582
30	0.301964
30	0.254354
30	0.326034
30	0.257792
30	0.253796
30	0.291799
30	0.286125
30	0.269981
30	0.268772
30	0.327222
30	0.287169
30	0.255882
30	0.30422
30	0.294513
33	0.239507
33	0.325473
33	0.253853
33	0.296287
33	0.293009
33	0.360647
33	0.216324
33	0.30023
33	0.351778
33	0.267348
33	0.295131
33	0.282586
33	0.223438
33	0.332185
33	0.390347
33	0.276554
33	0.288496
33	0.321232
33	0.301243
33	0.315501
33	0.328766
33	0.328357
33	0.288287
33	0.342664
33	0.279582
33	0.248959
33	0.332953
33	0.300578
33	0.22698
33	0.268497
33	0.279557
33	0.309015
33	0.291508
33	0.31447
33	0.273527
33	0.334718
33	0.280258
33	0.312679
33	0.28038
33	0.26186
33	0.335525
33	0.280287
33	0.312936
33	0.243108
33	0.247686
33	0.289636
33	0.283955
33	0.285477
33	0.29959
33	0.305737
33	0.318979
33	0.268863
33	0.256481
33	0.275144
33	0.334922
33	0.240333
33	0.343587
33	0.27244
33	0.22803
33	0.277286
33	0.301099
33	0.27138
33	0.296276
33	0.282736
33	0.28611
33	0.320567
33	0.280623
33	0.329679
33	0.293587
33	0.206897
33	0.241172
33	0.232852
33	0.278096
33	0.314297
33	0.284261
33	0.321791
33	0.286658
33	0.284958
33	0.2761
33	0.312255
33	0.338215
33	0.399267
33	0.262306
33	0.319175
33	0.238979
33	0.205973
33	0.320848
33	0.306624
33	0.23588
33	0.26799
33	0.296584
33	0.35495
33	0.292203
33	0.312544
33	0.322324
33	0.285437
33	0.355902
33	0.305838
33	0.303161
33	0.29625
36	0.264362
36	0.254554
36	0.31208
36	0.294841
36	0.331822
36	0.300617
36	0.300187
36	0.258126
36	0.308856
36	0.280204
36	0.282712
36	0.253977
36	0.235551
36	0.362873
36	0.288239
36	0.255744
36	0.298805
36	0.280185
36	0.320785
36	0.318463
36	0.265531
36	0.267771
36	0.296311
36	0.249992
36	0.262762
36	0.288387
36	0.282405
36	0.205995
36	0.220305
36	0.222659
36	0.256183
36	0.25864
36	0.202483
36	0.228599
36	0.327607
36	0.290048
36	0.254177
36	0.299311
36	0.303265
36	0.283465
36	0.306136
36	0.259906
36	0.270947
36	0.304841
36	0.280791
36	0.318156
36	0.319591
36	0.300702
36	0.33025
36	0.300515
36	0.222907
36	0.280414
36	0.259134
36	0.277727
36	0.303461
36	0.321188
36	0.300017
36	0.324401
36	0.298262
36	0.298244
36	0.263426
36	0.208771
36	0.311642
36	0.223596
36	0.359488
36	0.232357
36	0.328681
36	0.273117
36	0.250704
36	0.263395
36	0.29237
36	0.300969
36	0.282259
36	0.266905
36	0.227518
36	0.312991
36	0.265025
36	0.272935
36	0.308514
36	0.286329
36	0.300575
36	0.260771
36	0.282372
36	0.286326
36	0.243598
36	0.310158
36	0.257263
36	0.26249
36	0.274936
36	0.200599
36	0.282978
36	0.292418
36	0.371132
36	0.277189
36	0.252216
36	0.238243
36	0.308038
36	0.256549
36	0.272854
36	0.243364
39	0.301706
39	0.3159
39	0.178839
39	0.322498
39	0.246201
39	0.293252
39	0.331318
39	0.268743
39	0.28357
39	0.291994
39	0.280567
39	0.328889
39	0.300649
39	0.311068
39	0.285342
39	0.319728
39	0.281935
39	0.311304
39	0.277593
39	0.223079
39	0.192841
39	0.329445
39	0.255193
39	0.274427
39	0.281297
39	0.241421
39	0.225232
39	0.32445
39	0.321503
39	0.247318
39	0.260742
39	0.28891
39	0.314098
39	0.325202
39	0.303662
39	0.335447
39	0.253326
39	0.285879
39	0.281245
39	0.298816
39	0.339652
39	0.316175
39	0.331824
39	0.296084
39	0.340749
39	0.313606
39	0.289966
39	0.280009
39	0.274982
39	0.295703
39	0.295471
39	0.285335
39	0.360491
39	0.311516
39	0.252202
39	0.294858
39	0.282181
39	0.280635
39	0.253322
39	0.267234
39	0.289256
39	0.360172
39	0.274348
39	0.304931
39	0.302893
39	0.295512
39	0.292039
39	0.268884
39	0.249225
39	0.22386
39	0.264351
39	0.243991
39	0.322104
39	0.297351
39	0.339487
39	0.357016
39	0.338237
39	0.295704
39	0.293332
39	0.323615
39	0.307316
39	0.29924
39	0.268618
39	0.263904
39	0.289897
39	0.295899
39	0.296221
39	0.261525
39	0.224054
39	0.30303
39	0.275076
39	0.266821
39	0.271755
39	0.277771
39	0.34911
39	0.218361
39	0.261537
39	0.223699
39	0.330981
39	0.262145
42	0.233354
42	0.298161
42	0.297526
42	0.296236
42	0.281546
42	0.330709
42	0.258345
42	0.317436
42	0.288141
42	0.288186
42	0.295383
42	0.282836
42	0.277003
42	0.230094
42	0.323579
42	0.262693
42	0.268144
42	0.271842
42	0.244442
42	0.307744
42	0.323765
42	0.300882
42	0.240344
42	0.328008
42	0.275562
42	0.31721
42	0.310036
42	0.265704
42	0.326883
42	0.269897
42	0.237981
42	0.302371
42	0.31169
42	0.332357
42	0.243741
42	0.353176
42	0.309762
42	0.311268
42	0.274717
42	0.259115
42	0.269242
42	0.283781
42	0.258313
42	0.265831
42	0.287279
42	0.275759
42	0.287094
42	0.247202
42	0.305139
42	0.297228
42	0.249222
42	0.228399
42	0.26001
42	0.30024
42	0.207628
42	0.307417
42	0.257958
42	0.257628
42	0.189346
42	0.275829
42	0.2752
42	0.246363
42	0.314368
42	0.241907
42	0.352927
42	0.263666
42	0.308235
42	0.236283
42	0.316478
42	0.408465
42	0.243638
42	0.290815
42	0.2447
42	0.319267
42	0.241818
42	0.311329
42	0.252411
42	0.263929
42	0.292248
42	0.32027
42	0.350697
42	0.293524
42	0.265996
42	0.258497
42	0.350213
42	0.258565
42	0.313194
42	0.263629
42	0.364268
42	0.311528
42	0.281895
42	0.334676
42	0.281847
42	0.244713
42	0.348318
42	0.301949
42	0.221196
42	0.266987
42	0.318455
42	0.242526
45	0.270354
45	0.283084
45	0.331913
45	0.251952
45	0.333944
45	0.284543
45	0.287065
45	0.312605
45	0.329082
45	0.286536
45	0.377721
45	0.26308
45	0.289461
45	0.364007
45	0.243033
45	0.347152
45	0.30602
45	0.31152
45	0.284112
45	0.280136
45	0.334088
45	0.257559
45	0.282607
45	0.25795
45	0.345877
45	0.309191
45	0.298592
45	0.28478
45	0.21696
45	0.329636
45	0.239267
45	0.290949
45	0.261348
45	0.290401
45	0.328752
45	0.250551
45	0.290144
45	0.355314
45	0.307852
45	0.255792
45	0.289243
45	0.323472
45	0.318379
45	0.32463
45	0.317523
45	0.286608
45	0.332672
45	0.271766
45	0.292959
45	0.274807
45	0.277854
45	0.303087
45	0.272232
45	0.293111
45	0.256191
45	0.275197
45	0.316568
45	0.299736
45	0.322356
45	0.301164
45	0.289435
45	0.320419
45	0.249043
45	0.264395
45	0.281987
45	0.277422
45	0.280493
45	0.326536
45	0.281408
45	0.350926
45	0.343452
45	0.302106
45	0.282157
45	0.287421
45	0.217133
45	0.313179
45	0.27221
45	0.268349
45	0.238473
45	0.262289
45	0.274917
45	0.222193
45	0.337727
45	0.280632
45	0.360469
45	0.272575
45	0.239246
45	0.357963
45	0.295444
45	0.196506
45	0.292477
45	0.286695
45	0.272833
45	0.248408
45	0.287888
45	0.272965
45	0.24152
45	0.318596
45	0.29251
45	0.294463
48	0.274719
48	0.294894
48	0.249597
48	0.28354
48	0.264721
48	0.299607
48	0.270514
48	0.298237
48	0.271011
48	0.331289
48	0.303618
48	0.291472
48	0.246254
48	0.315523
48	0.301458
48	0.235961
48	0.315078
48	0.253268
48	0.225765
48	0.262801
48	0.224844
48	0.303406
48	0.264921
48	0.287016
48	0.259083
48	0.248626
48	0.28835
48	0.263012
48	0.295901
48	0.261159
48	0.244984
48	0.226769
48	0.28703
48	0.256027
48	0.249929
48	0.284734
48	0.233297
48	0.298281
48	0.291059
48	0.299986
48	0.297928
48	0.266745
48	0.286596
48	0.288597
48	0.318286
48	0.296334
48	0.287673
48	0.28083
48	0.265447
48	0.332966
48	0.279126
48	0.318454
48	0.267154
48	0.296167
48	0.279345
48	0.300726
48	0.28518
48	0.282976
48	0.236768
48	0.273665
48	0.283568
48	0.304229
48	0.308869
48	0.261906
48	0.277555
48	0.243859
48	0.265742
48	0.306924
48	0.30157
48	0.322965
48	0.221273
48	0.284997
48	0.269894
48	0.328513
48	0.318852
48	0.286531
48	0.30695
48	0.277491
48	0.245699
48	0.307272
48	0.262874
48	0.291175
48	0.321861
48	0.209395
48	0.292485
48	0.307243
48	0.230574
48	0.2627
48	0.29562
48	0.319082
48	0.316897
48	0.29515
48	0.270468
48	0.297528
48	0.303396
48	0.264334
48	0.292825
48	0.308305
48	0.319378
48	0.213403
51	0.220842
51	0.262162
51	0.249119
51	0.257528
51	0.336555
51	0.321884
51	0.265446
51	0.263572
51	0.325896
51	0.253908
51	0.245153
51	0.24675
51	0.335327
51	0.324746
51	0.32148
51	0.328267
51	0.261372
51	0.241825
51	0.245212
51	0.247199
51	0.261406
51	0.179693
51	0.236424
51	0.315966
51	0.244649
51	0.279972
51	0.291774
51	0.31128
51	0.288432
51	0.287778
51	0.296769
51	0.248557
51	0.316273
51	0.295893
51	0.292982
51	0.337425
51	0.344668
51	0.286368
51	0.27517
51	0.327217
51	0.242362
51	0.288239
51	0.275892
51	0.247055
51	0.22634
51	0.31323
51	0.229124
51	0.304053
51	0.271544
51	0.245628
51	0.284964
51	0.346154
51	0.325146
51	0.292709
51	0.341546
51	0.222956
51	0.273914
51	0.252854
51	0.249738
51	0.369845
51	0.260064
51	0.305706
51	0.320742
51	0.254417
51	0.237423
51	0.270355
51	0.251517
51	0.239773
51	0.285089
51	0.318835
51	0.250095
51	0.261612
51	0.302992
51	0.381186
51	0.272304
51	0.298251
51	0.269715
51	0.283926
51	0.307462
51	0.337181
51	0.32417
51	0.288995
51	0.306197
51	0.302812
51	0.290669
51	0.292736
51	0.270647
51	0.292266
51	0.310406
51	0.284192
51	0.257239
51	0.298272
51	0.275489
51	0.260285
51	0.263193
51	0.283822
51	0.308108
51	0.23118
51	0.295765
51	0.260827
54	0.335629
54	0.293129
54	0.331508
54	0.280574
54	0.242259
54	0.317947
54	0.294214
54	0.245319
54	0.27829
54	0.280553
54	0.281449
54	0.303243
54	0.251196
54	0.267754
54	0.290279
54	0.298641
54	0.259325
54	0.223321
54	0.226156
54	0.23562
54	0.246337
54	0.327121
54	0.280194
54	0.282982
54	0.256146
54	0.297784
54	0.228266
54	0.260049
54	0.30536
54	0.34833
54	0.235538
54	0.259025
54	0.31221
54	0.265126
54	0.279141
54	0.281679
54	0.275165
54	0.305551
54	0.284671
54	0.269825
54	0.266712
54	0.280552
54	0.265526
54	0.287408
54	0.263449
54	0.256945
54	0.294513
54	0.27837
54	0.222809
54	0.276556
54	0.287384
54	0.324002
54	0.337144
54	0.286076
54	0.275998
54	0.240006
54	0.251166
54	0.315066
54	0.237443
54	0.346048
54	0.232877
54	0.287618
54	0.334551
54	0.238945
54	0.305216
54	0.21608
54	0.264993
54	0.270735
54	0.254187
54	0.22952
54	0.22633
54	0.30699
54	0.273208
54	0.27047
54	0.245074
54	0.265255
54	0.348418
54	0.284912
54	0.299692
54	0.289092
54	0.262919
54	0.265736
54	0.289611
54	0.292912
54	0.291563
54	0.296278
54	0.198397
54	0.263005
54	0.309197
54	0.279684
54	0.194155
54	0.274876
54	0.347798
54	0.280676
54	0.276444
54	0.291836
54	0.260579
54	0.270182
54	0.27908
54	0.311856
57	0.20375
57	0.316032
57	0.284604
57	0.283288
57	0.263937
57	0.277279
57	0.258449
57	0.27119
57	0.345912
57	0.274791
57	0.255533
57	0.252094
57	0.264944
57	0.347403
57	0.33999
57	0.326429
57	0.309781
57	0.288556
57	0.271062
57	0.290159
57	0.271075
57	0.287334
57	0.288748
57	0.236476
57	0.34871
57	0.286781
57	0.319328
57	0.280627
57	0.27164
57	0.329923
57	0.342213
57	0.310344
57	0.289331
57	0.359723
57	0.306479
57	0.325004
57	0.274644
57	0.316196
57	0.279853
57	0.312436
57	0.26564
57	0.305558
57	0.310802
57	0.273972
57	0.259806
57	0.262885
57	0.312228
57	0.263145
57	0.32286
57	0.304851
57	0.278393
57	0.251358
57	0.280771
57	0.294238
57	0.263746
57	0.243705
57	0.241117
57	0.295067
57	0.314221
57	0.276331
57	0.248717
57	0.308326
57	0.207482
57	0.241902
57	0.289701
57	0.269441
57	0.239064
57	0.31408
57	0.266542
57	0.30373
57	0.228813
57	0.275709
57	0.267028
57	0.274372
57	0.274928
57	0.300656
57	0.268665
57	0.203157
57	0.353559
57	0.27733
57	0.314555
57	0.249832
57	0.292928
57	0.204019
57	0.280288
57	0.270011
57	0.310623
57	0.274068
57	0.309474
57	0.263293
57	0.357927
57	0.243293
57	0.314649
57	0.311342
57	0.239604
57	0.259942
57	0.313615
57	0.28932
57	0.335409
57	0.239455
60	0.251061
60	0.207645
60	0.259036
60	0.319295
60	0.267659
60	0.293039
60	0.271946
60	0.271489
60	0.214735
60	0.24921
60	0.283053
60	0.278849
60	0.31601
60	0.237291
60	0.303149
60	0.32128
60	0.291039
60	0.307986
60	0.299324
60	0.206161
60	0.352276
60	0.315665
60	0.249031
60	0.274189
60	0.308158
60	0.295394
60	0.30017
60	0.222366
60	0.275538
60	0.380063
60	0.340675
60	0.297148
60	0.197282
60	0.276666
60	0.249157
60	0.295644
60	0.318732
60	0.267676
60	0.248368
60	0.279991
60	0.301355
60	0.306036
60	0.319216
60	0.279639
60	0.271804
60	0.279798
60	0.279939
60	0.275487
60	0.280466
60	0.258078
60	0.244001
60	0.261731
60	0.246366
60	0.270063
60	0.401154
60	0.242054
60	0.231391
60	0.267036
60	0.272763
60	0.272403
60	0.295384
60	0.299215
60	0.335916
60	0.241298
60	0.28837
60	0.282658
60	0.337338
60	0.310751
60	0.281455
60	0.271821
60	0.328826
60	0.367793
60	0.30107
60	0.270724
60	0.27341
60	0.304996
60	0.270395
60	0.298077
60	0.337111
60	0.246602
60	0.252923
60	0.28553
60	0.266387
60	0.332181
60	0.272487
60	0.299229
60	0.360832
60	0.262055
60	0.325652
60	0.232192
60	0.256484
60	0.286908
60	0.228405
60	0.274449
60	0.230392
60	0.243088
60	0.316606
60	0.271087
60	0.282019
60	0.283467
63	0.274265
63	0.221304
63	0.293084
63	0.280566
63	0.24065
63	0.24994
63	0.305692
63	0.319237
63	0.270679
63	0.284961
63	0.25497
63	0.34397
63	0.284341
63	0.252538
63	0.270828
63	0.243434
63	0.274451
63	0.258037
63	0.269919
63	0.268524
63	0.275639
63	0.291074
63	0.311651
63	0.345493
63	0.280666
63	0.31317
63	0.285294
63	0.262476
63	0.325387
63	0.283298
63	0.269763
63	0.271535
63	0.270868
63	0.321666
63	0.217474
63	0.278681
63	0.21617
63	0.224402
63	0.289922
63	0.300495
63	0.289168
63	0.2618
63	0.298335
63	0.286277
63	0.280603
63	0.264614
63	0.250543
63	0.336038
63	0.279376
63	0.261593
63	0.31227
63	0.220187
63	0.277905
63	0.287941
63	0.26829
63	0.263397
63	0.271554
63	0.335899
63	0.315684
63	0.256219
63	0.277448
63	0.316367
63	0.268988
63	0.297085
63	0.23406
63	0.297495
63	0.271123
63	0.254982
63	0.312292
63	0.259667
63	0.352061
63	0.283344
63	0.288614
63	0.210555
63	0.184401
63	0.262236
63	0.396888
63	0.267026
63	0.331897
63	0.372964
63	0.24182
63	0.266717
63	0.243376
63	0.286342
63	0.249814
63	0.207532
63	0.296174
63	0.260527
63	0.371668
63	0.212236
63	0.282199
63	0.214597
63	0.326409
63	0.277904
63	0.284531
63	0.248736
63	0.278095
63	0.269543
63	0.2656
63	0.264126
66	0.313404
66	0.307964
66	0.239533
66	0.288129
66	0.260546
66	0.286609
66	0.287988
66	0.227182
66	0.297878
66	0.311269
66	0.315605
66	0.265996
66	0.227711
66	0.255341
66	0.306639
66	0.319296
66	0.294901
66	0.268443
66	0.234927
66	0.309634
66	0.245493
66	0.295235
66	0.272775
66	0.252167
66	0.284048
66	0.270206
66	0.251069
66	0.314108
66	0.281252
66	0.327064
66	0.364649
66	0.270534
66	0.246
66	0.31611
66	0.300179
66	0.345691
66	0.246629
66	0.298565
66	0.309669
66	0.232321
66	0.252406
66	0.349763
66	0.29379
66	0.30051
66	0.282001
66	0.285942
66	0.230586
66	0.246771
66	0.26262
66	0.319495
66	0.275577
66	0.327576
66	0.216842
66	0.285197
66	0.303782
66	0.25622
66	0.220417
66	0.283254
66	0.286935
66	0.239309
66	0.267503
66	0.291661
66	0.252078
66	0.319211
66	0.327315
66	0.250061
66	0.29865
66	0.255269
66	0.298835
66	0.275187
66	0.258562
66	0.295982
66	0.287321
66	0.277875
66	0.259136
66	0.285176
66	0.231937
66	0.297514
66	0.283777
66	0.271382
66	0.256189
66	0.313919
66	0.258953
66	0.29751
66	0.23841
66	0.333101
66	0.197921
66	0.253368
66	0.332602
66	0.289246
66	0.271592
66	0.294129
66	0.223878
66	0.293878
66	0.23293
66	0.325436
66	0.320346
66	0.225788
66	0.208601
66	0.314351
69	0.310138
69	0.257326
69	0.265206
69	0.251154
69	0.302899
69	0.300455
69	0.268606
69	0.2981
69	0.268414
69	0.317979
69	0.274199
69	0.232744
69	0.226518
69	0.271743
69	0.23766
69	0.274422
69	0.232474
69	0.326724
69	0.22475
69	0.278322
69	0.293487
69	0.311958
69	0.278086
69	0.278776
69	0.290937
69	0.293782
69	0.255439
69	0.285201
69	0.241832
69	0.328292
69	0.301891
69	0.274824
69	0.298909
69	0.262311
69	0.233289
69	0.325318
69	0.311483
69	0.306144
69	0.291146
69	0.238358
69	0.306522
69	0.302516
69	0.277107
69	0.336396
69	0.346288
69	0.277066
69	0.250217
69	0.248781
69	0.258244
69	0.252408
69	0.278176
69	0.292093
69	0.281503
69	0.248317
69	0.283742
69	0.278676
69	0.262363
69	0.2811
69	0.32421
69	0.308917
69	0.306559
69	0.225868
69	0.2032
69	0.201603
69	0.345242
69	0.204329
69	0.264589
69	0.278114
69	0.316588
69	0.296492
69	0.197342
69	0.252614
69	0.236615
69	0.308954
69	0.260353
69	0.284585
69	0.273823
69	0.326101
69	0.32738
69	0.28881
69	0.307887
69	0.281575
69	0.238906
69	0.222599
69	0.283272
69	0.277076
69	0.215543
69	0.260362
69	0.246061
69	0.278533
69	0.280794
69	0.33417
69	0.278372
69	0.274733
69	0.291234
69	0.316688
69	0.24744
69	0.251762
69	0.31976
69	0.261513
72	0.286934
72	0.280627
72	0.269054
72	0.273433
72	0.274244
72	0.26872
72	0.297037
72	0.268988
72	0.250794
72	0.217733
72	0.285644
72	0.308261
72	0.264585
72	0.248947
72	0.323841
72	0.320257
72	0.285075
72	0.22642
72	0.302179
72	0.265574
72	0.311682
72	0.266122
72	0.256273
72	0.261446
72	0.263933
72	0.285583
72	0.299526
72	0.304108
72	0.266606
72	0.282383
72	0.254906
72	0.309003
72	0.291181
72	0.315239
72	0.274218
72	0.271695
72	0.298802
72	0.269989
72	0.261962
72	0.276836
72	0.265595
72	0.288943
72	0.270208
72	0.323563
72	0.275637
72	0.279121
72	0.276725
72	0.331646
72	0.2761
72	0.304726
72	0.307369
72	0.262291
72	0.346729
72	0.342721
72	0.245382
72	0.333455
72	0.282943
72	0.307562
72	0.29627
72	0.302426
72	0.330316
72	0.27143
72	0.235441
72	0.298144
72	0.178085
72	0.287295
72	0.244665
72	0.287131
72	0.249197
72	0.28725
72	0.251907
72	0.272383
72	0.267609
72	0.282193
72	0.292957
72	0.268842
72	0.306519
72	0.290279
72	0.350945
72	0.234221
72	0.342254
72	0.306885
72	0.341597
72	0.291655
72	0.267627
72	0.260919
72	0.232609
72	0.27089
72	0.331776
72	0.264903
72	0.213973
72	0.279527
72	0.253215
72	0.258207
72	0.261131
72	0.271465
72	0.270199
72	0.261829
72	0.285676
72	0.275332
75	0.311486
75	0.284954
75	0.256409
75	0.243912
75	0.286002
75	0.240366
75	0.256929
75	0.213602
75	0.287333
75	0.254821
75	0.252615
75	0.326974
75	0.222077
75	0.24121
75	0.275037
75	0.230333
75	0.299469
75	0.271875
75	0.260618
75	0.302253
75	0.296802
75	0.264036
75	0.271572
75	0.262916
75	0.224975
75	0.286721
75	0.28273
75	0.259483
75	0.302183
75	0.213575
75	0.222434
75	0.261897
75	0.289291
75	0.252666
75	0.23156
75	0.244652
75	0.334409
75	0.314676
75	0.252046
75	0.243607
75	0.308193
75	0.19466
75	0.223398
75	0.253006
75	0.223244
75	0.293142
75	0.295203
75	0.248728
75	0.251061
75	0.28074
75	0.244919
75	0.303149
75	0.269756
75	0.198136
75	0.194109
75	0.338314
75	0.237557
75	0.278325
75	0.308303
75	0.227428
75	0.294829
75	0.267338
75	0.262902
75	0.317671
75	0.251646
75	0.295943
75	0.22467
75	0.282466
75	0.244603
75	0.235258
75	0.303505
75	0.275692
75	0.276228
75	0.270329
75	0.311599
75	0.2965
75	0.294659
75	0.260621
75	0.208317
75	0.269033
75	0.266551
75	0.344639
75	0.283091
75	0.23175
75	0.301803
75	0.273273
75	0.330935
75	0.254641
75	0.211922
75	0.288579
75	0.295217
75	0.342292
75	0.234015
75	0.224632
75	0.280472
75	0.28792
75	0.275151
75	0.265265
75	0.269827
75	0.209702
78	0.293909
78	0.280116
78	0.322556
78	0.250584
78	0.303134
78	0.332298
78	0.227165
78	0.242424
78	0.28596
78	0.260018
78	0.296976
78	0.278044
78	0.28541
78	0.182749
78	0.278634
78	0.326265
78	0.23293
78	0.268884
78	0.219046
78	0.301365
78	0.273995
78	0.269377
78	0.256226
78	0.314938
78	0.252387
78	0.278619
78	0.275358
78	0.22771
78	0.275732
78	0.198867
78	0.299749
78	0.274687
78	0.249621
78	0.301583
78	0.306358
78	0.286731
78	0.26253
78	0.26859
78	0.296398
78	0.297853
78	0.302654
78	0.289291
78	0.191682
78	0.273478
78	0.225159
78	0.23146
78	0.293011
78	0.289543
78	0.271258
78	0.277426
78	0.299544
78	0.299313
78	0.269141
78	0.268231
78	0.277382
78	0.31632
78	0.302152
78	0.236474
78	0.223581
78	0.269571
78	0.209591
78	0.261015
78	0.289188
78	0.311513
78	0.260665
78	0.287711
78	0.263719
78	0.297072
78	0.278871
78	0.281493
78	0.253905
78	0.188564
78	0.297052
78	0.238572
78	0.24245
78	0.263976
78	0.166004
78	0.298932
78	0.2662
78	0.258827
78	0.305607
78	0.215513
78	0.298688
78	0.229276
78	0.223734
78	0.239762
78	0.30403
78	0.27075
78	0.240302
78	0.230712
78	0.323257
78	0.208518
78	0.310796
78	0.269217
78	0.286874
78	0.266266
78	0.317205
78	0.273618
78	0.27607
78	0.264128
81	0.218368
81	0.296594
81	0.246102
81	0.285569
81	0.290059
81	0.294517
81	0.254767
81	0.307433
81	0.294806
81	0.273924
81	0.264456
81	0.237859
81	0.2902
81	0.209965
81	0.292469
81	0.273144
81	0.244847
81	0.240544
81	0.271309
81	0.279092
81	0.263865
81	0.249255
81	0.26596
81	0.274874
81	0.284569
81	0.274835
81	0.25228
81	0.297633
81	0.297462
81	0.260812
81	0.218234
81	0.241415
81	0.293059
81	0.29296
81	0.292489
81	0.280136
81	0.305862
81	0.28552
81	0.243407
81	0.278918
81	0.327055
81	0.2556
81	0.29966
81	0.240698
81	0.24135
81	0.248716
81	0.236882
81	0.29679
81	0.233621
81	0.282541
81	0.330668
81	0.226717
81	0.28535
81	0.263145
81	0.314006
81	0.279257
81	0.287653
81	0.292437
81	0.262768
81	0.30254
81	0.292442
81	0.299676
81	0.231896
81	0.266051
81	0.226283
81	0.274355
81	0.220478
81	0.338069
81	0.234241
81	0.263847
81	0.280709
81	0.262594
81	0.304693
81	0.301778
81	0.255259
81	0.267313
81	0.299549
81	0.244384
81	0.329556
81	0.325372
81	0.281761
81	0.253704
81	0.298692
81	0.260118
81	0.228476
81	0.303182
81	0.166388
81	0.313239
81	0.313933
81	0.301827
81	0.303707
81	0.312161
81	0.237357
81	0.240467
81	0.24515
81	0.190053
81	0.250766
81	0.295193
81	0.328667
81	0.246196
84	0.242654
84	0.272782
84	0.237932
84	0.239064
84	0.209402
84	0.242762
84	0.252752
84	0.272737
84	0.297567
84	0.266365
84	0.287389
84	0.26495
84	0.352224
84	0.249443
84	0.287488
84	0.221623
84	0.225734
84	0.262033
84	0.240911
84	0.274669
84	0.309358
84	0.300873
84	0.272975
84	0.276328
84	0.28826
84	0.339501
84	0.285815
84	0.269199
84	0.260944
84	0.31428
84	0.236531
84	0.265609
84	0.215747
84	0.254838
84	0.201109
84	0.283046
84	0.318161
84	0.222734
84	0.29305
84	0.289329
84	0.231869
84	0.312348
84	0.267998
84	0.268359
84	0.263563
84	0.255438
84	0.239746
84	0.271815
84	0.264629
84	0.287832
84	0.318873
84	0.2308
84	0.299327
84	0.291132
84	0.260269
84	0.217893
84	0.294802
84	0.259361
84	0.250615
84	0.345837
84	0.289255
84	0.228773
84	0.227561
84	0.278897
84	0.278423
84	0.271814
84	0.194657
84	0.250776
84	0.309407
84	0.221697
84	0.257372
84	0.287356
84	0.272605
84	0.283176
84	0.227257
84	0.313488
84	0.296492
84	0.193199
84	0.231082
84	0.272279
84	0.263059
84	0.292904
84	0.305335
84	0.320047
84	0.213299
84	0.245741
84	0.293517
84	0.264985
84	0.300026
84	0.251933
84	0.211619
84	0.254641
84	0.26119
84	0.268013
84	0.282518
84	0.325361
84	0.328972
84	0.291199
84	0.266727
84	0.316563
87	0.306316
87	0.238875
87	0.253081
87	0.198937
87	0.243182
87	0.218053
87	0.287309
87	0.262566
87	0.332436
87	0.287195
87	0.310358
87	0.247169
87	0.254071
87	0.250301
87	0.291865
87	0.243272
87	0.312382
87	0.340973
87	0.24155
87	0.30955
87	0.322979
87	0.21378
87	0.227726
87	0.263437
87	0.228512
87	0.247757
87	0.241226
87	0.309429
87	0.275577
87	0.202402
87	0.248401
87	0.277134
87	0.244727
87	0.229251
87	0.277655
87	0.245947
87	0.241396
87	0.247623
87	0.286985
87	0.259731
87	0.196586
87	0.197435
87	0.288484
87	0.225751
87	0.313789
87	0.247241
87	0.315241
87	0.268516
87	0.267729
87	0.304761
87	0.244162
87	0.268279
87	0.227294
87	0.306475
87	0.262072
87	0.281059
87	0.24467
87	0.241765
87	0.303675
87	0.277622
87	0.318144
87	0.252724
87	0.271521
87	0.308883
87	0.300101
87	0.28596
87	0.258798
87	0.186584
87	0.217487
87	0.248555
87	0.28174
87	0.273621
87	0.297458
87	0.201556
87	0.301059
87	0.246171
87	0.248616
87	0.292995
87	0.273613
87	0.254254
87	0.246204
87	0.269969
87	0.295412
87	0.281407
87	0.290439
87	0.258633
87	0.329088
87	0.302813
87	0.213098
87	0.280231
87	0.265027
87	0.282428
87	0.252947
87	0.274096
87	0.302826
87	0.190956
87	0.297712
87	0.294514
87	0.297766
87	0.239192
90	0.295931
90	0.260793
90	0.266793
90	0.222429
90	0.220325
90	0.310685
90	0.288467
90	0.242588
90	0.269093
90	0.313993
90	0.251523
90	0.244221
90	0.279447
90	0.197953
90	0.25746
90	0.25444
90	0.27395
90	0.302691
90	0.184395
90	0.254074
90	0.329472
90	0.263124
90	0.320781
90	0.239026
90	0.241928
90	0.318269
90	0.303137
90	0.230135
90	0.274674
90	0.309365
90	0.291051
90	0.244668
90	0.206719
90	0.302731
90	0.310328
90	0.244113
90	0.259181
90	0.284845
90	0.248145
90	0.243672
90	0.205772
90	0.307731
90	0.27564
90	0.285688
90	0.240317
90	0.299037
90	0.234659
90	0.32912
90	0.302038
90	0.278195
90	0.296737
90	0.293439
90	0.24188
90	0.27324
90	0.235797
90	0.227603
90	0.178984
90	0.300367
90	0.22671
90	0.221345
90	0.249506
90	0.184841
90	0.282663
90	0.273371
90	0.332075
90	0.269304
90	0.310271
90	0.232596
90	0.285951
90	0.295735
90	0.286538
90	0.24643
90	0.324631
90	0.248645
90	0.288499
90	0.265481
90	0.242353
90	0.27887
90	0.283747
90	0.273752
90	0.270701
90	0.237946
90	0.249473
90	0.263712
90	0.260151
90	0.301168
90	0.257662
90	0.314913
90	0.24768
90	0.270725
90	0.255597
90	0.26571
90	0.26171
90	0.264191
90	0.253856
90	0.254285
90	0.254171
90	0.254897
90	0.27258
90	0.273636
93	0.239063
93	0.258578
93	0.204685
93	0.293859
93	0.234753
93	0.272499
93	0.338059
93	0.244663
93	0.243385
93	0.207102
93	0.273426
93	0.281985
93	0.337109
93	0.308708
93	0.292478
93	0.240486
93	0.215507
93	0.25647
93	0.254313
93	0.303525
93	0.224999
93	0.309082
93	0.260319
93	0.282346
93	0.226241
93	0.236629
93	0.287396
93	0.233405
93	0.251835
93	0.206807
93	0.311951
93	0.242473
93	0.22585
93	0.225655
93	0.213794
93	0.265369
93	0.220286
93	0.307093
93	0.280207
93	0.217888
93	0.273587
93	0.258879
93	0.294733
93	0.26206
93	0.283211
93	0.29182
93	0.233771
93	0.316064
93	0.303971
93	0.285512
93	0.273561
93	0.254399
93	0.310422
93	0.263576
93	0.299135
93	0.258408
93	0.264648
93	0.278749
93	0.277756
93	0.259477
93	0.26835
93	0.204964
93	0.268602
93	0.240889
93	0.303303
93	0.29078
93	0.262413
93	0.19336
93	0.29406
93	0.222506
93	0.226288
93	0.321166
93	0.255088
93	0.21103
93	0.254855
93	0.218206
93	0.268238
93	0.326938
93	0.275002
93	0.270936
93	0.326532
93	0.345557
93	0.279811
93	0.246809
93	0.268539
93	0.270633
93	0.217051
93	0.243137
93	0.193904
93	0.230581
93	0.239578
93	0.292442
93	0.285399
93	0.295619
93	0.307025
93	0.18774
93	0.191203
93	0.241192
93	0.201377
93	0.328457
96	0.281642
96	0.242982
96	0.253819
96	0.284179
96	0.336194
96	0.284211
96	0.199642
96	0.183166
96	0.280348
96	0.296287
96	0.302913
96	0.229165
96	0.227777
96	0.222092
96	0.326539
96	0.247344
96	0.20552
96	0.226838
96	0.177163
96	0.308075
96	0.274612
96	0.292607
96	0.281816
96	0.314174
96	0.272945
96	0.205114
96	0.23525
96	0.166268
96	0.221492
96	0.29799
96	0.320355
96	0.285371
96	0.287917
96	0.2579
96	0.307664
96	0.26951
96	0.293453
96	0.253022
96	0.2216
96	0.182899
96	0.221981
96	0.212516
96	0.280218
96	0.293789
96	0.256491
96	0.222793
96	0.232166
96	0.205379
96	0.240069
96	0.238383
96	0.253965
96	0.28314
96	0.256755
96	0.281194
96	0.252317
96	0.261694
96	0.28489
96	0.265091
96	0.208896
96	0.285705
96	0.238618
96	0.260571
96	0.30788
96	0.310427
96	0.252841
96	0.27275
96	0.261793
96	0.285437
96	0.292842
96	0.284328
96	0.280309
96	0.200098
96	0.270699
96	0.194978
96	0.251424
96	0.243118
96	0.26764
96	0.301716
96	0.244498
96	0.23567
96	0.183136
96	0.228533
96	0.2526
96	0.189694
96	0.232171
96	0.291816
96	0.204892
96	0.184513
96	0.238566
96	0.314828
96	0.268884
96	0.296764
96	0.252059
96	0.266245
96	0.201648
96	0.257247
96	0.313723
96	0.264859
96	0.290651
96	0.28955
99	0.254053
99	0.238202
99	0.271294
99	0.270429
99	0.270402
99	0.245715
99	0.309045
99	0.267659
99	0.208646
99	0.264674
99	0.29543
99	0.326892
99	0.191009
99	0.211865
99	0.276675
99	0.215643
99	0.277599
99	0.290205
99	0.276383
99	0.205027
99	0.206228
99	0.27556
99	0.231982
99	0.302261
99	0.261107
99	0.251
99	0.22574
99	0.231182
99	0.232024
99	0.276666
99	0.231562
99	0.238703
99	0.260104
99	0.24993
99	0.244516
99	0.246274
99	0.238478
99	0.273121
99	0.273465
99	0.241366
99	0.224789
99	0.325168
99	0.294899
99	0.258846
99	0.261745
99	0.255699
99	0.256757
99	0.243046
99	0.234082
99	0.260565
99	0.281352
99	0.326978
99	0.268325
99	0.298079
99	0.290849
99	0.22343
99	0.303102
99	0.290852
99	0.262855
99	0.234729
99	0.210961
99	0.269897
99	0.302919
99	0.200292
99	0.225794
99	0.304533
99	0.284311
99	0.304734
99	0.243505
99	0.289835
99	0.268302
99	0.275206
99	0.241326
99	0.289794
99	0.256108
99	0.245765
99	0.259504
99	0.243163
99	0.322159
99	0.212806
99	0.201637
99	0.200195
99	0.274794
99	0.276325
99	0.250873
99	0.26507
99	0.186204
99	0.255665
99	0.304998
99	0.240992
99	0.268686
99	0.240993
99	0.282638
99	0.271089
99	0.225777
99	0.236613
99	0.270892
99	0.225437
99	0.28207
99	0.25187
102	0.290795
102	0.2596
102	0.226983
102	0.248637
102	0.289657
102	0.276737
102	0.254853
102	0.277647
102	0.337923
102	0.226436
102	0.256881
102	0.193612
102	0.258138
102	0.204054
102	0.313543
102	0.205418
102	0.326197
102	0.261089
102	0.263468
102	0.332309
102	0.228465
102	0.296298
102	0.275768
102	0.225854
102	0.302896
102	0.283661
102	0.268327
102	0.253428
102	0.215836
102	0.194531
102	0.202438
102	0.307961
102	0.231752
102	0.25789
102	0.297675
102	0.284734
102	0.255356
102	0.191754
102	0.232564
102	0.235267
102	0.254575
102	0.311046
102	0.290574
102	0.21753
102	0.246572
102	0.299796
102	0.257448
102	0.26999
102	0.26733
102	0.287372
102	0.238566
102	0.249104
102	0.212581
102	0.24002
102	0.229127
102	0.281646
102	0.273325
102	0.252179
102	0.302018
102	0.245329
102	0.233309
102	0.285937
102	0.276557
102	0.260581
102	0.302649
102	0.282143
102	0.260641
102	0.277497
102	0.265175
102	0.222082
102	0.231776
102	0.25999
102	0.281704
102	0.246371
102	0.252952
102	0.262499
102	0.271714
102	0.335164
102	0.22405
102	0.263198
102	0.22818
102	0.27947
102	0.21808
102	0.272348
102	0.311538
102	0.247301
102	0.239251
102	0.284082
102	0.310238
102	0.219392
102	0.261748
102	0.242405
102	0.215874
102	0.255671
102	0.259369
102	0.247673
102	0.295153
102	0.214741
102	0.201659
102	0.301133
105	0.183061
105	0.240096
105	0.218768
105	0.311505
105	0.276077
105	0.302803
105	0.243897
105	0.279518
105	0.345025
105	0.244407
105	0.237521
105	0.234603
105	0.229346
105	0.243191
105	0.170704
105	0.311148
105	0.267143
105	0.261696
105	0.273505
105	0.275368
105	0.275999
105	0.240544
105	0.262059
105	0.240295
105	0.20106
105	0.286024
105	0.274435
105	0.231615
105	0.267272
105	0.248083
105	0.273986
105	0.227582
105	0.241943
105	0.2667
105	0.26201
105	0.275474
105	0.152487
105	0.233775
105	0.28007
105	0.234853
105	0.239816
105	0.254312
105	0.303276
105	0.255625
105	0.279907
105	0.288536
105	0.221189
105	0.301096
105	0.247056
105	0.281961
105	0.194474
105	0.214101
105	0.295981
105	0.270079
105	0.379511
105	0.211508
105	0.238834
105	0.240491
105	0.213145
105	0.241309
105	0.288277
105	0.26868
105	0.231839
105	0.20048
105	0.243552
105	0.226726
105	0.252792
105	0.249612
105	0.247343
105	0.252032
105	0.246342
105	0.223915
105	0.242517
105	0.267585
105	0.31938
105	0.263888
105	0.20572
105	0.26858
105	0.268902
105	0.276441
105	0.199995
105	0.288164
105	0.281368
105	0.237631
105	0.268107
105	0.287102
105	0.296669
105	0.267529
105	0.258365
105	0.26862
105	0.227923
105	0.207518
105	0.249974
105	0.318487
105	0.258719
105	0.320537
105	0.245875
105	0.26686
105	0.221387
105	0.247973
108	0.28316
108	0.298345
108	0.251498
108	0.307531
108	0.308425
108	0.256699
108	0.271272
108	0.235433
108	0.285904
108	0.197947
108	0.20406
108	0.136133
108	0.221542
108	0.261325
108	0.253155
108	0.262503
108	0.26024
108	0.231194
108	0.236986
108	0.244567
108	0.155828
108	0.200122
108	0.254822
108	0.262072
108	0.291441
108	0.292125
108	0.249144
108	0.221507
108	0.228532
108	0.255257
108	0.221726
108	0.233032
108	0.303273
108	0.302875
108	0.261384
108	0.25104
108	0.250939
108	0.300634
108	0.276506
108	0.213689
108	0.281816
108	0.234104
108	0.258089
108	0.234229
108	0.223366
108	0.276239
108	0.301711
108	0.274673
108	0.26176
108	0.308684
108	0.332928
108	0.240903
108	0.278024
108	0.292722
108	0.265626
108	0.291373
108	0.246689
108	0.256862
108	0.262961
108	0.262242
108	0.247033
108	0.224564
108	0.2711
108	0.313219
108	0.297155
108	0.240468
108	0.283351
108	0.238592
108	0.159328
108	0.271524
108	0.248483
108	0.253885
108	0.25671
108	0.312443
108	0.179283
108	0.295554
108	0.145415
108	0.162943
108	0.254745
108	0.296381
108	0.295284
108	0.193861
108	0.297905
108	0.257218
108	0.243497
108	0.317124
108	0.23265
108	0.258799
108	0.254284
108	0.205005
108	0.304055
108	0.263092
108	0.286366
108	0.26069
108	0.277905
108	0.265377
108	0.271341
108	0.287551
108	0.268193
108	0.253108
111	0.0879086
111	0.198232
111	0.144904
111	0.187677
111	0.209198
111	0.271548
111	0.219332
111	0.290004
111	0.271816
111	0.246568
111	0.307864
111	0.313001
111	0.240572
111	0.243284
111	0.202055
111	0.18011
111	0.225305
111	0.175635
111	0.213079
111	0.173971
111	0.279122
111	0.310767
111	0.237677
111	0.264355
111	0.268664
111	0.283021
111	0.257278
111	0.217357
111	0.270178
111	0.252771
111	0.241837
111	0.208951
111	0.242909
111	0.261511
111	0.248309
111	0.236904
111	0.326699
111	0.224616
111	0.305049
111	0.198704
111	0.237114
111	0.251681
111	0.283941
111	0.264461
111	0.27499
111	0.267762
111	0.220261
111	0.213574
111	0.266008
111	0.219694
111	0.243945
111	0.24774
111	0.279247
111	0.279759
111	0.271053
111	0.234682
111	0.33458
111	0.290042
111	0.287937
111	0.287993
111	0.224372
111	0.268671
111	0.256788
111	0.288104
111	0.2941
111	0.244332
111	0.280676
111	0.287984
111	0.249542
111	0.256994
111	0.246483
111	0.267276
111	0.216122
111	0.203753
111	0.250819
111	0.242526
111	0.322457
111	0.246742
111	0.252566
111	0.217853
111	0.298813
111	0.230639
111	0.207005
111	0.243985
111	0.218425
111	0.255628
111	0.252996
111	0.179322
111	0.21849
111	0.279567
111	0.22273
111	0.267532
111	0.239506
111	0.244478
111	0.272807
111	0.168407
111	0.305763
111	0.276932
111	0.260857
111	0.29858
114	0.241708
114	0.293797
114	0.321323
114	0.280183
114	0.249884
114	0.256895
114	0.235048
114	0.343953
114	0.231793
114	0.217863
114	0.26253
114	0.178516
114	0.21524
114	0.29673
114	0.225878
114	0.240213
114	0.262855
114	0.233581
114	0.262666
114	0.150229
114	0.263894
114	0.257451
114	0.21603
114	0.20988
114	0.292963
114	0.25581
114	0.287709
114	0.323769
114	0.285872
114	0.212674
114	0.29021
114	0.2093
114	0.276118
114	0.210627
114	0.211845
114	0.201486
114	0.233948
114	0.28543
114	0.284173
114	0.264333
114	0.20242
114	0.291696
114	0.208853
114	0.286391
114	0.225656
114	0.240891
114	0.257713
114	0.241795
114	0.254933
114	0.261895
114	0.194531
114	0.207858
114	0.273955
114	0.233896
114	0.31922
114	0.257404
114	0.282847
114	0.20975
114	0.20453
114	0.260136
114	0.264249
114	0.266123
114	0.2292
114	0.271248
114	0.230904
114	0.268103
114	0.256158
114	0.255271
114	0.225117
114	0.282557
114	0.297107
114	0.254314
114	0.260568
114	0.281499
114	0.205998
114	0.301899
114	0.270787
114	0.284296
114	0.204919
114	0.220311
114	0.217725
114	0.249617
114	0.267924
114	0.204535
114	0.223707
114	0.220816
114	0.215593
114	0.23779
114	0.224193
114	0.281682
114	0.25957
114	0.253476
114	0.246184
114	0.247703
114	0.238068
114	0.2862
114	0.222116
114	0.267245
114	0.223357
114	0.148274
117	0.21019
117	0.286783
117	0.264831
117	0.217346
117	0.254294
117	0.272723
117	0.244195
117	0.231749
117	0.254011
117	0.176758
117	0.281062
117	0.245719
117	0.243673
117	0.160258
117	0.201219
117	0.218929
117	0.218468
117	0.268757
117	0.279029
117	0.201051
117	0.188685
117	0.231864
117	0.280023
117	0.280078
117	0.278827
117	0.18607
117	0.22371
117	0.222332
117	0.302445
117	0.25381
117	0.299424
117	0.20722
117	0.161852
117	0.201831
117	0.191508
117	0.24008
117	0.242924
117	0.266802
117	0.256593
117	0.259095
117	0.235331
117	0.181143
117	0.265793
117	0.220258
117	0.266909
117	0.226888
117	0.199751
117	0.226669
117	0.220167
117	0.227647
117	0.254946
117	0.239623
117	0.188069
117	0.268881
117	0.271154
117	0.240415
117	0.209105
117	0.278053
117	0.240368
117	0.215924
117	0.22179
117	0.322552
117	0.265187
117	0.202896
117	0.277062
117	0.177268
117	0.266466
117	0.236076
117	0.270326
117	0.282889
117	0.231255
117	0.31241
117	0.265223
117	0.309715
117	0.212851
117	0.243812
117	0.283508
117	0.341381
117	0.218849
117	0.272871
117	0.239878
117	0.192771
117	0.252816
117	0.217056
117	0.220535
117	0.242191
117	0.199291
117	0.256097
117	0.258245
117	0.210404
117	0.233789
117	0.224742
117	0.185969
117	0.290665
117	0.241179
117	0.277646
117	0.236357
117	0.267051
117	0.231325
117	0.356108
120	0.179483
120	0.227383
120	0.222578
120	0.293965
120	0.234497
120	0.245168
120	0.234896
120	0.267287
120	0.171932
120	0.240579
120	0.129044
120	0.247625
120	0.261929
120	0.262537
120	0.261146
120	0.270194
120	0.284727
120	0.257904
120	0.270877
120	0.212652
120	0.207888
120	0.295082
120	0.276355
120	0.302075
120	0.263953
120	0.204335
120	0.216886
120	0.229699
120	0.243818
120	0.279603
120	0.194534
120	0.18475
120	0.261458
120	0.160051
120	0.224995
120	0.27917
120	0.261868
120	0.253583
120	0.241117
120	0.273705
120	0.319404
120	0.232679
120	0.197403
120	0.281375
120	0.156675
120	0.288822
120	0.251909
120	0.244991
120	0.278857
120	0.237079
120	0.273077
120	0.303437
120	0.244158
120	0.184333
120	0.213839
120	0.238629
120	0.179495
120	0.214637
120	0.231993
120	0.20426
120	0.312625
120	0.191747
120	0.207341
120	0.238983
120	0.316961
120	0.212486
120	0.239627
120	0.219363
120	0.207611
120	0.29791
120	0.272419
120	0.252037
120	0.244138
120	0.287425
120	0.225225
120	0.225152
120	0.247737
120	0.202198
120	0.308712
120	0.188971
120	0.232882
120	0.205405
120	0.281054
120	0.244356
120	0.237598
120	0.279744
120	0.179896
120	0.221511
120	0.252391
120	0.259557
120	0.231898
120	0.292726
120	0.138702
120	0.28105
120	0.283469
120	0.204426
120	0.255084
120	0.285736
120	0.302546
120	0.251899
123	0.280102
123	0.253896
123	0.220564
123	0.205269
123	0.227079
123	0.272986
123	0.314244
123	0.20489
123	0.267951
123	0.197361
123	0.258641
123	0.186363
123	0.218081
123	0.273738
123	0.264774
123	0.198036
123	0.271073
123	0.243237
123	0.216497
123	0.294034
123	0.244905
123	0.289023
123	0.296921
123	0.186573
123	0.22847
123	0.211918
123	0.248527
123	0.27608
123	0.150774
123	0.228489
123	0.238377
123	0.237837
123	0.23381
123	0.202148
123	0.284848
123	0.227298
123	0.306035
123	0.17702
123	0.198582
123	0.167848
123	0.244986
123	0.232593
123	0.239499
123	0.250395
123	0.270398
123	0.241794
123	0.229216
123	0.144647
123	0.266871
123	0.265949
123	0.265036
123	0.269374
123	0.238333
123	0.261921
123	0.202491
123	0.251286
123	0.241957
123	0.271516
123	0.269703
123	0.201892
123	0.201481
123	0.231025
123	0.171071
123	0.205566
123	0.275442
123	0.248066
123	0.2356
123	0.287235
123	0.230933
123	0.282776
123	0.229486
123	0.232902
123	0.229306
123	0.194044
123	0.275491
123	0.223721
123	0.250281
123	0.260359
123	0.219493
123	0.280213
123	0.249779
123	0.171252
123	0.235703
123	0.223995
123	0.249401
123	0.244184
123	0.173078
123	0.126313
123	0.26966
123	0.212232
123	0.257109
123	0.256679
123	0.159264
123	0.243724
123	0.278866
123	0.223914
123	0.287311
123	0.322869
123	0.236232
123	0.199843
126	0.22205
126	0.227902
126	0.260034
126	0.242297
126	0.294162
126	0.2231
126	0.236892
126	0.291735
126	0.230919
126	0.220833
126	0.27342
126	0.272436
126	0.205999
126	0.190034
126	0.241689
126	0.19037
126	0.287038
126	0.242293
126	0.156181
126	0.222884
126	0.241365
126	0.229899
126	0.264012
126	0.238682
126	0.288333
126	0.272958
126	0.228727
126	0.223907
126	0.185436
126	0.235516
126	0.198385
126	0.236731
126	0.24391
126	0.190119
126	0.253967
126	0.155446
126	0.292555
126	0.229299
126	0.281664
126	0.266928
126	0.305942
126	0.227541
126	0.24112
126	0.256865
126	0.184163
126	0.211775
126	0.243432
126	0.172223
126	0.255952
126	0.274367
126	0.332671
126	0.201232
126	0.212136
126	0.256489
126	0.275944
126	0.194019
126	0.229272
126	0.264375
126	0.245624
126	0.233773
126	0.16711
126	0.211317
126	0.263846
126	0.267869
126	0.211369
126	0.197319
126	0.265914
126	0.29516
126	0.281234
126	0.217768
126	0.32992
126	0.263724
126	0.187587
126	0.300122
126	0.243558
126	0.337943
126	0.281941
126	0.221632
126	0.292257
126	0.234701
126	0.212739
126	0.235772
126	0.292452
126	0.301063
126	0.242956
126	0.280308
126	0.244762
126	0.127996
126	0.24239
126	0.208537
126	0.197435
126	0.17516
126	0.158145
126	0.248425
126	0.249536
126	0.2088
126	0.26211
126	0.282698
126	0.259625
126	0.230983
129	0.304973
129	0.244385
129	0.185017
129	0.182967
129	0.187662
129	0.212329
129	0.267142
129	0.23138
129	0.231895
129	0.246882
129	0.200471
129	0.206515
129	0.256661
129	0.218564
129	0.216342
129	0.197864
129	0.217231
129	0.192013
129	0.203307
129	0.273303
129	0.261269
129	0.240481
129	0.24665
129	0.265041
129	0.288696
129	0.251146
129	0.26058
129	0.193445
129	0.238471
129	0.288947
129	0.19154
129	0.253925
129	0.212934
129	0.171127
129	0.234726
129	0.2505
129	0.259808
129	0.304785
129	0.255895
129	0.220282
129	0.282878
129	0.274344
129	0.29716
129	0.272785
129	0.208656
129	0.294783
129	0.204375
129	0.162171
129	0.201174
129	0.205405
129	0.209863
129	0.203915
129	0.306758
129	0.233369
129	0.304506
129	0.242818
129	0.150554
129	0.237647
129	0.219236
129	0.280632
129	0.181793
129	0.251747
129	0.18418
129	0.187982
129	0.23978
129	0.282985
129	0.222336
129	0.228748
129	0.255984
129	0.196017
129	0.213504
129	0.250374
129	0.248228
129	0.251211
129	0.177277
129	0.22396
129	0.278675
129	0.193296
129	0.260001
129	0.283358
129	0.273834
129	0.218646
129	0.316038
129	0.229996
129	0.239633
129	0.213745
129	0.198013
129	0.253353
129	0.25357
129	0.243936
129	0.194929
129	0.177047
129	0.249194
129	0.285126
129	0.234224
129	0.2773
129	0.259727
129	0.220696
129	0.236271
129	0.262728
132	0.226109
132	0.276199
132	0.226853
132	0.242155
132	0.234236
132	0.262936
132	0.174448
132	0.178035
132	0.245473
132	0.205096
132	0.314674
132	0.260376
132	0.214157
132	0.231469
132	0.233793
132	0.189013
132	0.261534
132	0.25813
132	0.259702
132	0.198051
132	0.211863
132	0.211921
132	0.228053
132	0.216149
132	0.228586
132	0.278328
132	0.196202
132	0.234218
132	0.264232
132	0.307202
132	0.245788
132	0.279475
132	0.26879
132	0.232254
132	0.244987
132	0.21707
132	0.233495
132	0.22174
132	0.221429
132	0.143638
132	0.186164
132	0.126517
132	0.19983
132	0.210726
132	0.213857
132	0.268416
132	0.122888
132	0.228261
132	0.19338
132	0.251084
132	0.242116
132	0.311315
132	0.311297
132	0.257035
132	0.176185
132	0.240492
132	0.237833
132	0.210407
132	0.19053
132	0.15599
132	0.15895
132	0.171478
132	0.227872
132	0.117168
132	0.236914
132	0.206896
132	0.25093
132	0.21303
132	0.25971
132	0.250163
132	0.227149
132	0.252601
132	0.18297
132	0.250632
132	0.210719
132	0.189426
132	0.195644
132	0.178235
132	0.206093
132	0.179895
132	0.154104
132	0.228037
132	0.329496
132	0.242981
132	0.219987
132	0.221641
132	0.25294
132	0.274482
132	0.211745
132	0.211826
132	0.234047
132	0.228368
132	0.208875
132	0.300238
132	0.284231
132	0.152532
132	0.217699
132	0.154693
132	0.13419
132	0.291608
135	0.211409
135	0.230377
135	0.275815
135	0.25635
135	0.203813
135	0.213947
135	0.227884
135	0.164352
135	0.211686
135	0.144559
135	0.203976
135	0.29443
135	0.254682
135	0.205276
135	0.248545
135	0.284465
135	0.248277
135	0.156552
135	0.22191
135	0.257576
135	0.183481
135	0.169529
135	0.152344
135	0.24194
135	0.17901
135	0.247388
135	0.240442
135	0.184334
135	0.261781
135	0.213781
135	0.204129
135	0.233962
135	0.234525
135	0.30569
135	0.17815
135	0.156506
135	0.277084
135	0.207337
135	0.192562
135	0.260561
135	0.209826
135	0.24194
135	0.187366
135	0.133377
135	0.273126
135	0.200363
135	0.212131
135	0.244986
135	0.164075
135	0.254541
135	0.236398
135	0.229371
135	0.294517
135	0.251274
135	0.291876
135	0.25716
135	0.328728
135	0.261804
135	0.253831
135	0.261436
135	0.270759
135	0.140486
135	0.236957
135	0.232482
135	0.226118
135	0.206488
135	0.173415
135	0.272917
135	0.256919
135	0.219533
135	0.269776
135	0.174198
135	0.257375
135	0.267956
135	0.225886
135	0.221163
135	0.196705
135	0.179154
135	0.233259
135	0.249001
135	0.281365
135	0.162417
135	0.252344
135	0.237947
135	0.227077
135	0.197473
135	0.214979
135	0.225571
135	0.247549
135	0.27122
135	0.233203
135	0.252732
135	0.268793
135	0.202013
135	0.238072
135	0.195079
135	0.269195
135	0.2377
135	0.167538
135	0.231285
138	0.322028
138	0.167011
138	0.294649
138	0.252786
138	0.186872
138	0.164732
138	0.209717
138	0.146678
138	0.263119
138	0.297386
138	0.323169
138	0.190681
138	0.18399
138	0.280706
138	0.253812
138	0.259745
138	0.220455
138	0.280238
138	0.193436
138	0.255442
138	0.207093
138	0.262216
138	0.247347
138	0.200946
138	0.209756
138	0.251563
138	0.17946
138	0.280964
138	0.227901
138	0.298821
138	0.239356
138	0.194276
138	0.191986
138	0.232322
138	0.31776
138	0.22421
138	0.214134
138	0.205334
138	0.240881
138	0.292721
138	0.223202
138	0.17024
138	0.187366
138	0.230156
138	0.242238
138	0.314853
138	0.257231
138	0.243689
138	0.186558
138	0.188571
138	0.23243
138	0.242512
138	0.187913
138	0.264146
138	0.184858
138	0.150173
138	0.240535
138	0.286735
138	0.244043
138	0.169789
138	0.252894
138	0.217085
138	0.160024
138	0.283347
138	0.232795
138	0.27996
138	0.23036
138	0.218633
138	0.144732
138	0.209316
138	0.282838
138	0.185799
138	0.295942
138	0.230077
138	0.224654
138	0.231077
138	0.279234
138	0.283322
138	0.194971
138	0.216697
138	0.235362
138	0.267691
138	0.245199
138	0.146021
138	0.216579
138	0.256915
138	0.264769
138	0.154834
138	0.313718
138	0.23155
138	0.234687
138	0.26012
138	0.228239
138	0.243706
138	0.220777
138	0.182219
138	0.182743
138	0.296579
138	0.270014
138	0.244959
141	0.237727
141	0.158769
141	0.236313
141	0.189368
141	0.182123
141	0.169171
141	0.261187
141	0.249781
141	0.28175
141	0.216594
141	0.29458
141	0.211925
141	0.264961
141	0.224729
141	0.224173
141	0.186525
141	0.19411
141	0.229001
141	0.283374
141	0.252618
141	0.193571
141	0.135161
141	0.238457
141	0.280376
141	0.351196
141	0.259898
141	0.217144
141	0.260307
141	0.264864
141	0.216335
141	0.261127
141	0.185035
141	0.219172
141	0.294295
141	0.223946
141	0.19304
141	0.206289
141	0.206535
141	0.251898
141	0.236878
141	0.203387
141	0.184709
141	0.16882
141	0.167119
141	0.248689
141	0.205229
141	0.335415
141	0.275274
141	0.18904
141	0.28208
141	0.308904
141	0.282654
141	0.206055
141	0.155251
141	0.239232
141	0.186416
141	0.26508
141	0.237651
141	0.229172
141	0.234023
141	0.275412
141	0.188449
141	0.215989
141	0.21856
141	0.206974
141	0.204342
141	0.229231
141	0.205457
141	0.2728
141	0.194372
141	0.185061
141	0.188298
141	0.204545
141	0.176097
141	0.285208
141	0.160489
141	0.242771
141	0.24139
141	0.25215
141	0.175357
141	0.202756
141	0.205426
141	0.27664
141	0.172586
141	0.232275
141	0.265784
141	0.225363
141	0.245599
141	0.238482
141	0.213332
141	0.222623
141	0.19829
141	0.252508
141	0.236353
141	0.254899
141	0.240897
141	0.35632
141	0.257037
141	0.184927
141	0.266955
144	0.239605
144	0.181166
144	0.222501
144	0.234931
144	0.189933
144	0.175831
144	0.213514
144	0.206905
144	0.287173
144	0.284578
144	0.178473
144	0.200113
144	0.278627
144	0.231122
144	0.272261
144	0.266969
144	0.189613
144	0.147352
144	0.173639
144	0.137454
144	0.214772
144	0.213676
144	0.235969
144	0.195122
144	0.168172
144	0.237977
144	0.25843
144	0.268144
144	0.239771
144	0.315782
144	0.292025
144	0.189454
144	0.266241
144	0.241985
144	0.198061
144	0.213481
144	0.327504
144	0.133178
144	0.115726
144	0.134759
144	0.23071
144	0.161247
144	0.175063
144	0.224894
144	0.204459
144	0.218143
144	0.22698
144	0.189457
144	0.119753
144	0.226596
144	0.283645
144	0.210629
144	0.231843
144	0.220666
144	0.23752
144	0.264353
144	0.23018
144	0.25988
144	0.220095
144	0.197806
144	0.238226
144	0.224726
144	0.261632
144	0.255301
144	0.259279
144	0.244358
144	0.242538
144	0.272172
144	0.231095
144	0.272915
144	0.261125
144	0.202957
144	0.234329
144	0.243562
144	0.166312
144	0.234724
144	0.247148
144	0.333566
144	0.175444
144	0.197906
144	0.272246
144	0.242889
144	0.229443
144	0.164005
144	0.252702
144	0.212563
144	0.287071
144	0.257683
144	0.26489
144	0.187182
144	0.279457
144	0.225805
144	0.205329
144	0.26486
144	0.23993
144	0.211673
144	0.246654
144	0.173234
144	0.135275
144	0.110699
147	0.179528
147	0.241604
147	0.218046
147	0.261861
147	0.258202
147	0.239266
147	0.250216
147	0.236923
147	0.14091
147	0.183118
147	0.225898
147	0.159363
147	0.145233
147	0.19368
147	0.254056
147	0.190988
147	0.25264
147	0.168092
147	0.328444
147	0.245365
147	0.339826
147	0.212306
147	0.211207
147	0.202445
147	0.179265
147	0.267158
147	0.238662
147	0.198816
147	0.234655
147	0.238743
147	0.243988
147	0.221785
147	0.272815
147	0.229973
147	0.219863
147	0.268256
147	0.194533
147	0.205113
147	0.280281
147	0.227847
147	0.126737
147	0.249993
147	0.213571
147	0.275386
147	0.255654
147	0.206294
147	0.226726
147	0.210709
147	0.226665
147	0.220923
147	0.211252
147	0.22697
147	0.228738
147	0.251138
147	0.242361
147	0.262075
147	0.255287
147	0.280038
147	0.279071
147	0.255226
147	0.222885
147	0.133052
147	0.328222
147	0.181909
147	0.228856
147	0.233368
147	0.244903
147	0.233037
147	0.231138
147	0.237473
147	0.240296
147	0.22485
147	0.202907
147	0.250457
147	0.250629
147	0.258232
147	0.273164
147	0.232942
147	0.241239
147	0.222461
147	0.189557
147	0.224873
147	0.264217
147	0.220994
147	0.201529
147	0.263286
147	0.285928
147	0.202003
147	0.192116
147	0.261448
147	0.231962
147	0.14015
147	0.182978
147	0.295696
147	0.307005
147	0.289372
147	0.246048
147	0.19115
147	0.232998
147	0.213082
150	0.192222
150	0.214593
150	0.269134
150	0.190682
150	0.265748
150	0.271497
150	0.157601
150	0.18145
150	0.258694
150	0.210186
150	0.265283
150	0.121431
150	0.250231
150	0.141496
150	0.28987
150	0.212592
150	0.161496
150	0.282244
150	0.228339
150	0.297532
150	0.220684
150	0.177704
150	0.215296
150	0.185117
150	0.216822
150	0.200616
150	0.219419
150	0.188854
150	0.187676
150	0.210864
150	0.18932
150	0.184746
150	0.186399
150	0.193695
150	0.231787
150	0.240684
150	0.229356
150	0.19844
150	0.247759
150	0.161154
150	0.286806
150	0.239446
150	0.222117
150	0.194336
150	0.171549
150	0.203903
150	0.231944
150	0.263098
150	0.206439
150	0.204373
150	0.202808
150	0.234805
150	0.333463
150	0.283372
150	0.223317
150	0.154522
150	0.250728
150	0.230955
150	0.272202
150	0.170959
150	0.218007
150	0.227649
150	0.267771
150	0.220071
150	0.203211
150	0.231806
150	0.179662
150	0.199487
150	0.232577
150	0.227111
150	0.201933
150	0.254036
150	0.210376
150	0.166672
150	0.242254
150	0.264848
150	0.201277
150	0.224509
150	0.207315
150	0.247789
150	0.259333
150	0.242599
150	0.249825
150	0.279042
150	0.232259
150	0.240426
150	0.216646
150	0.231084
150	0.194856
150	0.220488
150	0.246992
150	0.166781
150	0.191822
150	0.202389
150	0.184483
150	0.212009
150	0.14531
150	0.22607
150	0.218439
150	0.262913
153	0.243318
153	0.25034
153	0.264849
153	0.291997
153	0.188715
153	0.220254
153	0.202312
153	0.136758
153	0.225183
153	0.238171
153	0.233425
153	0.238116
153	0.21558
153	0.203499
153	0.201739
153	0.250217
153	0.150236
153	0.248747
153	0.182301
153	0.245066
153	0.272337
153	0.231529
153	0.127957
153	0.268536
153	0.193803
153	0.193286
153	0.221929
153	0.229359
153	0.171734
153	0.207179
153	0.140576
153	0.186668
153	0.212545
153	0.22484
153	0.267712
153	0.166276
153	0.256663
153	0.246531
153	0.182373
153	0.181165
153	0.149214
153	0.269946
153	0.192843
153	0.185784
153	0.204
153	0.159249
153	0.211065
153	0.292871
153	0.252002
153	0.196972
153	0.237808
153	0.195095
153	0.251806
153	0.174305
153	0.310952
153	0.166361
153	0.184647
153	0.245161
153	0.206835
153	0.158514
153	0.236814
153	0.209863
153	0.185415
153	0.223334
153	0.143076
153	0.274732
153	0.232208
153	0.158709
153	0.184809
153	0.15996
153	0.221528
153	0.228866
153	0.164989
153	0.236717
153	0.26083
153	0.248974
153	0.224171
153	0.278513
153	0.240432
153	0.207643
153	0.196979
153	0.271926
153	0.22292
153	0.368721
153	0.17637
153	0.194731
153	0.223144
153	0.125137
153	0.260428
153	0.230199
153	0.169676
153	0.190309
153	0.263042
153	0.212394
153	0.349499
153	0.2198
153	0.193184
153	0.205383
153	0.254724
153	0.253819
156	0.311265
156	0.127989
156	0.223657
156	0.162023
156	0.19865
156	0.195002
156	0.121451
156	0.212953
156	0.211665
156	0.270592
156	0.14427
156	0.242094
156	0.21471
156	0.206675
156	0.29894
156	0.195796
156	0.206247
156	0.222919
156	0.136082
156	0.140335
156	0.162359
156	0.262643
156	0.202031
156	0.180184
156	0.157853
156	0.259387
156	0.188019
156	0.146113
156	0.175905
156	0.0796326
156	0.140979
156	0.244216
156	0.21158
156	0.156607
156	0.273077
156	0.220254
156	0.243941
156	0.203111
156	0.185471
156	0.197951
156	0.237205
156	0.181533
156	0.25878
156	0.207901
156	0.165494
156	0.312664
156	0.284509
156	0.22331
156	0.257095
156	0.243577
156	0.225449
156	0.226058
156	0.184187
156	0.212144
156	0.149549
156	0.134851
156	0.213727
156	0.267496
156	0.196325
156	0.191252
156	0.297343
156	0.177328
156	0.240082
156	0.189249
156	0.236414
156	0.248842
156	0.22043
156	0.205511
156	0.247848
156	0.20349
156	0.227265
156	0.236452
156	0.226245
156	0.258122
156	0.295193
156	0.218076
156	0.241929
156	0.244972
156	0.246314
156	0.27217
156	0.271222
156	0.187932
156	0.137933
156	0.206847
156	0.241364
156	0.219652
156	0.253945
156	0.179015
156	0.185002
156	0.17603
156	0.101316
156	0.277098
156	0.256312
156	0.22698
156	0.15825
156	0.183401
156	0.192595
156	0.144409
156	0.291733
156	0.245968
159	0.174115
159	0.249189
159	0.226035
159	0.103195
159	0.272624
159	0.24976
159	0.183347
159	0.216391
159	0.221066
159	0.236166
159	0.156755
159	0.160211
159	0.158
159	0.284778
159	0.213189
159	0.191002
159	0.235942
159	0.253587
159	0.21336
159	0.178976
159	0.186647
159	0.240823
159	0.185109
159	0.169657
159	0.306634
159	0.17061
159	0.195428
159	0.228028
159	0.112216
159	0.264059
159	0.22422
159	0.177427
159	0.163305
159	0.196288
159	0.220983
159	0.188128
159	0.142094
159	0.22395
159	0.266244
159	0.169917
159	0.209636
159	0.24493
159	0.198994
159	0.219461
159	0.301163
159	0.183119
159	0.15509
159	0.254221
159	0.183075
159	0.178323
159	0.207019
159	0.18863
159	0.209069
159	0.203649
159	0.238027
159	0.195447
159	0.266286
159	0.211311
159	0.242227
159	0.244524
159	0.276393
159	0.162937
159	0.246027
159	0.269725
159	0.152972
159	0.263878
159	0.172055
159	0.213323
159	0.194542
159	0.212205
159	0.218585
159	0.236591
159	0.2939
159	0.256036
159	0.224897
159	0.213188
159	0.202375
159	0.180082
159	0.254826
159	0.228832
159	0.1632
159	0.135854
159	0.264481
159	0.235616
159	0.212
159	0.175994
159	0.234696
159	0.209137
159	0.305517
159	0.21466
159	0.277124
159	0.232056
159	0.245364
159	0.176691
159	0.266356
159	0.173413
159	0.195429
159	0.172783
159	0.241557
159	0.170202
162	0.275099
162	0.200504
162	0.207847
162	0.221142
162	0.210262
162	0.191933
162	0.280004
162	0.174824
162	0.222583
162	0.184998
162	0.224586
162	0.0867109
162	0.261259
162	0.221984
162	0.168733
162	0.157908
162	0.267916
162	0.200457
162	0.227238
162	0.202582
162	0.227105
162	0.208314
162	0.199411
162	0.194165
162	0.15262
162	0.210726
162	0.147578
162	0.155585
162	0.307079
162	0.171715
162	0.278844
162	0.208515
162	0.227846
162	0.233525
162	0.25019
162	0.253305
162	0.200363
162	0.193437
162	0.112618
162	0.354675
162	0.186281
162	0.233863
162	0.179115
162	0.241408
162	0.218072
162	0.132692
162	0.184924
162	0.162345
162	0.161485
162	0.222077
162	0.203055
162	0.28341
162	0.304014
162	0.261871
162	0.11995
162	0.278413
162	0.261909
162	0.205837
162	0.251
162	0.19239
162	0.138067
162	0.185762
162	0.234582
162	0.241216
162	0.120282
162	0.219005
162	0.192355
162	0.24464
162	0.190727
162	0.215986
162	0.224529
162	0.12396
162	0.196487
162	0.171342
162	0.228071
162	0.232408
162	0.160586
162	0.214085
162	0.216411
162	0.157398
162	0.219921
162	0.165533
162	0.25011
162	0.226762
162	0.173468
162	0.223794
162	0.184655
162	0.122302
162	0.161893
162	0.199486
162	0.259035
162	0.180701
162	0.143104
162	0.238505
162	0.241682
162	0.17645
162	0.284682
162	0.190772
162	0.250598
162	0.221707
165	0.251131
165	0.213692
165	0.297223
165	0.222635
165	0.187869
165	0.168367
165	0.235145
165	0.18698
165	0.287413
165	0.262863
165	0.134551
165	0.259337
165	0.239155
165	0.218672
165	0.188723
165	0.12359
165	0.272878
165	0.235971
165	0.204342
165	0.209
165	0.225661
165	0.166472
165	0.230528
165	0.285881
165	0.209465
165	0.149624
165	0.204686
165	0.21498
165	0.208214
165	0.196356
165	0.212733
165	0.192051
165	0.221666
165	0.219471
165	0.281532
165	0.273458
165	0.171628
165	0.190048
165	0.290821
165	0.21913
165	0.183686
165	0.25025
165	0.172889
165	0.116463
165	0.259451
165	0.230567
165	0.275668
165	0.207155
165	0.255431
165	0.169401
165	0.208694
165	0.167393
165	0.267155
165	0.134451
165	0.22269
165	0.239833
165	0.311329
165	0.268185
165	0.175507
165	0.173448
165	0.180286
165	0.148489
165	0.245777
165	0.17894
165	0.20599
165	0.252725
165	0.135013
165	0.193327
165	0.230648
165	0.242219
165	0.212386
165	0.251888
165	0.241936
165	0.202833
165	0.184393
165	0.209034
165	0.304848
165	0.21694
165	0.191079
165	0.210087
165	0.129796
165	0.0677464
165	0.251973
165	0.296759
165	0.242582
165	0.231781
165	0.266429
165	0.248771
165	0.205301
165	0.1913
165	0.173903
165	0.230247
165	0.277242
165	0.168563
165	0.216346
165	0.206374
165	0.220604
165	0.175756
165	0.271021
165	0.101533
168	0.171539
168	0.186084
168	0.178349
168	0.209436
168	0.188789
168	0.253348
168	0.201862
168	0.347931
168	0.189319
168	0.113307
168	0.0900088
168	0.18025
168	0.184016
168	0.129418
168	0.202077
168	0.221687
168	0.238498
168	0.173263
168	0.117161
168	0.0775199
168	0.239723
168	0.189278
168	0.240967
168	0.183578
168	0.1565
168	0.238095
168	0.176839
168	0.204687
168	0.132562
168	0.159511
168	0.143311
168	0.222759
168	0.2037
168	0.157151
168	0.317983
168	0.21973
168	0.173459
168	0.220962
168	0.262815
168	0.213574
168	0.248863
168	0.206066
168	0.259803
168	0.147406
168	0.255983
168	0.272718
168	0.187718
168	0.294228
168	0.27312
168	0.183255
168	0.166839
168	0.249186
168	0.169053
168	0.211574
168	0.248314
168	0.238542
168	0.170635
168	0.217374
168	0.245863
168	0.133766
168	0.214748
168	0.166369
168	0.244594
168	0.193103
168	0.190514
168	0.174852
168	0.233871
168	0.177099
168	0.192849
168	0.254076
168	0.185176
168	0.186531
168	0.224735
168	0.243153
168	0.11916
168	0.250101
168	0.150977
168	0.241961
168	0.229369
168	0.184305
168	0.257776
168	0.199952
168	0.260282
168	0.226226
168	0.208083
168	0.240694
168	0.158105
168	0.300833
168	0.265459
168	0.212157
168	0.310738
168	0.218185
168	0.327253
168	0.148959
168	0.147161
168	0.101157
168	0.269338
168	0.184829
168	0.204572
168	0.224292
171	0.119033
171	0.198719
171	0.213512
171	0.216813
171	0.308092
171	0.122152
171	0.192285
171	0.165035
171	0.144357
171	0.138294
171	0.247337
171	0.215569
171	0.300506
171	0.217423
171	0.220988
171	0.202688
171	0.157229
171	0.187578
171	0.22456
171	0.207589
171	0.282755
171	0.189594
171	0.258066
171	0.172178
171	0.165652
171	0.156088
171	0.231843
171	0.262341
171	0.171187
171	0.142514
171	0.250039
171	0.242092
171	0.207137
171	0.191138
171	0.263811
171	0.182199
171	0.247113
171	0.192693
171	0.121879
171	0.271084
171	0.214297
171	0.245258
171	0.346564
171	0.170562
171	0.18646
171	0.229583
171	0.182642
171	0.186833
171	0.223349
171	0.21454
171	0.213457
171	0.187971
171	0.116796
171	0.138602
171	0.178748
171	0.22328
171	0.182823
171	0.202044
171	0.211505
171	0.188984
171	0.246014
171	0.180222
171	0.23438
171	0.235553
171	0.246048
171	0.100203
171	0.17424
171	0.20617
171	0.165493
171	0.253635
171	0.19979
171	0.29244
171	0.168526
171	0.21781
171	0.153732
171	0.202712
171	0.276729
171	0.225308
171	0.237911
171	0.297545
171	0.23217
171	0.216899
171	0.200508
171	0.20546
171	0.198001
171	0.246651
171	0.167818
171	0.195708
171	0.255835
171	0.263157
171	0.274315
171	0.295973
171	0.17997
171	0.253657
171	0.253114
171	0.213658
171	0.200319
171	0.231083
171	0.224948
171	0.138123
174	0.235635
174	0.28231
174	0.266274
174	0.172372
174	0.229855
174	0.129576
174	0.188843
174	0.161687
174	0.151885
174	0.188203
174	0.171832
174	0.242171
174	0.281333
174	0.177338
174	0.145504
174	0.138791
174	0.182905
174	0.233407
174	0.223756
174	0.176243
174	0.11968
174	0.182533
174	0.164287
174	0.16735
174	0.169795
174	0.279891
174	0.307854
174	0.258032
174	0.199242
174	0.202526
174	0.242109
174	0.275227
174	0.270673
174	0.20732
174	0.156692
174	0.327869
174	0.237145
174	0.174353
174	0.116108
174	0.211651
174	0.257334
174	0.210108
174	0.259092
174	0.213028
174	0.208162
174	0.216836
174	0.150296
174	0.246432
174	0.161525
174	0.153753
174	0.285296
174	0.176442
174	0.219809
174	0.20754
174	0.195709
174	0.214531
174	0.204632
174	0.197291
174	0.248025
174	0.199483
174	0.228879
174	0.171017
174	0.132837
174	0.0786423
174	0.177945
174	0.235993
174	0.130037
174	0.218042
174	0.214889
174	0.283788
174	0.20683
174	0.218473
174	0.335272
174	0.144989
174	0.21788
174	0.180995
174	0.173889
174	0.219982
174	0.249031
174	0.243518
174	0.210359
174	0.168856
174	0.290383
174	0.259606
174	0.237125
174	0.170073
174	0.180452
174	0.219924
174	0.261267
174	0.15196
174	0.254543
174	0.275868
174	0.279698
174	0.205841
174	0.184312
174	0.191591
174	0.199713
174	0.333885
174	0.256097
174	0.171637
177	0.205243
177	0.149688
177	0.271271
177	0.1905
177	0.197515
177	0.183435
177	0.220186
177	0.209381
177	0.223634
177	0.196725
177	0.209847
177	0.263659
177	0.165052
177	0.178232
177	0.20985
177	0.196662
177	0.169341
177	0.204933
177	0.159537
177	0.185801
177	0.274792
177	0.143031
177	0.209028
177	0.19385
177	0.118846
177	0.175029
177	0.238377
177	0.213312
177	0.253401
177	0.211842
177	0.249511
177	0.194991
177	0.235222
177	0.217751
177	0.244739
177	0.227444
177	0.27193
177	0.208545
177	0.271972
177	0.19234
177	0.184774
177	0.170596
177	0.137109
177	0.183838
177	0.196746
177	0.134869
177	0.250983
177	0.236822
177	0.177801
177	0.223049
177	0.194662
177	0.136809
177	0.251004
177	0.17973
177	0.232465
177	0.216376
177	0.205915
177	0.228941
177	0.169615
177	0.207624
177	0.148731
177	0.224963
177	0.220633
177	0.217373
177	0.247767
177	0.0863979
177	0.288093
177	0.173467
177	0.21165
177	0.182882
177	0.160329
177	0.196679
177	0.279548
177	0.154958
177	0.156293
177	0.167304
177	0.213336
177	0.325394
177	0.20197
177	0.173485
177	0.180019
177	0.165184
177	0.168544
177	0.214099
177	0.193425
177	0.235189
177	0.19329
177	0.245483
177	0.20274
177	0.268551
177	0.096924
177	0.163508
177	0.202727
177	0.13634
177	0.222953
177	0.237505
177	0.168197
177	0.184041
177	0.228726
177	0.165654
180	0.251277
180	0.305892
180	0.236633
180	0.23593
180	0.193577
180	0.080297
180	0.14985
180	0.200999
180	0.229481
180	0.214614
180	0.205209
180	0.206484
180	0.171682
180	0.235669
180	0.184892
180	0.189636
180	0.237259
180	0.0944552
180	0.178303
180	0.223505
180	0.201126
180	0.170355
180	0.216339
180	0.125604
180	0.296486
180	0.200661
180	0.167826
180	0.265322
180	0.236287
180	0.204886
180	0.162173
180	0.175179
180	0.252351
180	0.211109
180	0.160039
180	0.170317
180	0.181088
180	0.216447
180	0.165558
180	0.247765
180	0.168054
180	0.246033
180	0.113362
180	0.15062
180	0.223542
180	0.10775
180	0.147535
180	0.152013
180	0.234658
180	0.232237
180	0.171355
180	0.216054
180	0.127691
180	0.233977
180	0.185335
180	0.224959
180	0.223336
180	0.183639
180	0.157117
180	0.248187
180	0.187619
180	0.20345
180	0.183889
180	0.199337
180	0.184
180	0.178552
180	0.195178
180	0.176819
180	0.181032
180	0.390799
180	0.179723
180	0.246177
180	0.240699
180	0.22025
180	0.184504
180	0.257182
180	0.155673
180	0.146014
180	0.102875
180	0.247802
180	0.155281
180	0.308774
180	0.201497
180	0.263345
180	0.237203
180	0.183026
180	0.171465
180	0.239789
180	0.260782
180	0.163277
180	0.235737
180	0.196517
180	0.178309
180	0.271861
180	0.152397
180	0.239528
180	0.168693
180	0.232373
180	0.214639
180	0.26226
