var	minCostFlow
5	0.674293
5	0.340013
5	0.207955
5	0.551017
5	0.239354
5	0.174903
5	0.707635
5	0.234355
5	0.23081
5	0.728608
5	0.705351
5	0.244063
5	0.698895
5	0.754292
5	0.408016
5	0.614547
5	0.490077
5	0.382544
5	0.197531
5	0.266212
5	0.129901
5	0.242435
5	0.745659
5	0.732644
5	0.436646
5	0.265113
5	0.786698
5	0.117355
5	0.360164
5	0.329733
5	0.244205
5	0.151087
5	0.178998
5	0.33037
5	0.435028
5	0.33217
5	0.0868585
5	0.281678
5	0.392362
5	0.443742
5	0.559654
5	0.368086
5	0.293703
5	0.42234
5	0.477665
5	0.217752
5	0.368328
5	0.731531
5	0.778912
5	0.285601
5	0.768025
5	0.284741
5	0.0967296
5	0.711018
5	0.870366
5	0.233873
5	0.568474
5	0.259811
5	0.216667
5	0.897647
5	0.21887
5	0.251128
5	0.435513
5	0.353926
5	0.542938
5	0.403509
5	0.339161
5	0.171003
5	0.232802
5	0.202256
5	0.228173
5	0.383441
5	0.362866
5	0.761448
5	0.307529
5	0.824565
5	0.269567
5	0.770779
5	0.798673
5	0.175812
5	0.433931
5	0.82513
5	0.288919
5	0.273791
5	0.663259
5	0.718664
5	0.407962
5	0.155947
5	0.797762
5	0.384268
5	0.353592
5	0.610962
5	0.678535
5	0.372061
5	0.330117
5	0.212038
5	0.781468
5	0.144242
5	0.194061
5	0.271343
8	0.356404
8	0.499017
8	0.668269
8	0.154614
8	0.194189
8	0.234888
8	0.236674
8	0.0975316
8	0.435229
8	0.742913
8	0.224624
8	0.152145
8	0.246522
8	0.237322
8	0.442666
8	0.735336
8	0.179244
8	0.414343
8	0.165958
8	0.287184
8	0.691515
8	0.221045
8	0.323612
8	0.169288
8	0.30545
8	0.271163
8	0.18791
8	0.0355962
8	0.275957
8	0.134836
8	0.312801
8	0.183585
8	0.108696
8	0.209081
8	0.188706
8	0.135738
8	0.204774
8	0.41313
8	0.22401
8	0.166128
8	0.220954
8	0.186658
8	0.279651
8	0.618368
8	0.262178
8	0.174506
8	0.131859
8	0.101209
8	0.292456
8	0.735302
8	0.778114
8	0.758477
8	0.195988
8	0.316619
8	0.271113
8	0.251293
8	0.302312
8	0.222845
8	0.121131
8	0.184577
8	0.190512
8	0.375949
8	0.111075
8	0.155652
8	0.454908
8	0.0858514
8	0.26329
8	0.231016
8	0.831445
8	0.143147
8	0.220536
8	0.168186
8	0.23177
8	0.305249
8	0.434778
8	0.293467
8	0.168322
8	0.217997
8	0.295185
8	0.0713504
8	0.187905
8	0.157063
8	0
8	0.333469
8	0.138927
8	0.195431
8	0.148598
8	0.136696
8	0.268529
8	0.18949
8	0.254397
8	0.282049
8	0.130302
8	0.807452
8	0.405591
8	0.219383
8	0.279573
8	0.196932
8	0.0767051
8	0.157061
11	0.287662
11	0.700168
11	0.174736
11	0.186442
11	0.199781
11	0.0829752
11	0.138573
11	0.213543
11	0.401786
11	0.612009
11	0.168299
11	0.0778145
11	0.182504
11	0.260271
11	0.226949
11	0.156457
11	0.103645
11	0.139006
11	0.344518
11	0.174481
11	0.218118
11	0.386529
11	0.130212
11	0.212159
11	0.239537
11	0.135253
11	0.161582
11	0.154422
11	0.116896
11	0.216329
11	0.196979
11	0.262867
11	0.261109
11	0.0477844
11	0.228207
11	0.160517
11	0.258613
11	0.28191
11	0.306362
11	0.130118
11	0.116022
11	0.123862
11	0.347201
11	0.248169
11	0.201507
11	0.187146
11	0.391406
11	0.0653462
11	0.656623
11	0.125419
11	0.207222
11	0.124836
11	0.202729
11	0.233425
11	0.101515
11	0.281176
11	0.2556
11	0.205581
11	0.154119
11	0.162416
11	0.150146
11	0.224987
11	0.254882
11	0.30428
11	0.191554
11	0.16793
11	0.224047
11	0.218968
11	0.154961
11	0.183629
11	0.186014
11	0.15962
11	0.28474
11	0.230619
11	0.467835
11	0.318956
11	0.217804
11	0.0721609
11	0.150191
11	0.100499
11	0.188724
11	0.312986
11	0.155523
11	0.254103
11	0.171426
11	0.159916
11	0.242117
11	0.147585
11	0.2678
11	0.137569
11	0.143469
11	0.138296
11	0.218126
11	0.211751
11	0.122262
11	0.231165
11	0.193144
11	0.234371
11	0.0898612
11	0.15521
14	0.214561
14	0.210758
14	0.646948
14	0.145409
14	0.188437
14	0.0909417
14	0.129279
14	0.192373
14	0.142177
14	0.138612
14	0.600489
14	0.0965804
14	0.311017
14	0.195691
14	0.18058
14	0.075587
14	0.2228
14	0.264817
14	0.245644
14	0.115252
14	0.123966
14	0.280216
14	0.193606
14	0.0822463
14	0.213294
14	0.131851
14	0.0282609
14	0.157244
14	0.18592
14	0.0569927
14	0.240147
14	0.207921
14	0.12479
14	0.111052
14	0.251292
14	0.154147
14	0.307704
14	0.277898
14	0.203778
14	0.251997
14	0.0595238
14	0.215099
14	0.0760026
14	0.195264
14	0.157423
14	0.194874
14	0.676902
14	0.256016
14	0.508671
14	0.216902
14	0.196356
14	0.0537778
14	0.0993696
14	0.199599
14	0.206943
14	0.177877
14	0.198411
14	0.21297
14	0.104357
14	0.161357
14	0.194324
14	0.149932
14	0.116775
14	0.135179
14	0.107875
14	0.254032
14	0.207506
14	0.137942
14	0.169155
14	0.226708
14	0.404465
14	0.294233
14	0.145431
14	0.193788
14	0.199109
14	0.184311
14	0.19882
14	0.17798
14	0.200793
14	0.0798502
14	0.204906
14	0.15944
14	0.233944
14	0.162466
14	0.148368
14	0.109156
14	0.157133
14	0.282992
14	0.22343
14	0.275556
14	0.0971217
14	0.228973
14	0.175734
14	0.0847242
14	0.279858
14	0.22897
14	0.0510769
14	0.101294
14	0.198482
14	0.23675
17	0.0923086
17	0.238219
17	0.248605
17	0.180137
17	0.276993
17	0.121967
17	0.0704607
17	0.0836055
17	0.261327
17	0.23426
17	0.203835
17	0.129918
17	0.0880025
17	0.0497918
17	0.080402
17	0.182383
17	0.0783054
17	0.136414
17	0.199704
17	0.0756406
17	0.0583266
17	0.158331
17	0.197128
17	0.142731
17	0.239774
17	0.113917
17	0.154374
17	0.27917
17	0.0796008
17	0.208103
17	0.108713
17	0.116957
17	0.235655
17	0.219045
17	0.130454
17	0.0723215
17	0.0464931
17	0.238938
17	0.1767
17	0.257257
17	0.133606
17	0.0661354
17	0.143158
17	0.140519
17	0.207904
17	0.0601397
17	0.193521
17	0.237412
17	0.0950812
17	0.116125
17	0.113431
17	0.188359
17	0.119015
17	0.223521
17	0.17382
17	0.105383
17	0.281427
17	0.175932
17	0.173498
17	0.0100699
17	0.192423
17	0.15605
17	0.135477
17	0.243937
17	0.0786425
17	0.16624
17	0.321651
17	0.111224
17	0.19408
17	0.193559
17	0.148144
17	0.149081
17	0.114993
17	0.239704
17	0.155755
17	0.0854022
17	0.253404
17	0.101202
17	0.0528813
17	0.239357
17	0.231267
17	0.295829
17	0.130634
17	0.121201
17	0.184055
17	0.163968
17	0.143126
17	0.153257
17	0.252625
17	0.0652272
17	0.250828
17	0.176539
17	0.181618
17	0.227521
17	0.254622
17	0.214983
17	0.13745
17	0.140074
17	0.202669
17	0.215406
20	0.169897
20	0.218024
20	0.0841082
20	0.139887
20	0.127025
20	0.186724
20	0.325284
20	0.0616099
20	0.0893752
20	0.0804804
20	0.0895428
20	0.128972
20	0.0576097
20	0.116475
20	0.0954851
20	0.080187
20	0.285606
20	0.108501
20	0.114764
20	0.273459
20	0.109027
20	0.220169
20	0.0321497
20	0.065795
20	0.0990764
20	0.199558
20	0.384937
20	0.108694
20	0.212922
20	0.0695781
20	0.193465
20	0.163109
20	0.0284809
20	0.125615
20	0.342323
20	0.206193
20	0.149735
20	0.133919
20	0.0958593
20	0.196175
20	0.0629523
20	0.0884656
20	0.10646
20	0.0576948
20	0.178736
20	0.119376
20	0.119867
20	0.175334
20	0.0858615
20	0.107003
20	0.212769
20	0.157314
20	0.0379259
20	0.143663
20	0.200564
20	0.10423
20	0.140517
20	0.0735247
20	0.072056
20	0.215081
20	0.232008
20	0.167621
20	0.0833809
20	0.108401
20	0.0849104
20	0.154017
20	0.221452
20	0.618156
20	0.100547
20	0.239973
20	0.13097
20	0.1233
20	0.0552145
20	0.142449
20	0.117715
20	0.148253
20	0.153561
20	0.177028
20	0.19417
20	0.212356
20	0.145179
20	0.0327127
20	0.130098
20	0.0491819
20	0.121278
20	0.0620939
20	0.124079
20	0.165504
20	0.117108
20	0.167301
20	0.129461
20	0.111472
20	0.165312
20	0.134069
20	0.131532
20	0.124833
20	0.0224071
20	0.119873
20	0.153918
20	0.205199
23	0.200142
23	0.104761
23	0.286665
23	0.130663
23	0.234635
23	0.175504
23	0.051948
23	0.121193
23	0.0707769
23	0.155236
23	0.0783584
23	0.148204
23	0.142034
23	0.191279
23	0.140793
23	0.145156
23	0.0368571
23	0.128746
23	0.0395832
23	0.213446
23	0.178347
23	0.175854
23	0.155428
23	0.24431
23	0.132869
23	0.0338124
23	0.169634
23	0.159952
23	0.125936
23	0.0942293
23	0.180947
23	0.100847
23	0.0775572
23	0.0903077
23	0.200102
23	0.23241
23	0.12009
23	0.0902878
23	0.13643
23	0.230371
23	0.35545
23	0.223236
23	0.173189
23	0.113229
23	0.0328769
23	0.161754
23	0.121709
23	0.202073
23	0.104137
23	0.262675
23	0.2069
23	0.188661
23	0.0621292
23	0.227769
23	0.137259
23	0.0688668
23	0.120618
23	0.20637
23	0.106683
23	0.154447
23	0.1898
23	0.156189
23	0.184161
23	0.140671
23	0.0562864
23	0.11325
23	0.103716
23	0.0692369
23	0.13633
23	0.0315452
23	0.22396
23	0.204144
23	0.215203
23	0.151233
23	0.112579
23	0.0831592
23	0.0967942
23	0.10349
23	0.0169212
23	0.103591
23	0.0615092
23	0.0579707
23	0.0701226
23	0.0208958
23	0.135916
23	0.0981887
23	0.136553
23	0.0363769
23	0.0789704
23	0.200836
23	0.0688954
23	0.233491
23	0.201216
23	0.160063
23	0.0861445
23	0.290214
23	0.143412
23	0.197986
23	0.210903
23	0.0880007
26	0.123459
26	0.0303177
26	0.140809
26	0.207929
26	0.132305
26	0.0859271
26	0.191676
26	0.0729361
26	0.105792
26	0.123888
26	0.212676
26	0.167117
26	0.11367
26	0.172154
26	0.191386
26	0.143981
26	0.108456
26	0.0660625
26	0.0836881
26	0.0762178
26	0.0677192
26	0.182082
26	0.140696
26	0.150454
26	0.0394285
26	0.0917823
26	0.0502224
26	0.191339
26	0.123671
26	0.0791195
26	0.0939545
26	0.083135
26	0.11747
26	0.241058
26	0.199634
26	0.0301444
26	0.0878235
26	0.157354
26	0.1008
26	0.0983202
26	0.0478908
26	0.27056
26	0.125758
26	0.172111
26	0.132169
26	0.114632
26	0.145049
26	0.0163043
26	0.0273394
26	0.208966
26	0.193812
26	0.084314
26	0.146928
26	0.170184
26	0.115631
26	0.057535
26	0.134868
26	0.140085
26	0.251402
26	0.0606228
26	0.132506
26	0.200274
26	0.187191
26	0.0841885
26	0.0969876
26	0.22282
26	0.0994881
26	0.280031
26	0.0973719
26	0.21443
26	0.0478249
26	0.150938
26	0.066359
26	0.109061
26	0.221847
26	0.0881729
26	0.0787564
26	0.254819
26	0.0970259
26	0.100995
26	0.154735
26	0.28519
26	0.11391
26	0.215148
26	0.112343
26	0.0757657
26	0.136432
26	0.11989
26	0.0498958
26	0.150378
26	0.128608
26	0.134
26	0.0980828
26	0.261016
26	0.14477
26	0.0943665
26	0.0722547
26	0.096265
26	0.143209
26	0.136288
29	0.0777152
29	0.0676729
29	0.164954
29	0.156012
29	0.221156
29	0.233281
29	0.0563677
29	0.108415
29	0.047442
29	0.0999877
29	0.082924
29	0.0730311
29	0.261241
29	0.113855
29	0.10114
29	0.168416
29	0.084382
29	0.109587
29	0.0652282
29	0.0792599
29	0.267279
29	0.0854861
29	0.12483
29	0.177911
29	0.14347
29	0.18866
29	0.200129
29	0.133546
29	0.0944919
29	0.178965
29	0.0578481
29	0.157646
29	0.14747
29	0.149013
29	0.149281
29	0.0925542
29	0.154405
29	0.0962619
29	0.192436
29	0.216752
29	0.127113
29	0.0955458
29	0.15851
29	0.132222
29	0.0583236
29	0.231592
29	0.223108
29	0.104981
29	0.0201403
29	0.197424
29	0.0354864
29	0.15922
29	0.118394
29	0.0903983
29	0.243482
29	0.0609535
29	0.209743
29	0.0127203
29	0.108266
29	0.0989437
29	0.138354
29	0.144486
29	0.0630387
29	0.125589
29	0.0833811
29	0.111069
29	0.0827057
29	0.0525864
29	0.217163
29	0.144199
29	0.0514029
29	0.113126
29	0.0703282
29	0.0912351
29	0.131286
29	0.0337502
29	0.139047
29	0.0671715
29	0.0987111
29	0.062116
29	0.0879351
29	0.124562
29	0.064543
29	0.0739749
29	0.0814931
29	0.0414505
29	0.0971441
29	0.120964
29	0.0724562
29	0.246816
29	0.144593
29	0.0743793
29	0.243022
29	0.0837496
29	0.107583
29	0.0928638
29	0.149262
29	0.0936124
29	0.142533
29	0.0999886
32	0.0654767
32	0.0587373
32	0.0626438
32	0.126071
32	0.0416217
32	0.0942315
32	0.114233
32	0.142973
32	0.110145
32	0.115861
32	0.0762192
32	0.157121
32	0.18043
32	0.121127
32	0.194861
32	0.14243
32	0.0825464
32	0.103125
32	0.161583
32	0.109713
32	0.144698
32	0.237686
32	0.0522376
32	0.0560675
32	0.0577357
32	0.161772
32	0.0674959
32	0.173984
32	0.0541797
32	0.167973
32	0.0354898
32	0.135034
32	0.106513
32	0.0781415
32	0.31669
32	0.0738098
32	0.0943781
32	0.136685
32	0.0966126
32	0.108992
32	0.132045
32	0.0833842
32	0.103903
32	0.11683
32	0.163045
32	0.059023
32	0.0805681
32	0.188055
32	0.153088
32	0.128805
32	0.289061
32	0.200611
32	0.0951172
32	0.153495
32	0.15867
32	0.0288817
32	0.134441
32	0.213828
32	0.123628
32	0.190009
32	0.122693
32	0.123121
32	0.16073
32	0.0954997
32	0.102652
32	0.0590056
32	0.216296
32	0.217271
32	0.196504
32	0.1228
32	0.234555
32	0.158248
32	0.0622923
32	0.148553
32	0.158456
32	0.154004
32	0.036931
32	0.137648
32	0.0844671
32	0.155502
32	0.165584
32	0.147668
32	0.171065
32	0.11106
32	0.126415
32	0.107411
32	0.123609
32	0.122969
32	0.0933955
32	0.0151254
32	0.0947291
32	0.0730515
32	0.205332
32	0.113889
32	0.0287949
32	0.0999226
32	0.13524
32	0.176813
32	0.140607
32	0.176362
35	0.128695
35	0.109123
35	0.130695
35	0.122784
35	0.120202
35	0.100582
35	0.117431
35	0.0365576
35	0.118221
35	0.073974
35	0.149004
35	0.17894
35	0.0872611
35	0.0755455
35	0.117124
35	0.148992
35	0.191699
35	0.0756609
35	0.0898836
35	0.0947196
35	0.137833
35	0.0594534
35	0.14852
35	0.032085
35	0.177251
35	0.213441
35	0.207712
35	0.169823
35	0.131581
35	0.0497654
35	0.131508
35	0.037247
35	0.0930642
35	0.0507754
35	0.069953
35	0.10895
35	0.118419
35	0.0739791
35	0.0869273
35	0.112823
35	0.0669035
35	0.0826943
35	0.115744
35	0.0882825
35	0.0497132
35	0.115768
35	0.221727
35	0.0834825
35	0.181565
35	0.0799731
35	0.0961702
35	0.0332906
35	0.225633
35	0.0492128
35	0.0757876
35	0.0745186
35	0.131279
35	0.0635859
35	0.101737
35	0.0823499
35	0.124302
35	0.177255
35	0.131295
35	0.0885165
35	0.0745156
35	0.137702
35	0.0658679
35	0.0458667
35	0.206272
35	0.0422646
35	0.0609494
35	0.0829403
35	0.0986914
35	0.231458
35	0.0630419
35	0.234763
35	0.0939889
35	0.168555
35	0.130589
35	0.0864124
35	0.0622366
35	0.151572
35	0.206865
35	0.0882619
35	0.180075
35	0.148038
35	0.0670886
35	0.0597234
35	0.20377
35	0.171013
35	0.124516
35	0.0707546
35	0.0919717
35	0.151559
35	0.0697416
35	0.0901434
35	0.104532
35	0.097706
35	0.0927723
35	0.191419
38	0.137332
38	0.111769
38	0.0485626
38	0.0781368
38	0.0625231
38	0.153938
38	0.0558756
38	0.0301888
38	0.150318
38	0.143023
38	0.0408193
38	0.191118
38	0.220444
38	0.109621
38	0.0763233
38	0.19884
38	0.153977
38	0.191838
38	0.213716
38	0.0315342
38	0.0633457
38	0.0706552
38	0.110182
38	0.0831869
38	0.135648
38	0.106966
38	0.0844747
38	0.045845
38	0.0998653
38	0.0565439
38	0.105985
38	0.099429
38	0.111398
38	0.265448
38	0.211992
38	0.109254
38	0.0877337
38	0.17
38	0.143713
38	0.246532
38	0.092464
38	0.0963232
38	0.222887
38	0.0914456
38	0.142595
38	0.105284
38	0.10715
38	0.279635
38	0.114123
38	0.124361
38	0.0957067
38	0.0184019
38	0.103044
38	0.0685349
38	0.129938
38	0.163058
38	0.091831
38	0.0948707
38	0.0714701
38	0.237681
38	0.0680021
38	0.104705
38	0.110389
38	0.0404918
38	0.135561
38	0.0455064
38	0.134155
38	0.204579
38	0.139949
38	0.011517
38	0.107711
38	0.0469592
38	0.0848928
38	0.0519605
38	0.156182
38	0.0761779
38	0.0324876
38	0.224096
38	0.221114
38	0.0449112
38	0.0799171
38	0.0590344
38	0.148054
38	0.0627379
38	0.106633
38	0.0873179
38	0.113789
38	0.135864
38	0.1046
38	0.0538736
38	0.0102654
38	0.104691
38	0.0660605
38	0.147116
38	0.114977
38	0.166361
38	0.0936823
38	0.267468
38	0.0399569
38	0.126443
41	0.103069
41	0.0839267
41	0.0865395
41	0.103796
41	0.0579237
41	0.0900444
41	0.131154
41	0.245681
41	0.10011
41	0.162891
41	0.101768
41	0.0505655
41	0.158616
41	0.103392
41	0.18583
41	0.118436
41	0.0675808
41	0.0807377
41	0.0929529
41	0.0949702
41	0.10158
41	0.128334
41	0.114641
41	0.0653253
41	0.108614
41	0.075473
41	0.0991302
41	0.108643
41	0.0771496
41	0.0757051
41	0.0559152
41	0.105581
41	0.170667
41	0.0272808
41	0.0379975
41	0.0561602
41	0.055309
41	0.0717802
41	0.105894
41	0.111606
41	0.112991
41	0.0801926
41	0.0836481
41	0.0752632
41	0.152475
41	0.0741554
41	0.0508987
41	0.105747
41	0.141565
41	0.106889
41	0.102051
41	0.108526
41	0.0735013
41	0.079787
41	0.0889054
41	0.133666
41	0.125066
41	0.154937
41	0.0519969
41	0.167441
41	0.075691
41	0.0815011
41	0.136546
41	0.076485
41	0.0898894
41	0.0154311
41	0.116643
41	0.0864428
41	0.0750499
41	0.0764512
41	0.15416
41	0.154828
41	0.127362
41	0.16667
41	0.0957338
41	0.150031
41	0.068475
41	0.169089
41	0.174256
41	0.0435286
41	0.0819322
41	0.121913
41	0.031077
41	0.0679048
41	0.136269
41	0.101731
41	0.0708867
41	0.130877
41	0.134931
41	0.0491409
41	0.115485
41	0.0978404
41	0.102517
41	0.0476778
41	0.122019
41	0.135457
41	0.0543739
41	0.0895693
41	0.0805904
41	0.0978655
44	0.0700365
44	0.159459
44	0.0887323
44	0.121972
44	0.0773775
44	0.0190357
44	0.0695956
44	0.0830853
44	0.143363
44	0.104089
44	0.205417
44	0.09988
44	0.106291
44	0.0761715
44	0.0862602
44	0.0442305
44	0.17053
44	0.122644
44	0.117807
44	0.12452
44	0.232611
44	0.094232
44	0.156912
44	0.0969041
44	0.076974
44	0.0661504
44	0.0928469
44	0.127719
44	0.0910297
44	0.163026
44	0.129917
44	0.143847
44	0.0665594
44	0.0572105
44	0.0665813
44	0.0666455
44	0.0855681
44	0.133004
44	0.14875
44	0.154249
44	0.0575199
44	0.185576
44	0.106286
44	0.0584448
44	0.048203
44	0.131759
44	0.201661
44	0.125998
44	0.161305
44	0.0858813
44	0.200917
44	0.0636264
44	0.125802
44	0.240356
44	0.141351
44	0.035958
44	0.0584965
44	0.0941576
44	0.0836164
44	0.154059
44	0.177966
44	0.136325
44	0.0875102
44	0.140408
44	0.0513195
44	0.075484
44	0.0741106
44	0.0945547
44	0.120848
44	0.123975
44	0.066095
44	0.0672796
44	0.11472
44	0.144732
44	0.0940622
44	0.244126
44	0.130617
44	0.172078
44	0.16533
44	0.251878
44	0.118694
44	0.0283714
44	0.139817
44	0.155054
44	0.120942
44	0.108108
44	0.0772349
44	0.150648
44	0.0454645
44	0.147345
44	0.106775
44	0.161081
44	0.0602377
44	0.12834
44	0.188752
44	0.0657917
44	0.0900168
44	0.107387
44	0.0997771
44	0.170245
47	0.112912
47	0.223555
47	0.0510381
47	0.0860703
47	0.104434
47	0.117711
47	0.0800634
47	0.148897
47	0.109094
47	0.0946313
47	0.110691
47	0.0273116
47	0.107611
47	0.177891
47	0.0863348
47	0.0258598
47	0.0787821
47	0.0669627
47	0.139619
47	0.176522
47	0.136249
47	0.0742984
47	0.144683
47	0.0885186
47	0.106775
47	0.137584
47	0.0834686
47	0.153207
47	0.107447
47	0.122342
47	0.159713
47	0.0469224
47	0.0923716
47	0.116082
47	0.092022
47	0.0360559
47	0.229608
47	0.0513781
47	0.0484985
47	0.0890924
47	0.122567
47	0.21435
47	0.0746597
47	0.0656334
47	0.109964
47	0.0997902
47	0.240136
47	0.0546766
47	0.134701
47	0.0889715
47	0.130038
47	0.0447059
47	0.129202
47	0.105557
47	0.178178
47	0.154001
47	0.0657992
47	0.107624
47	0.130612
47	0.163315
47	0.170384
47	0.0934013
47	0.117908
47	0.0651947
47	0.161949
47	0.043526
47	0.0154167
47	0.0328752
47	0.110208
47	0.129591
47	0.0219426
47	0.125463
47	0.135923
47	0.159776
47	0.053886
47	0.0397102
47	0.0380164
47	0.0717952
47	0.103995
47	0.136242
47	0.170882
47	0.236583
47	0.08664
47	0.0867845
47	0.07781
47	0.107404
47	0.0585691
47	0.0625437
47	0.177214
47	0.0750335
47	0.0953806
47	0.082374
47	0.0643157
47	0.160279
47	0.077562
47	0.175182
47	0.07693
47	0.112086
47	0.0419338
47	0.177611
50	0.0457369
50	0.0952412
50	0.0235125
50	0.175779
50	0.118866
50	0.101595
50	0.0611347
50	0.156231
50	0.0733669
50	0.0712253
50	0.0765161
50	0.163425
50	0.153553
50	0.145379
50	0.100119
50	0.069456
50	0.130639
50	0.0808569
50	0.0406661
50	0.124683
50	0.177917
50	0.0752924
50	0.0720108
50	0.120324
50	0.137411
50	0.15711
50	0.0621373
50	0.0446999
50	0.11788
50	0.151829
50	0.0914876
50	0.0511887
50	0.0635393
50	0.126367
50	0.0971753
50	0.00612886
50	0.0982043
50	0.0483717
50	0.193142
50	0.128843
50	0.0619132
50	0.0241828
50	0.112835
50	0.0431118
50	0.217316
50	0.0577297
50	0.117193
50	0.152475
50	0.0840361
50	0.112162
50	0.111076
50	0.0933767
50	0.0942325
50	0.0736405
50	0.157733
50	0.116642
50	0.113042
50	0.134906
50	0.252767
50	0.112757
50	0.14186
50	0.151814
50	0.0851086
50	0.126772
50	0.0531519
50	0.0323472
50	0.0548193
50	0.0728584
50	0.0876435
50	0.107489
50	0.16027
50	0.19161
50	0.0603922
50	0.0142313
50	0.0675403
50	0.0750481
50	0.098882
50	0.110625
50	0.12383
50	0.130407
50	0.11048
50	0.235065
50	0.104849
50	0.191561
50	0.131331
50	0.0129416
50	0.0313087
50	0.0528151
50	0.0936808
50	0.0887132
50	0.109076
50	0.0859392
50	0.0381498
50	0.034845
50	0.108461
50	0.172407
50	0.0718118
50	0.0636474
50	0.11588
50	0.100216
53	0.0171663
53	0.149058
53	0.260092
53	0.0566707
53	0.151256
53	0.207809
53	0.118065
53	0.00652174
53	0.0678154
53	0.0387705
53	0.120053
53	0.115299
53	0.0756476
53	0.0479558
53	0.0767206
53	0.155011
53	0.171395
53	0.0536974
53	0.0632375
53	0.0688429
53	0.08653
53	0.0921912
53	0.152374
53	0.0684836
53	0.115637
53	0.100969
53	0.131705
53	0.064651
53	0.155301
53	0.17234
53	0.0866179
53	0.155196
53	0.0229059
53	0.0820902
53	0.188823
53	0.0533759
53	0.094716
53	0.056931
53	0.0586537
53	0.0803794
53	0.111603
53	0.153566
53	0.23916
53	0.152158
53	0.163255
53	0.0502118
53	0.0524664
53	0.0861541
53	0.147323
53	0.170486
53	0.167641
53	0.137604
53	0.170925
53	0.0629693
53	0.0825034
53	0.167762
53	0.0942886
53	0.111194
53	0.0517574
53	0.135452
53	0.0899328
53	0.0220984
53	0.117089
53	0.244153
53	0.171434
53	0.190598
53	0.0885638
53	0.0676636
53	0.0983006
53	0.0323857
53	0.118185
53	0.155441
53	0.0451054
53	0.0217572
53	0.113271
53	0.0665927
53	0.18824
53	0.111035
53	0.0678554
53	0.100949
53	0.111779
53	0.0679907
53	0.102769
53	0.0518883
53	0.122217
53	0.129748
53	0.0923007
53	0.051422
53	0.0472005
53	0.0963115
53	0.0877367
53	0.100219
53	0.0970458
53	0.072568
53	0.0811701
53	0.113274
53	0.0759419
53	0.0595621
53	0.117108
53	0.0709302
56	0.141531
56	0.0675343
56	0.0830554
56	0.094376
56	0.170137
56	0.10567
56	0.0818025
56	0.0679631
56	0.0423185
56	0.160919
56	0.0576326
56	0.0748313
56	0.116624
56	0.0599778
56	0.117618
56	0.0422687
56	0.0381754
56	0.121428
56	0.051893
56	0.159784
56	0.189722
56	0.0562787
56	0.0985719
56	0.0408874
56	0.131631
56	0.0584558
56	0.222084
56	0.183552
56	0.0615816
56	0.0569826
56	0.112681
56	0.0568003
56	0.144247
56	0.0490828
56	0.0892984
56	0.0633128
56	0.0421838
56	0.081052
56	0.104643
56	0.081573
56	0.227985
56	0.165899
56	0.200867
56	0.0950665
56	0.15574
56	0.198609
56	0.124377
56	0.193982
56	0.0979003
56	0.0365309
56	0.0863457
56	0.0639724
56	0.183315
56	0.209441
56	0.13909
56	0.0993384
56	0.223732
56	0.0472291
56	0.155283
56	0.0870036
56	0.159384
56	0.104868
56	0.117654
56	0.10172
56	0.0922212
56	0.125998
56	0.0829321
56	0.11535
56	0.036229
56	0.100925
56	0.0851109
56	0.173153
56	0.0869635
56	0.0420893
56	0.0673324
56	0.0568122
56	0.108484
56	0.0879862
56	0.0278842
56	0.228803
56	0.110343
56	0.202435
56	0.0478249
56	0.0648097
56	0.117384
56	0.0930384
56	0.12458
56	0.138799
56	0.10984
56	0.124808
56	0.139895
56	0.117957
56	0.0752826
56	0.102264
56	0.0588515
56	0.0450633
56	0.0758739
56	0.210116
56	0.0293893
56	0.191455
59	0.153318
59	0.156922
59	0.104192
59	0.0629641
59	0.0965549
59	0.093368
59	0.238356
59	0.127906
59	0.0566693
59	0.0686382
59	0.205376
59	0.121267
59	0.0865741
59	0.0605911
59	0.0732664
59	0.101797
59	0.0836633
59	0.0575068
59	0.0663231
59	0.247363
59	0.059065
59	0.142306
59	0.0898795
59	0.11895
59	0.102991
59	0.100901
59	0.0654247
59	0.0667169
59	0.0643758
59	0.142118
59	0.0581653
59	0.122625
59	0.103238
59	0.0737431
59	0.106247
59	0.0176643
59	0.10733
59	0.0874948
59	0.150397
59	0.188565
59	0.103635
59	0.0978667
59	0.0829222
59	0.0653382
59	0.157875
59	0.103496
59	0.0996683
59	0.165269
59	0.0409465
59	0.0341778
59	0.0761273
59	0.172544
59	0.0950648
59	0.075759
59	0.140798
59	0.130743
59	0.119839
59	0.0912053
59	0.203084
59	0.0635597
59	0.0465367
59	0.0580209
59	0.0767632
59	0.0485114
59	0.15917
59	0.100314
59	0.0697902
59	0.12277
59	0.0817235
59	0.0354972
59	0.0735939
59	0.0554039
59	0.0755437
59	0.0378108
59	0.157979
59	0.0636813
59	0.057297
59	0.122925
59	0.0886596
59	0.0559185
59	0.0378639
59	0.0286209
59	0.158381
59	0.013808
59	0.0994011
59	0.14056
59	0.0065516
59	0.115177
59	0.0679432
59	0.0287505
59	0.0749161
59	0.166057
59	0.156759
59	0.160072
59	0.0618915
59	0.0974322
59	0.103407
59	0.0892924
59	0.116754
59	0.111728
62	0.0416285
62	0.0671813
62	0.128103
62	0.0323416
62	0.0785008
62	0.0915049
62	0.10393
62	0.0838149
62	0.11496
62	0.163258
62	0.130202
62	0.0866672
62	0.0514714
62	0.0922757
62	0.128196
62	0.109967
62	0.152187
62	0.129805
62	0.0301096
62	0.14133
62	0.063339
62	0.171477
62	0.156948
62	0.0758031
62	0.043609
62	0.118643
62	0.0867424
62	0.0696764
62	0.103492
62	0.0487797
62	0.171341
62	0.124428
62	0.134073
62	0.174795
62	0.0808741
62	0.0768473
62	0.0353252
62	0.163251
62	0.149789
62	0.165804
62	0.0659545
62	0.0799203
62	0.147542
62	0.041912
62	0.172997
62	0.132655
62	0.161013
62	0.247388
62	0.075604
62	0.0920696
62	0.193572
62	0.0395131
62	0.0848588
62	0.0340929
62	0.0426585
62	0.09415
62	0.118926
62	0.0820888
62	0.0529071
62	0.102855
62	0.112084
62	0.0632805
62	0.0455545
62	0.0633841
62	0.0329315
62	0.0819698
62	0.0440808
62	0.167536
62	0.0582649
62	0.0704004
62	0.0460591
62	0.18765
62	0.137679
62	0.0580969
62	0.138561
62	0.145449
62	0.0625143
62	0.0265086
62	0.0827973
62	0.0668038
62	0.0990465
62	0.00881024
62	0.192004
62	0.147042
62	0.0639598
62	0.0768448
62	0.0678786
62	0.0965068
62	0.0919935
62	0.0789295
62	0.0859345
62	0.0925024
62	0.0456762
62	0.0537663
62	0.0908143
62	0.0982569
62	0.184137
62	0.0303229
62	0.0637385
62	0.0492186
65	0.194772
65	0.184281
65	0.059363
65	0.079779
65	0.25325
65	0.0455986
65	0.0618326
65	0.0700243
65	0.13883
65	0.165612
65	0.130364
65	0.0467134
65	0.127955
65	0.187223
65	0.140933
65	0.162814
65	0.0362283
65	0.0910644
65	0.163967
65	0.0794988
65	0.0920636
65	0.152684
65	0.116467
65	0.0738137
65	0.0928343
65	0.135741
65	0.318465
65	0.0890074
65	0.106513
65	0.0666909
65	0.0902827
65	0.0802526
65	0.0994562
65	0.0819171
65	0.0438909
65	0.0530734
65	0.148862
65	0.122393
65	0.0446464
65	0.106513
65	0.135928
65	0.186139
65	0.0693207
65	0.109605
65	0.139307
65	0.188888
65	0.0374109
65	0.150401
65	0.129644
65	0.0257769
65	0.0385928
65	0.141642
65	0.068101
65	0.116673
65	0.0475039
65	0.101537
65	0.0628621
65	0.166106
65	0.123
65	0.195818
65	0.0701295
65	0.13668
65	0.107153
65	0.129793
65	0.0486519
65	0.0650116
65	0.103351
65	0.0876151
65	0.092996
65	0.0847263
65	0.0309966
65	0.174376
65	0.0881746
65	0.117244
65	0.0885234
65	0.126303
65	0.140585
65	0.15516
65	0.184067
65	0.15989
65	0.0616216
65	0.174761
65	0.219299
65	0.104364
65	0.173046
65	0.159598
65	0.0723985
65	0.0246809
65	0.257735
65	0.0786541
65	0.119432
65	0.0463565
65	0.0544922
65	0.148951
65	0.0227549
65	0.157679
65	0.0893468
65	0.124567
65	0.035425
65	0.0558846
68	0.123205
68	0.0638324
68	0.058073
68	0.0993145
68	0.102038
68	0.0568303
68	0.0716218
68	0.0912762
68	0.13984
68	0.0801583
68	0.0690068
68	0.0674693
68	0.228819
68	0.124751
68	0.135452
68	0.119057
68	0.0644666
68	0.071564
68	0.0485879
68	0.0627487
68	0.0615849
68	0.052634
68	0.102407
68	0.0884966
68	0.069197
68	0.0948448
68	0.0540802
68	0.116647
68	0.147666
68	0.0761048
68	0.14091
68	0.0597106
68	0.098432
68	0.0710807
68	0.0992178
68	0.08713
68	0.0400823
68	0.0778314
68	0.0354264
68	0.128068
68	0.0742471
68	0.0894114
68	0.0897005
68	0.10819
68	0.0521137
68	0.11856
68	0.189199
68	0.223419
68	0.0856015
68	0.0918148
68	0.0897442
68	0.0913371
68	0.0771403
68	0.0473598
68	0.0835589
68	0.132116
68	0.122026
68	0.0889124
68	0.115723
68	0.0429472
68	0.0185278
68	0.0638854
68	0.116083
68	0.0562185
68	0.0856329
68	0.194818
68	0.111936
68	0.0426205
68	0.0189183
68	0.149392
68	0.119654
68	0.0856609
68	0.0570967
68	0.0360125
68	0.213222
68	0.0687325
68	0.0484024
68	0.0874919
68	0.05927
68	0.0574243
68	0.0682989
68	0.0935595
68	0.0995759
68	0.188525
68	0.24629
68	0.057942
68	0.0848508
68	0.00911963
68	0.0298808
68	0.112296
68	0.109577
68	0.0772995
68	0.116036
68	0.0221855
68	0.118157
68	0.145947
68	0.060942
68	0.0424175
68	0.0213078
68	0.0859122
71	0.0842444
71	0.10751
71	0.147266
71	0.021725
71	0.132426
71	0.106188
71	0.111808
71	0.0331275
71	0.107085
71	0.0305943
71	0.111148
71	0.0556888
71	0.0359484
71	0.112381
71	0.243359
71	0.0837704
71	0.101809
71	0.125576
71	0.0880286
71	0.0788687
71	0.128203
71	0.0630616
71	0.114242
71	0.10705
71	0.071529
71	0.0850833
71	0.104358
71	0.0630971
71	0.132939
71	0.0717428
71	0.0743499
71	0.0852015
71	0.0773225
71	0.120013
71	0.111333
71	0.0113182
71	0.196165
71	0.0684146
71	0.0818589
71	0.110758
71	0.138892
71	0.103136
71	0.0959904
71	0.0819558
71	0.161491
71	0.111886
71	0.095492
71	0.148759
71	0.124153
71	0.172206
71	0.0407492
71	0.0676111
71	0.194269
71	0.0267237
71	0.0678402
71	0.0361366
71	0.130511
71	0.118902
71	0.115432
71	0.0705651
71	0.073859
71	0.104346
71	0.10502
71	0.103444
71	0.0610228
71	0.0764498
71	0.0980889
71	0.0978536
71	0.0542163
71	0.0661776
71	0.153586
71	0.0333114
71	0.123192
71	0.0147119
71	0.148395
71	0.0257321
71	0.033399
71	0.110863
71	0.120642
71	0.0286641
71	0.168347
71	0.0586184
71	0.0292148
71	0.115511
71	0.120228
71	0.0620819
71	0.0504211
71	0.114989
71	0.182683
71	0.0326925
71	0.0580059
71	0.124945
71	0.120733
71	0.158755
71	0.050689
71	0.111752
71	0.0803198
71	0.0782209
71	0.216628
71	0.114217
74	0.0619781
74	0.214823
74	0.244116
74	0.15795
74	0.0880076
74	0.132692
74	0.0894304
74	0.0730753
74	0.162907
74	0.0660696
74	0.118979
74	0.130214
74	0.169972
74	0.111478
74	0.134598
74	0.0550767
74	0.0853526
74	0.00842502
74	0.0754855
74	0.176299
74	0.0705005
74	0.0297256
74	0.0442685
74	0.073519
74	0.106842
74	0.0395821
74	0.0713025
74	0.0914894
74	0.155621
74	0.10176
74	0.0821568
74	0.0760508
74	0.173832
74	0.0601216
74	0.0874939
74	0.07213
74	0.190487
74	0.0614443
74	0.0536277
74	0.0958271
74	0.0228255
74	0.131632
74	0.0683201
74	0.0643639
74	0.121298
74	0.0508411
74	0.200452
74	0.278584
74	0.0675453
74	0.100178
74	0.0704822
74	0.111225
74	0.0821034
74	0.004397
74	0.069502
74	0.147892
74	0.0949578
74	0.0445547
74	0.0983615
74	0.0738138
74	0.0509474
74	0.121116
74	0.152741
74	0.141112
74	0.115518
74	0.0603034
74	0.0615148
74	0.107084
74	0.146704
74	0.0536854
74	0.0346647
74	0.0532139
74	0.0971838
74	0.148066
74	0.0569544
74	0.0917535
74	0.00102676
74	0.0603453
74	0.0455374
74	0.0774835
74	0.0849282
74	0.0574752
74	0.110524
74	0.115866
74	0.0769563
74	0.0912024
74	0.0527103
74	0.00655631
74	0.0591098
74	0.0682136
74	0.0775505
74	0.0567877
74	0.201326
74	0.140227
74	0.0827476
74	0.0408281
74	0.0418862
74	0.0965725
74	0.0685313
74	0.0989211
77	0.112534
77	0.138053
77	0.133741
77	0.0926353
77	0.0567883
77	0.040486
77	0.0524771
77	0.129449
77	0.0476681
77	0.0668267
77	0.0236851
77	0.147545
77	0.0996673
77	0.0587589
77	0.100219
77	0.114008
77	0.0525702
77	0.0811926
77	0.0998642
77	0.102672
77	0.0498802
77	0.0636088
77	0.0922771
77	0.0843134
77	0.103679
77	0.0246498
77	0.0759723
77	0.046337
77	0.0751318
77	0.108686
77	0.0450305
77	0.147672
77	0.115539
77	0.0442091
77	0.0747085
77	0.0872517
77	0.0385681
77	0.0938407
77	0.119115
77	0.0510284
77	0.0651948
77	0.0694913
77	0.103655
77	0.0624512
77	0.112756
77	0.0651145
77	0.117266
77	0.122254
77	0.0769609
77	0.0743426
77	0.0655836
77	0.0440953
77	0.0984127
77	0.0836075
77	0.00430632
77	0.0385277
77	0.109467
77	0.0864853
77	0.162675
77	0.152655
77	0.104664
77	0.0465326
77	0.0930432
77	0.0361394
77	0.00734877
77	0.056232
77	0.091487
77	0.11322
77	0.00397499
77	0.0819825
77	0.0126267
77	0.0997709
77	0.137719
77	0.0270261
77	0.0504101
77	0.212942
77	0.0653604
77	0.071039
77	0.117928
77	0.0239373
77	0.145053
77	0.0978658
77	0.081252
77	0.167665
77	0.0961482
77	0.0306919
77	0.114213
77	0.0270839
77	0.1127
77	0.0939519
77	0.0530686
77	0.0604161
77	0.075312
77	0.0800183
77	0.0517633
77	0.132852
77	0.0967064
77	0.0400808
77	0.138143
77	0.0378974
80	0.111266
80	0.111424
80	0.0576658
80	0.0972979
80	0.116486
80	0.114904
80	0.0792922
80	0.0993567
80	0.0493797
80	0.0492131
80	0.025939
80	0.075096
80	0.0612779
80	0.0759085
80	0.0654179
80	0.125457
80	0.0132827
80	0.179392
80	0.0875712
80	0.10082
80	0.047658
80	0.0760031
80	0.127224
80	0.116808
80	0.0130956
80	0.122053
80	0.116527
80	0.0860355
80	0.0464764
80	0.102366
80	0.0970481
80	0.0557427
80	0.102195
80	0.0320348
80	0.0871304
80	0.133696
80	0.0870419
80	0.0988413
80	0.0935112
80	0.0821519
80	0.137946
80	0.0660288
80	0.0501468
80	0.108828
80	0.0564536
80	0.0717859
80	0.0716396
80	0.0523912
80	0.108384
80	0.269339
80	0.117662
80	0.0854404
80	0.0285665
80	0.0696455
80	0.025767
80	0.117059
80	0.100334
80	0.181749
80	0.0723371
80	0.0268041
80	0.0978386
80	0.038254
80	0.112904
80	0.0585657
80	0.0707972
80	0.108607
80	0.233869
80	0.0799072
80	0.0625595
80	0.0631315
80	0.1428
80	0.083587
80	0.0436354
80	0.0879388
80	0.230181
80	0.0789628
80	0.135394
80	0.0800896
80	0.108615
80	0.0889154
80	0.123255
80	0.119796
80	0.0550204
80	0.0938
80	0.074885
80	0.0653994
80	0.124485
80	0.0556198
80	0.0782671
80	0.0802447
80	0.136919
80	0.135213
80	0.0199502
80	0.0554735
80	0.0419017
80	0.066251
80	0.0509192
80	0.110484
80	0.0405357
80	0.157379
83	0.17662
83	0.0472088
83	0.0627385
83	0.0686883
83	0.126904
83	0.0551543
83	0.0500339
83	0.0790302
83	0.0231568
83	0.1129
83	0.0642563
83	0.108727
83	0.0422976
83	0.0812367
83	0.164046
83	0.0191366
83	0.0290616
83	0.0464675
83	0.0736205
83	0.0851105
83	0.134006
83	0.082752
83	0.111519
83	0.0389984
83	0.124954
83	0.179703
83	0.012871
83	0.0448712
83	0.0933037
83	0.0631753
83	0.0337203
83	0.0599418
83	0.145386
83	0.170323
83	0.0729958
83	0.0751802
83	0.0743203
83	0.0779006
83	0.0555737
83	0.0426318
83	0.13347
83	0.053654
83	0.109529
83	0.101748
83	0.0271314
83	0.107791
83	0.0867261
83	0.0353329
83	0.065099
83	0.114984
83	0.0900354
83	0.1134
83	0.0367395
83	0.102669
83	0.0582982
83	0.104481
83	0.0754693
83	0.0549792
83	0.0818309
83	0.10055
83	0.162713
83	0.134981
83	0.0343242
83	0.101902
83	0.119745
83	0.0498206
83	0.0541998
83	0.0756433
83	0.0599781
83	0.0790094
83	0.0682731
83	0.10306
83	0.121858
83	0.035539
83	0.131084
83	0.061607
83	0.100307
83	0.0989208
83	0.0141537
83	0.091833
83	0.0553792
83	0.08174
83	0.0931755
83	0.090079
83	0.0651877
83	0.0624774
83	0.0615511
83	0.0726989
83	0.115176
83	0.119234
83	0.127689
83	0.0577254
83	0.0273791
83	0.0113636
83	0.0431855
83	0.0531085
83	0.0606741
83	0.160837
83	0.118208
83	0.0364144
86	0.0458659
86	0.0575648
86	0.0321188
86	0.123459
86	0.0722387
86	0.125386
86	0.120616
86	0.0684611
86	0.18088
86	0.10058
86	0.0899007
86	0.176106
86	0.0393027
86	0.0848112
86	0.174135
86	0.00801184
86	0.165226
86	0.0792847
86	0.0767463
86	0.0926591
86	0.0685269
86	0.0494889
86	0.0083347
86	0.0989622
86	0.0821695
86	0.074109
86	0.101103
86	0.138991
86	0.0612699
86	0.10307
86	0.0644488
86	0.0677465
86	0.00694027
86	0.06
86	0.0457847
86	0.115446
86	0.0969152
86	0.110451
86	0.00751763
86	0.07428
86	0.0751004
86	0.064379
86	0.0618019
86	0.0281248
86	0.0633311
86	0.0633825
86	0.0974522
86	0.0610932
86	0.0721684
86	0.0962771
86	0.037801
86	0.138546
86	0.0678606
86	0.0474627
86	0.0512292
86	0.0778859
86	0.0551526
86	0.0334902
86	0.0586921
86	0.0813963
86	0.0652443
86	0.246941
86	0.176144
86	0.0632885
86	0.0230248
86	0.10742
86	0.0544375
86	0.0628673
86	0.102018
86	0.0376355
86	0.0294365
86	0.0609646
86	0.0614607
86	0.114881
86	0.110289
86	0.0381909
86	0.1253
86	0.0926716
86	0.103369
86	0.0832189
86	0.0860033
86	0.132127
86	0.0341985
86	0.147935
86	0.0324945
86	0.0846931
86	0.103542
86	0.12933
86	0.0617915
86	0.128658
86	0.0343504
86	0.169899
86	0.0796768
86	0.00156843
86	0.0632818
86	0.0325838
86	0.0839397
86	0.136953
86	0.0615187
89	0.236265
89	0.0604423
89	0.040483
89	0.0869736
89	0.0885848
89	0.103218
89	0.0666262
89	0.0780839
89	0.0329236
89	0.0715944
89	0.0345546
89	0.0416781
89	0.0562307
89	0.00933483
89	0.0833556
89	0.0185742
89	0.0243105
89	0.0766628
89	0.0997082
89	0.128471
89	0.0646512
89	0.0721395
89	0.134135
89	0.124061
89	0.0821479
89	0.0359564
89	0.0954442
89	0.067522
89	0.0780936
89	0.0371276
89	0.0445758
89	0.119544
89	0.0528527
89	0.172244
89	0.0414158
89	0.116425
89	0.137519
89	0.03125
89	0.0662198
89	0.0664812
89	0.0587396
89	0.141728
89	0.0413275
89	0.185835
89	0.0595526
89	0.0573121
89	0.0581256
89	0.0928213
89	0.0804851
89	0.0784757
89	0.110898
89	0.0933109
89	0.0799255
89	0.0712907
89	0.0582923
89	0.0733677
89	0.0799839
89	0.0744246
89	0.125877
89	0.0705395
89	0.114139
89	0.0716092
89	0.121245
89	0.209302
89	0.112032
89	0.0550353
89	0.0567162
89	0.103785
89	0.110919
89	0.0730754
89	0.0535556
89	0.0332036
89	0.130303
89	0.0554905
89	0.0391335
89	0.0451789
89	0.11545
89	0.102512
89	0.0149084
89	0.0360098
89	0.0675667
89	0.176433
89	0.11047
89	0.0510734
89	0.0994159
89	0.115391
89	0.0654999
89	0.0448719
89	0.126534
89	0.0443517
89	0.0714316
89	0.238944
89	0.0292201
89	0.0268849
89	0.0626348
89	0.0457034
89	0.0350257
89	0.115796
89	0.0481891
89	0.0293023
92	0.0735969
92	0.112704
92	0.100773
92	0.0937575
92	0.0503827
92	0.085729
92	0.0362154
92	0.0430627
92	0.122781
92	0.0595682
92	0.085703
92	0.0719381
92	0.0406796
92	0.0980895
92	0.147364
92	0.0981962
92	0.0541111
92	0.121941
92	0.11264
92	0.10384
92	0.0718023
92	0.0139133
92	0.0656566
92	0.0661677
92	0.100217
92	0.0552979
92	0.0850345
92	0.0375216
92	0.0494181
92	0.0328099
92	0.133126
92	0.10309
92	0.0684766
92	0.0549158
92	0.054526
92	0.0905952
92	0.126931
92	0.073674
92	0.0738188
92	0.0246081
92	0.0280592
92	0.199794
92	0.109873
92	0.0640411
92	0.124969
92	0.0317502
92	0.0925648
92	0.0965512
92	0.0595684
92	0.0560836
92	0.0361514
92	0.0883636
92	0.0613685
92	0.0985907
92	0.0642937
92	0.0073787
92	0.0198077
92	0.0904541
92	0.148648
92	0.0948849
92	0.0798812
92	0.0478015
92	0.0492579
92	0.0428988
92	0.0432743
92	0.0651833
92	0.0783433
92	0.0434189
92	0.0301843
92	0.0936191
92	0.106645
92	0.105764
92	0.100623
92	0.0816872
92	0.103526
92	0.0730241
92	0.0443035
92	0.0149182
92	0.224241
92	0.0694623
92	0.172959
92	0.042808
92	0.0635144
92	0.149453
92	0.103229
92	0.0237707
92	0.0630704
92	0.07422
92	0.0512888
92	0.0787904
92	0.0908192
92	0.0652898
92	0.277017
92	0.0734067
92	0.152656
92	0.101684
92	0.0471333
92	0.0821834
92	0.0983432
92	0.0692443
95	0.0799619
95	0.10789
95	0.0518322
95	0.11613
95	0.142228
95	0.0305787
95	0.0341617
95	0.0489236
95	0.0820673
95	0.0189951
95	0.0313409
95	0.0541835
95	0.0624376
95	0.0300553
95	0.0942576
95	0.0530942
95	0.0237991
95	0.17729
95	0.0344409
95	0.0594475
95	0.102535
95	0.0349715
95	0.0645391
95	0.0953878
95	0.11023
95	0.0926487
95	0.0769749
95	0.14015
95	0.0200132
95	0.114575
95	0.0549993
95	0.101043
95	0.026327
95	0.0895095
95	0.0570856
95	0.0876275
95	0.0615063
95	0.0611749
95	0.0430762
95	0.0540632
95	0.100585
95	0.0950971
95	0.111949
95	0.0402816
95	0.0957559
95	0.114901
95	0.127502
95	0.0906478
95	0.0611693
95	0.0895555
95	0.191316
95	0.0902812
95	0.0629901
95	0.0415295
95	0.0674008
95	0.196773
95	0.00509951
95	0.0527586
95	0.062828
95	0.0868198
95	0.0418046
95	0.162696
95	0.0636537
95	0.0418875
95	0.049994
95	0.0930775
95	0.0459166
95	0.0638943
95	0.0107594
95	0.163922
95	0.0600824
95	0.106266
95	0.0695597
95	0.0671029
95	0.05438
95	0.0572917
95	0.0748177
95	0.0814753
95	0.0287525
95	0.06387
95	0.0811796
95	0.0825063
95	0.0702533
95	0.116559
95	0.0326437
95	0.0473503
95	0.118643
95	0.0294266
95	0.0600121
95	0.0617012
95	0.0521214
95	0.107496
95	0.156194
95	0.102535
95	0.0400511
95	0.133604
95	0.0436553
95	0.0773501
95	0.0356451
95	0.0695969
98	0.0616173
98	0.0757794
98	0.138422
98	0.0247796
98	0.0824201
98	0.0945289
98	0.0729344
98	0.0275889
98	0.0891361
98	0.02937
98	0.0577173
98	0.104459
98	0.047276
98	0.158475
98	0.150923
98	0.0933356
98	0.218859
98	0.069345
98	0.0680966
98	0.118991
98	0.0626668
98	0.0992829
98	0.0631849
98	0.127854
98	0.127733
98	0.0629871
98	0.0851522
98	0.0810957
98	0.0244834
98	0.0422643
98	0.107394
98	0.0383443
98	0.103606
98	0.0639831
98	0.129031
98	0.083225
98	0.123603
98	0.0518204
98	0.0692205
98	0.0873642
98	0.036108
98	0.0440741
98	0.056467
98	0.0568316
98	0.0642133
98	0.0900354
98	0.108798
98	0.0508066
98	0.0928731
98	0.0931659
98	0.047803
98	0.227579
98	0.0518593
98	0.0862793
98	0.0387112
98	0.0712699
98	0.0924341
98	0.054138
98	0.0817924
98	0.120411
98	0.117662
98	0.0599182
98	0.0886825
98	0.0350884
98	0.0870384
98	0.145258
98	0.056513
98	0.0866605
98	0.0587957
98	0.0941125
98	0.116336
98	0.0748936
98	0.0992585
98	0.159906
98	0.0775905
98	0.0797469
98	0.0968354
98	0.0627239
98	0.140189
98	0.0252185
98	0.0870762
98	0.150574
98	0.145978
98	0.0877301
98	0.140919
98	0.0655105
98	0.0784017
98	0.123565
98	0.0915322
98	0.0728032
98	0.0918765
98	0.111364
98	0.116013
98	0.0852143
98	0.0188885
98	0.0710124
98	0.0693218
98	0.0898576
98	0.0712364
98	0.0952387
101	0.0274875
101	0.0669941
101	0.0132838
101	0.0716898
101	0.101287
101	0.0512985
101	0.05463
101	0.0747752
101	0.0772922
101	0.0283932
101	0.107033
101	0.0752491
101	0.0471269
101	0.0497857
101	0.0895681
101	0.144594
101	0.115225
101	0.147154
101	0.112541
101	0.0383109
101	0.166242
101	0.0708292
101	0.0192235
101	0.0936445
101	0.099826
101	0.200078
101	0.130537
101	0.0812852
101	0.103565
101	0.104485
101	0.100584
101	0.0294019
101	0.08339
101	0.0530047
101	0.0148253
101	0.187712
101	0.0350606
101	0.075646
101	0.0337764
101	0.0434611
101	0.0411462
101	0.0485298
101	0
101	0.0393013
101	0.102035
101	0.0878246
101	0.0387224
101	0.0658055
101	0.000970242
101	0.12518
101	0.106295
101	0.0673361
101	0.0413601
101	0.101285
101	0.219094
101	0.0640459
101	0.0852528
101	0.0456573
101	0.0968607
101	0.21256
101	0.0776991
101	0.075784
101	0.0989991
101	0.194624
101	0.0251352
101	0.107125
101	0.0199576
101	0.144871
101	0.0542463
101	0.115496
101	0.0724103
101	0.0610629
101	0.114128
101	0.0115006
101	0.066066
101	0.0242746
101	0.0741011
101	0.0891313
101	0.0917199
101	0.0939031
101	0.112147
101	0.0306023
101	0.0612758
101	0.0411165
101	0.0463544
101	0.0651331
101	0.0538951
101	0.0430819
101	0.208022
101	0.153906
101	0.0530272
101	0.0923212
101	0.120899
101	0.0663608
101	0.103219
101	0.0821578
101	0.0711715
101	0.0501883
101	0.0564946
101	0.0959427
104	0.0296168
104	0.124143
104	0.101548
104	0.157275
104	0.0322757
104	0.048983
104	0.0320079
104	0.078889
104	0.0899678
104	0.194382
104	0.0690627
104	0.0530342
104	0.0372073
104	0.172766
104	0.0222864
104	0.0538605
104	0.0714768
104	0.0964132
104	0.0788428
104	0.10517
104	0.204654
104	0.0467282
104	0.0649745
104	0.0658028
104	0.097413
104	0.0918309
104	0.111693
104	0.0150405
104	0.0571148
104	0.115172
104	0.0531912
104	0.05902
104	0.0778806
104	0.115049
104	0.0354459
104	0.146596
104	0.026779
104	0.146149
104	0.166288
104	0.0421511
104	0.0736669
104	0.0519209
104	0.070211
104	0.0830277
104	0.153342
104	0.0637433
104	0.12766
104	0.163702
104	0.0632955
104	0.0991646
104	0.0484934
104	0.0947229
104	0.0744418
104	0.0454331
104	0.0404051
104	0.0652976
104	0.089842
104	0.0554637
104	0.0545692
104	0.0350581
104	0.103482
104	0.0711113
104	0.160717
104	0.0555731
104	0.0985934
104	0.15181
104	0.10423
104	0.117999
104	0.135942
104	0.038048
104	0.0416121
104	0.0573483
104	0.0488271
104	0.0878274
104	0.0540067
104	0.0259591
104	0.0431169
104	0.077719
104	0.0887242
104	0.0652248
104	0.0886163
104	0.0195216
104	0.0863842
104	0.140788
104	0.0438496
104	0.0208098
104	0.0877587
104	0.0602177
104	0.0300078
104	0.0893058
104	0.168514
104	0.027135
104	0.0859233
104	0.0953616
104	0.16554
104	0.0652116
104	0.0450639
104	0.0894076
104	0.0577615
104	0.0363397
107	0.0580297
107	0.0649023
107	0.102484
107	0.0220339
107	0.136424
107	0.113705
107	0.110058
107	0.0878764
107	0.0261175
107	0.0501949
107	0.136883
107	0.0333078
107	0.0561093
107	0.0505577
107	0.0706077
107	0.136081
107	0.0584235
107	0.057035
107	0.0326413
107	0.0931519
107	0.0815619
107	0.0527593
107	0.0534731
107	0.0834466
107	0.148636
107	0.0713499
107	0.0224876
107	0.135904
107	0.0515059
107	0.0789726
107	0.166602
107	0.0290034
107	0.0927223
107	0.176089
107	0.043246
107	0.0918544
107	0.0637833
107	0.0690124
107	0.147232
107	0.0487184
107	0.0602
107	0.0903242
107	0.220582
107	0.0502185
107	0.0544941
107	0.12176
107	0.0412046
107	0.0727694
107	0.0840265
107	0.0550492
107	0.0939801
107	0.173516
107	0.138363
107	0.123525
107	0.0643313
107	0.0831753
107	0.0405149
107	0.169836
107	0.0633705
107	0.184354
107	0.108262
107	0.0632335
107	0.017936
107	0.068202
107	0.11339
107	0.0610172
107	0.0637691
107	0.10384
107	0.0612472
107	0.0532134
107	0.0405119
107	0.0460849
107	0.0856679
107	0.138935
107	0.0810675
107	0.0702195
107	0.0588558
107	0.0726843
107	0.105849
107	0.0241049
107	0.0291222
107	0.0472622
107	0.0598442
107	0.0537916
107	0.0902124
107	0.0953066
107	0.0589638
107	0.0604861
107	0.0445875
107	0.0565297
107	0.0411162
107	0.0524249
107	0.0437768
107	0.0872546
107	0.141412
107	0.060297
107	0.082185
107	0.0733753
107	0.132641
107	0.0502995
110	0.0625496
110	0.0933662
110	0.0606336
110	0.0875678
110	0.0846451
110	0.109813
110	0.113522
110	0.0527771
110	0.0914594
110	0.109065
110	0.10191
110	0.0633016
110	0.0402433
110	0.0547393
110	0.0858657
110	0.0987051
110	0.0564479
110	0.0904568
110	0.0454328
110	0.094355
110	0.00216609
110	0.0786612
110	0.058709
110	0.0910999
110	0.0605961
110	0.122144
110	0.0931422
110	0.066899
110	0.0809357
110	0.0611125
110	0.0448335
110	0.0337778
110	0.149849
110	0.12165
110	0.0281339
110	0.195264
110	0.0268136
110	0.0489384
110	0.043361
110	0.106284
110	0.0050592
110	0.0943859
110	0.17913
110	0.0594303
110	0.193314
110	0.101878
110	0.0399442
110	0.0876399
110	0.0326333
110	0.0921073
110	0.115787
110	0.054823
110	0.0369991
110	0.0951705
110	0.158343
110	0.111421
110	0.0328258
110	0.153977
110	0.0437883
110	0.0338152
110	0.104713
110	0.120006
110	0.0507994
110	0.0870543
110	0.0843582
110	0.024993
110	0.0634582
110	0.0502673
110	0.0812253
110	0.172447
110	0.07892
110	0.0725585
110	0.0535625
110	0.0328486
110	0.0651818
110	0.0528389
110	0.0212483
110	0.134897
110	0.0658547
110	0.0869502
110	0.119043
110	0.0344782
110	0.0838826
110	0.167523
110	0.0739956
110	0.0509334
110	0.0628548
110	0.105124
110	0.0170807
110	0.0746862
110	0.0611956
110	0.0899993
110	0.0859398
110	0.130607
110	0.0489641
110	0.0642357
110	0.138011
110	0.0439312
110	0.0590756
110	0.0901319
113	0.0865197
113	0.0167312
113	0.00829738
113	0.0377113
113	0.0941793
113	0.0748216
113	0.018162
113	0.0287801
113	0.208253
113	0.0208017
113	0.0917179
113	0.0509809
113	0.0302093
113	0.0530154
113	0.110261
113	0.0476948
113	0.0373015
113	0.0325685
113	0.0997755
113	0.185179
113	0.0932866
113	0.0265564
113	0.0603383
113	0.0958156
113	0.0922397
113	0.055708
113	0.0845891
113	0.0975168
113	0.0582616
113	0.0529832
113	0.0266224
113	0.0578977
113	0.17773
113	0.0707353
113	0.038761
113	0.0360684
113	0.0591831
113	0.0803912
113	0.0355811
113	0.0980037
113	0.0274849
113	0.0465847
113	0.0732672
113	0.0909809
113	0.0366581
113	0.068393
113	0.0307729
113	0.0486741
113	0.0582488
113	0.0503578
113	0.0625112
113	0.0406425
113	0.0239492
113	0.119929
113	0.101804
113	0.102389
113	0.027945
113	0.0723421
113	0.0723274
113	0.0420074
113	0.112194
113	0.154224
113	0.0659041
113	0.0654296
113	0.0655484
113	0.0407123
113	0.0909678
113	0.0507023
113	0.119956
113	0.119985
113	0.0390896
113	0.0440169
113	0.0291375
113	0.0356797
113	0.102334
113	0.0798893
113	0.0604598
113	0.0555909
113	0.0929226
113	0.235854
113	0.144366
113	0.0426853
113	0.193845
113	0.0554021
113	0.0575464
113	0.0276278
113	0.116892
113	0.101506
113	0.0718961
113	0.0829083
113	0.0598204
113	0.0986988
113	0.0632662
113	0.064806
113	0.0408367
113	0.089395
113	0.0601468
113	0.058054
113	0.158381
113	0.130109
116	0.0444104
116	0.0685715
116	0.109336
116	0.0455179
116	0.109587
116	0.11214
116	0.0569544
116	0.172703
116	0.0677617
116	0.123285
116	0.0395681
116	0.0479994
116	0.121822
116	0.0634699
116	0.132151
116	0.0335343
116	0.149418
116	0.0900879
116	0.112662
116	0.0697174
116	0.0807705
116	0.0255772
116	0.0273686
116	0.104731
116	0.0452597
116	0.0632387
116	0.0762196
116	0.0652809
116	0.0422828
116	0.0348531
116	0.0523981
116	0.0636927
116	0.128358
116	0.0432514
116	0.0931064
116	0.125337
116	0.0529882
116	0.0532158
116	0.0600165
116	0.0552525
116	0.114507
116	0.0168494
116	0.0558504
116	0.100748
116	0.0554026
116	0.0592974
116	0.102637
116	0.163149
116	0.0683087
116	0.0674667
116	0.121624
116	0.0857951
116	0.0271834
116	0.0701655
116	0.163382
116	0.14991
116	0.102406
116	0.0890463
116	0.0861948
116	0.153724
116	0.074547
116	0.106153
116	0.00599502
116	0.108709
116	0.145738
116	0.0665842
116	0.136525
116	0.070265
116	0.0742822
116	0.110422
116	0.0600512
116	0.125704
116	0.149043
116	0.0573983
116	0.0250716
116	0.0792274
116	0.0441452
116	0.0454175
116	0.0474801
116	0.0581242
116	0.0954883
116	0.0364907
116	0.0240474
116	0.0808716
116	0.105162
116	0.0729247
116	0.0681753
116	0.0158275
116	0.019459
116	0.0559332
116	0.0244755
116	0.097975
116	0.0644011
116	0.106997
116	0.141187
116	0.00645
116	0.0956624
116	0.0593889
116	0.0639342
116	0.0494215
119	0.0497806
119	0.0197044
119	0.0775981
119	0.0933987
119	0.0418503
119	0.0685406
119	0.114348
119	0.0543218
119	0.0559889
119	0.0632401
119	0.133013
119	0.051196
119	0.0457624
119	0.0941597
119	0.050025
119	0.063616
119	0.0478598
119	0.0826892
119	0.125901
119	0.0372553
119	0.0579648
119	0.0802109
119	0.0785454
119	0.0250499
119	0.0515651
119	0.0934584
119	0.0747263
119	0.0751143
119	0.145701
119	0.0403776
119	0.0588555
119	0.0796794
119	0.0826733
119	0.111334
119	0.195917
119	0.0493678
119	0.0225254
119	0.109225
119	0.088921
119	0.196463
119	0.0417834
119	0.0579018
119	0.0710173
119	0.0442636
119	0.0374885
119	0.0838118
119	0.0879033
119	0.0130132
119	0.033294
119	0.0474483
119	0.164081
119	0.123188
119	0.0414979
119	0.162504
119	0.0297274
119	0.0603028
119	0.102838
119	0.0623662
119	0.0659975
119	0.0317104
119	0.078768
119	0.0804029
119	0.032349
119	0.0668176
119	0.0705903
119	0.190479
119	0.0314936
119	0.11983
119	0.080607
119	0.147906
119	0.0725791
119	0.056645
119	0.0170668
119	0.0417244
119	0.0710819
119	0.0707025
119	0.061601
119	0.114308
119	0.0922474
119	0.0731886
119	0.0809857
119	0.150159
119	0.0495073
119	0.0589974
119	0.0187712
119	0.0788494
119	0.101546
119	0.110241
119	0.183669
119	0.122727
119	0.0561939
119	0.0799123
119	0.0937888
119	0.0879423
119	0.0523023
119	0.0353475
119	0.055276
119	0.101357
119	0.138094
119	0.103037
122	0.0777305
122	0.125358
122	0.117268
122	0.038122
122	0.0815381
122	0.0361018
122	0.158001
122	0.0834593
122	0.0608103
122	0.128039
122	0.0800079
122	0.0276619
122	0.0903665
122	0.0678473
122	0.0834002
122	0.0209377
122	0.0655383
122	0.112423
122	0.0632882
122	0.0283107
122	0.0134457
122	0.111295
122	0.0853247
122	0.0344251
122	0.0568107
122	0.0324416
122	0.0642042
122	0.046306
122	0.0723955
122	0.0958674
122	0.0984032
122	0.0845604
122	0.030452
122	0.0345003
122	0.0770552
122	0.128469
122	0.0454298
122	0.0843623
122	0.0692787
122	0.13223
122	0.0615898
122	0.0497974
122	0.091185
122	0.072224
122	0.0982196
122	0.0520603
122	0.0619308
122	0.149824
122	0.125766
122	0.0557185
122	0.0387632
122	0.121875
122	0.0544615
122	0.0362649
122	0.0468575
122	0.0114443
122	0.032451
122	0.0559177
122	0.0771546
122	0.0349404
122	0.120415
122	0.0490565
122	0.0626435
122	0.107849
122	0.0262335
122	0.0879313
122	0.157017
122	0.0347848
122	0.0498603
122	0.0165814
122	0.0622584
122	0.0598794
122	0.0448941
122	0.109179
122	0.0619531
122	0.0977333
122	0.0647667
122	0.0300926
122	0.0281279
122	0.059648
122	0.0356529
122	0.163623
122	0.00914195
122	0.0916286
122	0.049845
122	0.0961575
122	0.0250377
122	0.111133
122	0.0746835
122	0.132835
122	0.0525782
122	0.145806
122	0.0888691
122	0.0793581
122	0.126425
122	0.0749201
122	0.0452673
122	0.0663357
122	0.0924223
122	0.0388639
125	0.0460255
125	0.0547964
125	0.217871
125	0.0353352
125	0.0862771
125	0.0689423
125	0.0549306
125	0.0784429
125	0.237697
125	0.0913352
125	0.0927976
125	0.0790962
125	0.0431739
125	0.065107
125	0.276881
125	0.095139
125	0.144795
125	0.0519614
125	0.0702999
125	0.0203131
125	0.0435197
125	0.0375081
125	0.109568
125	0.0449775
125	0.156535
125	0.163239
125	0.082092
125	0.0580533
125	0.0944898
125	0.131787
125	0.0446477
125	0.0219
125	0.0360888
125	0.0778976
125	0.0721071
125	0.0890358
125	0.0800949
125	0.133468
125	0.0563714
125	0.140848
125	0.151228
125	0.0337513
125	0.0991397
125	0.162385
125	0.0953804
125	0.0627292
125	0.0445406
125	0.0960255
125	0.0373149
125	0.0782002
125	0.073785
125	0.102951
125	0.0347405
125	0.0481522
125	0.0718468
125	0.0825008
125	0.174308
125	0.0383091
125	0.100207
125	0.0521604
125	0.0892213
125	0.0653289
125	0.0842641
125	0.0386565
125	0.203392
125	0.0218787
125	0.0186506
125	0.0554802
125	0.0987538
125	0.0563599
125	0.0520336
125	0.0619873
125	0.197751
125	0.0774164
125	0.0482892
125	0.0759526
125	0.0759253
125	0.0729455
125	0.0416675
125	0.0352297
125	0.0527405
125	0.194891
125	0.147094
125	0.0685327
125	0.121275
125	0.0635515
125	0.0555017
125	0.0130682
125	0.0705538
125	0.0664008
125	0.0635633
125	0.0466528
125	0.0846019
125	0.141808
125	0.0919727
125	0.0646292
125	0.0698271
125	0.0725825
125	0.0589681
125	0.0488763
128	0.0663726
128	0.0274719
128	0.131868
128	0.071808
128	0.0295413
128	0.0662092
128	0.0611547
128	0.118597
128	0.143521
128	0.0165354
128	0.227523
128	0.0642702
128	0.0274693
128	0.0710391
128	0.0244614
128	0.103405
128	0.0407231
128	0.0560054
128	0.0920462
128	0.0620998
128	0.0454375
128	0.0657676
128	0.0676969
128	0.0884753
128	0.0146977
128	0.0233706
128	0.0240626
128	0.112752
128	0.0823633
128	0.0459734
128	0.0590574
128	0.0877126
128	0.0483507
128	0.0294935
128	0.206446
128	0.0690412
128	0.040041
128	0.0317268
128	0.0554314
128	0.10903
128	0.0896739
128	0.0467687
128	0.0408824
128	0.0418001
128	0.0411273
128	0.0762209
128	0.0741827
128	0.0955586
128	0.0582559
128	0.0429963
128	0.000861255
128	0.120506
128	0.0411917
128	0.0690651
128	0.102925
128	0.107016
128	0.0134048
128	0.0715973
128	0.0829782
128	0.145277
128	0.109668
128	0.0181998
128	0.0555865
128	0.0161078
128	0.0570316
128	0.114759
128	0.149016
128	0.0734103
128	0.0427402
128	0.0513482
128	0.0589804
128	0.0603991
128	0.05767
128	0.0609562
128	0.164396
128	0.0738478
128	0.0754352
128	0.100504
128	0.146503
128	0.0538028
128	0.0962674
128	0.0304924
128	0.100454
128	0.0755628
128	0.0688627
128	0.161321
128	0.0683426
128	0.078172
128	0.0793532
128	0.0648655
128	0.0531017
128	0.0602747
128	0.11363
128	0.0423869
128	0.0792126
128	0.026147
128	0.0457348
128	0.0729803
128	0.0729376
128	0.0428994
131	0.0278329
131	0.0330777
131	0.0885366
131	0.12766
131	0.075907
131	0.145307
131	0.0473867
131	0.0629166
131	0.0619422
131	0.0517863
131	0.0120225
131	0.041555
131	0.0708481
131	0.118643
131	0.0702736
131	0.0462879
131	0.077294
131	0.0370665
131	0.131895
131	0.0516984
131	0.0957173
131	0.0684452
131	0.0816831
131	0.105859
131	0.0403513
131	0.0438446
131	0.0370727
131	0.0402034
131	0.104255
131	0.0718223
131	0.126434
131	0.0275594
131	0.0799036
131	0.0474738
131	0.115681
131	0.131573
131	0.0720215
131	0.152261
131	0.0518376
131	0.0547717
131	0.0531362
131	0.0974078
131	0.0334824
131	0.0834418
131	0.0769204
131	0.0622778
131	0.0715698
131	0.0340777
131	0.0502543
131	0.052553
131	0.0622977
131	0.0703145
131	0.0707048
131	0.028331
131	0.033182
131	0.109203
131	0.0598581
131	0.041272
131	0.0662073
131	0.0775079
131	0.063486
131	0.0531819
131	0.0659767
131	0.216072
131	0.13017
131	0.0591495
131	0.0999965
131	0.0346697
131	0.151578
131	0.161685
131	0.130931
131	0.0423285
131	0.0523418
131	0.0561809
131	0.127236
131	0.148683
131	0.0564405
131	0.0727885
131	0.0661354
131	0.0497394
131	0.0876515
131	0.156624
131	0.0321763
131	0.020048
131	0.0764374
131	0.088922
131	0.0462425
131	0.0699638
131	0.0239789
131	0.0653339
131	0.0346612
131	0.0848026
131	0.0701455
131	0.224657
131	0.0738338
131	0.0637015
131	0.0321297
131	0.0605123
131	0.119854
131	0.0598197
134	0.121281
134	0.101962
134	0.156849
134	0.102176
134	0.0685116
134	0.0607605
134	0.0641246
134	0.120499
134	0.112536
134	0.0423356
134	0.0811554
134	0.0330587
134	0.0597862
134	0.0541043
134	0.0430463
134	0.0831426
134	0.0377293
134	0.0362689
134	0.0563177
134	0.19689
134	0.0629413
134	0.111318
134	0.0668217
134	0.0889437
134	0.0891349
134	0.0297872
134	0.0338993
134	0.114136
134	0.017559
134	0.0394854
134	0.0630766
134	0.0510794
134	0.16328
134	0.0636366
134	0.0411803
134	0.0330484
134	0.0573736
134	0.0827597
134	0.0711862
134	0.153815
134	0.0545209
134	0.14429
134	0.0104286
134	0.0248052
134	0.0537124
134	0.0771206
134	0.149819
134	0.102368
134	0.036931
134	0.0782203
134	0.0436043
134	0.134165
134	0.0199008
134	0.0406736
134	0.199388
134	0.00703574
134	0.0725654
134	0.0363404
134	0.0607873
134	0.0120501
134	0.056428
134	0.0435519
134	0.0633829
134	0.007575
134	0.0668927
134	0.0584408
134	0.206293
134	0.0915111
134	0.085342
134	0.0654318
134	0.0605116
134	0.0423456
134	0.198169
134	0.0615365
134	0.0511626
134	0.0699853
134	0.0714919
134	0.0501672
134	0.029731
134	0.109562
134	0.0644322
134	0.0725712
134	0.0896389
134	0.10464
134	0.0691431
134	0.0500471
134	0.0399802
134	0.0294267
134	0.0633847
134	0.116313
134	0.167634
134	0.0523823
134	0.038715
134	0.086889
134	0.195398
134	0.0668559
134	0.0814866
134	0.00775028
134	0.00160075
134	0.122269
137	0.0539305
137	0.0801616
137	0.066454
137	0.0581764
137	0.0445847
137	0.115945
137	0.209727
137	0.0565381
137	0.0686082
137	0.0275803
137	0.139648
137	0.0783102
137	0.183967
137	0.0203035
137	0.0978785
137	0.0780516
137	0.0433397
137	0.078665
137	0.0860134
137	0.00955778
137	0.0440648
137	0.0596992
137	0.0690249
137	0.0631344
137	0.093902
137	0.081752
137	0.156455
137	0.0537299
137	0.0696208
137	0.0931351
137	0.0582373
137	0.0705764
137	0.0678292
137	0.0418034
137	0.0408061
137	0.0377963
137	0.199009
137	0.0747799
137	0.0432652
137	0.0736571
137	0.078652
137	0.0825787
137	0.0670179
137	0.0955556
137	0.0843277
137	0.0543057
137	0.0682589
137	0.0284041
137	0.0714129
137	0.00186504
137	0.0457406
137	0.107682
137	0.0596353
137	0.0557024
137	0.0554348
137	0.0999761
137	0.0624321
137	0.0246051
137	0.0161049
137	0.0691787
137	0.11149
137	0.0461415
137	0.0300077
137	0.0304355
137	0.0760478
137	0.103568
137	0.0519089
137	0.0176721
137	0.151058
137	0.0910101
137	0.123152
137	0.0191075
137	0.06398
137	0.0735015
137	0.110279
137	0.0897529
137	0.0349867
137	0.0678867
137	0.116479
137	0.0581693
137	0.0752303
137	0.0792709
137	0.069577
137	0.0418624
137	0.146334
137	0.0858854
137	0.0573988
137	0.125096
137	0.0871593
137	0.129828
137	0.0468359
137	0.0890356
137	0.0861396
137	0.0751346
137	0.0343346
137	0.0981544
137	0.054954
137	0.140222
137	0.020855
137	0.037991
140	0.0614332
140	0.0559796
140	0.0952706
140	0.0489523
140	0.0359895
140	0.115927
140	0.113247
140	0.0578809
140	0.0452247
140	0.062101
140	0.144868
140	0.0711589
140	0.0454432
140	0.0424443
140	0.0513603
140	0.0327911
140	0.0216719
140	0.0964109
140	0.0798515
140	0.0563759
140	0.0825793
140	0.0988496
140	0.0506042
140	0.037532
140	0.0701312
140	0.0675788
140	0.077527
140	0.0124612
140	0.0409639
140	0.0495022
140	0.123699
140	0.0899175
140	0.0814236
140	0.0928828
140	0.0557508
140	0.159017
140	0.142066
140	0.0949505
140	0.0769952
140	0.0556143
140	0.146713
140	0.100046
140	0.0478611
140	0.0984003
140	0.0359041
140	0.0925936
140	0.0691161
140	0.0317659
140	0.124524
140	0.102575
140	0.0821897
140	0.0722023
140	0.122801
140	0.0536509
140	0.0458752
140	0.0833885
140	0.0813443
140	0.0696168
140	0.0439132
140	0.0375398
140	0.117965
140	0.0905991
140	0.0716975
140	0.0229152
140	0.145865
140	0.0195056
140	0.0998667
140	0.113448
140	0.0641096
140	0.0844306
140	0.067747
140	0.0690637
140	0.15366
140	0.0853046
140	0.0521775
140	0.109892
140	0.0270621
140	0.0674122
140	0.0466701
140	0.0987471
140	0.0485512
140	0.0382207
140	0.0663457
140	0.103485
140	0.210785
140	0.0505567
140	0.0613071
140	0.0921177
140	0.0862999
140	0.0480891
140	0.151266
140	0.0647847
140	0.0471968
140	0.0490856
140	0.0777989
140	0.0679723
140	0.0292633
140	0.122981
140	0.0730587
140	0.0533154
143	0.137025
143	0.0582798
143	0.0443571
143	0.0233066
143	0.027239
143	0.10433
143	0.0597861
143	0.117922
143	0.0498705
143	0.0954199
143	0.0845425
143	0.122604
143	0.0756168
143	0.0754923
143	0.0867446
143	0.109029
143	0.047651
143	0.0397948
143	0.146675
143	0.0600531
143	0.0241911
143	0.0218556
143	0.0682311
143	0.0698317
143	0.102041
143	0.0867261
143	0.0579702
143	0.135752
143	0.147433
143	0.0551969
143	0.0433579
143	0.0792748
143	0.155449
143	0.0416128
143	0.121361
143	0.173121
143	0.0516775
143	0.0741334
143	0.115185
143	0.125336
143	0.038302
143	0.125857
143	0.119486
143	0.0608961
143	0.0303033
143	0.0720419
143	0.0359094
143	0.125831
143	0.0351252
143	0.0654815
143	0.0627296
143	0.0685938
143	0.0945133
143	0.0533723
143	0.12438
143	0.108868
143	0.0537373
143	0.1631
143	0.0387379
143	0.119294
143	0.120814
143	0.0301103
143	0.0194394
143	0.0211135
143	0.0372979
143	0.0944798
143	0.0460869
143	0.0402746
143	0.0837546
143	0.0517868
143	0.077138
143	0.0583018
143	0.092622
143	0.0768024
143	0.0566546
143	0.165664
143	0.0447917
143	0.0493329
143	0.111801
143	0.0519979
143	0.0811537
143	0.0955268
143	0.0241243
143	0.158095
143	0.00615591
143	0.0571327
143	0.0292109
143	0.0689409
143	0.131107
143	0.0529017
143	0.101948
143	0.10179
143	0.0628157
143	0.0725188
143	0.00195365
143	0.0343235
143	0.0588632
143	0.0899664
143	0.112611
143	0.0609849
146	0.0671601
146	0.0887033
146	0.0841099
146	0.0151907
146	0.0161076
146	0.0302362
146	0.0883071
146	0.00806015
146	0.0192279
146	0.000778187
146	0.136535
146	0.0955347
146	0.0438317
146	0.0333405
146	0.0056473
146	0.0614783
146	0.0603923
146	0.0637052
146	0.0259256
146	0.065669
146	0.132874
146	0.0144418
146	0.0840017
146	0.0432063
146	0.141598
146	0.169253
146	0.0583936
146	0.112967
146	0.0562335
146	0.168573
146	0.0712583
146	0.0348532
146	0.0198162
146	0.0932735
146	0.00199802
146	0.144341
146	0.0353047
146	0.0610517
146	0.112368
146	0.060059
146	0.108907
146	0.0749039
146	0.0328418
146	0.0879538
146	0.0607405
146	0.0367169
146	0.117591
146	0.0400694
146	0.214931
146	0.0887546
146	0.102606
146	0.0403524
146	0.0728215
146	0.0800549
146	0.0806495
146	0.0328315
146	0.0932086
146	0.0317441
146	0.0580212
146	0.0724521
146	0.0446524
146	0.0503944
146	0.042831
146	0.0306075
146	0.0637885
146	0.0338237
146	0.000551886
146	0.0811663
146	0.0564614
146	0.110778
146	0.101925
146	0.0626541
146	0.106577
146	0.0294714
146	0.0620833
146	0.0625701
146	0.0282254
146	0.0415672
146	0.00511954
146	0.085582
146	0.0772939
146	0.0280887
146	0.0321515
146	0.0674408
146	0.0580712
146	0.0884029
146	0.103416
146	0.0607008
146	0.12925
146	0.120315
146	0.0625726
146	0.0718397
146	0.0302935
146	0.0330415
146	0.0298556
146	0.0788435
146	0.0625648
146	0.168699
146	0.0738287
146	0.0561428
149	0.0544355
149	0.133491
149	0.148718
149	0.0652752
149	0.108338
149	0.0963093
149	0.13703
149	0.128753
149	0.0215575
149	0.121825
149	0.188509
149	0.0845711
149	0.0659491
149	0.111955
149	0.0207158
149	0.165408
149	0.0949894
149	0.236091
149	0.0560765
149	0.0415659
149	0.0352525
149	0.0690529
149	0.0642279
149	0.0341887
149	0.0584328
149	0.0450375
149	0.0481484
149	0.133564
149	0.116396
149	0.0065213
149	0.0621994
149	0.0532016
149	0.088957
149	0.048788
149	0.0275517
149	0.105824
149	0.066983
149	0.113405
149	0.0629296
149	0.0565878
149	0.106903
149	0.223837
149	0.029395
149	0.108213
149	0.0135831
149	0.136064
149	0.0886628
149	0.063011
149	0.0263421
149	0.0539327
149	0.0971749
149	0.0941307
149	0.0309932
149	0.0229216
149	0.103472
149	0.0161928
149	0.0625421
149	0.0723795
149	0.0469947
149	0.106845
149	0.0638723
149	0.0785171
149	0.161263
149	0.0655904
149	0.0526756
149	0.0530457
149	0.123797
149	0.0330736
149	0.108351
149	0.068857
149	0.10609
149	0.0590717
149	0.117305
149	0.0432532
149	0.026377
149	0.121901
149	0.0501201
149	0.107843
149	0.0559684
149	0.0346254
149	0.052724
149	0.0199019
149	0.139479
149	0.0519832
149	0.0321048
149	0.0293069
149	0.0382475
149	0.0854867
149	0.162217
149	0.14873
149	0.0432452
149	0.0226353
149	0.0919649
149	0.0218245
149	0.0210899
149	0.0160577
149	0.0494566
149	0.218553
149	0.0411691
149	0.0625533
152	0.160952
152	0.0737077
152	0.0469329
152	0.125653
152	0.134533
152	0.0631295
152	0.120167
152	0.0534639
152	0.064538
152	0.0870608
152	0.0280919
152	0.0559744
152	0.0779747
152	0.0727516
152	0.0718872
152	0.0547729
152	0.0593078
152	0.129096
152	0.0885178
152	0.0827811
152	0.0180323
152	0.0354261
152	0.105871
152	0.0521739
152	0.0688272
152	0.0945699
152	0.0704103
152	0.0839623
152	0.0881907
152	0.0412586
152	0.0582341
152	0.0164625
152	0.0275537
152	0.0517348
152	0.0527322
152	0.0591653
152	0.0448472
152	0.0293159
152	0.0475972
152	0.088598
152	0.0522968
152	0.0263957
152	0.0259872
152	0.0474005
152	0.0792917
152	0.0698636
152	0.047474
152	0.206529
152	0.0584556
152	0.0843748
152	0.051651
152	0.0696042
152	0.11356
152	0.0245967
152	0.111431
152	0.0831415
152	0.104588
152	0.111204
152	0.0620526
152	0.143399
152	0.0483022
152	0.179586
152	0.0702417
152	0.0273139
152	0.0950498
152	0.0705671
152	0.131093
152	0.0263376
152	0.0862831
152	0.0602656
152	0.0330271
152	0.0412663
152	0.0449311
152	0.079955
152	0.0971219
152	0.0773068
152	0.11235
152	0.0125763
152	0.0208329
152	0.0535946
152	0.0868094
152	0.0902963
152	0.0400157
152	0.123065
152	0.144873
152	0.122101
152	0.141127
152	0.0588584
152	0.0497103
152	0.0382329
152	0.13713
152	0.0528104
152	0.0625191
152	0.0394611
152	0.0934561
152	0.0720521
152	0.0767446
152	0.149162
152	0.0757977
152	0.0957398
155	0.022738
155	0.0256535
155	0.0511042
155	0.0265302
155	0.0679852
155	0.0742632
155	0.0896933
155	0.133062
155	0.0856435
155	0.0378758
155	0.118232
155	0.00428254
155	0.0639326
155	0.0670096
155	0.0584119
155	0.0331833
155	0.051538
155	0.0483559
155	0.165244
155	0.0201265
155	0.0111818
155	0.0834678
155	0.0259967
155	0.101753
155	0.0461052
155	0.0555634
155	0.119685
155	0.049423
155	0.0195794
155	0.0259009
155	0.0762729
155	0.0816547
155	0.117744
155	0.0271051
155	0.0758902
155	0.0857679
155	0.0284769
155	0.123343
155	0.144841
155	0.0569537
155	0.0487459
155	0.0635285
155	0.174745
155	0.0584853
155	0.0695308
155	0.0262759
155	0.0725268
155	0.0561049
155	0.0188018
155	0.033702
155	0.0837601
155	0.0577569
155	0.0410898
155	0.0877887
155	0.0313118
155	0.0335376
155	0.134423
155	0.136104
155	0.0934424
155	0.0714372
155	0.0212099
155	0.0473229
155	0.0666981
155	0.0403054
155	0.0235069
155	0.0378705
155	0.202661
155	0.0565666
155	0.0334287
155	0.0457117
155	0.038639
155	0.0673009
155	0.0969749
155	0.0479129
155	0.0346735
155	0.0423077
155	0.0408697
155	0.0775284
155	0.101467
155	0.00990388
155	0.0357431
155	0.0367097
155	0.038855
155	0.116772
155	0.0529344
155	0.144591
155	0.0627401
155	0.137219
155	0.10259
155	0.0118243
155	0.0646825
155	0.0509065
155	0.114441
155	0.0509873
155	0.0532577
155	0.0540578
155	0.0530491
155	0.182135
155	0.0613855
155	0.0634199
158	0.0512169
158	0.0621098
158	0.106681
158	0.0639691
158	0.11052
158	0.021092
158	0.0682832
158	0.075
158	0.0238288
158	0.129069
158	0.0148761
158	0.0206769
158	0.0411313
158	0.052578
158	0.0874578
158	0.0772335
158	0.0995265
158	0.0131729
158	0.179355
158	0.0915026
158	0.0452264
158	0.00627721
158	0.0776759
158	0.072988
158	0.0894013
158	0.111903
158	0.0554098
158	0.0918062
158	0.0140494
158	0.0874733
158	0.0576911
158	0.0560873
158	0.028544
158	0.0556395
158	0.0935724
158	0.0358236
158	0.0638361
158	0.114962
158	0.0163557
158	0.0476222
158	0.183241
158	0.0543946
158	0.0785557
158	0.0351776
158	0.0734856
158	0.0459033
158	0.209905
158	0.089317
158	0.0458255
158	0.000208892
158	0.0767395
158	0.0356637
158	0.0644563
158	0.0506145
158	0.0167364
158	0.0882449
158	0.054274
158	0.0690895
158	0.0622375
158	0.0610857
158	0.0643296
158	0.107233
158	0.0317931
158	0.0820561
158	0.0975513
158	0.0709166
158	0.0689063
158	0.069347
158	0.108181
158	0.0346839
158	0.00110105
158	0.0798068
158	0.0804413
158	0.0600316
158	0.119821
158	0.0614757
158	0.0331106
158	0.0587152
158	0.0389217
158	0.0411941
158	0.0858585
158	0.137733
158	0.129123
158	0.0365177
158	0.111256
158	0.0881457
158	0.039356
158	0.0491947
158	0.114092
158	0.0471684
158	0.0551526
158	0.0578923
158	0.0514555
158	0.0567372
158	0.0309706
158	0.0799142
158	0.0623084
158	0.143463
158	0.0312697
158	0.0323787
161	0.0510356
161	0.0302284
161	0.0693091
161	0.0636983
161	0.0701127
161	0.0361053
161	0.00493975
161	0.0278905
161	0.0537475
161	0.0445927
161	0.00125994
161	0.0255804
161	0.0136821
161	0.0326431
161	0.0575179
161	0.0481686
161	0.0589258
161	0.0418173
161	0.0811037
161	0.10883
161	0.0694975
161	0.0590883
161	0.0859103
161	0.0286088
161	0.0471555
161	0.131572
161	0.181941
161	0.0148812
161	0.0373546
161	0.0964098
161	0.0687014
161	0.0699553
161	0.0537262
161	0.0766287
161	0.0711169
161	0.0607572
161	0.0839097
161	0.0811212
161	0.0338056
161	0.150562
161	0.0254467
161	0.114125
161	0.0540087
161	0.0675434
161	0.047328
161	0.057979
161	0.0506687
161	0.0635024
161	0.0768182
161	0.0728893
161	0.0485564
161	0.0923445
161	0.108672
161	0.044158
161	0.0925539
161	0.0232737
161	0.0560515
161	0.0180904
161	0.0607724
161	0.046722
161	0.0757332
161	0.00810277
161	0.0487532
161	0.0262135
161	0.061488
161	0.0801992
161	0.050797
161	0.0657038
161	0.0515201
161	0.0357577
161	0.0334355
161	0.0378531
161	0.043679
161	0.0712593
161	0.0506579
161	0.0527652
161	0.0874769
161	0.0357078
161	0.057063
161	0.0485867
161	0.209571
161	0.0221598
161	0.014758
161	0.09676
161	0.12837
161	0.0458639
161	0.105675
161	0.032921
161	0.0526442
161	0.0471123
161	0.0483669
161	0.0352169
161	0.0247092
161	0.103643
161	0.0665263
161	0.039624
161	0.043784
161	0.0350723
161	0.019547
161	0.0920074
164	0.120882
164	0.107917
164	0.0342289
164	0.0487465
164	0.0670032
164	0.0962942
164	0.0121181
164	0.0245758
164	0.0602003
164	0.03481
164	0.0237097
164	0.0113762
164	0.0449767
164	0.179613
164	0.0699058
164	0.168286
164	0.0723534
164	0.0560627
164	0.0591211
164	0.0375955
164	0.19553
164	0.0495701
164	0.0681687
164	0.0697818
164	0.0962755
164	0.0193204
164	0.134285
164	0.0667069
164	0.147663
164	0.0718125
164	0.0483467
164	0.0608937
164	0.127238
164	0.0421924
164	0.0475004
164	0.0246205
164	0.0742163
164	0.0479222
164	0.0922308
164	0.02039
164	0.0646004
164	0.0715169
164	0.0759296
164	0.0544155
164	0.0137072
164	0.220655
164	0.0792082
164	0.173996
164	0.0528454
164	0.0523255
164	0.0295482
164	0.148439
164	0.0462639
164	0.0974457
164	0.0361149
164	0.0393853
164	0.0618654
164	0.106025
164	0.0316516
164	0.216311
164	0.0656116
164	0.1687
164	0.0603832
164	0.0695805
164	0.136175
164	0.0468452
164	0.0913112
164	0.0911754
164	0.0375493
164	0.016418
164	0.0845658
164	0.0401823
164	0.0506742
164	0.1496
164	0.0662436
164	0.0687242
164	0.0653392
164	0.129936
164	0.0712808
164	0.0780341
164	0.0388697
164	0.0863914
164	0.0652812
164	0.0284296
164	0.0470646
164	0.042282
164	0.0586941
164	0.033064
164	0.0257471
164	0.0495201
164	0.039116
164	0.0469594
164	0.0975878
164	0.0330356
164	0.0469029
164	0.0495334
164	0.0395941
164	0.0642813
164	0.063598
164	0.101039
167	0.105573
167	0.0288971
167	0.114228
167	0.0275855
167	0.0567172
167	0.0904095
167	0.0543573
167	0.0814657
167	0.132383
167	0.0319523
167	0.134367
167	0.122237
167	0.0416712
167	0.00547027
167	0.161411
167	0.151521
167	0.0596274
167	0.0514721
167	0.0426597
167	0.0435416
167	0.205269
167	0.102044
167	0.0494926
167	0.0366798
167	0.0662589
167	0.0273476
167	0.0895117
167	0.0402992
167	0.0684971
167	0.036338
167	0.0533778
167	0.0187549
167	0.0473998
167	0.065573
167	0.0326816
167	0.0466411
167	0.0190884
167	0.0630055
167	0.103399
167	0.118622
167	0.0411408
167	0.0475481
167	0.0655507
167	0.0321715
167	0.085429
167	0.0501954
167	0.113793
167	0.0757916
167	0.0793246
167	0.0486383
167	0.100225
167	0.0658026
167	0.0527384
167	0.0225085
167	0.179689
167	0.0508917
167	0.0634809
167	0.137739
167	0.050519
167	0.0578814
167	0.199737
167	0.0287073
167	0.0765337
167	0.0235065
167	0.0392801
167	0.0739199
167	0.0968855
167	0.113848
167	0.0350255
167	0.0310143
167	0.0798454
167	0.0474022
167	0.0121768
167	0.078663
167	0.103321
167	0.0637579
167	0.0701932
167	0.0514804
167	0.103757
167	0.0237243
167	0.0648122
167	0.0533977
167	0.0353955
167	0.0496821
167	0.0756329
167	0.174175
167	0.0474382
167	0.0415385
167	0.0818443
167	0.0749986
167	0.0385871
167	0.00799612
167	0.0349555
167	0.110698
167	0.175338
167	0.0885395
167	0.0555315
167	0.0367257
167	0.0635879
167	0.0854946
170	0.0563392
170	0.0128596
170	0.0721632
170	0.0797485
170	0.0446177
170	0.0659901
170	0.0398981
170	0.0362926
170	0.0437632
170	0.0488149
170	0.041087
170	0.0515739
170	0.0113642
170	0.0349901
170	0.134914
170	0.014774
170	0.117604
170	0.167826
170	0.0467191
170	0.0917414
170	0.0491777
170	0.0409537
170	0.0617269
170	0.166658
170	0.0434166
170	0.0791269
170	0.0298506
170	0.0712725
170	0.0892085
170	0.0944049
170	0.0476138
170	0.0716348
170	0.0843888
170	0.0706808
170	0.0564777
170	0.0343026
170	0.087132
170	0.0945261
170	0.114666
170	0.117001
170	0.0501037
170	0.105893
170	0.272996
170	0.00249844
170	0.106905
170	0.0400814
170	0.00445633
170	0.0214549
170	0.0427938
170	0.0866396
170	0.110307
170	0.0347788
170	0.0729618
170	0.0403236
170	0.086316
170	0.0155881
170	0.0957534
170	0.0665428
170	0.0864565
170	0.0574365
170	0.0572783
170	0.0386798
170	0.0236141
170	0.0188785
170	0.102974
170	0.0714868
170	0.00890934
170	0.0458749
170	0.0213816
170	0.0906412
170	0.0535138
170	0.0535626
170	0.0471063
170	0.0487223
170	0.0823635
170	0.130143
170	0.0389737
170	0.188756
170	0.0642106
170	0.0249505
170	0.134308
170	0.0603948
170	0.0887317
170	0.0593023
170	0.169394
170	0.0872792
170	0.0682946
170	0.0311167
170	0.0405424
170	0.0548281
170	0.0681051
170	0.0701325
170	0.0324075
170	0.0667049
170	0.0701518
170	0.108802
170	0.0552972
170	0.0535952
170	0.092897
170	0.0845627
173	0.0887939
173	0.0445517
173	0.164437
173	0.109628
173	0.0533961
173	0.0463425
173	0.0843735
173	0.0465618
173	0.0873937
173	0.0656261
173	0.0355599
173	0.0404615
173	0.0499327
173	0.0329007
173	0.0872038
173	0.0563631
173	0.024252
173	0.166876
173	0.0334321
173	0.10165
173	0.0795072
173	0.0864275
173	0.0232177
173	0.0163661
173	0.0272292
173	0.0471909
173	0.169293
173	0.0882048
173	0.0772842
173	0.0251692
173	0.0398126
173	0.0443678
173	0.0343985
173	0.103029
173	0.155635
173	0.0578389
173	0.0165829
173	0.138974
173	0.0695938
173	0.0561158
173	0.0530001
173	0.0386658
173	0.0571768
173	0.0212833
173	0.0676432
173	0.0247516
173	0.0264524
173	0.0521146
173	0.0516195
173	0.0554748
173	0.0205487
173	0.106803
173	0.0657833
173	0.0603668
173	0.0638719
173	0.0593761
173	0.0245983
173	0.07985
173	0.0579919
173	0.113993
173	0.100962
173	0.0405751
173	0.103543
173	0.0993599
173	0.0339422
173	0.0321331
173	0.0590896
173	0.0570104
173	0.0466604
173	0.0680607
173	0.0273225
173	0.0927292
173	0.0701305
173	0.0591419
173	0.0930896
173	0.0424065
173	0.0178277
173	0.0313626
173	0.049647
173	0.0485557
173	0.0490439
173	0.0584585
173	0.0806885
173	0.0276895
173	0.160866
173	0.0591032
173	0.0723749
173	0.0769672
173	0.00186431
173	0.0854815
173	0.0228751
173	0.027833
173	0.0523256
173	0.0792698
173	0.0273504
173	0.0420723
173	0.0791041
173	0.055527
173	0.042413
173	0.0648212
176	0.0465834
176	0.0178588
176	0.108267
176	0.0415539
176	0.0776415
176	0.0477595
176	0.0139521
176	0.0489717
176	0.0581981
176	0.0610733
176	0.0306792
176	0.0417916
176	0.0641812
176	0.0535213
176	0.0327514
176	0.0796497
176	0.0299254
176	0.0152582
176	0.0432786
176	0.114916
176	0.0824506
176	0.0816464
176	0.0950432
176	0.11725
176	0.134638
176	0.0585657
176	0.074106
176	0.0224532
176	0.049948
176	0.0222492
176	0.120471
176	0.0195875
176	0.0750461
176	0.0692313
176	0.110696
176	0.0330531
176	0.0796526
176	0.0347098
176	0.0579707
176	0.14028
176	0.0984603
176	0.0471355
176	0.0414053
176	0.0283592
176	0.0647966
176	0.129194
176	0.0663441
176	0.0267306
176	0.0923695
176	0.0878718
176	0.0417931
176	0.0286852
176	0.0808127
176	0.0658397
176	0.085485
176	0.0483305
176	0.0446993
176	0.0439051
176	0.0534334
176	0.0594678
176	0.0786073
176	0.0597189
176	0.118694
176	0.07393
176	0.104628
176	0.0351846
176	0.0703746
176	0.0356672
176	0.0206493
176	0.114551
176	0.0707031
176	0.0369363
176	0.0723559
176	0.133327
176	0.0823706
176	0.017137
176	0.0286789
176	0.0260204
176	0.022947
176	0.05603
176	0.105709
176	0.0537664
176	0.0650672
176	0.0608441
176	0.215225
176	0.0277686
176	0.0239446
176	0.0342356
176	0.0129196
176	0.0649923
176	0.0681415
176	0.0478699
176	0.0100402
176	0.0515143
176	0.0887592
176	0.113138
176	0.223058
176	0.0198456
176	0.063105
176	0.0746625
179	0.0851599
179	0.0339555
179	0.0547509
179	0.0220909
179	0.0361137
179	0.0773337
179	0.0701901
179	0.0693271
179	0.0603261
179	0.0795705
179	0.0474207
179	0.0968724
179	0.122474
179	0.0587846
179	0.0875156
179	0.0270985
179	0.142039
179	0.0618778
179	0.0670111
179	0.0588828
179	0.0816566
179	0.0143392
179	0.0231221
179	0.0268842
179	0.0626867
179	0.00541426
179	0.047245
179	0.172947
179	0.0688436
179	0.0686083
179	0.0156166
179	0.0166736
179	0.0558313
179	0.017559
179	0.0655302
179	0.0298423
179	0.127767
179	0.104885
179	0.0360298
179	0.0761006
179	0.0740568
179	0.10139
179	0.0704114
179	0.0713635
179	0.0444811
179	0.0421037
179	0.156461
179	0.120518
179	0.0339211
179	0.0301418
179	0.0523435
179	0.0899417
179	0.0527341
179	0.0876984
179	0.15052
179	0.0700198
179	0.076094
179	0.0824318
179	0.0854516
179	0.0756634
179	0.0758567
179	0.0203505
179	0.0510962
179	0.0555951
179	0.0517015
179	0.063671
179	0.0639194
179	0.0710407
179	0.0612497
179	0.0765723
179	0.0679629
179	0.0421151
179	0.0810859
179	0.0561483
179	0.0443829
179	0.0196706
179	0.0463566
179	0.0284844
179	0.0967035
179	0.0202758
179	0.0377193
179	0.197938
179	0.0777245
179	0.0497438
179	0.0404833
179	0.0583788
179	0.132017
179	0.0315516
179	0.0546605
179	0.032475
179	0.0832047
179	0.0334047
179	0.0542967
179	0.101226
179	0.173073
179	0.0443054
179	0.0245928
179	0.0746007
179	0.090771
179	0.101441
182	0.0676505
182	0.0640424
182	0.0607712
182	0.0973078
182	0.127499
182	0.0595786
182	0.0119003
182	0.0752006
182	0.0630824
182	0.0792338
182	0.154281
182	0.0417779
182	0.0282655
182	0.0295478
182	0.0937723
182	0.134633
182	0.0537218
182	0.0186082
182	0.0746021
182	0.167173
182	0.0226148
182	0.0622055
182	0.0296632
182	0.110609
182	0.100843
182	0.0739958
182	0.0844043
182	0.187273
182	0.0547075
182	0.0363758
182	0.0502167
182	0.0246236
182	0.0425343
182	0.0567566
182	0.0403041
182	0.0433048
182	0.0328092
182	0.020692
182	0.0596848
182	0.0807954
182	0.0378834
182	0.125449
182	0.0244681
182	0.0513975
182	0.0424179
182	0.0826466
182	0.0792532
182	0.0703856
182	0.0987244
182	0.112607
182	0.0557473
182	0.0461457
182	0.104494
182	0.0624579
182	0.0547614
182	0.125767
182	0.0498428
182	0.0288779
182	0.0518556
182	0.0725989
182	0.0829177
182	0.0660263
182	0.0245761
182	0.266214
182	0.0881152
182	0.082992
182	0.0283319
182	0.0245392
182	0.166556
182	0.0866772
182	0.0727126
182	0.0548261
182	0.0454243
182	0.0469201
182	0.0352433
182	0.0166498
182	0.0716762
182	0.0456742
182	0.0816206
182	0.0617301
182	0.0544173
182	0.0203821
182	0.0294721
182	0.0567481
182	0.0361092
182	0.0205402
182	0.0808433
182	0.0690029
182	0.0420755
182	0.0449261
182	0.0621853
182	0.0530999
182	0.126682
182	0.0481602
182	0.0680695
182	0.0285332
182	0.0627393
182	0.0458666
182	0.039091
182	0.108873
185	0.0605572
185	0.116491
185	0.0919776
185	0.124164
185	0.0527207
185	0.0218051
185	0.0378146
185	0.184563
185	0.0586026
185	0.0659142
185	0.118929
185	0.0354827
185	0.0412399
185	0.0493493
185	0.110392
185	0.167457
185	0.144831
185	0.0824927
185	0.0276821
185	0.17256
185	0.0397892
185	0.0703293
185	0.0893747
185	0.0462808
185	0.0617215
185	0.152568
185	0.031167
185	0.0853613
185	0.0873637
185	0.109519
185	0.188034
185	0.0789642
185	0.0148621
185	0.128564
185	0.0455425
185	0.0719707
185	0.0705878
185	0.0542592
185	0.160057
185	0.0839006
185	0.00677301
185	0.0689838
185	0.052938
185	0.0694581
185	0.0650464
185	0.0421267
185	0.0745193
185	0.0495025
185	0.0237369
185	0.0327633
185	0.111768
185	0.0478355
185	0.0968867
185	0.0233017
185	0.0326261
185	0.0539813
185	0.0544683
185	0.0203103
185	0.0836304
185	0.215569
185	0.0307466
185	0.0400536
185	0.060856
185	0.0231064
185	0.0426283
185	0.0570872
185	0.0644434
185	0.0423484
185	0.0843635
185	0.0222408
185	0.0518611
185	0.0397935
185	0.030514
185	0.0738051
185	0.0510916
185	0.121548
185	0.101995
185	0.0226699
185	0.0373825
185	0.0462462
185	0.0706801
185	0.0130169
185	0.0677349
185	0.0658298
185	0.0637051
185	0.0373045
185	0.147251
185	0.0389531
185	0.0535338
185	0.103561
185	0.0972883
185	0.0610303
185	0.0306232
185	0.112976
185	0.0938255
185	0.0585958
185	0.0209914
185	0.0412215
185	0.0999507
185	0.079431
188	0.0351508
188	0.0763915
188	0.0878747
188	0.0879316
188	0.0449933
188	0.0551894
188	0.0256111
188	0.0218717
188	0.0308498
188	0.0349786
188	0.0453352
188	0.128998
188	0.0610634
188	0.102717
188	0.173063
188	0.0987031
188	0.0678508
188	0.0490022
188	0.0890336
188	0.0789088
188	0.0330408
188	0.0733742
188	0.0489249
188	0.0537536
188	0.0788722
188	0.0332031
188	0.0141725
188	0.0804595
188	0.0519593
188	0.0250062
188	0.0754176
188	0.0592118
188	0.0678565
188	0.0716441
188	0.069658
188	0.0421778
188	0.0227033
188	0.0148738
188	0.109934
188	0.0333406
188	0.0577376
188	0.0257593
188	0.0635281
188	0.0614995
188	0.0238257
188	0.0259912
188	0.0366981
188	0.106532
188	0.126459
188	0.206756
188	0.0378291
188	0.0707735
188	0.124914
188	0.0689351
188	0.0444233
188	0.0640868
188	0.0467801
188	0.0533459
188	0.0696265
188	0.0886548
188	0.040987
188	0.0528592
188	0.0782228
188	0.0503906
188	0.080478
188	0.161959
188	0.0955193
188	0.0479178
188	0.0888697
188	0.108426
188	0.0253612
188	0.0143059
188	0.031026
188	0.0647529
188	0.127576
188	0.0912323
188	0.0399731
188	0.047675
188	0.0632071
188	0.0633397
188	0.0340329
188	0.00770459
188	0.0398281
188	0.11325
188	0.0490434
188	0.0335701
188	0.0717031
188	0.0925643
188	0.0603786
188	0.0733417
188	0.0212504
188	0.0448812
188	0.137411
188	0.047668
188	0.0957747
188	0.037628
188	0.104697
188	0.0432529
188	0.0799665
188	0.0590366
191	0.0412423
191	0.0667265
191	0.0766338
191	0.0494331
191	0.0515524
191	0.0702186
191	0.0284525
191	0.0881331
191	0.0184572
191	0.126851
191	0.0183428
191	0.139551
191	0.072985
191	0.0404678
191	0.047401
191	0.0628636
191	0.0725501
191	0.123909
191	0.0670758
191	0.1107
191	0.124566
191	0.0514748
191	0.166309
191	0.0561498
191	0.0475843
191	0.0272694
191	0.231719
191	0.0681956
191	0.0499807
191	0.0259032
191	0.111365
191	0.161379
191	0.0471423
191	0.0220484
191	0.111605
191	0.0566422
191	0.0297772
191	0.0289334
191	0.0661671
191	0.150184
191	0.0710742
191	0.10677
191	0.0348827
191	0.06698
191	0.0642217
191	0.0390728
191	0.018638
191	0.161084
191	0.0565055
191	0.0335242
191	0.148804
191	0.072299
191	0.0481994
191	0.0588151
191	0.0344535
191	0.0943151
191	0.0280941
191	0.0318216
191	0.0297458
191	0.0365053
191	0.053771
191	0.0518513
191	0.0569668
191	0.118323
191	0.0168588
191	0.0794681
191	0.0577619
191	0.0327593
191	0.102842
191	0.028483
191	0.0981244
191	0.0522757
191	0.110641
191	0.0361656
191	0.0485738
191	0.0675613
191	0.0652305
191	0.024049
191	0.0558708
191	0.0394846
191	0.0545055
191	0.0554739
191	0.0651325
191	0.038131
191	0.0606638
191	0.0458347
191	0.0195656
191	0.152372
191	0.0452796
191	0.0515222
191	0.0753131
191	0.0408252
191	0.040437
191	0.0634937
191	0.0359509
191	0.0627599
191	0.108041
191	0.0478645
191	0.0158739
191	0.0560048
194	0.0436412
194	0.0589053
194	0.054793
194	0.0835616
194	0.0897814
194	0.0590378
194	0.0352933
194	0.00868842
194	0.0588246
194	0.0964529
194	0.0303108
194	0.130946
194	0.0455506
194	0.0202686
194	0.0229961
194	0.0632756
194	0.0193127
194	0.0197155
194	0.0384576
194	0.103618
194	0.0390056
194	0.0823838
194	0.0556751
194	0.0257687
194	0.0916245
194	0.0499057
194	0.0225253
194	0.113896
194	0.201235
194	0.0443188
194	0.0831312
194	0.108541
194	0.181236
194	0.042227
194	0.0515978
194	0.106412
194	0.0611427
194	0.127044
194	0.0612533
194	0.0780914
194	0.0478829
194	0.04042
194	0.0617998
194	0.0716559
194	0.0448023
194	0.0804783
194	0.0290732
194	0.034112
194	0.0626001
194	0.0607524
194	0.0793119
194	0.0699223
194	0.0611804
194	0.0847354
194	0.0338102
194	0.0334182
194	0.036174
194	0.0989091
194	0.0824872
194	0.0746603
194	0.0857286
194	0.0489495
194	0.0700033
194	0.018781
194	0.0961386
194	0.0465176
194	0.0436989
194	0.0743057
194	0.118969
194	0.0283304
194	0.0387102
194	0.0591931
194	0.0593802
194	0.040681
194	0.0379059
194	0.101468
194	0.016208
194	0.0779834
194	0.0701288
194	0.0414718
194	0.0457806
194	0.0250649
194	0.0646784
194	0.120038
194	0.0331611
194	0.0735635
194	0.0556226
194	0.167984
194	0.0864335
194	0.0415162
194	0.132047
194	0.0212073
194	0.0674934
194	0.119383
194	0.0613943
194	0.0484415
194	0.0804848
194	0.0990472
194	0.125914
194	0.132706
197	0.107498
197	0.00800258
197	0.0547638
197	0.062908
197	0.144338
197	0.100177
197	0.097492
197	0.045896
197	0.0538395
197	0.0394471
197	0.0343617
197	0.0459521
197	0.0535051
197	0.0749182
197	0.0730049
197	0.0364188
197	0.0684084
197	0.0425629
197	0.0520723
197	0.0644521
197	0.0340512
197	0.0748696
197	0.0418532
197	0.0414371
197	0.0867056
197	0.138287
197	0.0913342
197	0.0527673
197	0.14537
197	0.128943
197	0.178928
197	0.0681605
197	0.0520671
197	0.041177
197	0.073023
197	0.0361789
197	0.0570562
197	0.0815925
197	0.0384664
197	0.0274096
197	0.0165419
197	0.103399
197	0.0570871
197	0.0494871
197	0.0531564
197	0.0567843
197	0.102136
197	0.0434283
197	0.0362378
197	0.0859391
197	0.0881608
197	0.0486547
197	0.00331835
197	0.0464021
197	0.216309
197	0.0141077
197	0.0131353
197	0.0455154
197	0.0972793
197	0.0712067
197	0.0370474
197	0.0309208
197	0.0221288
197	0.0796489
197	0.0328724
197	0.0954101
197	0.069312
197	0.0521624
197	0.0358689
197	0.0821793
197	0.042542
197	0.0722047
197	0.0292568
197	0.0692253
197	0.0171909
197	0.0565885
197	0.0521707
197	0.0217347
197	0.0482576
197	0.0497496
197	0.0780591
197	0.0791428
197	0.0765507
197	0.0221144
197	0.0379959
197	0.025098
197	0.069799
197	0.0765081
197	0.0852112
197	0.0681542
197	0.0256413
197	0.0562156
197	0.0387389
197	0.0419819
197	0.0787332
197	0.04345
197	0.112643
197	0.0217341
197	0.0801667
197	0.158769
200	0.0465697
200	0.0229096
200	0.0297722
200	0.0409386
200	0.090932
200	0.0376664
200	0.0448653
200	0.0338301
200	0.0715193
200	0.154925
200	0.041719
200	0.0311313
200	0.0472193
200	0.0565676
200	0.0124237
200	0.0258931
200	0.0979045
200	0.0534777
200	0.212805
200	0.174691
200	0.0461883
200	0.0284582
200	0.0753361
200	0.186626
200	0.111174
200	0.0617077
200	0.0986763
200	0.0252656
200	0.0498082
200	0.0305742
200	0.0258823
200	0.0112014
200	0.0779548
200	0.0321647
200	0.0483093
200	0.0246946
200	0.103122
200	0.0768888
200	0.0631778
200	0.0831238
200	0.108224
200	0.114939
200	0.0594124
200	0.0350899
200	0.0486404
200	0.056877
200	0.043966
200	0.0474487
200	0.0332592
200	0.0296747
200	0.0351966
200	0.0385146
200	0.100692
200	0.0391645
200	0.0890507
200	0.0298018
200	0.0548667
200	0.0295759
200	0.0474653
200	0.0830112
200	0.0305867
200	0.0394128
200	0.0752807
200	0.0380118
200	0.0552732
200	0.0156494
200	0.120609
200	0.0678517
200	0.140638
200	0.0405093
200	0.052014
200	0.0500537
200	0.0549861
200	0.111362
200	0.0322294
200	0.082084
200	0.133622
200	0.0695546
200	0.0598735
200	0.0596133
200	0.03743
200	0.0496064
200	0.0418881
200	0.0767584
200	0.160059
200	0.113167
200	0.127954
200	0.141808
200	0.0300179
200	0.0501638
200	0.0860016
200	0.0219839
200	0.0683909
200	0.0652811
200	0.0228316
200	0.0396989
200	0.0641808
200	0.0403588
200	0.206485
200	0.0718926
