5	3	4	0.89
5	2	10	0.99
5	1	20	0.66
5	0	41	0.95
5	3	31	0.96
5	2	29	0.96
5	1	4	0.98
5	0	5	0.91
5	3	42	1
5	2	41	0.97
5	1	15	0.9
5	0	37	0.96
5	3	5	0.99
5	2	34	0.92
5	1	40	0.96
5	0	4	0.85
5	3	8	0.93
5	2	14	0.86
5	1	4	0.95
5	0	7	0.99
5	3	4	0.97
5	2	7	0.78
5	1	21	0.9
5	0	6	0.99
5	3	22	0.81
5	2	32	0.99
5	1	21	0.96
5	0	20	0.95
5	3	8	0.93
5	2	13	0.97
5	1	32	0.99
5	0	33	0.89
5	3	4	0.92
5	2	5	0.87
5	1	34	0.97
5	0	37	0.99
5	3	10	0.93
5	2	29	0.81
5	1	11	0.85
5	0	6	0.94
5	3	35	0.97
5	2	39	0.97
5	1	20	0.98
5	0	4	0.95
5	3	7	0.92
5	2	4	0.95
5	1	35	0.96
5	0	24	0.85
5	3	37	0.98
5	2	41	0.97
5	1	39	0.99
5	0	11	0.98
5	3	30	0.82
5	2	4	0.97
5	1	20	0.97
5	0	6	0.91
5	3	33	0.97
5	2	27	0.98
5	1	34	0.99
5	0	29	0.96
5	3	4	0.96
5	2	24	0.92
5	1	24	0.95
5	0	4	0.97
5	3	31	0.93
5	2	19	0.68
5	1	4	0.95
5	0	30	0.99
5	3	17	0.89
5	2	36	0.91
5	1	29	0.93
5	0	22	0.97
5	3	32	0.95
5	2	35	0.95
5	1	14	0.88
5	0	27	0.94
5	3	29	0.99
5	2	4	0.85
5	1	30	0.99
5	0	22	0.92
5	3	25	0.86
5	2	12	0.83
5	1	5	0.99
5	0	4	0.97
5	3	4	0.94
5	2	20	0.95
5	1	26	0.97
5	0	43	0.96
5	3	24	0.97
5	2	26	0.96
5	1	36	0.96
5	0	37	0.96
5	3	4	0.95
5	2	8	0.95
5	1	10	0.92
5	0	34	0.99
5	3	4	0.97
5	2	36	0.95
5	1	8	0.79
5	0	19	0.93
5	3	27	0.92
5	2	36	0.98
5	1	17	0.63
5	0	28	0.91
5	3	18	0.41
5	2	4	0.8
5	1	16	0.95
5	0	12	0.98
5	3	13	0.93
5	2	28	0.99
5	1	29	0.91
5	0	37	0.99
5	3	44	0.92
5	2	42	0.98
5	1	6	0.88
5	0	4	0.97
5	3	42	0.95
5	2	4	0.97
5	1	20	0.95
5	0	30	0.85
5	3	17	0.96
5	2	16	0.95
5	1	19	0.95
5	0	40	0.97
5	3	27	0.98
5	2	35	0.96
5	1	28	0.96
5	0	23	0.96
5	3	4	0.87
5	2	47	0.97
5	1	17	0.8
5	0	9	0.89
5	3	36	0.97
5	2	35	0.99
5	1	37	0.99
5	0	4	0.97
5	3	5	0.89
5	2	31	0.96
5	1	4	0.98
5	0	24	0.84
5	3	43	0.98
5	2	7	0.91
5	1	4	0.92
5	0	9	0.9
5	3	36	0.98
5	2	33	0.93
5	1	4	0.94
5	0	37	0.99
5	3	13	0.36
5	2	27	0.97
5	1	27	0.97
5	0	4	0.84
5	3	19	0.65
5	2	36	0.97
5	1	14	0.93
5	0	13	0.96
5	3	20	0.99
5	2	5	0.69
5	1	21	0.88
5	0	20	0.99
5	3	7	0.83
5	2	36	0.93
5	1	6	0.97
5	0	22	0.98
5	3	36	0.96
5	2	38	0.95
5	1	16	0.94
5	0	4	0.81
5	3	24	0.53
5	2	25	0.78
5	1	17	0.88
5	0	26	0.57
5	3	13	0.95
5	2	17	0.92
5	1	30	0.71
5	0	40	0.98
5	3	30	0.97
5	2	29	0.97
5	1	8	0.91
5	0	19	0.96
5	3	4	0.92
5	2	7	0.94
5	1	18	0.95
5	0	34	0.93
5	3	40	0.96
5	2	5	0.97
5	1	14	0.96
5	0	33	0.93
5	3	35	0.96
5	2	16	0.97
5	1	15	0.62
5	0	32	0.97
5	3	12	0.93
5	2	39	0.99
5	1	40	0.92
5	0	38	0.99
5	3	14	0.85
5	2	28	0.85
5	1	38	0.96
5	0	7	0.88
5	3	32	0.99
5	2	31	0.96
5	1	22	0.93
5	0	33	0.95
5	3	14	0.58
5	2	36	0.97
5	1	31	0.98
5	0	35	0.97
5	3	4	0.75
5	2	16	0.99
5	1	18	0.48
5	0	30	0.99
5	3	31	0.97
5	2	32	0.97
5	1	35	0.99
5	0	6	0.77
5	3	4	0.63
5	2	6	0.74
5	1	30	0.98
5	0	23	0.97
5	3	29	0.92
5	2	4	0.97
5	1	37	0.97
5	0	8	0.72
5	3	36	0.96
5	2	8	0.99
5	1	35	0.98
5	0	4	0.89
5	3	32	0.99
5	2	22	0.88
5	1	32	0.99
5	0	33	0.96
5	3	37	0.9
5	2	21	0.6
5	1	29	0.9
5	0	4	0.91
5	3	34	0.97
5	2	28	0.89
5	1	4	0.94
5	0	26	0.99
5	3	39	0.93
5	2	35	0.98
5	1	36	0.96
5	0	9	0.93
5	3	4	0.97
5	2	36	0.97
5	1	21	0.86
5	0	38	0.97
5	3	41	0.96
5	2	36	0.93
5	1	16	0.97
5	0	6	0.81
5	3	11	0.91
5	2	28	0.86
5	1	16	0.59
5	0	29	0.87
5	3	42	0.96
5	2	15	0.96
5	1	39	0.99
5	0	4	0.87
5	3	15	0.9
5	2	13	0.94
5	1	14	0.97
5	0	36	0.97
5	3	4	0.97
5	2	24	0.84
5	1	16	0.67
5	0	17	0.96
5	3	20	0.78
5	2	28	0.76
5	1	13	0.99
5	0	38	0.95
5	3	7	0.97
5	2	4	0.87
5	1	30	0.87
5	0	12	0.97
5	3	37	0.96
5	2	17	0.93
5	1	19	0.56
5	0	34	0.96
5	3	5	0.92
5	2	4	0.97
5	1	21	0.96
5	0	20	0.97
5	3	4	0.94
5	2	30	0.96
5	1	6	1
5	0	31	0.99
5	3	13	0.97
5	2	15	0.53
5	1	17	0.97
5	0	16	0.95
5	3	34	0.99
5	2	20	0.92
5	1	18	0.95
5	0	35	0.98
5	3	25	0.73
5	2	38	0.94
5	1	20	0.94
5	0	24	0.9
5	3	21	0.95
5	2	6	0.94
5	1	21	0.95
5	0	4	0.32
5	3	17	0.85
5	2	30	0.96
5	1	24	0.91
5	0	41	0.97
5	3	23	0.79
5	2	4	0.9
5	1	42	0.97
5	0	24	0.7
5	3	36	0.97
5	2	7	0.97
5	1	29	0.97
5	0	9	0.92
5	3	32	0.85
5	2	22	0.73
5	1	42	0.98
5	0	43	0.97
5	3	36	0.98
5	2	15	0.93
5	1	34	0.95
5	0	38	0.97
5	3	34	0.94
5	2	30	0.95
5	1	19	0.95
5	0	18	0.95
5	3	5	0.59596
5	2	4	0.98
5	1	28	0.97
5	0	25	0.95
5	3	11	0.97
5	2	40	0.98
5	1	10	0.98
5	0	4	0.97
5	3	21	0.94
5	2	33	0.97
5	1	10	0.94
5	0	35	0.92
5	3	21	0.86
5	2	26	0.64
5	1	18	0.95
5	0	4	0.99
5	3	23	0.81
5	2	31	0.91
5	1	30	0.96
5	0	39	0.98
5	3	4	0.97
5	2	30	0.99
5	1	10	0.84
5	0	32	0.93
5	3	28	0.99
5	2	14	0.88
5	1	22	0.89
5	0	4	0.95
5	3	32	0.94
5	2	34	0.98
5	1	5	0.93
5	0	13	0.78
5	3	16	0.6
5	2	4	0.97
5	1	25	0.87
5	0	33	0.97
5	3	18	0.89
5	2	4	0.73
5	1	14	0.65
5	0	30	1
5	3	26	0.97
5	2	27	0.83
5	1	10	0.85
5	0	17	0.63
5	3	9	0.92
5	2	24	0.96
5	1	6	0.91
5	0	4	0.97
5	3	38	0.96
5	2	34	0.92
5	1	35	0.98
5	0	9	0.93
5	3	15	0.91
5	2	4	0.97
5	1	23	0.89
5	0	5	0.99
5	3	26	0.96
5	2	4	0.63
5	1	27	0.98
5	0	24	0.98
5	3	4	0.86
5	2	32	1
5	1	42	0.99
5	0	33	0.89
5	3	45	0.99
5	2	46	0.97
5	1	21	0.92
5	0	8	0.98
5	3	7	0.82
5	2	33	0.93
5	1	26	0.99
5	0	25	0.97
8	3	4	0.26
8	2	5	0.3
8	1	8	0.85
8	0	10	0.38
8	3	6	0.51
8	2	7	0.21
8	1	8	0.22
8	0	5	0.939394
8	3	6	0.2
8	2	5	0.49
8	1	4	0.8
8	0	4	0.74
8	3	5	0.34
8	2	4	0.35
8	1	6	0.29
8	0	8	0.29
8	3	22	0.96
8	2	4	0.23
8	1	22	0.97
8	0	23	0.97
8	3	5	0.57
8	2	4	0.13
8	1	6	0.75
8	0	6	0.68
8	3	4	0.87
8	2	5	0.31
8	1	9	0.98
8	0	7	0.88
8	3	26	0.84
8	2	4	0.96
8	1	5	0.98
8	0	9	0.67
8	3	7	0.3
8	2	4	0.18
8	1	5	0.26
8	0	9	0.97
8	3	4	0.77
8	2	27	0.96
8	1	6	0.78
8	0	7	0.24
8	3	5	0.39
8	2	4	0.17
8	1	8	0.828283
8	0	7	0.98
8	3	24	0.81
8	2	5	0.37
8	1	23	0.84
8	0	4	0.43
8	3	5	0.25
8	2	7	0.27
8	1	4	0.81
8	0	6	0.52
8	3	23	0.88
8	2	4	0.33
8	1	24	0.9
8	0	5	0.4
8	3	5	0.22
8	2	4	0.21
8	1	6	0.83
8	0	8	0.44
8	3	4	0.74
8	2	5	0.58
8	1	6	0.79
8	0	8	0.62
8	3	5	0.54
8	2	6	0.24
8	1	9	0.8
8	0	8	0.33
8	3	4	0.25
8	2	6	0.3
8	1	8	0.52
8	0	5	0.25
8	3	4	0.77
8	2	8	0.62
8	1	5	0.45
8	0	7	0.86
8	3	4	0.24
8	2	5	0.26
8	1	6	0.3
8	0	6	0.5
8	3	4	0.11
8	2	5	0.27
8	1	8	0.89899
8	0	6	0.25
8	3	22	0.37
8	2	4	0.75
8	1	23	0.71
8	0	26	0.59
8	3	5	0.16
8	2	6	0.27
8	1	7	0.29
8	0	4	0.89
8	3	4	0.47
8	2	23	0.91
8	1	6	0.76
8	0	8	0.41
8	3	5	0.13
8	2	4	0.26
8	1	6	0.98
8	0	7	0.23
8	3	5	0.74
8	2	8	0.43
8	1	7	0.9
8	0	6	0.88
8	3	5	0.19
8	2	6	0.26
8	1	7	0.6
8	0	4	1
8	3	4	0.28
8	2	5	0.29
8	1	7	0.26
8	0	4	0.48
8	3	22	0.91
8	2	29	0.89
8	1	6	0.7
8	0	23	0.92
8	3	5	0.23
8	2	4	0.19
8	1	6	0.29
8	0	7	0.29
8	3	5	0.18
8	2	4	0.28
8	1	9	0.26
8	0	6	0.91
8	3	5	0.13
8	2	4	0.29
8	1	6	0.79
8	0	9	0.56
8	3	6	0.24
8	2	4	0.94
8	1	4	0.96
8	0	5	0.95
8	3	25	0.95
8	2	30	1
8	1	31	0.94
8	0	29	0.93
8	3	4	0.28
8	2	22	0.96
8	1	23	0.95
8	0	5	0.35
8	3	5	0.18
8	2	4	0.3
8	1	4	0.34
8	0	8	0.59
8	3	20	0.8
8	2	4	0.96
8	1	5	0.85
8	0	6	0.99
8	3	4	0.92
8	2	6	0.46
8	1	8	0.69
8	0	5	0.81
8	3	6	0.4
8	2	4	0.87
8	1	30	0.97
8	0	30	0.97
8	3	15	0.68
8	2	4	0.84
8	1	5	0.85
8	0	16	0.72
8	3	4	0.82
8	2	5	0.62
8	1	6	0.83
8	0	7	0.98
8	3	6	0.919192
8	2	4	0.24
8	1	5	0.27
8	0	7	0.58
8	3	4	0.33
8	2	5	0.25
8	1	6	0.34
8	0	4	0.36
8	3	5	0.54
8	2	4	0.21
8	1	6	0.4
8	0	10	0.88
8	3	4	0.26
8	2	4	0.28
8	1	6	0.6
8	0	5	0.34
8	3	5	0.66
8	2	4	0.25
8	1	24	0.9
8	0	26	0.88
8	3	5	0.27
8	2	4	0.3
8	1	7	0.64
8	0	8	0.28
8	3	4	0.63
8	2	5	0.58
8	1	8	0.6
8	0	6	0.3
8	3	4	0.18
8	2	5	0.22
8	1	5	0.32
8	0	6	0.5
8	3	5	0.44
8	2	4	0.71
8	1	9	0.57
8	0	7	0.72
8	3	5	0.57
8	2	4	0.68
8	1	27	0.98
8	0	28	0.97
8	3	4	0.99
8	2	5	0.26
8	1	9	0.32
8	0	6	0.31
8	3	5	0.49
8	2	4	0.68
8	1	8	0.56
8	0	9	0.86
8	3	22	0.77
8	2	4	0.47
8	1	21	0.79
8	0	6	0.6
8	3	27	0.89
8	2	4	0.35
8	1	29	0.97
8	0	7	0.4
8	3	25	0.89
8	2	26	0.89
8	1	5	0.43
8	0	4	0.78
8	3	4	0.22
8	2	4	0.25
8	1	8	0.28
8	0	7	0.81
8	3	19	0.6
8	2	44	0.97
8	1	31	0.87
8	0	4	0.8
8	3	5	0.21
8	2	4	0.23
8	1	8	0.48
8	0	7	0.33
8	3	6	0.24
8	2	4	0.21
8	1	8	0.67
8	0	5	0.29
8	3	4	0.16
8	2	5	0.73
8	1	6	0.65
8	0	7	0.38
8	3	4	0.49
8	2	7	0.28
8	1	5	0.71
8	0	5	0.77
8	3	4	0.78
8	2	5	0.6
8	1	8	0.61
8	0	6	0.8
8	3	4	0.25
8	2	5	0.16
8	1	6	0.29
8	0	8	0.5
8	3	24	0.87
8	2	5	0.3
8	1	4	0.84
8	0	6	0.92
8	3	4	0.75
8	2	5	0.48
8	1	6	0.89
8	0	7	0.56
8	3	24	0.97
8	2	4	0.25
8	1	23	0.97
8	0	23	0.97
8	3	9	0.73
8	2	5	0.65
8	1	8	0.83
8	0	6	0.95
8	3	14	0.56
8	2	15	0.77
8	1	18	0.39
8	0	16	0.97
8	3	5	0.15
8	2	4	0.19
8	1	9	0.32
8	0	8	0.848485
8	3	4	0.27
8	2	5	0.25
8	1	4	0.33
8	0	7	0.62
8	3	5	0.41
8	2	4	0.15
8	1	6	0.3
8	0	5	0.43
8	3	5	0.45
8	2	6	0.44
8	1	10	0.8
8	0	9	0.44
8	3	5	0.22
8	2	4	0.29
8	1	9	0.98
8	0	7	0.39
8	3	5	0.43
8	2	4	0.23
8	1	6	0.82
8	0	7	0.26
8	3	5	0.2
8	2	4	0.21
8	1	7	0.94
8	0	9	0.808081
8	3	6	0.25
8	2	5	0.94
8	1	7	0.49
8	0	4	0.95
8	3	4	0.23
8	2	8	0.51
8	1	5	0.85
8	0	6	0.32
8	3	6	0.37
8	2	4	0.25
8	1	5	1
8	0	7	0.44
8	3	4	0.38
8	2	5	0.26
8	1	6	0.16
8	0	4	0.37
8	3	7	0.28
8	2	5	0.32
8	1	9	0.95
8	0	6	0.3
8	3	30	0.82
8	2	28	0.96
8	1	4	0.97
8	0	8	0.56
8	3	4	0.17
8	2	6	0.24
8	1	5	0.29
8	0	5	0.29
8	3	5	0.16
8	2	4	0.23
8	1	8	0.4
8	0	4	0.34
8	3	4	0.97
8	2	5	0.97
8	1	11	0.82
8	0	8	0.98
8	3	5	0.4
8	2	4	0.27
8	1	6	0.7
8	0	7	0.84
8	3	4	0.22
8	2	5	0.14
8	1	8	0.65
8	0	7	0.72
8	3	4	0.18
8	2	5	0.27
8	1	7	0.98
8	0	8	0.5
8	3	6	0.78
8	2	5	0.33
8	1	4	0.27
8	0	9	0.77
8	3	4	0.21
8	2	7	0.24
8	1	5	0.35
8	0	6	0.38
8	3	5	0.39
8	2	4	0.35
8	1	23	0.86
8	0	24	0.88
8	3	4	0.87
8	2	15	0.37
8	1	5	0.85
8	0	4	0.85
8	3	4	0.7
8	2	20	0.51
8	1	19	0.73
8	0	5	0.79
8	3	4	0.35
8	2	7	0.2
8	1	9	0.51
8	0	6	0.92
8	3	8	0.33
8	2	4	0.22
8	1	7	0.99
8	0	6	0.88
8	3	4	0.62
8	2	27	0.97
8	1	5	0.91
8	0	31	0.97
8	3	5	0.91
8	2	11	0.3
8	1	9	0.77
8	0	4	0.9
8	3	4	0.24
8	2	5	0.3
8	1	6	0.68
8	0	8	0.78
8	3	4	0.15
8	2	5	0.34
8	1	7	0.99
8	0	10	0.25
8	3	5	0.23
8	2	4	0.23
8	1	6	0.33
8	0	9	0.96
11	3	5	0.33
11	2	6	0.22
11	1	7	0.37
11	0	7	0.43
11	3	4	0.25
11	2	5	0.21
11	1	8	0.35
11	0	6	0.31
11	3	4	0.24
11	2	6	0.47
11	1	5	0.33
11	0	8	0.95
11	3	4	0.26
11	2	5	0.35
11	1	6	0.61
11	0	8	0.92
11	3	5	0.22
11	2	4	0.22
11	1	8	0.31
11	0	6	0.34
11	3	5	0.25
11	2	4	0.22
11	1	6	0.38
11	0	6	0.37
11	3	4	0.19
11	2	5	0.66
11	1	4	0.26
11	0	8	0.67
11	3	5	0.25
11	2	4	0.23
11	1	9	0.75
11	0	8	1
11	3	4	0.24
11	2	4	0.25
11	1	5	0.25
11	0	6	0.38
11	3	4	0.24
11	2	5	0.28
11	1	7	0.31
11	0	4	0.26
11	3	4	0.21
11	2	5	0.23
11	1	8	0.34
11	0	7	0.3
11	3	4	0.34
11	2	5	0.24
11	1	7	0.32
11	0	6	0.36
11	3	4	0.17
11	2	7	0.22
11	1	8	0.49
11	0	6	0.48
11	3	7	0.39
11	2	5	0.35
11	1	4	0.87
11	0	6	0.82
11	3	5	0.3
11	2	4	0.29
11	1	7	1
11	0	6	0.35
11	3	4	0.18
11	2	5	0.27
11	1	8	0.3
11	0	9	0.75
11	3	4	0.37
11	2	5	0.31
11	1	9	0.36
11	0	4	0.2
11	3	5	0.24
11	2	4	0.31
11	1	7	0.44
11	0	8	0.3
11	3	5	0.28
11	2	4	0.25
11	1	9	0.24
11	0	4	0.27
11	3	7	0.2
11	2	4	0.12
11	1	6	0.92
11	0	5	0.66
11	3	5	0.56
11	2	4	0.82
11	1	4	0.83
11	0	8	0.3
11	3	4	0.89
11	2	5	0.32
11	1	7	0.27
11	0	11	0.808081
11	3	4	0.32
11	2	5	0.3
11	1	25	0.91
11	0	26	0.94
11	3	5	0.16
11	2	4	0.29
11	1	8	0.33
11	0	7	0.3
11	3	4	0.2
11	2	7	0.25
11	1	5	0.969697
11	0	9	0.28
11	3	4	0.26
11	2	4	0.42
11	1	5	0.25
11	0	6	0.4
11	3	4	0.23
11	2	24	0.96
11	1	5	0.76
11	0	25	0.97
11	3	6	0.27
11	2	4	0.29
11	1	8	0.35
11	0	7	0.35
11	3	4	0.25
11	2	5	0.22
11	1	7	0.85
11	0	6	0.32
11	3	4	0.85
11	2	5	0.24
11	1	8	0.33
11	0	9	0.36
11	3	4	0.24
11	2	5	0.51
11	1	6	0.35
11	0	7	0.26
11	3	6	0.17
11	2	5	0.28
11	1	4	0.71
11	0	4	0.77
11	3	6	0.35
11	2	4	0.27
11	1	5	0.26
11	0	5	0.34
11	3	4	0.3
11	2	6	0.31
11	1	5	0.22
11	0	7	0.23
11	3	6	0.17
11	2	4	0.15
11	1	5	0.35
11	0	9	0.77
11	3	4	0.15
11	2	5	0.29
11	1	9	0.63
11	0	6	0.48
11	3	5	0.22
11	2	4	0.18
11	1	7	0.34
11	0	8	0.32
11	3	4	0.12
11	2	6	0.22
11	1	8	0.42
11	0	5	0.24
11	3	5	0.25
11	2	8	0.2
11	1	4	0.29
11	0	7	0.79
11	3	5	0.23
11	2	4	0.22
11	1	8	0.34
11	0	7	0.55
11	3	6	0.62
11	2	4	0.17
11	1	7	0.34
11	0	5	0.76
11	3	5	0.31
11	2	6	0.31
11	1	4	0.98
11	0	4	0.99
11	3	4	0.19
11	2	5	0.22
11	1	8	0.32
11	0	6	0.4
11	3	5	0.18
11	2	6	0.22
11	1	4	0.38
11	0	7	0.33
11	3	4	0.13
11	2	5	0.2
11	1	6	0.26
11	0	7	0.33
11	3	4	0.21
11	2	6	0.19
11	1	7	0.91
11	0	8	0.97
11	3	4	0.17
11	2	7	0.25
11	1	5	0.81
11	0	5	0.73
11	3	6	0.29
11	2	5	0.2
11	1	4	0.4
11	0	7	0.35
11	3	5	0.17
11	2	4	0.22
11	1	6	0.28
11	0	8	0.27
11	3	4	0.16
11	2	5	0.34
11	1	6	0.33
11	0	8	0.3
11	3	4	0.23
11	2	5	0.21
11	1	8	0.29
11	0	7	0.29
11	3	4	0.16
11	2	5	0.17
11	1	6	0.85
11	0	7	0.32
11	3	25	0.82
11	2	4	0.48
11	1	7	0.38
11	0	6	0.45
11	3	5	0.3
11	2	4	0.25
11	1	6	0.76
11	0	10	0.28
11	3	6	0.19
11	2	7	0.28
11	1	5	0.37
11	0	9	0.25
11	3	6	0.77
11	2	4	0.27
11	1	8	0.33
11	0	9	0.37
11	3	4	0.36
11	2	5	0.45
11	1	24	0.84
11	0	23	0.81
11	3	5	0.25
11	2	6	0.23
11	1	8	0.41
11	0	9	0.47
11	3	5	0.24
11	2	4	0.17
11	1	9	0.888889
11	0	6	0.28
11	3	5	0.75
11	2	4	0.63
11	1	6	0.77
11	0	9	0.46
11	3	6	0.19
11	2	4	0.24
11	1	8	0.34
11	0	9	0.95
11	3	4	0.41
11	2	6	0.29
11	1	4	0.33
11	0	5	0.28
11	3	5	0.2
11	2	4	0.24
11	1	4	0.3
11	0	6	0.24
11	3	4	0.34
11	2	6	0.28
11	1	4	0.35
11	0	8	0.42
11	3	4	0.32
11	2	4	0.26
11	1	5	0.28
11	0	7	0.71
11	3	4	0.23
11	2	6	0.26
11	1	5	0.32
11	0	5	0.37
11	3	4	0.23
11	2	7	0.26
11	1	5	0.26
11	0	6	0.9
11	3	4	0.2
11	2	5	0.24
11	1	8	0.4
11	0	7	0.42
11	3	5	0.23
11	2	4	0.16
11	1	7	0.37
11	0	8	0.53
11	3	4	0.23
11	2	4	0.28
11	1	5	0.43
11	0	5	0.43
11	3	6	0.23
11	2	5	0.22
11	1	8	0.97
11	0	4	0.36
11	3	4	0.23
11	2	5	0.26
11	1	8	0.38
11	0	7	0.87
11	3	4	0.17
11	2	5	0.34
11	1	8	0.32
11	0	9	0.95
11	3	4	0.33
11	2	5	0.19
11	1	6	0.33
11	0	7	0.35
11	3	6	0.32
11	2	4	0.25
11	1	8	0.68
11	0	5	0.44
11	3	6	0.25
11	2	5	0.78
11	1	4	0.4
11	0	7	0.88
11	3	6	0.19
11	2	5	0.19
11	1	4	0.29
11	0	7	0.36
11	3	4	0.24
11	2	5	0.73
11	1	7	0.26
11	0	8	0.47
11	3	4	0.17
11	2	5	0.27
11	1	6	0.3
11	0	8	0.96
11	3	4	0.27
11	2	7	0.23
11	1	9	0.89
11	0	6	0.46
11	3	4	0.37
11	2	5	0.24
11	1	10	0.46
11	0	6	0.59
11	3	5	0.24
11	2	7	0.19
11	1	4	0.69
11	0	6	0.84
11	3	4	0.32
11	2	6	0.26
11	1	5	0.44
11	0	7	0.32
11	3	5	0.22
11	2	4	0.15
11	1	10	0.37
11	0	8	0.73
11	3	5	0.27
11	2	4	0.18
11	1	6	0.52
11	0	6	0.37
11	3	5	0.3
11	2	4	0.3
11	1	6	0.78
11	0	4	0.27
11	3	4	0.51
11	2	5	0.2
11	1	7	0.43
11	0	4	0.25
11	3	4	0.16
11	2	5	0.32
11	1	7	0.33
11	0	6	0.27
11	3	4	0.19
11	2	5	0.28
11	1	6	0.23
11	0	7	0.29
11	3	4	0.18
11	2	5	0.2
11	1	8	0.6
11	0	6	0.45
11	3	6	0.21
11	2	4	0.15
11	1	7	0.37
11	0	8	0.33
11	3	4	0.26
11	2	4	0.18
11	1	5	0.31
11	0	5	0.29
11	3	4	0.2
11	2	5	0.34
11	1	7	0.47
11	0	8	0.99
11	3	4	0.15
11	2	5	0.17
11	1	7	0.26
11	0	6	0.51
11	3	4	0.93
11	2	5	0.31
11	1	6	0.58
11	0	4	0.96
11	3	5	0.16
11	2	4	0.8
11	1	9	0.43
11	0	8	0.96
11	3	5	0.25
11	2	4	0.17
11	1	8	0.63
11	0	7	0.29
11	3	5	0.2
11	2	4	0.87
11	1	7	0.838384
11	0	8	0.73
11	3	5	0.35
11	2	4	0.23
11	1	8	0.33
11	0	6	0.46
11	3	4	0.23
11	2	6	0.28
11	1	7	0.5
11	0	5	0.31
14	3	5	0.27
14	2	4	0.64
14	1	7	0.71
14	0	9	0.27
14	3	4	0.18
14	2	6	0.23
14	1	8	0.28
14	0	5	0.36
14	3	4	0.16
14	2	5	0.24
14	1	9	0.43
14	0	7	0.32
14	3	5	0.19
14	2	6	0.18
14	1	4	0.3
14	0	9	0.33
14	3	5	0.25
14	2	6	0.19
14	1	9	0.36
14	0	8	0.26
14	3	5	0.28
14	2	4	0.18
14	1	10	0.27
14	0	6	0.38
14	3	5	0.21
14	2	4	0.23
14	1	6	0.52
14	0	8	0.78
14	3	4	0.24
14	2	5	0.39
14	1	4	0.28
14	0	8	0.3
14	3	4	0.12
14	2	5	0.27
14	1	7	0.28
14	0	8	0.3
14	3	6	0.25
14	2	5	0.25
14	1	4	0.32
14	0	8	0.89
14	3	6	0.2
14	2	4	0.23
14	1	5	0.42
14	0	8	0.36
14	3	4	0.25
14	2	5	0.22
14	1	6	0.43
14	0	8	0.36
14	3	4	0.21
14	2	5	0.24
14	1	6	0.22
14	0	8	0.25
14	3	4	0.23
14	2	5	0.18
14	1	9	0.31
14	0	7	0.67
14	3	5	0.15
14	2	6	0.29
14	1	4	0.25
14	0	7	0.32
14	3	4	0.2
14	2	7	0.33
14	1	10	0.38
14	0	6	0.68
14	3	4	0.27
14	2	4	0.2
14	1	6	0.31
14	0	5	0.42
14	3	4	0.14
14	2	5	0.17
14	1	7	0.33
14	0	8	1
14	3	6	0.3
14	2	4	0.21
14	1	7	0.38
14	0	8	0.42
14	3	4	0.35
14	2	5	0.24
14	1	9	0.34
14	0	7	0.38
14	3	5	0.16
14	2	4	0.16
14	1	7	0.97
14	0	8	0.23
14	3	6	0.21
14	2	4	0.28
14	1	10	0.787879
14	0	5	0.33
14	3	6	0.35
14	2	5	0.19
14	1	7	0.44
14	0	8	0.33
14	3	6	0.24
14	2	4	0.16
14	1	8	0.34
14	0	5	0.31
14	3	7	0.35
14	2	4	0.3
14	1	5	0.27
14	0	8	0.37
14	3	4	0.26
14	2	5	0.23
14	1	7	0.27
14	0	8	0.53
14	3	5	0.23
14	2	4	0.28
14	1	9	0.36
14	0	7	0.67
14	3	4	0.17
14	2	5	0.27
14	1	8	0.38
14	0	6	0.3
14	3	6	0.17
14	2	4	0.24
14	1	5	0.25
14	0	10	0.19
14	3	6	0.28
14	2	4	0.25
14	1	5	0.93
14	0	5	0.94
14	3	4	0.18
14	2	6	0.27
14	1	7	0.5
14	0	8	0.8
14	3	5	0.4
14	2	4	0.18
14	1	6	0.32
14	0	7	0.32
14	3	4	0.18
14	2	5	0.22
14	1	7	0.43
14	0	6	0.3
14	3	4	0.24
14	2	6	0.28
14	1	4	0.16
14	0	5	0.4
14	3	6	0.33
14	2	4	0.18
14	1	5	0.21
14	0	5	0.31
14	3	4	0.25
14	2	5	0.25
14	1	7	0.22
14	0	8	0.27
14	3	6	0.26
14	2	4	0.21
14	1	8	0.29
14	0	7	0.818182
14	3	5	0.24
14	2	4	0.21
14	1	13	0.22
14	0	6	0.34
14	3	7	0.33
14	2	4	0.22
14	1	5	0.32
14	0	6	0.48
14	3	4	0.36
14	2	4	0.28
14	1	6	0.46
14	0	5	0.24
14	3	5	0.21
14	2	4	0.19
14	1	9	0.39
14	0	7	0.24
14	3	5	0.26
14	2	4	0.2
14	1	9	0.32
14	0	6	0.43
14	3	6	0.25
14	2	5	0.19
14	1	4	0.28
14	0	8	0.28
14	3	4	0.29
14	2	4	0.28
14	1	6	0.29
14	0	5	0.27
14	3	6	0.99
14	2	4	0.24
14	1	7	0.38
14	0	5	0.34
14	3	4	0.18
14	2	5	0.21
14	1	8	0.42
14	0	6	0.49
14	3	6	0.4
14	2	4	0.28
14	1	7	0.38
14	0	5	0.34
14	3	4	0.16
14	2	5	0.27
14	1	7	0.32
14	0	8	0.29
14	3	4	0.2
14	2	5	0.39
14	1	8	0.44
14	0	6	0.31
14	3	4	0.2
14	2	5	0.3
14	1	7	0.33
14	0	6	0.39
14	3	4	0.17
14	2	5	0.13
14	1	8	0.53
14	0	7	0.59
14	3	6	0.29
14	2	4	0.41
14	1	7	0.4
14	0	5	0.29
14	3	6	0.3
14	2	4	0.35
14	1	4	0.33
14	0	8	0.31
14	3	5	0.29
14	2	4	0.23
14	1	8	0.35
14	0	4	0.32
14	3	4	0.22
14	2	4	0.33
14	1	5	0.32
14	0	7	0.35
14	3	5	0.23
14	2	4	0.66
14	1	4	0.75
14	0	8	0.24
14	3	5	0.21
14	2	6	0.24
14	1	4	0.34
14	0	9	0.26
14	3	6	0.24
14	2	4	0.25
14	1	5	0.35
14	0	5	0.48
14	3	6	0.32
14	2	4	0.2
14	1	8	0.48
14	0	7	0.32
14	3	4	0.17
14	2	5	0.31
14	1	7	0.32
14	0	6	0.49
14	3	5	0.33
14	2	4	0.28
14	1	8	0.47
14	0	4	0.29
14	3	4	0.14
14	2	5	0.18
14	1	9	0.36
14	0	8	0.32
14	3	5	0.29
14	2	4	0.22
14	1	8	0.38
14	0	7	0.34
14	3	5	0.23
14	2	4	0.27
14	1	7	0.31
14	0	8	0.36
14	3	6	0.33
14	2	4	0.17
14	1	5	0.28
14	0	8	0.28
14	3	5	0.23
14	2	4	0.18
14	1	6	0.35
14	0	7	0.45
14	3	4	0.19
14	2	5	0.2
14	1	6	0.28
14	0	7	0.27
14	3	6	0.28
14	2	5	0.19
14	1	4	0.44
14	0	7	0.36
14	3	4	0.23
14	2	6	0.27
14	1	5	0.48
14	0	7	0.32
14	3	4	0.25
14	2	5	0.28
14	1	8	0.4
14	0	6	0.29
14	3	6	0.23
14	2	5	0.28
14	1	4	0.34
14	0	7	0.34
14	3	6	0.28
14	2	4	0.13
14	1	5	0.34
14	0	7	0.4
14	3	7	0.29
14	2	6	0.26
14	1	4	0.32
14	0	5	0.41
14	3	5	0.22
14	2	4	0.23
14	1	6	0.34
14	0	6	0.5
14	3	5	0.25
14	2	4	0.25
14	1	4	0.26
14	0	8	0.27
14	3	5	0.18
14	2	6	0.31
14	1	4	0.3
14	0	8	0.32
14	3	5	0.26
14	2	4	0.26
14	1	4	0.28
14	0	8	0.27
14	3	5	0.23
14	2	4	0.21
14	1	6	0.27
14	0	7	0.77
14	3	4	0.18
14	2	6	0.26
14	1	5	0.3
14	0	7	0.51
14	3	4	0.15
14	2	5	0.2
14	1	9	0.31
14	0	8	0.44
14	3	4	0.2
14	2	5	0.24
14	1	9	0.4
14	0	7	0.41
14	3	6	0.22
14	2	4	0.12
14	1	9	0.27
14	0	10	0.37
14	3	4	0.19
14	2	6	0.23
14	1	8	0.38
14	0	7	0.37
14	3	6	0.18
14	2	5	0.23
14	1	4	0.3
14	0	4	0.43
14	3	6	0.35
14	2	4	0.22
14	1	5	0.34
14	0	9	0.28
14	3	4	0.22
14	2	5	0.3
14	1	7	0.808081
14	0	8	0.32
14	3	5	0.32
14	2	4	0.26
14	1	7	0.44
14	0	6	0.27
14	3	4	0.27
14	2	6	0.39
14	1	8	0.34
14	0	4	0.31
14	3	6	0.27
14	2	5	0.29
14	1	4	0.88
14	0	4	0.88
14	3	4	0.27
14	2	5	0.22
14	1	6	0.28
14	0	9	0.36
14	3	5	0.3
14	2	4	0.22
14	1	4	0.3
14	0	7	0.31
14	3	4	0.21
14	2	8	0.9
14	1	6	0.29
14	0	5	0.36
14	3	4	0.1
14	2	6	0.65
14	1	5	0.39
14	0	7	0.69
14	3	5	0.33
14	2	4	0.14
14	1	6	0.38
14	0	8	0.25
14	3	5	0.1
14	2	4	0.19
14	1	4	0.27
14	0	8	0.27
14	3	4	0.25
14	2	5	0.26
14	1	4	0.28
14	0	8	0.29
14	3	4	0.17
14	2	6	0.29
14	1	5	0.48
14	0	7	0.48
14	3	5	0.22
14	2	4	0.28
14	1	8	0.92
14	0	7	0.39
14	3	5	0.31
14	2	4	0.24
14	1	8	0.36
14	0	7	0.44
14	3	5	0.14
14	2	4	0.24
14	1	7	0.35
14	0	4	0.29
17	3	5	0.21
17	2	4	0.18
17	1	9	0.49
17	0	6	0.34
17	3	4	0.18
17	2	5	0.29
17	1	7	0.868687
17	0	8	0.31
17	3	4	0.08
17	2	6	0.2
17	1	7	0.44
17	0	5	0.29
17	3	4	0.18
17	2	5	0.22
17	1	6	0.25
17	0	7	0.28
17	3	4	0.26
17	2	5	0.24
17	1	9	0.62
17	0	6	0.31
17	3	4	0.23
17	2	5	0.11
17	1	4	0.35
17	0	7	0.19
17	3	4	0.27
17	2	5	0.32
17	1	8	0.34
17	0	4	0.27
17	3	5	0.2
17	2	6	0.22
17	1	7	0.38
17	0	4	0.23
17	3	4	0.23
17	2	5	0.26
17	1	6	0.37
17	0	6	0.48
17	3	5	0.26
17	2	4	0.14
17	1	6	0.31
17	0	7	0.35
17	3	5	0.2
17	2	4	0.17
17	1	8	0.33
17	0	7	0.38
17	3	4	0.24
17	2	5	0.27
17	1	6	0.28
17	0	7	0.26
17	3	4	0.21
17	2	5	0.23
17	1	6	0.29
17	0	9	0.31
17	3	5	0.26
17	2	4	0.27
17	1	8	0.828283
17	0	9	0.35
17	3	6	0.3
17	2	4	0.21
17	1	7	0.32
17	0	5	0.35
17	3	6	0.28
17	2	4	0.25
17	1	5	0.32
17	0	8	0.37
17	3	6	0.18
17	2	4	0.15
17	1	5	0.32
17	0	5	0.31
17	3	5	0.24
17	2	4	0.21
17	1	6	0.48
17	0	7	0.3
17	3	5	0.26
17	2	6	0.2
17	1	4	0.33
17	0	4	0.29
17	3	5	0.2
17	2	4	0.21
17	1	9	0.3
17	0	7	0.35
17	3	5	0.24
17	2	4	0.19
17	1	6	0.25
17	0	7	0.35
17	3	4	0.22
17	2	5	0.26
17	1	6	0.26
17	0	7	0.4
17	3	5	0.2
17	2	4	0.14
17	1	6	0.28
17	0	7	0.44
17	3	6	0.28
17	2	4	0.13
17	1	8	0.3
17	0	7	0.3
17	3	4	0.21
17	2	6	0.26
17	1	8	0.35
17	0	5	0.4
17	3	5	0.22
17	2	4	0.25
17	1	9	0.89
17	0	6	0.31
17	3	4	0.19
17	2	6	0.26
17	1	8	0.34
17	0	7	0.27
17	3	6	0.26
17	2	4	0.17
17	1	9	0.79
17	0	5	0.32
17	3	4	0.26
17	2	5	0.2
17	1	9	0.5
17	0	7	0.42
17	3	4	0.25
17	2	6	0.28
17	1	5	0.33
17	0	8	0.31
17	3	4	0.25
17	2	5	0.33
17	1	7	0.28
17	0	10	0.33
17	3	4	0.14
17	2	6	0.17
17	1	8	0.34
17	0	7	0.27
17	3	6	0.24
17	2	5	0.29
17	1	8	0.31
17	0	4	0.36
17	3	4	0.25
17	2	5	0.67
17	1	8	0.25
17	0	10	0.66
17	3	4	0.23
17	2	5	0.17
17	1	6	0.47
17	0	4	0.29
17	3	6	0.25
17	2	4	0.2
17	1	9	0.37
17	0	5	0.27
17	3	6	0.22
17	2	4	0.21
17	1	4	0.5
17	0	7	0.33
17	3	4	0.15
17	2	5	0.18
17	1	6	0.29
17	0	6	0.35
17	3	5	0.26
17	2	4	0.21
17	1	7	0.31
17	0	4	0.26
17	3	4	0.21
17	2	6	0.26
17	1	7	0.27
17	0	5	0.3
17	3	4	0.14
17	2	7	0.22
17	1	9	0.32
17	0	5	0.77
17	3	4	0.17
17	2	5	0.27
17	1	9	0.28
17	0	8	0.25
17	3	4	0.2
17	2	5	0.21
17	1	6	0.3
17	0	8	0.26
17	3	5	0.2
17	2	4	0.36
17	1	4	0.37
17	0	7	0.38
17	3	6	0.21
17	2	4	0.21
17	1	5	0.26
17	0	8	0.4
17	3	4	0.34
17	2	4	0.19
17	1	5	0.33
17	0	6	0.37
17	3	6	0.24
17	2	4	0.14
17	1	8	0.28
17	0	5	0.48
17	3	7	0.36
17	2	5	0.26
17	1	8	0.34
17	0	6	0.95
17	3	5	0.33
17	2	6	0.28
17	1	4	0.32
17	0	8	0.38
17	3	6	0.35
17	2	4	0.26
17	1	10	0.34
17	0	9	0.29
17	3	4	0.25
17	2	5	0.23
17	1	6	0.3
17	0	9	0.32
17	3	5	0.27
17	2	4	0.23
17	1	8	0.29
17	0	7	0.99
17	3	4	0.34
17	2	5	0.22
17	1	9	0.35
17	0	6	0.28
17	3	4	0.2
17	2	4	0.15
17	1	8	0.27
17	0	7	0.41
17	3	4	0.24
17	2	5	0.28
17	1	9	0.37
17	0	6	0.31
17	3	4	0.24
17	2	5	0.3
17	1	9	0.36
17	0	6	0.49
17	3	4	0.24
17	2	6	0.38
17	1	7	0.24
17	0	10	0.37
17	3	7	0.34
17	2	5	0.2
17	1	4	0.25
17	0	6	0.29
17	3	6	0.35
17	2	4	0.28
17	1	8	0.29
17	0	4	0.29
17	3	6	0.26
17	2	5	0.28
17	1	4	0.32
17	0	9	0.41
17	3	5	0.33
17	2	4	0.22
17	1	6	0.31
17	0	9	0.27
17	3	4	0.27
17	2	5	0.2
17	1	7	0.4
17	0	6	0.35
17	3	5	0.6
17	2	4	0.11
17	1	6	0.73
17	0	9	0.34
17	3	6	0.29
17	2	4	0.2
17	1	8	0.47
17	0	5	0.57
17	3	4	0.16
17	2	6	0.33
17	1	5	0.48
17	0	7	0.3
17	3	7	0.32
17	2	4	0.19
17	1	5	0.23
17	0	6	0.24
17	3	4	0.17
17	2	5	0.17
17	1	7	0.91
17	0	8	0.28
17	3	4	0.15
17	2	6	0.27
17	1	7	0.27
17	0	5	0.64
17	3	4	0.31
17	2	5	0.18
17	1	4	0.34
17	0	6	0.3
17	3	6	0.25
17	2	4	0.08
17	1	8	0.34
17	0	5	0.33
17	3	4	0.28
17	2	5	0.26
17	1	4	0.31
17	0	7	0.31
17	3	4	0.2
17	2	6	0.39
17	1	7	0.36
17	0	5	0.29
17	3	4	0.22
17	2	5	0.24
17	1	6	0.35
17	0	8	0.35
17	3	4	0.23
17	2	7	0.37
17	1	8	0.39
17	0	4	0.25
17	3	6	0.22
17	2	4	0.21
17	1	5	0.27
17	0	8	0.32
17	3	4	0.18
17	2	5	0.32
17	1	7	0.24
17	0	6	0.34
17	3	4	0.23
17	2	6	0.25
17	1	5	0.37
17	0	8	0.3
17	3	5	0.3
17	2	6	0.28
17	1	4	0.33
17	0	7	0.28
17	3	5	0.25
17	2	4	0.29
17	1	10	0.4
17	0	4	0.34
17	3	4	0.16
17	2	5	0.27
17	1	8	0.98
17	0	7	0.28
17	3	4	0.28
17	2	5	0.24
17	1	7	0.42
17	0	8	0.34
17	3	4	0.22
17	2	5	0.29
17	1	6	0.35
17	0	9	0.45
17	3	6	0.31
17	2	5	0.19
17	1	4	0.34
17	0	7	0.37
17	3	5	0.23
17	2	4	0.18
17	1	7	0.43
17	0	8	0.33
17	3	4	0.29
17	2	5	0.2
17	1	4	0.39
17	0	8	0.37
17	3	4	0.34
17	2	6	0.25
17	1	8	0.43
17	0	4	0.39
17	3	5	0.22
17	2	4	0.2
17	1	7	0.28
17	0	9	0.31
17	3	4	0.27
17	2	5	0.2
17	1	9	0.38
17	0	7	0.32
17	3	5	0.28
17	2	4	0.23
17	1	9	0.37
17	0	6	0.27
17	3	4	0.19
17	2	5	0.3
17	1	6	0.21
17	0	8	0.42
17	3	5	0.23
17	2	4	0.17
17	1	8	0.32
17	0	9	0.22
17	3	4	0.27
17	2	7	0.28
17	1	6	0.35
17	0	4	0.37
17	3	5	0.16
17	2	4	0.14
17	1	9	0.32
17	0	7	0.32
17	3	4	0.2
17	2	5	0.23
17	1	8	0.33
17	0	6	0.34
17	3	5	0.21
17	2	4	0.25
17	1	7	0.31
17	0	8	0.42
17	3	4	0.25
17	2	5	0.22
17	1	9	0.32
17	0	6	0.31
17	3	4	0.19
17	2	6	0.22
17	1	8	0.32
17	0	5	0.26
17	3	5	0.29
17	2	4	0.2
17	1	6	0.3
17	0	7	0.33
17	3	4	0.26
17	2	5	0.15
17	1	9	0.35
17	0	6	0.33
17	3	4	0.15
17	2	5	0.26
17	1	6	0.96
17	0	7	0.77
20	3	5	0.19
20	2	4	0.33
20	1	8	0.32
20	0	7	0.34
20	3	4	0.26
20	2	5	0.17
20	1	6	0.41
20	0	6	0.37
20	3	6	0.23
20	2	5	0.34
20	1	9	0.49
20	0	4	0.29
20	3	4	0.16
20	2	5	0.33
20	1	7	0.35
20	0	6	0.31
20	3	6	0.32
20	2	7	0.32
20	1	5	0.28
20	0	8	0.34
20	3	5	0.24
20	2	4	0.15
20	1	8	0.35
20	0	6	0.29
20	3	5	0.25
20	2	4	0.23
20	1	7	0.29
20	0	4	0.22
20	3	5	0.23
20	2	4	0.22
20	1	6	0.23
20	0	7	0.28
20	3	4	0.22
20	2	5	0.13
20	1	4	0.26
20	0	6	0.22
20	3	4	0.23
20	2	5	0.22
20	1	7	0.31
20	0	6	0.33
20	3	4	0.25
20	2	6	0.27
20	1	7	0.25
20	0	5	0.35
20	3	6	0.19
20	2	5	0.18
20	1	8	0.31
20	0	4	0.24
20	3	6	0.24
20	2	4	0.13
20	1	5	0.32
20	0	8	0.36
20	3	4	0.26
20	2	6	0.26
20	1	7	0.56
20	0	8	0.27
20	3	4	0.26
20	2	4	0.27
20	1	9	0.37
20	0	5	0.3
20	3	5	0.26
20	2	4	0.19
20	1	6	0.46
20	0	7	0.43
20	3	5	0.24
20	2	4	0.19
20	1	8	0.31
20	0	7	0.24
20	3	5	0.32
20	2	4	0.21
20	1	6	0.24
20	0	8	0.34
20	3	4	0.23
20	2	7	0.26
20	1	5	0.36
20	0	5	0.26
20	3	4	0.23
20	2	6	0.21
20	1	8	0.4
20	0	5	0.33
20	3	5	0.23
20	2	4	0.28
20	1	9	0.34
20	0	10	0.37
20	3	6	0.38
20	2	4	0.23
20	1	5	0.26
20	0	9	0.32
20	3	4	0.26
20	2	5	0.3
20	1	6	0.26
20	0	8	0.34
20	3	5	0.19
20	2	4	0.35
20	1	8	0.3
20	0	4	0.3
20	3	4	0.18
20	2	5	0.35
20	1	8	0.26
20	0	10	0.32
20	3	5	0.19
20	2	4	0.18
20	1	6	0.31
20	0	9	0.33
20	3	4	0.14
20	2	5	0.33
20	1	8	0.43
20	0	7	0.42
20	3	5	0.2
20	2	4	0.17
20	1	6	0.36
20	0	8	0.38
20	3	4	0.2
20	2	5	0.21
20	1	7	0.3
20	0	9	0.39
20	3	6	0.31
20	2	4	0.22
20	1	9	0.93
20	0	7	0.34
20	3	5	0.17
20	2	4	0.23
20	1	8	0.3
20	0	7	0.28
20	3	4	0.22
20	2	7	0.21
20	1	8	0.34
20	0	6	0.32
20	3	5	0.15
20	2	4	0.21
20	1	8	0.29
20	0	7	0.35
20	3	4	0.26
20	2	5	0.17
20	1	6	0.43
20	0	7	0.32
20	3	6	0.23
20	2	5	0.26
20	1	4	0.33
20	0	8	0.4
20	3	4	0.17
20	2	6	0.19
20	1	8	0.32
20	0	7	0.26
20	3	4	0.29
20	2	5	0.22
20	1	7	0.41
20	0	8	0.37
20	3	4	0.21
20	2	5	0.26
20	1	6	0.26
20	0	7	0.35
20	3	4	0.2
20	2	5	0.19
20	1	4	0.19
20	0	6	0.3
20	3	5	0.25
20	2	4	0.17
20	1	9	0.32
20	0	6	0.21
20	3	5	0.19
20	2	4	0.19
20	1	9	0.37
20	0	7	0.42
20	3	5	0.31
20	2	4	0.22
20	1	7	0.26
20	0	5	0.36
20	3	4	0.18
20	2	5	0.24
20	1	7	0.32
20	0	6	0.4
20	3	4	0.32
20	2	7	0.27
20	1	5	0.28
20	0	4	0.23
20	3	6	0.32
20	2	4	0.28
20	1	7	0.33
20	0	5	0.29
20	3	4	0.28
20	2	6	0.3
20	1	5	0.23
20	0	8	0.31
20	3	6	0.31
20	2	4	0.15
20	1	8	0.3
20	0	9	0.42
20	3	4	0.21
20	2	5	0.28
20	1	7	0.31
20	0	9	0.4
20	3	5	0.2
20	2	4	0.14
20	1	8	0.32
20	0	6	0.21
20	3	4	0.41
20	2	4	0.22
20	1	6	0.29
20	0	5	0.27
20	3	6	0.3
20	2	5	0.22
20	1	7	0.37
20	0	4	0.31
20	3	4	0.25
20	2	5	0.22
20	1	7	0.99
20	0	6	0.29
20	3	6	0.33
20	2	4	0.22
20	1	5	0.37
20	0	8	0.31
20	3	4	0.19
20	2	5	0.18
20	1	7	0.4
20	0	8	0.31
20	3	5	0.21
20	2	4	0.18
20	1	7	0.44
20	0	8	0.34
20	3	4	0.2
20	2	5	0.25
20	1	8	0.42
20	0	7	0.27
20	3	5	0.19
20	2	4	0.15
20	1	8	0.959596
20	0	6	0.31
20	3	6	0.26
20	2	4	0.2
20	1	5	0.32
20	0	9	0.42
20	3	4	0.27
20	2	6	0.35
20	1	8	0.34
20	0	5	0.33
20	3	5	0.3
20	2	4	0.23
20	1	7	0.27
20	0	6	0.41
20	3	4	0.17
20	2	6	0.21
20	1	8	0.28
20	0	5	0.31
20	3	4	0.13
20	2	6	0.31
20	1	7	0.33
20	0	5	0.29
20	3	5	0.18
20	2	4	0.2
20	1	5	0.3
20	0	7	0.24
20	3	6	0.24
20	2	4	0.15
20	1	8	0.29
20	0	9	0.42
20	3	5	0.38
20	2	4	0.25
20	1	6	0.32
20	0	7	0.36
20	3	6	0.25
20	2	5	0.25
20	1	8	0.33
20	0	4	0.21
20	3	4	0.18
20	2	5	0.25
20	1	7	0.39
20	0	9	0.28
20	3	6	0.32
20	2	5	0.29
20	1	7	0.33
20	0	4	0.33
20	3	4	0.3
20	2	6	0.23
20	1	5	0.25
20	0	8	0.32
20	3	4	0.2
20	2	5	0.18
20	1	9	0.26
20	0	8	0.23
20	3	6	0.33
20	2	5	0.21
20	1	4	0.2
20	0	7	0.35
20	3	4	0.56
20	2	5	0.23
20	1	6	0.81
20	0	9	0.73
20	3	4	0.19
20	2	7	0.31
20	1	9	0.34
20	0	5	0.33
20	3	5	0.33
20	2	4	0.26
20	1	5	0.35
20	0	8	0.42
20	3	4	0.25
20	2	5	0.34
20	1	10	0.37
20	0	8	0.29
20	3	5	0.31
20	2	4	0.11
20	1	9	0.41
20	0	6	0.41
20	3	6	0.3
20	2	4	0.17
20	1	7	0.34
20	0	5	0.39
20	3	5	0.24
20	2	4	0.21
20	1	8	0.36
20	0	7	0.42
20	3	4	0.2
20	2	5	0.47
20	1	6	0.29
20	0	5	0.29
20	3	5	0.18
20	2	6	0.42
20	1	9	0.25
20	0	7	0.38
20	3	6	0.34
20	2	4	0.23
20	1	7	0.31
20	0	5	0.48
20	3	6	0.19
20	2	5	0.24
20	1	8	0.24
20	0	7	0.29
20	3	5	0.18
20	2	4	0.15
20	1	8	0.31
20	0	7	0.3
20	3	6	0.22
20	2	4	0.3
20	1	5	0.31
20	0	9	0.23
20	3	4	0.23
20	2	7	0.27
20	1	6	0.34
20	0	9	0.53
20	3	5	0.27
20	2	4	0.13
20	1	8	0.26
20	0	6	0.26
20	3	4	0.21
20	2	7	0.35
20	1	9	0.35
20	0	6	0.3
20	3	5	0.28
20	2	4	0.17
20	1	6	0.29
20	0	8	0.29
20	3	6	0.21
20	2	4	0.23
20	1	7	0.4
20	0	8	0.31
20	3	5	0.24
20	2	4	0.14
20	1	6	0.41
20	0	8	0.41
20	3	4	0.21
20	2	5	0.31
20	1	9	0.33
20	0	7	0.24
20	3	5	0.28
20	2	4	0.21
20	1	8	0.39
20	0	4	0.32
20	3	5	0.32
20	2	4	0.26
20	1	8	0.37
20	0	7	0.3
20	3	4	0.18
20	2	4	0.21
20	1	5	0.32
20	0	7	0.29
20	3	4	0.26
20	2	6	0.24
20	1	9	0.62
20	0	10	0.32
20	3	5	0.24
20	2	4	0.13
20	1	7	0.29
20	0	6	0.26
20	3	4	0.19
20	2	5	0.27
20	1	6	0.28
20	0	9	0.32
20	3	4	0.2
20	2	8	0.22
20	1	6	0.33
20	0	5	0.28
20	3	5	0.15
20	2	4	0.11
20	1	7	0.37
20	0	10	0.38
20	3	4	0.31
20	2	6	0.28
20	1	9	0.43
20	0	7	0.27
23	3	4	0.15
23	2	5	0.23
23	1	4	0.22
23	0	8	0.26
23	3	4	0.18
23	2	7	0.25
23	1	5	0.24
23	0	8	0.31
23	3	5	0.17
23	2	4	0.21
23	1	7	0.29
23	0	8	0.45
23	3	5	0.18
23	2	4	0.15
23	1	6	0.28
23	0	8	0.25
23	3	5	0.25
23	2	6	0.29
23	1	4	0.29
23	0	4	0.41
23	3	4	0.23
23	2	5	0.19
23	1	9	0.38
23	0	7	0.22
23	3	4	0.2
23	2	5	0.26
23	1	7	0.55
23	0	6	0.23
23	3	4	0.17
23	2	5	0.26
23	1	6	0.39
23	0	10	0.32
23	3	4	0.25
23	2	5	0.25
23	1	6	0.37
23	0	8	0.29
23	3	4	0.34
23	2	5	0.24
23	1	4	0.38
23	0	8	0.4
23	3	5	0.21
23	2	4	0.27
23	1	4	0.31
23	0	9	0.29
23	3	5	0.34
23	2	4	0.3
23	1	4	0.35
23	0	4	0.34
23	3	4	0.26
23	2	5	0.32
23	1	6	0.4
23	0	9	0.35
23	3	4	0.24
23	2	5	0.18
23	1	6	0.4
23	0	10	0.34
23	3	5	0.25
23	2	4	0.16
23	1	9	0.35
23	0	8	0.43
23	3	5	0.22
23	2	4	0.24
23	1	6	0.36
23	0	9	0.31
23	3	4	0.16
23	2	6	0.23
23	1	5	0.29
23	0	5	0.37
23	3	4	0.18
23	2	5	0.15
23	1	9	0.28
23	0	6	0.39
23	3	4	0.14
23	2	5	0.26
23	1	6	0.33
23	0	8	0.38
23	3	4	0.21
23	2	5	0.21
23	1	8	0.3
23	0	5	0.29
23	3	4	0.26
23	2	6	0.28
23	1	7	0.39
23	0	5	0.29
23	3	5	0.21
23	2	6	0.23
23	1	8	0.35
23	0	4	0.35
23	3	7	0.37
23	2	4	0.22
23	1	6	0.42
23	0	8	0.38
23	3	4	0.19
23	2	5	0.2
23	1	7	0.38
23	0	8	0.32
23	3	4	0.21
23	2	6	0.32
23	1	5	0.23
23	0	10	0.34
23	3	4	0.29
23	2	5	0.35
23	1	7	0.36
23	0	6	0.41
23	3	6	0.26
23	2	4	0.15
23	1	8	0.31
23	0	7	0.42
23	3	4	0.32
23	2	5	0.29
23	1	4	0.33
23	0	9	0.34
23	3	5	0.27
23	2	4	0.17
23	1	8	0.31
23	0	5	0.31
23	3	4	0.22
23	2	5	0.19
23	1	7	0.29
23	0	9	0.41
23	3	5	0.3
23	2	6	0.3
23	1	4	0.34
23	0	4	0.28
23	3	5	0.22
23	2	4	0.21
23	1	10	0.24
23	0	7	0.44
23	3	4	0.21
23	2	5	0.42
23	1	6	0.36
23	0	8	0.36
23	3	5	0.23
23	2	4	0.2
23	1	7	0.25
23	0	5	0.26
23	3	6	0.18
23	2	4	0.17
23	1	8	0.3
23	0	4	0.31
23	3	4	0.18
23	2	6	0.26
23	1	5	0.31
23	0	9	0.35
23	3	4	0.27
23	2	5	0.45
23	1	6	0.27
23	0	8	0.31
23	3	6	0.37
23	2	5	0.18
23	1	7	0.22
23	0	4	0.35
23	3	5	0.24
23	2	4	0.17
23	1	8	0.41
23	0	6	0.3
23	3	4	0.17
23	2	5	0.2
23	1	7	0.35
23	0	6	0.33
23	3	6	0.35
23	2	4	0.17
23	1	5	0.31
23	0	9	0.31
23	3	6	0.39
23	2	5	0.26
23	1	7	0.34
23	0	9	0.32
23	3	4	0.27
23	2	5	0.25
23	1	7	0.36
23	0	8	0.34
23	3	6	0.31
23	2	4	0.19
23	1	9	0.3
23	0	11	0.32
23	3	4	0.19
23	2	5	0.31
23	1	7	0.32
23	0	9	0.28
23	3	5	0.25
23	2	4	0.21
23	1	9	0.36
23	0	7	0.21
23	3	5	0.2
23	2	4	0.21
23	1	6	0.33
23	0	8	0.3
23	3	5	0.17
23	2	4	0.2
23	1	8	0.3
23	0	6	0.3
23	3	7	0.33
23	2	6	0.27
23	1	5	0.33
23	0	4	0.3
23	3	5	0.12
23	2	4	0.17
23	1	8	0.38
23	0	6	0.27
23	3	4	0.26
23	2	5	0.25
23	1	7	0.16
23	0	6	0.21
23	3	5	0.22
23	2	4	0.18
23	1	6	0.33
23	0	8	0.54
23	3	4	0.26
23	2	6	0.29
23	1	5	0.29
23	0	7	0.44
23	3	5	0.18
23	2	4	0.16
23	1	8	0.32
23	0	7	0.34
23	3	5	0.21
23	2	4	0.2
23	1	7	0.3
23	0	8	0.37
23	3	4	0.22
23	2	4	0.38
23	1	6	0.31
23	0	7	0.38
23	3	6	0.19
23	2	4	0.17
23	1	8	0.31
23	0	9	0.34
23	3	4	0.2
23	2	4	0.17
23	1	5	0.34
23	0	6	0.28
23	3	4	0.22
23	2	5	0.29
23	1	6	0.25
23	0	8	0.38
23	3	5	0.19
23	2	4	0.35
23	1	7	0.3
23	0	9	0.28
23	3	6	0.3
23	2	4	0.2
23	1	5	0.32
23	0	7	0.51
23	3	4	0.14
23	2	5	0.2
23	1	7	0.34
23	0	6	0.27
23	3	4	0.14
23	2	5	0.17
23	1	7	0.24
23	0	6	0.35
23	3	6	0.26
23	2	5	0.25
23	1	9	0.26
23	0	4	0.28
23	3	4	0.2
23	2	6	0.27
23	1	9	0.39
23	0	5	0.37
23	3	4	0.19
23	2	5	0.22
23	1	6	0.31
23	0	7	0.31
23	3	4	0.16
23	2	5	0.18
23	1	8	0.25
23	0	7	0.48
23	3	4	0.21
23	2	5	0.24
23	1	9	0.35
23	0	8	0.45
23	3	4	0.21
23	2	5	0.2
23	1	9	0.38
23	0	8	0.34
23	3	4	0.24
23	2	5	0.2
23	1	7	0.33
23	0	8	0.32
23	3	4	0.18
23	2	5	0.13
23	1	7	0.51
23	0	10	0.34
23	3	4	0.2
23	2	6	0.24
23	1	5	0.3
23	0	9	0.31
23	3	4	0.23
23	2	5	0.23
23	1	8	0.35
23	0	5	0.33
23	3	5	0.19
23	2	4	0.17
23	1	7	0.19
23	0	8	0.43
23	3	5	0.16
23	2	4	0.24
23	1	7	0.42
23	0	8	0.28
23	3	4	0.21
23	2	5	0.28
23	1	6	0.44
23	0	8	0.36
23	3	5	0.22
23	2	4	0.19
23	1	9	0.38
23	0	7	0.32
23	3	4	0.19
23	2	6	0.27
23	1	5	0.26
23	0	9	0.52
23	3	5	0.22
23	2	4	0.16
23	1	6	0.31
23	0	8	0.29
23	3	4	0.27
23	2	5	0.19
23	1	6	0.33
23	0	9	0.27
23	3	4	0.18
23	2	6	0.32
23	1	8	0.28
23	0	7	0.26
23	3	5	0.16
23	2	4	0.13
23	1	6	0.36
23	0	8	0.35
23	3	5	0.22
23	2	4	0.18
23	1	6	0.38
23	0	8	0.36
23	3	4	0.24
23	2	5	0.18
23	1	9	0.3
23	0	6	0.24
23	3	6	0.17
23	2	5	0.24
23	1	7	0.31
23	0	9	0.33
23	3	5	0.18
23	2	4	0.23
23	1	6	0.39
23	0	8	0.3
23	3	4	0.19
23	2	7	0.34
23	1	5	0.37
23	0	6	0.33
23	3	4	0.26
23	2	5	0.33
23	1	9	0.39
23	0	8	0.88
23	3	5	0.36
23	2	4	0.2
23	1	7	0.49
23	0	6	0.29
23	3	6	0.26
23	2	4	0.19
23	1	5	0.28
23	0	5	0.3
23	3	5	0.26
23	2	4	0.23
23	1	9	0.41
23	0	8	0.35
23	3	5	0.23
23	2	4	0.2
23	1	6	0.31
23	0	8	0.28
23	3	5	0.24
23	2	4	0.25
23	1	6	0.23
23	0	7	0.28
23	3	5	0.1
23	2	4	0.15
23	1	7	0.23
23	0	6	0.29
23	3	4	0.2
23	2	5	0.22
23	1	9	0.21
23	0	6	0.31
23	3	4	0.19
23	2	5	0.21
23	1	7	0.27
23	0	6	0.3
23	3	4	0.25
23	2	6	0.23
23	1	7	0.36
23	0	5	0.26
23	3	6	0.21
23	2	4	0.14
23	1	5	0.18
23	0	8	0.32
23	3	4	0.2
23	2	5	0.23
23	1	6	0.41
23	0	7	0.34
23	3	5	0.23
23	2	4	0.19
23	1	8	0.27
23	0	7	0.32
26	3	4	0.19
26	2	5	0.15
26	1	7	0.32
26	0	8	0.32
26	3	5	0.2
26	2	4	0.19
26	1	8	0.28
26	0	7	0.3
26	3	5	0.22
26	2	4	0.1
26	1	6	0.23
26	0	7	0.37
26	3	5	0.26
26	2	6	0.29
26	1	4	0.35
26	0	8	0.51
26	3	5	0.24
26	2	4	0.19
26	1	10	0.26
26	0	8	0.909091
26	3	5	0.31
26	2	4	0.17
26	1	9	0.31
26	0	6	0.22
26	3	4	0.12
26	2	5	0.27
26	1	8	0.3
26	0	6	0.29
26	3	4	0.23
26	2	5	0.27
26	1	9	0.32
26	0	8	0.44
26	3	5	0.23
26	2	4	0.22
26	1	5	0.31
26	0	8	0.3
26	3	6	0.27
26	2	4	0.26
26	1	5	0.31
26	0	7	0.42
26	3	4	0.18
26	2	5	0.17
26	1	6	0.33
26	0	8	0.35
26	3	4	0.21
26	2	5	0.31
26	1	6	0.27
26	0	7	0.26
26	3	5	0.28
26	2	4	0.25
26	1	7	0.4
26	0	9	0.28
26	3	6	0.18
26	2	4	0.15
26	1	5	0.26
26	0	9	0.31
26	3	5	0.28
26	2	4	0.21
26	1	8	0.41
26	0	10	0.37
26	3	4	0.12
26	2	6	0.26
26	1	10	0.26
26	0	8	0.3
26	3	5	0.21
26	2	4	0.18
26	1	6	0.24
26	0	8	0.39
26	3	5	0.24
26	2	4	0.19
26	1	7	0.36
26	0	6	0.35
26	3	4	0.15
26	2	5	0.28
26	1	5	0.37
26	0	7	0.4
26	3	4	0.28
26	2	4	0.39
26	1	5	0.31
26	0	6	0.28
26	3	5	0.17
26	2	6	0.3
26	1	7	0.3
26	0	4	0.33
26	3	4	0.22
26	2	8	0.26
26	1	5	0.33
26	0	4	0.22
26	3	6	0.22
26	2	5	0.26
26	1	7	0.29
26	0	4	0.23
26	3	4	0.17
26	2	6	0.3
26	1	5	0.33
26	0	8	0.37
26	3	6	0.28
26	2	4	0.21
26	1	7	0.39
26	0	5	0.33
26	3	5	0.25
26	2	6	0.22
26	1	8	0.28
26	0	4	0.42
26	3	4	0.16
26	2	6	0.22
26	1	9	0.29
26	0	8	0.29
26	3	4	0.14
26	2	5	0.19
26	1	7	0.38
26	0	9	0.21
26	3	6	0.24
26	2	4	0.2
26	1	7	0.27
26	0	5	0.34
26	3	4	0.12
26	2	5	0.21
26	1	6	0.23
26	0	5	0.27
26	3	5	0.16
26	2	4	0.23
26	1	7	0.45
26	0	8	0.3
26	3	4	0.24
26	2	4	0.22
26	1	5	0.3
26	0	8	0.29
26	3	4	0.32
26	2	4	0.29
26	1	6	0.29
26	0	7	0.38
26	3	5	0.36
26	2	4	0.23
26	1	8	0.25
26	0	7	0.36
26	3	5	0.18
26	2	6	0.25
26	1	4	0.29
26	0	8	0.33
26	3	5	0.2
26	2	4	0.17
26	1	10	0.34
26	0	7	0.33
26	3	4	0.14
26	2	6	0.27
26	1	5	0.36
26	0	7	0.32
26	3	5	0.24
26	2	4	0.23
26	1	9	0.29
26	0	10	0.79
26	3	4	0.21
26	2	5	0.26
26	1	6	0.29
26	0	7	0.32
26	3	4	0.17
26	2	7	0.37
26	1	6	0.44
26	0	5	0.3
26	3	5	0.24
26	2	4	0.16
26	1	8	0.39
26	0	7	0.32
26	3	5	0.25
26	2	4	0.17
26	1	6	0.42
26	0	7	0.34
26	3	5	0.14
26	2	4	0.18
26	1	7	0.34
26	0	8	0.39
26	3	4	0.25
26	2	6	0.36
26	1	10	0.49
26	0	4	0.27
26	3	4	0.31
26	2	5	0.25
26	1	9	0.44
26	0	7	0.26
26	3	4	0.24
26	2	5	0.19
26	1	4	0.35
26	0	7	0.27
26	3	5	0.19
26	2	4	0.19
26	1	4	0.28
26	0	8	0.23
26	3	5	0.15
26	2	6	0.18
26	1	9	0.31
26	0	7	0.27
26	3	4	0.19
26	2	5	0.21
26	1	10	0.34
26	0	6	0.33
26	3	4	0.26
26	2	5	0.26
26	1	8	0.22
26	0	4	0.27
26	3	5	0.16
26	2	4	0.19
26	1	10	0.33
26	0	7	0.24
26	3	4	0.18
26	2	5	0.23
26	1	8	0.33
26	0	6	0.3
26	3	4	0.25
26	2	5	0.26
26	1	4	0.23
26	0	7	0.34
26	3	5	0.2
26	2	4	0.23
26	1	9	0.33
26	0	8	0.27
26	3	5	0.24
26	2	4	0.22
26	1	7	0.4
26	0	10	0.41
26	3	6	0.36
26	2	4	0.18
26	1	7	0.27
26	0	5	0.27
26	3	4	0.13
26	2	5	0.22
26	1	10	0.26
26	0	5	0.44
26	3	4	0.16
26	2	5	0.22
26	1	7	0.18
26	0	8	0.32
26	3	6	0.27
26	2	4	0.15
26	1	8	0.32
26	0	9	0.37
26	3	5	0.26
26	2	4	0.15
26	1	9	0.44
26	0	7	0.31
26	3	5	0.21
26	2	4	0.18
26	1	7	0.37
26	0	9	0.43
26	3	4	0.19
26	2	6	0.31
26	1	9	0.3
26	0	5	0.3
26	3	6	0.24
26	2	4	0.19
26	1	7	0.41
26	0	4	0.24
26	3	6	0.36
26	2	4	0.28
26	1	4	0.34
26	0	5	0.25
26	3	4	0.25
26	2	6	0.24
26	1	9	0.27
26	0	7	0.34
26	3	5	0.22
26	2	6	0.2
26	1	4	0.28
26	0	9	0.29
26	3	5	0.2
26	2	4	0.19
26	1	8	0.32
26	0	9	0.33
26	3	4	0.12
26	2	5	0.25
26	1	8	0.36
26	0	7	0.36
26	3	4	0.23
26	2	5	0.2
26	1	4	0.33
26	0	7	0.47
26	3	6	0.21
26	2	4	0.17
26	1	8	0.27
26	0	9	0.26
26	3	5	0.18
26	2	4	0.21
26	1	6	0.4
26	0	7	0.38
26	3	4	0.18
26	2	6	0.33
26	1	8	0.33
26	0	5	0.27
26	3	5	0.16
26	2	6	0.2
26	1	10	0.33
26	0	4	0.29
26	3	5	0.27
26	2	4	0.16
26	1	8	0.47
26	0	7	0.31
26	3	5	0.27
26	2	4	0.24
26	1	6	0.29
26	0	9	0.37
26	3	5	0.16
26	2	4	0.16
26	1	7	0.26
26	0	8	0.53
26	3	4	0.26
26	2	5	0.32
26	1	6	0.25
26	0	7	0.28
26	3	6	0.25
26	2	4	0.27
26	1	7	0.22
26	0	5	0.27
26	3	4	0.13
26	2	5	0.17
26	1	8	0.42
26	0	7	0.34
26	3	4	0.17
26	2	6	0.43
26	1	5	0.32
26	0	5	0.36
26	3	5	0.28
26	2	4	0.17
26	1	6	0.27
26	0	9	0.43
26	3	5	0.22
26	2	4	0.21
26	1	7	0.38
26	0	9	0.2
26	3	4	0.24
26	2	5	0.23
26	1	6	0.34
26	0	7	0.25
26	3	5	0.29
26	2	4	0.19
26	1	5	0.43
26	0	8	0.29
26	3	4	0.29
26	2	5	0.36
26	1	6	0.23
26	0	8	0.3
26	3	4	0.13
26	2	5	0.18
26	1	6	0.27
26	0	10	0.35
26	3	4	0.17
26	2	5	0.15
26	1	7	0.34
26	0	9	0.34
26	3	6	0.21
26	2	4	0.15
26	1	5	0.29
26	0	5	0.45
26	3	4	0.22
26	2	6	0.35
26	1	5	0.36
26	0	11	0.45
26	3	5	0.2
26	2	4	0.26
26	1	8	0.31
26	0	6	0.28
26	3	4	0.14
26	2	5	0.19
26	1	8	0.26
26	0	4	0.22
26	3	4	0.22
26	2	4	0.18
26	1	5	0.27
26	0	8	0.28
26	3	5	0.23
26	2	4	0.16
26	1	4	0.29
26	0	8	0.28
26	3	4	0.2
26	2	5	0.28
26	1	8	0.32
26	0	7	0.35
26	3	5	0.19
26	2	4	0.21
26	1	9	0.33
26	0	6	0.29
26	3	4	0.21
26	2	5	0.21
26	1	4	0.25
26	0	8	0.35
26	3	5	0.35
26	2	4	0.25
26	1	6	0.36
26	0	7	0.29
26	3	4	0.2
26	2	5	0.18
26	1	6	0.28
26	0	7	0.28
26	3	4	0.22
26	2	6	0.22
26	1	5	0.32
26	0	7	0.28
26	3	5	0.2
26	2	4	0.21
26	1	7	0.35
26	0	6	0.3
29	3	5	0.23
29	2	4	0.26
29	1	4	0.29
29	0	8	0.33
29	3	4	0.21
29	2	5	0.14
29	1	6	0.32
29	0	9	0.34
29	3	6	0.15
29	2	4	0.16
29	1	7	0.43
29	0	8	0.27
29	3	5	0.21
29	2	4	0.23
29	1	10	0.5
29	0	7	0.33
29	3	4	0.27
29	2	4	0.32
29	1	5	0.38
29	0	6	0.3
29	3	5	0.26
29	2	4	0.23
29	1	6	0.32
29	0	7	0.25
29	3	4	0.2
29	2	5	0.26
29	1	9	0.34
29	0	7	0.26
29	3	6	0.33
29	2	4	0.14
29	1	9	0.21
29	0	5	0.33
29	3	5	0.21
29	2	4	0.19
29	1	7	0.37
29	0	6	0.34
29	3	4	0.16
29	2	6	0.21
29	1	7	0.41
29	0	5	0.29
29	3	5	0.16
29	2	4	0.3
29	1	9	0.33
29	0	4	0.3
29	3	5	0.35
29	2	6	0.29
29	1	4	0.23
29	0	8	0.33
29	3	4	0.21
29	2	5	0.21
29	1	6	0.21
29	0	8	0.27
29	3	5	0.15
29	2	4	0.25
29	1	9	0.4
29	0	7	0.29
29	3	6	0.24
29	2	4	0.2
29	1	4	0.27
29	0	7	0.36
29	3	4	0.27
29	2	5	0.22
29	1	7	0.46
29	0	8	0.33
29	3	4	0.2
29	2	5	0.23
29	1	9	0.36
29	0	6	0.33
29	3	4	0.21
29	2	6	0.28
29	1	5	0.24
29	0	10	0.38
29	3	4	0.23
29	2	5	0.14
29	1	4	0.29
29	0	8	0.29
29	3	6	0.29
29	2	4	0.21
29	1	11	0.41
29	0	5	0.35
29	3	4	0.22
29	2	5	0.24
29	1	7	0.19
29	0	6	0.36
29	3	6	0.28
29	2	4	0.29
29	1	10	0.36
29	0	9	0.27
29	3	4	0.16
29	2	5	0.22
29	1	6	0.34
29	0	10	0.36
29	3	5	0.3
29	2	4	0.27
29	1	6	0.27
29	0	7	0.24
29	3	4	0.23
29	2	5	0.29
29	1	6	0.33
29	0	6	0.38
29	3	4	0.19
29	2	5	0.26
29	1	10	0.26
29	0	8	0.31
29	3	5	0.3
29	2	4	0.22
29	1	6	0.34
29	0	7	0.32
29	3	4	0.17
29	2	6	0.24
29	1	7	0.3
29	0	5	0.3
29	3	4	0.21
29	2	5	0.2
29	1	6	0.23
29	0	7	0.31
29	3	4	0.24
29	2	6	0.28
29	1	5	0.33
29	0	4	0.28
29	3	5	0.28
29	2	4	0.24
29	1	6	0.32
29	0	7	0.28
29	3	4	0.15
29	2	4	0.21
29	1	5	0.33
29	0	9	0.39
29	3	4	0.27
29	2	5	0.3
29	1	8	0.34
29	0	6	0.34
29	3	5	0.16
29	2	4	0.11
29	1	6	0.28
29	0	7	0.32
29	3	5	0.37
29	2	4	0.23
29	1	6	0.36
29	0	7	0.31
29	3	4	0.18
29	2	5	0.18
29	1	5	0.27
29	0	7	0.38
29	3	7	0.26
29	2	4	0.21
29	1	5	0.28
29	0	8	0.38
29	3	5	0.25
29	2	4	0.13
29	1	7	0.25
29	0	8	0.39
29	3	4	0.28
29	2	6	0.29
29	1	5	0.31
29	0	9	0.3
29	3	4	0.23
29	2	4	0.2
29	1	9	0.33
29	0	5	0.32
29	3	5	0.18
29	2	4	0.24
29	1	7	0.34
29	0	8	0.42
29	3	4	0.16
29	2	6	0.37
29	1	9	0.39
29	0	5	0.3
29	3	5	0.23
29	2	4	0.15
29	1	10	0.42
29	0	9	0.32
29	3	4	0.2
29	2	6	0.26
29	1	9	0.4
29	0	5	0.31
29	3	6	0.21
29	2	4	0.16
29	1	5	0.25
29	0	10	0.44
29	3	6	0.3
29	2	4	0.17
29	1	5	0.43
29	0	9	0.34
29	3	5	0.2
29	2	4	0.17
29	1	6	0.23
29	0	8	0.36
29	3	5	0.23
29	2	4	0.17
29	1	7	0.29
29	0	8	0.31
29	3	4	0.21
29	2	5	0.17
29	1	4	0.23
29	0	7	0.31
29	3	5	0.22
29	2	4	0.16
29	1	8	0.41
29	0	7	0.38
29	3	5	0.3
29	2	7	0.28
29	1	8	0.33
29	0	6	0.35
29	3	6	0.26
29	2	4	0.24
29	1	7	0.28
29	0	9	0.28
29	3	4	0.23
29	2	6	0.3
29	1	8	0.33
29	0	9	0.37
29	3	5	0.17
29	2	6	0.2
29	1	7	0.35
29	0	4	0.27
29	3	5	0.22
29	2	4	0.18
29	1	7	0.26
29	0	6	0.29
29	3	5	0.14
29	2	4	0.25
29	1	6	0.34
29	0	8	0.34
29	3	5	0.28
29	2	4	0.23
29	1	7	0.24
29	0	4	0.25
29	3	4	0.18
29	2	5	0.21
29	1	9	0.34
29	0	6	0.36
29	3	6	0.2
29	2	5	0.24
29	1	4	0.33
29	0	9	0.41
29	3	5	0.2
29	2	4	0.11
29	1	9	0.36
29	0	8	0.24
29	3	5	0.2
29	2	4	0.21
29	1	7	0.32
29	0	8	0.31
29	3	6	0.25
29	2	4	0.26
29	1	7	0.34
29	0	5	0.39
29	3	4	0.18
29	2	6	0.24
29	1	9	0.25
29	0	8	0.27
29	3	5	0.18
29	2	4	0.17
29	1	6	0.27
29	0	9	0.39
29	3	4	0.15
29	2	5	0.17
29	1	7	0.46
29	0	6	0.31
29	3	4	0.16
29	2	5	0.2
29	1	7	0.28
29	0	8	0.39
29	3	4	0.19
29	2	6	0.21
29	1	5	0.24
29	0	8	0.38
29	3	4	0.25
29	2	6	0.39
29	1	8	0.3
29	0	5	0.32
29	3	4	0.19
29	2	7	0.26
29	1	5	0.32
29	0	6	0.26
29	3	4	0.19
29	2	6	0.28
29	1	5	0.94
29	0	8	0.3
29	3	4	0.26
29	2	5	0.21
29	1	4	0.24
29	0	8	0.32
29	3	6	0.17
29	2	4	0.22
29	1	7	0.32
29	0	9	0.28
29	3	4	0.16
29	2	5	0.2
29	1	7	0.31
29	0	6	0.38
29	3	4	0.3
29	2	5	0.24
29	1	11	0.44
29	0	6	0.29
29	3	4	0.22
29	2	6	0.28
29	1	5	0.41
29	0	5	0.36
29	3	5	0.16
29	2	4	0.18
29	1	6	0.31
29	0	9	0.41
29	3	6	0.22
29	2	5	0.25
29	1	8	0.24
29	0	4	0.34
29	3	4	0.24
29	2	5	0.22
29	1	6	0.31
29	0	9	0.38
29	3	7	0.31
29	2	5	0.19
29	1	6	0.3
29	0	4	0.46
29	3	6	0.36
29	2	5	0.27
29	1	4	0.29
29	0	7	0.35
29	3	4	0.21
29	2	5	0.25
29	1	7	0.39
29	0	11	0.4
29	3	6	0.33
29	2	4	0.31
29	1	5	0.3
29	0	4	0.26
29	3	5	0.34
29	2	4	0.17
29	1	6	0.22
29	0	7	0.28
29	3	5	0.33
29	2	4	0.24
29	1	9	0.38
29	0	6	0.45
29	3	4	0.28
29	2	5	0.26
29	1	7	0.3
29	0	8	0.27
29	3	5	0.2
29	2	4	0.2
29	1	8	0.31
29	0	7	0.24
29	3	5	0.27
29	2	4	0.29
29	1	7	0.28
29	0	8	0.28
29	3	5	0.32
29	2	4	0.24
29	1	9	0.35
29	0	6	0.37
29	3	5	0.29
29	2	4	0.2
29	1	8	0.35
29	0	9	0.41
29	3	6	0.18
29	2	5	0.24
29	1	4	0.23
29	0	9	0.32
29	3	5	0.18
29	2	4	0.14
29	1	10	0.34
29	0	13	0.2
29	3	4	0.24
29	2	5	0.2
29	1	7	0.3
29	0	8	0.37
29	3	5	0.18
29	2	4	0.27
29	1	6	0.31
29	0	8	0.41
29	3	5	0.23
29	2	4	0.28
29	1	6	0.36
29	0	8	0.37
29	3	6	0.28
29	2	5	0.15
29	1	10	0.34
29	0	4	0.29
29	3	4	0.18
29	2	5	0.19
29	1	7	0.41
29	0	6	0.39
29	3	5	0.24
29	2	4	0.18
29	1	10	0.38
29	0	9	0.3
29	3	4	0.3
29	2	6	0.24
29	1	7	0.32
29	0	8	0.34
29	3	5	0.25
29	2	4	0.2
29	1	6	0.25
29	0	7	0.27
29	3	5	0.23
29	2	4	0.1
29	1	8	0.4
29	0	6	0.31
32	3	4	0.16
32	2	7	0.2
32	1	6	0.31
32	0	9	0.27
32	3	4	0.17
32	2	6	0.27
32	1	8	0.33
32	0	5	0.3
32	3	4	0.3
32	2	5	0.27
32	1	6	0.29
32	0	9	0.46
32	3	6	0.28
32	2	4	0.18
32	1	7	0.35
32	0	8	0.38
32	3	4	0.16
32	2	5	0.15
32	1	8	0.28
32	0	7	0.31
32	3	4	0.28
32	2	4	0.24
32	1	5	0.23
32	0	8	0.28
32	3	4	0.23
32	2	4	0.31
32	1	5	0.41
32	0	6	0.26
32	3	6	0.3
32	2	4	0.25
32	1	5	0.26
32	0	9	0.37
32	3	5	0.22
32	2	4	0.24
32	1	8	0.38
32	0	6	0.34
32	3	5	0.32
32	2	4	0.25
32	1	9	0.4
32	0	7	0.33
32	3	5	0.18
32	2	4	0.21
32	1	7	0.34
32	0	6	0.28
32	3	4	0.31
32	2	5	0.22
32	1	7	0.34
32	0	6	0.38
32	3	4	0.18
32	2	5	0.17
32	1	8	0.34
32	0	6	0.32
32	3	5	0.18
32	2	6	0.22
32	1	4	0.32
32	0	7	0.31
32	3	5	0.25
32	2	4	0.12
32	1	6	0.32
32	0	8	0.27
32	3	5	0.2
32	2	4	0.22
32	1	9	0.32
32	0	8	0.29
32	3	6	0.25
32	2	4	0.22
32	1	5	0.26
32	0	7	0.33
32	3	4	0.2
32	2	6	0.2
32	1	8	0.34
32	0	7	0.36
32	3	4	0.23
32	2	5	0.21
32	1	9	0.25
32	0	6	0.32
32	3	6	0.27
32	2	5	0.2
32	1	8	0.44
32	0	4	0.25
32	3	4	0.15
32	2	5	0.24
32	1	11	0.51
32	0	6	0.23
32	3	4	0.15
32	2	5	0.14
32	1	8	0.31
32	0	7	0.4
32	3	5	0.32
32	2	4	0.11
32	1	7	0.34
32	0	8	0.36
32	3	6	0.38
32	2	4	0.21
32	1	5	0.31
32	0	8	0.39
32	3	4	0.17
32	2	5	0.13
32	1	11	0.28
32	0	6	0.36
32	3	5	0.16
32	2	4	0.11
32	1	7	0.44
32	0	8	0.31
32	3	5	0.21
32	2	4	0.26
32	1	9	0.33
32	0	7	0.4
32	3	4	0.19
32	2	6	0.25
32	1	9	0.32
32	0	7	0.3
32	3	5	0.29
32	2	4	0.31
32	1	4	0.22
32	0	5	0.31
32	3	4	0.29
32	2	5	0.28
32	1	10	0.38
32	0	8	0.36
32	3	4	0.18
32	2	5	0.27
32	1	7	0.37
32	0	9	0.31
32	3	4	0.22
32	2	6	0.26
32	1	4	0.33
32	0	9	0.27
32	3	4	0.22
32	2	6	0.3
32	1	5	0.33
32	0	4	0.25
32	3	7	0.37
32	2	5	0.25
32	1	4	0.32
32	0	6	0.32
32	3	4	0.23
32	2	5	0.3
32	1	7	0.4
32	0	6	0.2
32	3	4	0.18
32	2	6	0.25
32	1	9	0.34
32	0	8	0.37
32	3	5	0.36
32	2	4	0.24
32	1	9	0.43
32	0	8	0.31
32	3	4	0.14
32	2	5	0.28
32	1	10	0.43
32	0	9	0.32
32	3	5	0.22
32	2	4	0.2
32	1	6	0.32
32	0	9	0.41
32	3	4	0.19
32	2	5	0.27
32	1	7	0.45
32	0	9	0.28
32	3	4	0.2
32	2	5	0.14
32	1	7	0.39
32	0	4	0.3
32	3	4	0.22
32	2	5	0.25
32	1	8	0.31
32	0	9	0.25
32	3	4	0.2
32	2	6	0.22
32	1	8	0.32
32	0	5	0.25
32	3	6	0.32
32	2	5	0.25
32	1	7	0.25
32	0	4	0.3
32	3	4	0.17
32	2	6	0.26
32	1	7	0.42
32	0	5	0.29
32	3	4	0.18
32	2	4	0.3
32	1	9	0.35
32	0	7	0.37
32	3	5	0.21
32	2	4	0.18
32	1	8	0.3
32	0	6	0.24
32	3	4	0.27
32	2	5	0.26
32	1	6	0.33
32	0	8	0.35
32	3	7	0.31
32	2	4	0.24
32	1	5	0.29
32	0	9	0.36
32	3	4	0.23
32	2	5	0.21
32	1	6	0.46
32	0	7	0.28
32	3	5	0.28
32	2	4	0.25
32	1	5	0.27
32	0	10	0.32
32	3	4	0.15
32	2	7	0.25
32	1	9	0.32
32	0	5	0.3
32	3	5	0.2
32	2	4	0.25
32	1	11	0.17
32	0	9	0.28
32	3	4	0.27
32	2	6	0.27
32	1	5	0.27
32	0	4	0.31
32	3	5	0.22
32	2	4	0.18
32	1	6	0.35
32	0	9	0.26
32	3	4	0.16
32	2	6	0.29
32	1	7	0.37
32	0	5	0.33
32	3	5	0.24
32	2	6	0.27
32	1	9	0.32
32	0	4	0.21
32	3	5	0.11
32	2	4	0.14
32	1	6	0.27
32	0	8	0.36
32	3	5	0.18
32	2	4	0.13
32	1	8	0.29
32	0	6	0.33
32	3	5	0.28
32	2	4	0.28
32	1	6	0.29
32	0	10	0.4
32	3	6	0.42
32	2	4	0.19
32	1	9	0.39
32	0	5	0.29
32	3	4	0.22
32	2	6	0.26
32	1	5	0.31
32	0	8	0.28
32	3	5	0.29
32	2	4	0.2
32	1	5	0.34
32	0	13	0.92
32	3	6	0.23
32	2	4	0.22
32	1	7	0.27
32	0	9	0.3
32	3	5	0.25
32	2	6	0.28
32	1	4	0.26
32	0	7	0.3
32	3	5	0.14
32	2	4	0.18
32	1	8	0.23
32	0	9	0.36
32	3	4	0.16
32	2	7	0.27
32	1	5	0.42
32	0	6	0.3
32	3	4	0.15
32	2	5	0.2
32	1	8	0.32
32	0	7	0.36
32	3	4	0.21
32	2	5	0.21
32	1	6	0.3
32	0	8	0.29
32	3	5	0.19
32	2	4	0.15
32	1	6	0.39
32	0	8	0.32
32	3	4	0.29
32	2	5	0.22
32	1	9	0.31
32	0	7	0.36
32	3	5	0.25
32	2	4	0.19
32	1	8	0.37
32	0	6	0.28
32	3	5	0.23
32	2	4	0.17
32	1	8	0.35
32	0	7	0.25
32	3	5	0.28
32	2	4	0.24
32	1	7	0.28
32	0	8	0.41
32	3	5	0.32
32	2	4	0.18
32	1	7	0.35
32	0	6	0.37
32	3	4	0.14
32	2	5	0.23
32	1	7	0.33
32	0	8	0.37
32	3	4	0.2
32	2	6	0.22
32	1	10	0.31
32	0	8	0.24
32	3	4	0.18
32	2	5	0.18
32	1	8	0.27
32	0	7	0.26
32	3	5	0.24
32	2	4	0.22
32	1	6	0.32
32	0	10	0.42
32	3	7	0.32
32	2	4	0.14
32	1	10	0.27
32	0	6	0.98
32	3	5	0.21
32	2	4	0.17
32	1	8	0.36
32	0	6	0.3
32	3	4	0.17
32	2	5	0.36
32	1	6	0.27
32	0	7	0.37
32	3	4	0.19
32	2	6	0.31
32	1	7	0.31
32	0	10	0.36
32	3	5	0.27
32	2	4	0.2
32	1	8	0.24
32	0	6	0.27
32	3	5	0.24
32	2	4	0.17
32	1	6	0.36
32	0	7	0.37
32	3	4	0.3
32	2	5	0.26
32	1	8	0.29
32	0	10	0.33
32	3	5	0.25
32	2	4	0.18
32	1	8	0.39
32	0	7	0.22
32	3	4	0.29
32	2	5	0.29
32	1	8	0.31
32	0	7	0.42
32	3	5	0.23
32	2	4	0.17
32	1	9	0.41
32	0	7	0.43
32	3	5	0.28
32	2	4	0.21
32	1	6	0.25
32	0	8	0.26
32	3	4	0.12
32	2	5	0.18
32	1	6	0.37
32	0	9	0.3
32	3	7	0.33
32	2	5	0.32
32	1	4	0.38
32	0	11	0.39
32	3	4	0.1
32	2	5	0.22
32	1	6	0.29
32	0	8	0.31
32	3	4	0.26
32	2	5	0.27
32	1	6	0.27
32	0	8	0.42
32	3	4	0.16
32	2	6	0.22
32	1	7	0.24
32	0	5	0.22
32	3	4	0.21
32	2	5	0.14
32	1	7	0.34
32	0	6	0.41
32	3	4	0.18
32	2	5	0.27
32	1	9	0.45
32	0	7	0.33
32	3	4	0.21
32	2	5	0.31
32	1	7	0.35
32	0	6	0.42
32	3	4	0.18
32	2	5	0.19
32	1	8	0.43
32	0	7	0.28
32	3	4	0.17
32	2	5	0.3
32	1	4	0.32
32	0	8	0.31
35	3	4	0.12
35	2	7	0.19
35	1	5	0.29
35	0	6	0.24
35	3	5	0.25
35	2	4	0.18
35	1	10	0.43
35	0	6	0.26
35	3	4	0.3
35	2	5	0.29
35	1	6	0.27
35	0	8	0.37
35	3	4	0.19
35	2	5	0.23
35	1	6	0.25
35	0	8	0.3
35	3	4	0.23
35	2	6	0.29
35	1	9	0.26
35	0	7	0.27
35	3	5	0.21
35	2	4	0.11
35	1	8	0.31
35	0	9	0.35
35	3	5	0.22
35	2	4	0.2
35	1	7	0.26
35	0	6	0.33
35	3	4	0.11
35	2	5	0.21
35	1	6	0.22
35	0	9	0.3
35	3	5	0.28
35	2	7	0.32
35	1	4	0.29
35	0	9	0.41
35	3	6	0.21
35	2	5	0.21
35	1	9	0.37
35	0	4	0.34
35	3	6	0.2
35	2	4	0.26
35	1	5	0.25
35	0	9	0.33
35	3	4	0.22
35	2	5	0.27
35	1	9	0.24
35	0	11	0.34
35	3	5	0.25
35	2	4	0.26
35	1	6	0.36
35	0	9	0.31
35	3	4	0.25
35	2	6	0.26
35	1	5	0.37
35	0	8	0.29
35	3	5	0.25
35	2	4	0.2
35	1	8	0.27
35	0	9	0.29
35	3	4	0.26
35	2	5	0.24
35	1	6	0.26
35	0	7	0.2
35	3	5	0.23
35	2	4	0.21
35	1	7	0.24
35	0	6	0.25
35	3	4	0.23
35	2	7	0.33
35	1	4	0.26
35	0	6	0.37
35	3	6	0.19
35	2	5	0.2
35	1	8	0.33
35	0	4	0.23
35	3	4	0.12
35	2	6	0.27
35	1	5	0.16
35	0	8	0.36
35	3	5	0.25
35	2	4	0.17
35	1	10	0.35
35	0	7	0.37
35	3	4	0.15
35	2	8	0.25
35	1	5	0.29
35	0	6	0.32
35	3	4	0.22
35	2	5	0.27
35	1	7	0.28
35	0	6	0.34
35	3	5	0.24
35	2	4	0.18
35	1	9	0.32
35	0	6	0.33
35	3	5	0.18
35	2	4	0.16
35	1	6	0.3
35	0	9	0.3
35	3	4	0.2
35	2	5	0.17
35	1	4	0.22
35	0	9	0.37
35	3	5	0.17
35	2	4	0.17
35	1	6	0.36
35	0	8	0.3
35	3	5	0.31
35	2	4	0.17
35	1	7	0.4
35	0	9	0.38
35	3	5	0.24
35	2	4	0.17
35	1	7	0.32
35	0	6	0.33
35	3	6	0.22
35	2	4	0.14
35	1	8	0.33
35	0	5	0.25
35	3	6	0.24
35	2	4	0.18
35	1	9	0.37
35	0	5	0.25
35	3	4	0.17
35	2	5	0.22
35	1	6	0.31
35	0	10	0.29
35	3	4	0.16
35	2	5	0.23
35	1	8	0.38
35	0	7	0.32
35	3	4	0.17
35	2	5	0.25
35	1	10	0.29
35	0	6	0.37
35	3	5	0.21
35	2	6	0.23
35	1	4	0.36
35	0	7	0.23
35	3	5	0.16
35	2	4	0.13
35	1	11	0.33
35	0	7	0.28
35	3	4	0.26
35	2	5	0.27
35	1	6	0.36
35	0	7	0.3
35	3	5	0.24
35	2	4	0.26
35	1	6	0.3
35	0	9	0.38
35	3	5	0.3
35	2	4	0.3
35	1	7	0.33
35	0	4	0.28
35	3	5	0.21
35	2	4	0.13
35	1	9	0.36
35	0	7	0.32
35	3	7	0.22
35	2	5	0.17
35	1	4	0.25
35	0	10	0.35
35	3	7	0.25
35	2	5	0.24
35	1	4	0.31
35	0	6	0.35
35	3	4	0.17
35	2	6	0.24
35	1	9	0.37
35	0	5	0.27
35	3	4	0.19
35	2	5	0.18
35	1	10	0.36
35	0	7	0.47
35	3	4	0.21
35	2	6	0.36
35	1	9	0.4
35	0	4	0.26
35	3	7	0.25
35	2	4	0.24
35	1	6	0.27
35	0	9	0.29
35	3	4	0.14
35	2	5	0.1
35	1	6	0.37
35	0	11	0.43
35	3	5	0.23
35	2	4	0.22
35	1	6	0.37
35	0	7	0.3
35	3	6	0.18
35	2	4	0.22
35	1	5	0.27
35	0	7	0.27
35	3	5	0.24
35	2	4	0.26
35	1	6	0.27
35	0	7	0.33
35	3	4	0.27
35	2	6	0.27
35	1	8	0.3
35	0	5	0.3
35	3	6	0.22
35	2	4	0.15
35	1	10	0.37
35	0	9	0.32
35	3	5	0.19
35	2	7	0.37
35	1	4	0.26
35	0	10	0.33
35	3	5	0.23
35	2	4	0.19
35	1	7	0.42
35	0	6	0.38
35	3	4	0.4
35	2	5	0.18
35	1	6	0.31
35	0	4	0.37
35	3	5	0.19
35	2	4	0.1
35	1	9	0.38
35	0	6	0.37
35	3	4	0.32
35	2	7	0.27
35	1	10	0.45
35	0	5	0.32
35	3	4	0.17
35	2	5	0.24
35	1	7	0.44
35	0	6	0.42
35	3	5	0.28
35	2	4	0.14
35	1	6	0.3
35	0	9	0.32
35	3	6	0.26
35	2	4	0.18
35	1	7	0.31
35	0	5	0.27
35	3	6	0.31
35	2	4	0.21
35	1	5	0.36
35	0	5	0.38
35	3	4	0.24
35	2	7	0.28
35	1	6	0.3
35	0	9	0.26
35	3	5	0.2
35	2	4	0.15
35	1	6	0.27
35	0	7	0.33
35	3	4	0.14
35	2	6	0.2
35	1	8	0.37
35	0	9	0.26
35	3	4	0.26
35	2	7	0.39
35	1	4	0.32
35	0	5	0.27
35	3	5	0.27
35	2	4	0.17
35	1	7	0.27
35	0	9	0.31
35	3	6	0.31
35	2	4	0.21
35	1	5	0.38
35	0	5	0.15
35	3	4	0.22
35	2	5	0.25
35	1	9	0.51
35	0	7	0.35
35	3	5	0.18
35	2	4	0.2
35	1	7	0.35
35	0	8	0.3
35	3	5	0.2
35	2	4	0.15
35	1	9	0.4
35	0	10	0.39
35	3	5	0.15
35	2	4	0.19
35	1	8	0.3
35	0	6	0.3
35	3	4	0.15
35	2	5	0.14
35	1	9	0.42
35	0	6	0.31
35	3	5	0.2
35	2	6	0.19
35	1	8	0.28
35	0	7	0.3
35	3	5	0.17
35	2	4	0.2
35	1	7	0.3
35	0	9	0.33
35	3	4	0.16
35	2	5	0.35
35	1	7	0.33
35	0	8	0.32
35	3	5	0.29
35	2	4	0.15
35	1	7	0.33
35	0	12	0.4
35	3	7	0.26
35	2	4	0.22
35	1	6	0.3
35	0	8	0.32
35	3	5	0.22
35	2	4	0.21
35	1	7	0.28
35	0	10	0.23
35	3	4	0.3
35	2	5	0.28
35	1	5	0.36
35	0	8	0.32
35	3	5	0.18
35	2	6	0.24
35	1	4	0.26
35	0	8	0.36
35	3	4	0.37
35	2	6	0.3
35	1	5	0.34
35	0	8	0.24
35	3	4	0.18
35	2	5	0.22
35	1	7	0.42
35	0	9	0.34
35	3	4	0.2
35	2	5	0.24
35	1	6	0.29
35	0	7	0.31
35	3	6	0.3
35	2	4	0.24
35	1	5	0.4
35	0	4	0.27
35	3	5	0.14
35	2	4	0.19
35	1	6	0.28
35	0	10	0.3
35	3	4	0.11
35	2	6	0.28
35	1	8	0.32
35	0	5	0.2
35	3	4	0.2
35	2	6	0.25
35	1	8	0.31
35	0	5	0.24
35	3	4	0.21
35	2	5	0.22
35	1	6	0.35
35	0	10	0.37
35	3	5	0.11
35	2	4	0.11
35	1	7	0.38
35	0	8	0.3
35	3	5	0.13
35	2	4	0.14
35	1	7	0.34
35	0	6	0.22
35	3	5	0.18
35	2	6	0.39
35	1	4	0.25
35	0	4	0.23
35	3	4	0.11
35	2	5	0.16
35	1	9	0.33
35	0	6	0.45
35	3	5	0.25
35	2	4	0.17
35	1	8	0.46
35	0	6	0.33
35	3	4	0.2
35	2	5	0.22
35	1	6	0.32
35	0	9	0.42
35	3	4	0.16
35	2	5	0.17
35	1	8	0.37
35	0	6	0.44
35	3	6	0.31
35	2	5	0.25
35	1	4	0.29
35	0	4	0.41
35	3	4	0.15
35	2	6	0.19
35	1	5	0.44
35	0	7	0.26
35	3	4	0.25
35	2	6	0.18
35	1	10	0.33
35	0	5	0.26
35	3	4	0.25
35	2	7	0.36
35	1	10	0.45
35	0	6	0.26
35	3	4	0.27
35	2	5	0.25
35	1	8	0.41
35	0	4	0.28
38	3	6	0.24
38	2	5	0.26
38	1	4	0.28
38	0	7	0.27
38	3	6	0.23
38	2	4	0.24
38	1	7	0.38
38	0	5	0.23
38	3	4	0.21
38	2	5	0.21
38	1	7	0.28
38	0	8	0.36
38	3	4	0.26
38	2	5	0.24
38	1	10	0.34
38	0	6	0.32
38	3	5	0.14
38	2	4	0.12
38	1	8	0.26
38	0	9	0.35
38	3	4	0.14
38	2	5	0.31
38	1	7	0.26
38	0	10	0.4
38	3	4	0.21
38	2	5	0.15
38	1	6	0.36
38	0	9	0.43
38	3	4	0.27
38	2	5	0.27
38	1	7	0.29
38	0	9	0.28
38	3	4	0.24
38	2	5	0.19
38	1	9	0.36
38	0	8	0.39
38	3	4	0.15
38	2	5	0.17
38	1	9	0.49
38	0	7	0.42
38	3	4	0.18
38	2	5	0.15
38	1	8	0.35
38	0	6	0.25
38	3	7	0.33
38	2	4	0.21
38	1	4	0.23
38	0	5	0.42
38	3	5	0.19
38	2	4	0.16
38	1	8	0.42
38	0	6	0.31
38	3	4	0.2
38	2	5	0.16
38	1	7	0.34
38	0	6	0.31
38	3	4	0.16
38	2	5	0.22
38	1	7	0.32
38	0	10	0.4
38	3	4	0.18
38	2	5	0.19
38	1	6	0.38
38	0	8	0.34
38	3	6	0.26
38	2	5	0.22
38	1	9	0.32
38	0	8	0.31
38	3	4	0.16
38	2	5	0.25
38	1	7	0.24
38	0	6	0.26
38	3	4	0.18
38	2	5	0.14
38	1	6	0.23
38	0	8	0.32
38	3	5	0.13
38	2	4	0.16
38	1	9	0.35
38	0	7	0.37
38	3	5	0.2
38	2	4	0.15
38	1	8	0.35
38	0	7	0.42
38	3	5	0.23
38	2	4	0.18
38	1	6	0.32
38	0	8	0.33
38	3	4	0.22
38	2	5	0.21
38	1	7	0.28
38	0	11	0.46
38	3	6	0.25
38	2	4	0.22
38	1	9	0.32
38	0	7	0.25
38	3	5	0.17
38	2	6	0.34
38	1	4	0.31
38	0	8	0.33
38	3	4	0.15
38	2	5	0.16
38	1	9	0.23
38	0	7	0.26
38	3	4	0.22
38	2	6	0.32
38	1	7	0.39
38	0	4	0.24
38	3	4	0.2
38	2	5	0.28
38	1	7	0.24
38	0	6	0.29
38	3	4	0.25
38	2	6	0.25
38	1	4	0.32
38	0	7	0.26
38	3	6	0.19
38	2	5	0.14
38	1	4	0.37
38	0	9	0.38
38	3	4	0.16
38	2	5	0.19
38	1	8	0.26
38	0	6	0.34
38	3	4	0.24
38	2	5	0.24
38	1	8	0.35
38	0	7	0.39
38	3	4	0.17
38	2	7	0.19
38	1	9	0.4
38	0	8	0.39
38	3	4	0.28
38	2	5	0.31
38	1	7	0.31
38	0	6	0.25
38	3	6	0.33
38	2	4	0.18
38	1	4	0.31
38	0	7	0.39
38	3	5	0.17
38	2	4	0.13
38	1	7	0.35
38	0	6	0.37
38	3	4	0.15
38	2	5	0.21
38	1	6	0.33
38	0	10	0.18
38	3	6	0.2
38	2	4	0.18
38	1	8	0.26
38	0	5	0.35
38	3	4	0.17
38	2	5	0.12
38	1	6	0.33
38	0	6	0.32
38	3	4	0.17
38	2	5	0.23
38	1	6	0.41
38	0	8	0.28
38	3	4	0.22
38	2	5	0.23
38	1	6	0.27
38	0	7	0.3
38	3	4	0.2
38	2	5	0.23
38	1	9	0.32
38	0	6	0.23
38	3	4	0.2
38	2	5	0.23
38	1	8	0.25
38	0	9	0.34
38	3	6	0.35
38	2	5	0.2
38	1	8	0.38
38	0	4	0.41
38	3	5	0.25
38	2	4	0.13
38	1	7	0.31
38	0	6	0.29
38	3	5	0.18
38	2	4	0.17
38	1	6	0.36
38	0	8	0.35
38	3	7	0.28
38	2	4	0.22
38	1	5	0.29
38	0	8	0.3
38	3	5	0.24
38	2	4	0.13
38	1	8	0.21
38	0	10	0.37
38	3	4	0.23
38	2	5	0.16
38	1	7	0.26
38	0	8	0.41
38	3	6	0.3
38	2	5	0.24
38	1	8	0.28
38	0	4	0.33
38	3	4	0.3
38	2	5	0.27
38	1	7	0.34
38	0	8	0.43
38	3	4	0.17
38	2	5	0.19
38	1	7	0.38
38	0	8	0.39
38	3	6	0.15
38	2	5	0.13
38	1	4	0.4
38	0	8	0.28
38	3	5	0.28
38	2	4	0.23
38	1	7	0.43
38	0	6	0.29
38	3	5	0.3
38	2	4	0.18
38	1	6	0.3
38	0	8	0.39
38	3	5	0.21
38	2	4	0.25
38	1	7	0.46
38	0	9	0.34
38	3	4	0.21
38	2	5	0.23
38	1	6	0.27
38	0	7	0.4
38	3	6	0.31
38	2	4	0.18
38	1	10	0.35
38	0	7	0.29
38	3	5	0.18
38	2	4	0.21
38	1	6	0.29
38	0	8	0.29
38	3	5	0.19
38	2	4	0.15
38	1	6	0.27
38	0	9	0.39
38	3	5	0.23
38	2	4	0.19
38	1	8	0.31
38	0	7	0.3
38	3	5	0.17
38	2	4	0.21
38	1	7	0.27
38	0	6	0.28
38	3	4	0.18
38	2	5	0.4
38	1	5	0.36
38	0	7	0.33
38	3	5	0.26
38	2	4	0.11
38	1	7	0.33
38	0	9	0.31
38	3	5	0.22
38	2	7	0.33
38	1	4	0.31
38	0	6	0.25
38	3	6	0.26
38	2	4	0.18
38	1	5	0.27
38	0	9	0.39
38	3	4	0.2
38	2	5	0.25
38	1	7	0.4
38	0	6	0.26
38	3	5	0.24
38	2	4	0.26
38	1	7	0.32
38	0	8	0.3
38	3	4	0.21
38	2	7	0.24
38	1	5	0.25
38	0	8	0.29
38	3	4	0.18
38	2	5	0.18
38	1	9	0.34
38	0	6	0.36
38	3	4	0.26
38	2	5	0.22
38	1	7	0.28
38	0	4	0.21
38	3	5	0.21
38	2	4	0.13
38	1	6	0.26
38	0	10	0.41
38	3	4	0.09
38	2	5	0.22
38	1	7	0.39
38	0	8	0.42
38	3	4	0.11
38	2	6	0.27
38	1	7	0.31
38	0	9	0.32
38	3	6	0.24
38	2	5	0.18
38	1	7	0.41
38	0	4	0.34
38	3	5	0.25
38	2	4	0.18
38	1	9	0.24
38	0	8	0.27
38	3	7	0.28
38	2	6	0.21
38	1	9	0.36
38	0	4	0.22
38	3	4	0.26
38	2	5	0.25
38	1	10	0.29
38	0	7	0.32
38	3	5	0.26
38	2	4	0.2
38	1	9	0.39
38	0	7	0.33
38	3	4	0.2
38	2	5	0.19
38	1	8	0.36
38	0	7	0.31
38	3	4	0.2
38	2	6	0.25
38	1	7	0.34
38	0	5	0.31
38	3	4	0.16
38	2	6	0.28
38	1	8	0.34
38	0	7	0.43
38	3	6	0.31
38	2	4	0.18
38	1	5	0.38
38	0	8	0.38
38	3	5	0.24
38	2	4	0.16
38	1	8	0.33
38	0	7	0.34
38	3	5	0.21
38	2	4	0.09
38	1	8	0.39
38	0	7	0.33
38	3	4	0.2
38	2	5	0.17
38	1	7	0.33
38	0	6	0.28
38	3	4	0.18
38	2	7	0.21
38	1	10	0.41
38	0	6	0.37
38	3	4	0.22
38	2	5	0.25
38	1	6	0.32
38	0	7	0.44
38	3	4	0.2
38	2	5	0.21
38	1	7	0.36
38	0	9	0.32
38	3	4	0.19
38	2	6	0.26
38	1	5	0.27
38	0	9	0.38
38	3	4	0.06
38	2	5	0.16
38	1	8	0.39
38	0	6	0.34
38	3	5	0.25
38	2	4	0.19
38	1	6	0.26
38	0	10	0.3
38	3	4	0.18
38	2	6	0.2
38	1	7	0.27
38	0	8	0.34
38	3	5	0.24
38	2	4	0.24
38	1	8	0.35
38	0	9	0.38
38	3	4	0.21
38	2	5	0.2
38	1	6	0.29
38	0	8	0.28
38	3	5	0.26
38	2	6	0.32
38	1	4	0.36
38	0	4	0.2
38	3	4	0.19
38	2	5	0.16
38	1	9	0.28
38	0	6	0.32
38	3	5	0.3
38	2	4	0.18
38	1	7	0.31
38	0	6	0.31
38	3	5	0.23
38	2	4	0.17
38	1	8	0.38
38	0	7	0.35
38	3	5	0.25
38	2	4	0.25
38	1	7	0.4
38	0	6	0.31
41	3	4	0.31
41	2	5	0.21
41	1	6	0.37
41	0	8	0.31
41	3	5	0.2
41	2	4	0.26
41	1	9	0.31
41	0	7	0.35
41	3	5	0.19
41	2	4	0.22
41	1	8	0.47
41	0	7	0.29
41	3	5	0.19
41	2	4	0.15
41	1	9	0.39
41	0	7	0.36
41	3	4	0.22
41	2	5	0.18
41	1	8	0.39
41	0	6	0.4
41	3	4	0.22
41	2	6	0.24
41	1	5	0.29
41	0	7	0.26
41	3	5	0.23
41	2	4	0.26
41	1	8	0.52
41	0	4	0.36
41	3	5	0.23
41	2	4	0.14
41	1	11	0.44
41	0	7	0.35
41	3	4	0.26
41	2	5	0.26
41	1	6	0.31
41	0	10	0.33
41	3	4	0.25
41	2	5	0.2
41	1	4	0.22
41	0	7	0.32
41	3	5	0.19
41	2	4	0.18
41	1	7	0.32
41	0	4	0.29
41	3	4	0.12
41	2	5	0.17
41	1	8	0.36
41	0	9	0.37
41	3	5	0.26
41	2	4	0.23
41	1	4	0.25
41	0	9	0.41
41	3	5	0.25
41	2	4	0.27
41	1	8	0.3
41	0	6	0.42
41	3	5	0.24
41	2	7	0.25
41	1	4	0.32
41	0	4	0.38
41	3	4	0.12
41	2	6	0.33
41	1	11	0.41
41	0	5	0.39
41	3	4	0.18
41	2	5	0.24
41	1	8	0.3
41	0	7	0.23
41	3	4	0.17
41	2	5	0.19
41	1	7	0.26
41	0	8	0.27
41	3	5	0.28
41	2	4	0.16
41	1	6	0.27
41	0	11	0.4
41	3	4	0.18
41	2	5	0.29
41	1	6	0.42
41	0	8	0.46
41	3	5	0.23
41	2	4	0.2
41	1	6	0.35
41	0	8	0.33
41	3	5	0.18
41	2	4	0.18
41	1	6	0.36
41	0	9	0.36
41	3	6	0.28
41	2	5	0.1
41	1	4	0.32
41	0	8	0.33
41	3	4	0.19
41	2	5	0.14
41	1	8	0.29
41	0	9	0.31
41	3	4	0.21
41	2	5	0.17
41	1	8	0.35
41	0	7	0.29
41	3	5	0.23
41	2	4	0.13
41	1	11	0.27
41	0	7	0.42
41	3	6	0.17
41	2	4	0.2
41	1	10	0.41
41	0	5	0.33
41	3	4	0.15
41	2	5	0.18
41	1	8	0.37
41	0	9	0.25
41	3	5	0.14
41	2	4	0.2
41	1	7	0.29
41	0	9	0.35
41	3	5	0.2
41	2	4	0.12
41	1	9	0.33
41	0	8	0.32
41	3	5	0.22
41	2	4	0.28
41	1	6	0.27
41	0	7	0.31
41	3	7	0.26
41	2	4	0.16
41	1	5	0.28
41	0	9	0.32
41	3	5	0.16
41	2	4	0.19
41	1	8	0.26
41	0	6	0.29
41	3	6	0.3
41	2	7	0.36
41	1	10	0.32
41	0	4	0.31
41	3	4	0.21
41	2	5	0.23
41	1	7	0.25
41	0	6	0.34
41	3	4	0.16
41	2	5	0.1
41	1	4	0.25
41	0	7	0.21
41	3	5	0.18
41	2	7	0.37
41	1	4	0.32
41	0	9	0.3
41	3	4	0.12
41	2	6	0.16
41	1	7	0.34
41	0	9	0.39
41	3	4	0.18
41	2	5	0.17
41	1	8	0.36
41	0	6	0.31
41	3	4	0.15
41	2	5	0.2
41	1	7	0.27
41	0	8	0.32
41	3	5	0.31
41	2	4	0.22
41	1	6	0.41
41	0	7	0.29
41	3	6	0.26
41	2	4	0.15
41	1	5	0.39
41	0	8	0.38
41	3	6	0.25
41	2	4	0.14
41	1	9	0.3
41	0	7	0.32
41	3	4	0.16
41	2	5	0.19
41	1	6	0.26
41	0	4	0.29
41	3	6	0.23
41	2	4	0.09
41	1	5	0.21
41	0	9	0.29
41	3	5	0.23
41	2	4	0.13
41	1	9	0.38
41	0	6	0.3
41	3	4	0.19
41	2	5	0.28
41	1	6	0.3
41	0	7	0.33
41	3	4	0.15
41	2	5	0.17
41	1	6	0.31
41	0	7	0.28
41	3	4	0.2
41	2	4	0.2
41	1	9	0.3
41	0	7	0.4
41	3	4	0.21
41	2	6	0.27
41	1	8	0.38
41	0	5	0.19
41	3	4	0.14
41	2	5	0.18
41	1	9	0.37
41	0	12	0.37
41	3	5	0.21
41	2	4	0.24
41	1	10	0.34
41	0	8	0.22
41	3	4	0.14
41	2	5	0.17
41	1	6	0.3
41	0	8	0.29
41	3	5	0.23
41	2	4	0.2
41	1	7	0.34
41	0	8	0.35
41	3	4	0.18
41	2	5	0.29
41	1	7	0.31
41	0	6	0.33
41	3	5	0.34
41	2	4	0.06
41	1	6	0.27
41	0	6	0.33
41	3	5	0.29
41	2	4	0.16
41	1	6	0.28
41	0	8	0.35
41	3	4	0.32
41	2	5	0.29
41	1	6	0.32
41	0	9	0.28
41	3	5	0.21
41	2	4	0.18
41	1	9	0.36
41	0	6	0.3
41	3	4	0.22
41	2	5	0.32
41	1	7	0.34
41	0	10	0.34
41	3	5	0.2
41	2	4	0.22
41	1	8	0.33
41	0	10	0.37
41	3	6	0.31
41	2	4	0.2
41	1	8	0.31
41	0	5	0.39
41	3	4	0.22
41	2	6	0.33
41	1	8	0.34
41	0	5	0.26
41	3	4	0.19
41	2	5	0.17
41	1	8	0.35
41	0	6	0.29
41	3	4	0.2
41	2	5	0.16
41	1	8	0.39
41	0	7	0.3
41	3	4	0.19
41	2	5	0.25
41	1	6	0.26
41	0	9	0.22
41	3	4	0.3
41	2	6	0.32
41	1	5	0.33
41	0	8	0.29
41	3	4	0.19
41	2	5	0.24
41	1	7	0.29
41	0	5	0.35
41	3	5	0.29
41	2	4	0.18
41	1	6	0.3
41	0	6	0.27
41	3	5	0.3
41	2	4	0.35
41	1	6	0.27
41	0	4	0.28
41	3	5	0.12
41	2	4	0.19
41	1	9	0.38
41	0	7	0.36
41	3	4	0.24
41	2	5	0.32
41	1	4	0.33
41	0	6	0.2
41	3	5	0.16
41	2	4	0.15
41	1	7	0.24
41	0	9	0.31
41	3	5	0.17
41	2	4	0.15
41	1	8	0.32
41	0	7	0.27
41	3	4	0.23
41	2	5	0.26
41	1	6	0.33
41	0	10	0.45
41	3	4	0.1
41	2	5	0.25
41	1	8	0.31
41	0	7	0.4
41	3	4	0.25
41	2	7	0.41
41	1	6	0.34
41	0	5	0.32
41	3	4	0.21
41	2	6	0.17
41	1	8	0.32
41	0	9	0.36
41	3	5	0.22
41	2	4	0.18
41	1	6	0.31
41	0	7	0.27
41	3	4	0.15
41	2	5	0.27
41	1	6	0.3
41	0	8	0.39
41	3	5	0.2
41	2	4	0.18
41	1	9	0.32
41	0	8	0.32
41	3	5	0.22
41	2	4	0.24
41	1	12	0.43
41	0	8	0.42
41	3	6	0.22
41	2	4	0.17
41	1	8	0.38
41	0	5	0.42
41	3	4	0.27
41	2	5	0.16
41	1	8	0.34
41	0	10	0.25
41	3	4	0.28
41	2	6	0.28
41	1	8	0.43
41	0	5	0.38
41	3	5	0.23
41	2	4	0.25
41	1	7	0.32
41	0	6	0.26
41	3	4	0.21
41	2	5	0.18
41	1	7	0.28
41	0	6	0.33
41	3	5	0.27
41	2	4	0.16
41	1	8	0.45
41	0	7	0.37
41	3	5	0.23
41	2	4	0.13
41	1	9	0.36
41	0	8	0.34
41	3	4	0.23
41	2	5	0.15
41	1	10	0.36
41	0	7	0.32
41	3	5	0.2
41	2	4	0.17
41	1	8	0.34
41	0	6	0.26
41	3	4	0.19
41	2	5	0.17
41	1	9	0.31
41	0	7	0.23
41	3	4	0.24
41	2	5	0.18
41	1	7	0.28
41	0	6	0.38
41	3	5	0.22
41	2	4	0.16
41	1	9	0.31
41	0	6	0.27
41	3	5	0.23
41	2	4	0.15
41	1	5	0.31
41	0	7	0.31
41	3	6	0.16
41	2	4	0.09
41	1	5	0.38
41	0	9	0.42
41	3	5	0.16
41	2	4	0.14
41	1	9	0.48
41	0	8	0.37
41	3	4	0.15
41	2	5	0.29
41	1	9	0.37
41	0	8	0.25
41	3	4	0.24
41	2	5	0.31
41	1	9	0.38
41	0	7	0.27
41	3	5	0.18
41	2	4	0.14
41	1	7	0.38
41	0	8	0.26
44	3	5	0.27
44	2	4	0.23
44	1	7	0.3
44	0	8	0.29
44	3	7	0.4
44	2	4	0.24
44	1	4	0.32
44	0	6	0.24
44	3	4	0.19
44	2	5	0.19
44	1	8	0.36
44	0	6	0.32
44	3	5	0.18
44	2	6	0.21
44	1	4	0.24
44	0	8	0.37
44	3	5	0.26
44	2	6	0.4
44	1	7	0.43
44	0	4	0.33
44	3	5	0.25
44	2	4	0.17
44	1	7	0.34
44	0	9	0.26
44	3	7	0.27
44	2	4	0.09
44	1	5	0.31
44	0	9	0.3
44	3	5	0.2
44	2	4	0.13
44	1	7	0.27
44	0	9	0.28
44	3	4	0.13
44	2	6	0.24
44	1	7	0.36
44	0	5	0.38
44	3	4	0.29
44	2	5	0.19
44	1	4	0.34
44	0	10	0.49
44	3	4	0.15
44	2	5	0.18
44	1	8	0.47
44	0	7	0.34
44	3	4	0.21
44	2	6	0.28
44	1	5	0.3
44	0	9	0.31
44	3	4	0.17
44	2	6	0.23
44	1	9	0.52
44	0	8	0.37
44	3	4	0.2
44	2	5	0.3
44	1	9	0.44
44	0	4	0.31
44	3	4	0.2
44	2	5	0.17
44	1	8	0.39
44	0	10	0.37
44	3	5	0.18
44	2	4	0.19
44	1	7	0.24
44	0	9	0.29
44	3	5	0.26
44	2	4	0.16
44	1	6	0.29
44	0	9	0.32
44	3	4	0.17
44	2	6	0.27
44	1	8	0.29
44	0	9	0.29
44	3	4	0.22
44	2	5	0.23
44	1	6	0.28
44	0	7	0.29
44	3	4	0.18
44	2	6	0.22
44	1	8	0.21
44	0	7	0.32
44	3	4	0.23
44	2	5	0.2
44	1	6	0.34
44	0	7	0.29
44	3	5	0.22
44	2	4	0.27
44	1	10	0.34
44	0	8	0.37
44	3	4	0.29
44	2	5	0.29
44	1	8	0.33
44	0	7	0.46
44	3	4	0.27
44	2	5	0.23
44	1	10	0.35
44	0	6	0.24
44	3	4	0.22
44	2	5	0.22
44	1	9	0.35
44	0	8	0.33
44	3	5	0.15
44	2	4	0.18
44	1	9	0.32
44	0	7	0.31
44	3	5	0.12
44	2	6	0.28
44	1	4	0.34
44	0	8	0.36
44	3	4	0.3
44	2	5	0.21
44	1	4	0.28
44	0	7	0.32
44	3	4	0.25
44	2	6	0.21
44	1	9	0.32
44	0	5	0.27
44	3	5	0.19
44	2	4	0.13
44	1	8	0.4
44	0	7	0.33
44	3	5	0.29
44	2	4	0.2
44	1	4	0.29
44	0	9	0.3
44	3	5	0.26
44	2	4	0.2
44	1	7	0.3
44	0	6	0.2
44	3	5	0.12
44	2	4	0.12
44	1	6	0.36
44	0	7	0.27
44	3	4	0.21
44	2	5	0.14
44	1	8	0.34
44	0	6	0.3
44	3	5	0.1
44	2	4	0.21
44	1	9	0.39
44	0	6	0.34
44	3	5	0.19
44	2	4	0.21
44	1	8	0.43
44	0	7	0.26
44	3	4	0.18
44	2	5	0.22
44	1	8	0.33
44	0	7	0.32
44	3	5	0.22
44	2	4	0.17
44	1	7	0.38
44	0	8	0.35
44	3	4	0.24
44	2	7	0.24
44	1	9	0.31
44	0	6	0.37
44	3	5	0.22
44	2	4	0.21
44	1	8	0.31
44	0	11	0.45
44	3	4	0.21
44	2	5	0.27
44	1	4	0.31
44	0	9	0.37
44	3	6	0.22
44	2	5	0.23
44	1	8	0.48
44	0	4	0.31
44	3	7	0.27
44	2	4	0.15
44	1	6	0.23
44	0	9	0.38
44	3	4	0.26
44	2	5	0.29
44	1	6	0.32
44	0	7	0.28
44	3	5	0.19
44	2	4	0.16
44	1	7	0.34
44	0	9	0.29
44	3	5	0.25
44	2	4	0.18
44	1	6	0.36
44	0	7	0.25
44	3	5	0.16
44	2	4	0.15
44	1	6	0.35
44	0	7	0.34
44	3	4	0.22
44	2	5	0.22
44	1	8	0.35
44	0	6	0.23
44	3	5	0.1
44	2	4	0.14
44	1	7	0.32
44	0	6	0.26
44	3	4	0.18
44	2	6	0.21
44	1	5	0.33
44	0	5	0.28
44	3	5	0.22
44	2	4	0.23
44	1	9	0.35
44	0	4	0.28
44	3	6	0.16
44	2	4	0.1
44	1	11	0.44
44	0	7	0.45
44	3	4	0.28
44	2	5	0.21
44	1	6	0.31
44	0	8	0.36
44	3	4	0.16
44	2	6	0.3
44	1	11	0.33
44	0	5	0.27
44	3	6	0.37
44	2	4	0.19
44	1	5	0.36
44	0	8	0.43
44	3	4	0.16
44	2	6	0.21
44	1	9	0.33
44	0	5	0.32
44	3	7	0.23
44	2	4	0.13
44	1	5	0.31
44	0	10	0.36
44	3	4	0.17
44	2	5	0.16
44	1	9	0.26
44	0	6	0.3
44	3	6	0.29
44	2	4	0.15
44	1	9	0.37
44	0	5	0.28
44	3	4	0.19
44	2	6	0.3
44	1	7	0.31
44	0	8	0.45
44	3	4	0.24
44	2	5	0.28
44	1	6	0.42
44	0	7	0.21
44	3	5	0.3
44	2	4	0.2
44	1	7	0.33
44	0	6	0.26
44	3	4	0.1
44	2	5	0.23
44	1	6	0.27
44	0	8	0.3
44	3	4	0.19
44	2	5	0.24
44	1	7	0.33
44	0	6	0.32
44	3	6	0.27
44	2	4	0.15
44	1	5	0.32
44	0	9	0.3
44	3	4	0.14
44	2	5	0.19
44	1	8	0.34
44	0	7	0.23
44	3	6	0.3
44	2	4	0.28
44	1	10	0.5
44	0	9	0.38
44	3	5	0.23
44	2	4	0.13
44	1	8	0.45
44	0	7	0.41
44	3	5	0.15
44	2	4	0.15
44	1	6	0.24
44	0	8	0.36
44	3	4	0.19
44	2	5	0.25
44	1	7	0.32
44	0	6	0.37
44	3	6	0.33
44	2	4	0.17
44	1	9	0.44
44	0	5	0.31
44	3	5	0.24
44	2	4	0.18
44	1	6	0.28
44	0	5	0.21
44	3	5	0.19
44	2	6	0.28
44	1	4	0.35
44	0	8	0.36
44	3	4	0.19
44	2	5	0.29
44	1	6	0.35
44	0	9	0.32
44	3	4	0.23
44	2	5	0.25
44	1	7	0.31
44	0	6	0.31
44	3	4	0.15
44	2	5	0.2
44	1	6	0.34
44	0	7	0.29
44	3	6	0.22
44	2	4	0.21
44	1	5	0.34
44	0	10	0.32
44	3	4	0.15
44	2	5	0.18
44	1	12	0.4
44	0	7	0.31
44	3	7	0.3
44	2	6	0.25
44	1	5	0.32
44	0	4	0.29
44	3	4	0.16
44	2	5	0.2
44	1	10	0.38
44	0	9	0.36
44	3	6	0.26
44	2	5	0.21
44	1	9	0.31
44	0	7	0.27
44	3	5	0.25
44	2	4	0.19
44	1	11	0.37
44	0	10	0.43
44	3	4	0.16
44	2	5	0.26
44	1	6	0.42
44	0	7	0.35
44	3	4	0.17
44	2	5	0.3
44	1	6	0.35
44	0	8	0.38
44	3	5	0.25
44	2	4	0.18
44	1	9	0.29
44	0	6	0.24
44	3	4	0.24
44	2	5	0.16
44	1	10	0.39
44	0	6	0.3
44	3	5	0.21
44	2	4	0.27
44	1	10	0.34
44	0	9	0.28
44	3	5	0.23
44	2	4	0.15
44	1	8	0.28
44	0	6	0.2
44	3	5	0.23
44	2	6	0.18
44	1	7	0.34
44	0	11	0.33
44	3	5	0.22
44	2	4	0.12
44	1	8	0.3
44	0	9	0.33
44	3	5	0.25
44	2	4	0.25
44	1	8	0.3
44	0	6	0.4
44	3	4	0.12
44	2	5	0.25
44	1	8	0.38
44	0	7	0.31
44	3	4	0.13
44	2	5	0.22
44	1	6	0.31
44	0	8	0.23
44	3	6	0.29
44	2	4	0.08
44	1	7	0.28
44	0	8	0.3
44	3	5	0.23
44	2	6	0.28
44	1	9	0.36
44	0	10	0.35
44	3	5	0.25
44	2	4	0.3
44	1	6	0.28
44	0	8	0.23
44	3	4	0.31
44	2	5	0.25
44	1	8	0.31
44	0	6	0.37
44	3	4	0.19
44	2	5	0.27
44	1	9	0.42
44	0	6	0.37
44	3	4	0.16
44	2	5	0.33
44	1	6	0.33
44	0	7	0.39
44	3	4	0.15
44	2	5	0.2
44	1	9	0.36
44	0	7	0.32
47	3	4	0.23
47	2	5	0.24
47	1	7	0.3
47	0	8	0.26
47	3	4	0.21
47	2	5	0.21
47	1	7	0.32
47	0	11	0.43
47	3	6	0.25
47	2	4	0.16
47	1	5	0.37
47	0	7	0.32
47	3	5	0.22
47	2	4	0.11
47	1	6	0.29
47	0	7	0.2
47	3	4	0.18
47	2	5	0.2
47	1	9	0.31
47	0	8	0.24
47	3	4	0.15
47	2	5	0.18
47	1	8	0.33
47	0	6	0.33
47	3	5	0.24
47	2	4	0.25
47	1	7	0.28
47	0	11	0.3
47	3	6	0.27
47	2	5	0.22
47	1	7	0.28
47	0	4	0.38
47	3	5	0.23
47	2	4	0.12
47	1	6	0.28
47	0	8	0.3
47	3	4	0.26
47	2	4	0.22
47	1	9	0.38
47	0	5	0.38
47	3	4	0.21
47	2	5	0.22
47	1	6	0.35
47	0	9	0.44
47	3	5	0.17
47	2	4	0.1
47	1	6	0.26
47	0	7	0.35
47	3	4	0.17
47	2	5	0.24
47	1	7	0.37
47	0	7	0.35
47	3	6	0.25
47	2	4	0.16
47	1	8	0.34
47	0	5	0.33
47	3	4	0.23
47	2	6	0.26
47	1	5	0.39
47	0	8	0.29
47	3	6	0.21
47	2	4	0.12
47	1	5	0.25
47	0	8	0.24
47	3	4	0.13
47	2	6	0.2
47	1	10	0.33
47	0	8	0.47
47	3	5	0.24
47	2	4	0.23
47	1	6	0.26
47	0	10	0.32
47	3	5	0.18
47	2	4	0.25
47	1	6	0.33
47	0	8	0.3
47	3	5	0.19
47	2	4	0.21
47	1	10	0.33
47	0	8	0.29
47	3	4	0.21
47	2	5	0.24
47	1	10	0.33
47	0	8	0.36
47	3	5	0.21
47	2	4	0.2
47	1	8	0.34
47	0	6	0.34
47	3	5	0.27
47	2	6	0.3
47	1	4	0.29
47	0	4	0.36
47	3	7	0.32
47	2	4	0.2
47	1	10	0.33
47	0	6	0.26
47	3	4	0.25
47	2	5	0.2
47	1	7	0.36
47	0	9	0.39
47	3	4	0.25
47	2	5	0.23
47	1	6	0.26
47	0	8	0.28
47	3	4	0.17
47	2	5	0.24
47	1	6	0.44
47	0	8	0.3
47	3	5	0.15
47	2	4	0.19
47	1	7	0.38
47	0	6	0.28
47	3	5	0.32
47	2	4	0.23
47	1	7	0.36
47	0	9	0.34
47	3	5	0.15
47	2	6	0.18
47	1	10	0.34
47	0	9	0.27
47	3	4	0.2
47	2	6	0.24
47	1	5	0.39
47	0	9	0.29
47	3	5	0.23
47	2	4	0.2
47	1	8	0.49
47	0	9	0.37
47	3	4	0.2
47	2	5	0.17
47	1	7	0.33
47	0	10	0.4
47	3	5	0.21
47	2	4	0.16
47	1	9	0.48
47	0	7	0.26
47	3	6	0.28
47	2	4	0.2
47	1	5	0.19
47	0	8	0.32
47	3	5	0.14
47	2	4	0.13
47	1	7	0.26
47	0	8	0.37
47	3	4	0.2
47	2	5	0.34
47	1	6	0.37
47	0	9	0.31
47	3	4	0.17
47	2	5	0.18
47	1	6	0.29
47	0	8	0.22
47	3	5	0.25
47	2	4	0.26
47	1	4	0.34
47	0	4	0.34
47	3	4	0.29
47	2	5	0.25
47	1	9	0.32
47	0	7	0.37
47	3	5	0.25
47	2	4	0.27
47	1	6	0.24
47	0	9	0.36
47	3	5	0.24
47	2	4	0.21
47	1	9	0.36
47	0	6	0.37
47	3	5	0.27
47	2	4	0.17
47	1	6	0.28
47	0	10	0.33
47	3	4	0.22
47	2	5	0.22
47	1	8	0.43
47	0	7	0.3
47	3	5	0.24
47	2	4	0.17
47	1	8	0.36
47	0	7	0.38
47	3	5	0.22
47	2	4	0.19
47	1	9	0.36
47	0	8	0.33
47	3	6	0.28
47	2	4	0.22
47	1	5	0.32
47	0	7	0.4
47	3	4	0.22
47	2	6	0.26
47	1	5	0.27
47	0	9	0.36
47	3	5	0.27
47	2	4	0.18
47	1	9	0.26
47	0	7	0.26
47	3	4	0.2
47	2	5	0.19
47	1	8	0.41
47	0	7	0.34
47	3	6	0.22
47	2	4	0.19
47	1	10	0.26
47	0	7	0.37
47	3	5	0.19
47	2	4	0.26
47	1	7	0.33
47	0	4	0.3
47	3	4	0.19
47	2	5	0.17
47	1	9	0.31
47	0	8	0.33
47	3	4	0.15
47	2	6	0.3
47	1	9	0.43
47	0	7	0.3
47	3	5	0.13
47	2	4	0.15
47	1	7	0.36
47	0	9	0.34
47	3	4	0.21
47	2	5	0.21
47	1	11	0.33
47	0	6	0.29
47	3	6	0.23
47	2	4	0.18
47	1	8	0.31
47	0	5	0.32
47	3	6	0.19
47	2	4	0.21
47	1	8	0.32
47	0	5	0.4
47	3	4	0.15
47	2	5	0.27
47	1	6	0.31
47	0	4	0.26
47	3	5	0.17
47	2	6	0.29
47	1	8	0.23
47	0	4	0.23
47	3	4	0.2
47	2	5	0.19
47	1	12	0.42
47	0	7	0.35
47	3	6	0.29
47	2	5	0.24
47	1	4	0.3
47	0	8	0.28
47	3	4	0.17
47	2	5	0.17
47	1	7	0.34
47	0	8	0.32
47	3	5	0.2
47	2	4	0.23
47	1	4	0.25
47	0	8	0.47
47	3	5	0.3
47	2	4	0.26
47	1	6	0.34
47	0	10	0.44
47	3	5	0.19
47	2	4	0.18
47	1	8	0.34
47	0	9	0.47
47	3	4	0.17
47	2	5	0.21
47	1	8	0.25
47	0	9	0.24
47	3	4	0.2
47	2	5	0.22
47	1	9	0.33
47	0	6	0.29
47	3	4	0.11
47	2	5	0.19
47	1	6	0.25
47	0	8	0.34
47	3	4	0.22
47	2	5	0.35
47	1	6	0.31
47	0	5	0.37
47	3	4	0.21
47	2	5	0.34
47	1	6	0.31
47	0	9	0.3
47	3	5	0.14
47	2	4	0.19
47	1	8	0.37
47	0	6	0.35
47	3	4	0.16
47	2	5	0.21
47	1	8	0.39
47	0	6	0.31
47	3	4	0.15
47	2	5	0.22
47	1	6	0.28
47	0	10	0.43
47	3	6	0.27
47	2	5	0.31
47	1	7	0.33
47	0	4	0.25
47	3	4	0.09
47	2	5	0.21
47	1	10	0.37
47	0	8	0.44
47	3	4	0.28
47	2	5	0.27
47	1	4	0.28
47	0	8	0.49
47	3	5	0.17
47	2	4	0.22
47	1	6	0.29
47	0	10	0.45
47	3	4	0.23
47	2	6	0.32
47	1	7	0.37
47	0	8	0.45
47	3	4	0.18
47	2	6	0.29
47	1	5	0.34
47	0	10	0.31
47	3	5	0.15
47	2	4	0.34
47	1	8	0.35
47	0	7	0.34
47	3	4	0.14
47	2	5	0.21
47	1	7	0.34
47	0	6	0.26
47	3	5	0.23
47	2	4	0.17
47	1	6	0.29
47	0	8	0.37
47	3	4	0.18
47	2	5	0.22
47	1	6	0.3
47	0	11	0.44
47	3	4	0.17
47	2	5	0.15
47	1	6	0.28
47	0	9	0.28
47	3	4	0.22
47	2	5	0.24
47	1	6	0.31
47	0	8	0.32
47	3	4	0.31
47	2	5	0.36
47	1	9	0.37
47	0	6	0.29
47	3	5	0.25
47	2	4	0.2
47	1	7	0.36
47	0	6	0.33
47	3	4	0.21
47	2	5	0.16
47	1	11	0.45
47	0	7	0.37
47	3	4	0.21
47	2	6	0.34
47	1	5	0.3
47	0	7	0.39
47	3	6	0.24
47	2	4	0.18
47	1	5	0.32
47	0	7	0.27
47	3	4	0.23
47	2	5	0.2
47	1	7	0.37
47	0	8	0.29
47	3	4	0.24
47	2	6	0.37
47	1	9	0.32
47	0	5	0.31
47	3	4	0.19
47	2	6	0.28
47	1	5	0.31
47	0	9	0.4
47	3	4	0.15
47	2	5	0.22
47	1	9	0.25
47	0	8	0.29
47	3	4	0.15
47	2	5	0.15
47	1	7	0.32
47	0	10	0.37
47	3	4	0.19
47	2	6	0.37
47	1	5	0.36
47	0	10	0.35
47	3	5	0.25
47	2	4	0.23
47	1	5	0.32
47	0	6	0.26
47	3	5	0.2
47	2	4	0.18
47	1	10	0.33
47	0	9	0.34
47	3	4	0.22
47	2	5	0.18
47	1	10	0.32
47	0	6	0.23
50	3	5	0.23
50	2	4	0.22
50	1	7	0.45
50	0	8	0.3
50	3	5	0.19
50	2	4	0.17
50	1	9	0.36
50	0	4	0.3
50	3	4	0.22
50	2	5	0.26
50	1	6	0.14
50	0	8	0.27
50	3	5	0.18
50	2	4	0.17
50	1	7	0.34
50	0	11	0.43
50	3	4	0.22
50	2	5	0.23
50	1	9	0.34
50	0	7	0.35
50	3	4	0.25
50	2	5	0.28
50	1	8	0.38
50	0	7	0.28
50	3	4	0.22
50	2	5	0.27
50	1	7	0.35
50	0	8	0.33
50	3	4	0.13
50	2	5	0.15
50	1	6	0.29
50	0	10	0.27
50	3	5	0.21
50	2	4	0.19
50	1	9	0.39
50	0	7	0.28
50	3	4	0.13
50	2	5	0.18
50	1	7	0.27
50	0	10	0.3
50	3	6	0.23
50	2	4	0.19
50	1	5	0.28
50	0	7	0.4
50	3	4	0.22
50	2	5	0.21
50	1	8	0.4
50	0	7	0.3
50	3	5	0.3
50	2	4	0.17
50	1	9	0.35
50	0	7	0.25
50	3	5	0.21
50	2	4	0.18
50	1	7	0.31
50	0	8	0.41
50	3	5	0.06
50	2	4	0.13
50	1	7	0.28
50	0	9	0.42
50	3	5	0.23
50	2	4	0.2
50	1	9	0.34
50	0	10	0.46
50	3	6	0.24
50	2	4	0.21
50	1	9	0.41
50	0	5	0.35
50	3	4	0.13
50	2	5	0.14
50	1	8	0.25
50	0	7	0.4
50	3	4	0.2
50	2	5	0.18
50	1	7	0.33
50	0	8	0.32
50	3	4	0.23
50	2	5	0.21
50	1	8	0.37
50	0	6	0.28
50	3	4	0.16
50	2	5	0.17
50	1	9	0.43
50	0	7	0.41
50	3	4	0.2
50	2	5	0.21
50	1	8	0.32
50	0	6	0.37
50	3	5	0.16
50	2	4	0.16
50	1	6	0.31
50	0	8	0.27
50	3	5	0.27
50	2	4	0.23
50	1	8	0.35
50	0	7	0.3
50	3	4	0.17
50	2	5	0.2
50	1	8	0.3
50	0	9	0.38
50	3	4	0.16
50	2	5	0.29
50	1	6	0.27
50	0	7	0.28
50	3	5	0.2
50	2	4	0.19
50	1	7	0.39
50	0	9	0.36
50	3	4	0.2
50	2	5	0.21
50	1	6	0.37
50	0	7	0.3
50	3	5	0.19
50	2	7	0.31
50	1	4	0.38
50	0	6	0.3
50	3	4	0.21
50	2	5	0.28
50	1	4	0.28
50	0	6	0.35
50	3	4	0.17
50	2	5	0.24
50	1	7	0.29
50	0	9	0.32
50	3	4	0.26
50	2	4	0.19
50	1	5	0.32
50	0	8	0.4
50	3	5	0.25
50	2	4	0.12
50	1	5	0.27
50	0	6	0.34
50	3	4	0.14
50	2	5	0.2
50	1	8	0.29
50	0	7	0.39
50	3	5	0.2
50	2	4	0.2
50	1	9	0.32
50	0	6	0.29
50	3	4	0.14
50	2	5	0.24
50	1	11	0.38
50	0	8	0.31
50	3	4	0.32
50	2	6	0.29
50	1	11	0.35
50	0	5	0.27
50	3	4	0.23
50	2	5	0.23
50	1	6	0.23
50	0	9	0.36
50	3	5	0.21
50	2	4	0.37
50	1	4	0.4
50	0	4	0.39
50	3	6	0.26
50	2	4	0.22
50	1	8	0.36
50	0	10	0.42
50	3	4	0.18
50	2	5	0.24
50	1	6	0.27
50	0	9	0.34
50	3	4	0.24
50	2	7	0.27
50	1	5	0.28
50	0	10	0.32
50	3	4	0.13
50	2	6	0.13
50	1	10	0.41
50	0	7	0.32
50	3	6	0.36
50	2	4	0.31
50	1	10	0.34
50	0	5	0.41
50	3	4	0.19
50	2	5	0.12
50	1	9	0.38
50	0	12	0.37
50	3	4	0.16
50	2	5	0.27
50	1	7	0.36
50	0	9	0.4
50	3	4	0.17
50	2	5	0.28
50	1	8	0.18
50	0	6	0.5
50	3	5	0.23
50	2	4	0.29
50	1	6	0.32
50	0	6	0.26
50	3	5	0.17
50	2	4	0.15
50	1	8	0.28
50	0	6	0.48
50	3	5	0.19
50	2	4	0.12
50	1	7	0.32
50	0	24	0.2
50	3	4	0.22
50	2	5	0.17
50	1	7	0.29
50	0	6	0.33
50	3	5	0.2
50	2	4	0.26
50	1	9	0.28
50	0	4	0.22
50	3	5	0.25
50	2	4	0.23
50	1	9	0.35
50	0	8	0.36
50	3	5	0.13
50	2	4	0.2
50	1	6	0.35
50	0	8	0.3
50	3	4	0.1
50	2	5	0.11
50	1	8	0.3
50	0	9	0.41
50	3	4	0.17
50	2	5	0.26
50	1	6	0.38
50	0	10	0.44
50	3	4	0.2
50	2	6	0.24
50	1	8	0.42
50	0	10	0.35
50	3	5	0.18
50	2	4	0.17
50	1	6	0.25
50	0	6	0.33
50	3	4	0.22
50	2	5	0.18
50	1	6	0.37
50	0	9	0.38
50	3	4	0.32
50	2	5	0.19
50	1	7	0.39
50	0	4	0.35
50	3	4	0.17
50	2	5	0.17
50	1	6	0.26
50	0	8	0.35
50	3	5	0.18
50	2	4	0.17
50	1	8	0.29
50	0	9	0.24
50	3	5	0.19
50	2	4	0.23
50	1	4	0.26
50	0	6	0.24
50	3	4	0.15
50	2	6	0.25
50	1	5	0.23
50	0	5	0.26
50	3	5	0.17
50	2	4	0.24
50	1	7	0.29
50	0	9	0.31
50	3	5	0.14
50	2	4	0.15
50	1	8	0.32
50	0	7	0.35
50	3	4	0.22
50	2	5	0.28
50	1	9	0.26
50	0	10	0.43
50	3	5	0.29
50	2	4	0.15
50	1	8	0.38
50	0	11	0.35
50	3	4	0.15
50	2	6	0.24
50	1	7	0.35
50	0	5	0.32
50	3	4	0.23
50	2	5	0.26
50	1	6	0.27
50	0	8	0.38
50	3	5	0.2
50	2	4	0.18
50	1	10	0.32
50	0	13	0.4
50	3	5	0.2
50	2	4	0.19
50	1	8	0.31
50	0	6	0.33
50	3	4	0.16
50	2	5	0.26
50	1	6	0.33
50	0	7	0.32
50	3	6	0.2
50	2	5	0.12
50	1	9	0.39
50	0	7	0.32
50	3	5	0.25
50	2	4	0.2
50	1	8	0.45
50	0	9	0.29
50	3	5	0.2
50	2	4	0.15
50	1	9	0.42
50	0	8	0.29
50	3	5	0.22
50	2	4	0.2
50	1	8	0.26
50	0	7	0.33
50	3	4	0.2
50	2	6	0.19
50	1	4	0.24
50	0	12	0.48
50	3	5	0.18
50	2	4	0.22
50	1	10	0.29
50	0	9	0.44
50	3	6	0.31
50	2	4	0.2
50	1	9	0.34
50	0	5	0.18
50	3	6	0.22
50	2	4	0.18
50	1	9	0.3
50	0	5	0.23
50	3	6	0.2
50	2	4	0.15
50	1	5	0.32
50	0	9	0.37
50	3	5	0.24
50	2	6	0.31
50	1	8	0.28
50	0	7	0.3
50	3	4	0.22
50	2	5	0.15
50	1	8	0.34
50	0	6	0.39
50	3	5	0.16
50	2	4	0.22
50	1	6	0.28
50	0	8	0.34
50	3	5	0.24
50	2	4	0.12
50	1	7	0.34
50	0	8	0.29
50	3	4	0.24
50	2	5	0.2
50	1	7	0.3
50	0	6	0.27
50	3	7	0.24
50	2	5	0.29
50	1	4	0.29
50	0	4	0.24
50	3	5	0.27
50	2	4	0.28
50	1	10	0.41
50	0	7	0.34
50	3	5	0.24
50	2	4	0.13
50	1	9	0.24
50	0	8	0.36
50	3	5	0.2
50	2	6	0.28
50	1	10	0.38
50	0	4	0.22
50	3	5	0.21
50	2	4	0.21
50	1	7	0.3
50	0	8	0.33
50	3	5	0.2
50	2	7	0.3
50	1	6	0.25
50	0	4	0.27
50	3	6	0.26
50	2	4	0.15
50	1	9	0.26
50	0	4	0.25
50	3	4	0.19
50	2	5	0.25
50	1	9	0.43
50	0	7	0.34
50	3	5	0.24
50	2	4	0.16
50	1	12	0.26
50	0	8	0.34
50	3	5	0.22
50	2	6	0.21
50	1	10	0.27
50	0	7	0.33
50	3	4	0.16
50	2	5	0.24
50	1	9	0.38
50	0	7	0.35
50	3	5	0.27
50	2	4	0.26
50	1	6	0.32
50	0	4	0.24
50	3	5	0.25
50	2	4	0.22
50	1	6	0.31
50	0	8	0.43
