10	33
9	0.1
8	0.1
7	0.1
6	0.1
5	0.1
4	0.1
3	0.1
2	0.1
1	0.1
0	0.1
42	2.06903e-05
41	3.04286e-05
40	4.20022e-05
39	7.18509e-05
38	8.90684e-05
37	0.000164709
36	0.000210606
35	0.000294637
34	0.000416076
33	0.000502191
32	0.000831511
31	0.00100395
30	0.00110631
29	0.0016556
28	0.00216211
27	0.00263878
26	0.00390421
25	0.00390539
24	0.00577019
23	0.00743152
22	0.0106033
21	0.0124353
20	0.0184636
19	0.0259276
18	0.0274629
17	0.0389132
16	0.0445353
15	0.0537054
14	0.0849365
13	0.104734
12	0.134103
11	0.187154
10	0.224773
100	9	10	0.39
100	8	14	0.42
100	7	12	0.38
100	6	15	0.3
100	5	16	0.34
100	4	12	0.35
100	3	13	0.39
100	2	10	0.35
100	1	11	0.33
100	0	10	0.34
