10	37
9	0.1
8	0.1
7	0.1
6	0.1
5	0.1
4	0.1
3	0.1
2	0.1
1	0.1
0	0.1
46	1.9149e-05
45	2.96907e-05
44	4.0644e-05
43	5.94235e-05
42	7.51355e-05
41	0.000112143
40	0.000161976
39	0.000209369
38	0.00023937
37	0.000348734
36	0.000386943
35	0.00048183
34	0.000672437
33	0.000856589
32	0.00107894
31	0.00142576
30	0.00225147
29	0.00273748
28	0.00353472
27	0.00498044
26	0.00584322
25	0.00585459
24	0.00835575
23	0.00895938
22	0.0170335
21	0.019674
20	0.0299406
19	0.0363869
18	0.0438062
17	0.0499618
16	0.0504322
15	0.0663948
14	0.0849687
13	0.0907709
12	0.129176
11	0.148775
10	0.183964
150	9	14	0.373333
150	8	10	0.36
150	7	11	0.34
150	6	17	0.386667
150	5	10	0.413333
150	4	19	0.36
150	3	12	0.413333
150	2	18	0.366667
150	1	13	0.333333
150	0	15	0.373333
