var	minCostFlow
30	0.313961
30	0.167455
30	0.169618
30	0.200637
30	0.21817
30	0.208373
30	0.22349
30	0.273647
30	0.284074
30	0.234418
30	0.287177
30	0.197562
30	0.275397
30	0.171097
30	0.27551
30	0.189846
30	0.155943
30	0.225066
30	0.222677
30	0.350273
30	0.117295
30	0.220539
30	0.238151
30	0.142081
30	0.242541
30	0.260343
30	0.210935
30	0.317609
30	0.247263
30	0.166598
30	0.109838
30	0.265598
30	0.262158
30	0.257493
30	0.223726
30	0.259051
30	0.23372
30	0.191423
30	0.204659
30	0.342804
30	0.202554
30	0.281001
30	0.244859
30	0.344346
30	0.180834
30	0.187782
30	0.279948
30	0.217845
30	0.223543
30	0.147529
30	0.278316
30	0.23506
30	0.253132
30	0.201133
30	0.161515
30	0.187462
30	0.265483
30	0.16275
30	0.198501
30	0.205526
30	0.272646
30	0.155583
30	0.197647
30	0.18463
30	0.280352
30	0.181651
30	0.185434
30	0.0957825
30	0.235459
30	0.195671
30	0.223035
30	0.266212
30	0.278201
30	0.205032
30	0.275619
30	0.308862
30	0.186876
30	0.257524
30	0.257776
30	0.330361
30	0.249382
30	0.14306
30	0.228263
30	0.205847
30	0.294367
30	0.177045
30	0.202246
30	0.290985
30	0.217158
30	0.253898
30	0.187973
30	0.275408
30	0.238992
30	0.137394
30	0.194826
30	0.248977
30	0.301611
30	0.257273
30	0.226791
30	0.23603
32	0.253563
32	0.295946
32	0.309636
32	0.289112
32	0.163246
32	0.265241
32	0.282185
32	0.266737
32	0.0929946
32	0.196548
32	0.180532
32	0.261323
32	0.221258
32	0.263943
32	0.158569
32	0.149739
32	0.241141
32	0.163113
32	0.17644
32	0.150994
32	0.174295
32	0.256134
32	0.209794
32	0.179122
32	0.29758
32	0.122247
32	0.211535
32	0.192927
32	0.262073
32	0.271687
32	0.170765
32	0.209789
32	0.172932
32	0.177205
32	0.335092
32	0.263273
32	0.276053
32	0.2139
32	0.308334
32	0.200324
32	0.258546
32	0.219976
32	0.10803
32	0.217009
32	0.271456
32	0.341864
32	0.202187
32	0.233853
32	0.230175
32	0.231429
32	0.276126
32	0.113211
32	0.216607
32	0.308737
32	0.254523
32	0.178869
32	0.183907
32	0.293
32	0.159853
32	0.239462
32	0.254582
32	0.297641
32	0.295217
32	0.119589
32	0.202876
32	0.259365
32	0.240408
32	0.191928
32	0.341393
32	0.228651
32	0.137796
32	0.199771
32	0.258007
32	0.226174
32	0.27913
32	0.170818
32	0.158083
32	0.18917
32	0.277389
32	0.307609
32	0.267689
32	0.121023
32	0.219813
32	0.333351
32	0.220413
32	0.172526
32	0.245758
32	0.179642
32	0.291069
32	0.162628
32	0.24263
32	0.220119
32	0.285506
32	0.256148
32	0.272051
32	0.241979
32	0.120363
32	0.297509
32	0.224232
32	0.212444
34	0.224764
34	0.237639
34	0.131655
34	0.215031
34	0.149417
34	0.201398
34	0.29072
34	0.252607
34	0.215215
34	0.251017
34	0.255978
34	0.154671
34	0.249907
34	0.233486
34	0.154777
34	0.241705
34	0.235825
34	0.263701
34	0.179775
34	0.22768
34	0.221603
34	0.199322
34	0.223515
34	0.160992
34	0.173775
34	0.126987
34	0.194515
34	0.220517
34	0.210278
34	0.219642
34	0.178552
34	0.236563
34	0.275609
34	0.217372
34	0.236731
34	0.194313
34	0.340909
34	0.276443
34	0.316725
34	0.230867
34	0.187563
34	0.235949
34	0.206038
34	0.259726
34	0.20546
34	0.209585
34	0.169193
34	0.252949
34	0.153612
34	0.28801
34	0.156269
34	0.247806
34	0.380981
34	0.18357
34	0.188489
34	0.229433
34	0.189336
34	0.208648
34	0.154143
34	0.25863
34	0.175881
34	0.176229
34	0.311005
34	0.2697
34	0.177455
34	0.175607
34	0.251047
34	0.214435
34	0.24732
34	0.242074
34	0.213618
34	0.182072
34	0.244245
34	0.156207
34	0.256091
34	0.258944
34	0.207051
34	0.201661
34	0.267902
34	0.2372
34	0.157985
34	0.176789
34	0.325459
34	0.155061
34	0.243546
34	0.241925
34	0.349087
34	0.209391
34	0.208806
34	0.274118
34	0.239767
34	0.238741
34	0.267716
34	0.224178
34	0.137935
34	0.203137
34	0.257119
34	0.301042
34	0.148623
34	0.176531
36	0.276478
36	0.23867
36	0.245651
36	0.278281
36	0.279986
36	0.233389
36	0.183709
36	0.152242
36	0.201292
36	0.16899
36	0.158616
36	0.254782
36	0.197122
36	0.225443
36	0.302076
36	0.317042
36	0.289823
36	0.28973
36	0.198855
36	0.171674
36	0.287858
36	0.285123
36	0.193119
36	0.250881
36	0.305953
36	0.175114
36	0.126008
36	0.188686
36	0.19064
36	0.255616
36	0.19069
36	0.12361
36	0.192573
36	0.226166
36	0.360023
36	0.166567
36	0.125555
36	0.266992
36	0.202024
36	0.169613
36	0.274219
36	0.257194
36	0.285643
36	0.224724
36	0.173463
36	0.191501
36	0.262317
36	0.130716
36	0.13308
36	0.207344
36	0.27604
36	0.372707
36	0.262111
36	0.234459
36	0.245087
36	0.213959
36	0.241985
36	0.183578
36	0.16796
36	0.251978
36	0.181504
36	0.232089
36	0.23013
36	0.172999
36	0.246835
36	0.224816
36	0.260244
36	0.282882
36	0.232416
36	0.213839
36	0.265521
36	0.201541
36	0.169466
36	0.150627
36	0.342559
36	0.230649
36	0.191139
36	0.226413
36	0.158299
36	0.319624
36	0.15821
36	0.21644
36	0.214205
36	0.114972
36	0.251076
36	0.199162
36	0.236838
36	0.287121
36	0.279877
36	0.294499
36	0.104717
36	0.147838
36	0.312567
36	0.222171
36	0.10498
36	0.151377
36	0.241634
36	0.2164
36	0.315872
36	0.198788
38	0.179306
38	0.210068
38	0.175293
38	0.172603
38	0.160962
38	0.286074
38	0.154706
38	0.228667
38	0.203779
38	0.243055
38	0.171807
38	0.134918
38	0.168682
38	0.156599
38	0.300448
38	0.300795
38	0.276345
38	0.164823
38	0.260409
38	0.166414
38	0.185041
38	0.13457
38	0.262547
38	0.207494
38	0.212864
38	0.26553
38	0.21071
38	0.134287
38	0.144559
38	0.212838
38	0.194267
38	0.0739895
38	0.198467
38	0.15061
38	0.204805
38	0.20716
38	0.138429
38	0.227996
38	0.300378
38	0.261386
38	0.156953
38	0.317847
38	0.100118
38	0.179284
38	0.223028
38	0.205086
38	0.155646
38	0.192404
38	0.221127
38	0.185271
38	0.295452
38	0.262021
38	0.185813
38	0.19868
38	0.245345
38	0.335956
38	0.164591
38	0.259793
38	0.18196
38	0.0997718
38	0.219827
38	0.168454
38	0.268048
38	0.212396
38	0.194392
38	0.273844
38	0.171678
38	0.18169
38	0.165837
38	0.303115
38	0.169187
38	0.215222
38	0.202001
38	0.153613
38	0.0792633
38	0.186315
38	0.116232
38	0.182211
38	0.170153
38	0.251956
38	0.33985
38	0.25395
38	0.203297
38	0.217625
38	0.243366
38	0.170164
38	0.25019
38	0.207181
38	0.135365
38	0.145224
38	0.11842
38	0.214902
38	0.19583
38	0.19136
38	0.254684
38	0.116064
38	0.140332
38	0.195763
38	0.17814
38	0.351372
40	0.255217
40	0.112377
40	0.160933
40	0.105507
40	0.157313
40	0.216134
40	0.22376
40	0.199024
40	0.246231
40	0.226346
40	0.351093
40	0.25611
40	0.208391
40	0.431724
40	0.196774
40	0.237647
40	0.149292
40	0.289712
40	0.134889
40	0.179343
40	0.226459
40	0.203971
40	0.211305
40	0.15671
40	0.141606
40	0.215971
40	0.216948
40	0.237085
40	0.236603
40	0.272726
40	0.234217
40	0.271608
40	0.24125
40	0.197067
40	0.177832
40	0.171597
40	0.284704
40	0.237905
40	0.21978
40	0.243642
40	0.211638
40	0.203928
40	0.271611
40	0.278926
40	0.164711
40	0.245952
40	0.15407
40	0.233155
40	0.219427
40	0.226607
40	0.20592
40	0.106497
40	0.226585
40	0.228731
40	0.332031
40	0.168671
40	0.239478
40	0.126477
40	0.281498
40	0.141368
40	0.207334
40	0.240239
40	0.142096
40	0.209218
40	0.203143
40	0.172864
40	0.257386
40	0.19408
40	0.175746
40	0.324834
40	0.226136
40	0.196528
40	0.201642
40	0.245005
40	0.215503
40	0.289365
40	0.23133
40	0.165202
40	0.165588
40	0.170454
40	0.173086
40	0.233925
40	0.145709
40	0.229546
40	0.285663
40	0.258745
40	0.218027
40	0.188815
40	0.112424
40	0.231034
40	0.216788
40	0.255727
40	0.154219
40	0.256281
40	0.196792
40	0.151511
40	0.337061
40	0.159521
40	0.235475
40	0.216059
42	0.243762
42	0.107464
42	0.02009
42	0.173669
42	0.102285
42	0.396167
42	0.175702
42	0.250465
42	0.209778
42	0.16424
42	0.191183
42	0.245282
42	0.274477
42	0.233491
42	0.247678
42	0.174745
42	0.11877
42	0.165608
42	0.275026
42	0.327708
42	0.339352
42	0.194262
42	0.235978
42	0.226226
42	0.230423
42	0.206132
42	0.217224
42	0.268627
42	0.253992
42	0.187079
42	0.169852
42	0.204234
42	0.220861
42	0.169208
42	0.170126
42	0.190856
42	0.178066
42	0.219983
42	0.21043
42	0.186021
42	0.235493
42	0.153503
42	0.189497
42	0.0894992
42	0.211995
42	0.250648
42	0.177162
42	0.195424
42	0.357479
42	0.6768
42	0.225533
42	0.230434
42	0.18916
42	0.217384
42	0.266261
42	0.235516
42	0.172667
42	0.245986
42	0.143327
42	0.227902
42	0.228926
42	0.307887
42	0.207465
42	0.182508
42	0.129887
42	0.15068
42	0.208101
42	0.219356
42	0.195224
42	0.220327
42	0.139033
42	0.187119
42	0.21905
42	0.150911
42	0.235444
42	0.207612
42	0.212845
42	0.161644
42	0.202426
42	0.261067
42	0.23818
42	0.197656
42	0.262055
42	0.178118
42	0.239644
42	0.22314
42	0.300641
42	0.145125
42	0.180823
42	0.264885
42	0.20392
42	0.239219
42	0.267849
42	0.199903
42	0.19524
42	0.35938
42	0.0913121
42	0.241885
42	0.170874
42	0.172769
44	0.204606
44	0.167427
44	0.194973
44	0.182163
44	0.171005
44	0.186302
44	0.219909
44	0.213881
44	0.238356
44	0.194126
44	0.26585
44	0.218799
44	0.190612
44	0.195288
44	0.180264
44	0.1715
44	0.22133
44	0.235998
44	0.195313
44	0.22092
44	0.166205
44	0.180407
44	0.0980601
44	0.202856
44	0.17227
44	0.105101
44	0.123307
44	0.211885
44	0.186186
44	0.325301
44	0.324192
44	0.269131
44	0.301773
44	0.241594
44	0.185685
44	0.139721
44	0.175786
44	0.162231
44	0.146821
44	0.256348
44	0.193985
44	0.165076
44	0.144559
44	0.0904255
44	0.266135
44	0.141578
44	0.0853257
44	0.35802
44	0.164293
44	0.252389
44	0.144765
44	0.149583
44	0.210758
44	0.218672
44	0.251606
44	0.151249
44	0.265773
44	0.245336
44	0.221954
44	0.204547
44	0.173826
44	0.237625
44	0.211101
44	0.206596
44	0.216999
44	0.297279
44	0.244071
44	0.179762
44	0.247165
44	0.252615
44	0.155134
44	0.153656
44	0.283046
44	0.187091
44	0.190728
44	0.140246
44	0.18988
44	0.227718
44	0.147234
44	0.223424
44	0.257573
44	0.2007
44	0.0737168
44	0.192065
44	0.222482
44	0.229179
44	0.204275
44	0.117026
44	0.230714
44	0.157932
44	0.177992
44	0.172774
44	0.196111
44	0.219765
44	0.159674
44	0.0517658
44	0.210981
44	0.194306
44	0.258224
44	0.143297
46	0.245064
46	0.118872
46	0.259725
46	0.197441
46	0.177957
46	0.255493
46	0.273312
46	0.115546
46	0.147372
46	0.189293
46	0.242958
46	0.159773
46	0.175842
46	0.0818779
46	0.145018
46	0.171853
46	0.255445
46	0.31499
46	0.205993
46	0.199451
46	0.251778
46	0.136168
46	0.166733
46	0.118544
46	0.298405
46	0.244803
46	0.177233
46	0.240645
46	0.243373
46	0.31711
46	0.16867
46	0.202932
46	0.164707
46	0.106415
46	0.15445
46	0.258438
46	0.263795
46	0.161052
46	0.21618
46	0.152011
46	0.189787
46	0.250538
46	0.164361
46	0.143435
46	0.269262
46	0.145629
46	0.216411
46	0.117621
46	0.178232
46	0.241536
46	0.0875048
46	0.165212
46	0.222586
46	0.122991
46	0.14596
46	0.123455
46	0.170041
46	0.233364
46	0.0694856
46	0.105438
46	0.252393
46	0.209678
46	0.27022
46	0.168308
46	0.13301
46	0.206411
46	0.169347
46	0.229269
46	0.194274
46	0.257928
46	0.266805
46	0.183197
46	0.193786
46	0.274339
46	0.13535
46	0.0318502
46	0.261759
46	0.244862
46	0.237175
46	0.281259
46	0.235507
46	0.213646
46	0.214825
46	0.197748
46	0.256327
46	0.252024
46	0.178932
46	0.236429
46	0.0974332
46	0.168818
46	0.163688
46	0.212498
46	0.255214
46	0.238696
46	0.137383
46	0.0638177
46	0.359042
46	0.26705
46	0.218046
46	0.192799
48	0.212464
48	0.076237
48	0.313077
48	0.0987146
48	0.215492
48	0.0849028
48	0.185337
48	0.268829
48	0.174215
48	0.221816
48	0.152692
48	0.206475
48	0.172681
48	0.280924
48	0.210637
48	0.0980809
48	0.156311
48	0.227308
48	0.403293
48	0.201606
48	0.146972
48	0.284088
48	0.325774
48	0.217775
48	0.199206
48	0.208808
48	0.242574
48	0.135422
48	0.207118
48	0.254471
48	0.257049
48	0.174189
48	0.265447
48	0.225831
48	0.28943
48	0.224489
48	0.286336
48	0.283874
48	0.120072
48	0.195774
48	0.192387
48	0.0673222
48	0.201845
48	0.282383
48	0.181133
48	0.152776
48	0.145619
48	0.167141
48	0.243468
48	0.181782
48	0.263603
48	0.213557
48	0.285215
48	0.281576
48	0.275068
48	0.176855
48	0.195273
48	0.262608
48	0.168208
48	0.173179
48	0.202106
48	0.135709
48	0.168105
48	0.271113
48	0.226743
48	0.105774
48	0.219589
48	0.187056
48	0.268739
48	0.222089
48	0.238303
48	0.19777
48	0.229739
48	0.230477
48	0.212572
48	0.270372
48	0.210436
48	0.21346
48	0.215316
48	0.171823
48	0.103507
48	0.116306
48	0.271318
48	0.098463
48	0.145852
48	0.118816
48	0.199875
48	0.189785
48	0.21894
48	0.201934
48	0.208939
48	0.271951
48	0.260255
48	0.182043
48	0.240505
48	0.127124
48	0.104341
48	0.264104
48	0.31231
48	0.168737
50	0.250226
50	0.227689
50	0.195078
50	0.273387
50	0.0985443
50	0.234463
50	0.18462
50	0.159117
50	0.213974
50	0.240983
50	0.192122
50	0.160344
50	0.24892
50	0.157235
50	0.201935
50	0.26657
50	0.231608
50	0.137618
50	0.258039
50	0.2021
50	0.121662
50	0.134905
50	0.212598
50	0.231533
50	0.159546
50	0.210671
50	0.254314
50	0.191789
50	0.150973
50	0.274971
50	0.171698
50	0.219564
50	0.290247
50	0.222822
50	0.212431
50	0.243394
50	0.218416
50	0.156575
50	0.114797
50	0.247964
50	0.196945
50	0.230126
50	0.111722
50	0.113799
50	0.2416
50	0.110842
50	0.298957
50	0.28849
50	0.217271
50	0.223399
50	0.185496
50	0.157525
50	0.281275
50	0.190968
50	0.191507
50	0.185655
50	0.230724
50	0.242962
50	0.275456
50	0.14903
50	0.241055
50	0.215487
50	0.218487
50	0.258715
50	0.200248
50	0.170422
50	0.120352
50	0.302984
50	0.14929
50	0.158403
50	0.221291
50	0.142076
50	0.148025
50	0.257177
50	0.10534
50	0.246894
50	0.22311
50	0.219212
50	0.167373
50	0.238392
50	0.172316
50	0.216473
50	0.120439
50	0.188234
50	0.256201
50	0.274351
50	0.130611
50	0.135149
50	0.234575
50	0.223841
50	0.141723
50	0.139287
50	0.191045
50	0.161447
50	0.193754
50	0.252013
50	0.209819
50	0.317685
50	0.289943
50	0.28184
52	0.274489
52	0.258516
52	0.327783
52	0.178192
52	0.315319
52	0.203083
52	0.242215
52	0.224389
52	0.158229
52	0.25781
52	0.126285
52	0.133713
52	0.29058
52	0.261803
52	0.115301
52	0.135564
52	0.143373
52	0.191102
52	0.248931
52	0.128786
52	0.231876
52	0.248226
52	0.133629
52	0.231246
52	0.160712
52	0.268468
52	0.256992
52	0.17878
52	0.19384
52	0.187741
52	0.108222
52	0.253997
52	0.187093
52	0.140962
52	0.224923
52	0.212994
52	0.197054
52	0.243119
52	0.142322
52	0.146384
52	0.171425
52	0.209036
52	0.193089
52	0.194244
52	0.210384
52	0.187929
52	0.0299155
52	0.217845
52	0.314864
52	0.217099
52	0.160877
52	0.11397
52	0.160651
52	0.128066
52	0.205727
52	0.227038
52	0.210186
52	0.278899
52	0.128438
52	0.198171
52	0.161778
52	0.21505
52	0.253351
52	0.145498
52	0.198005
52	0.215144
52	0.178315
52	0.106214
52	0.144463
52	0.195498
52	0.142008
52	0.230411
52	0.156568
52	0.0712913
52	0.203449
52	0.265511
52	0.192931
52	0.170934
52	0.253994
52	0.149107
52	0.199244
52	0.20842
52	0.118482
52	0.207791
52	0.216687
52	0.376112
52	0.220346
52	0.184076
52	0.220753
52	0.187966
52	0.273904
52	0.139673
52	0.230108
52	0.171629
52	0.274445
52	0.200585
52	0.149209
52	0.121382
52	0.192152
52	0.143925
54	0.18528
54	0.137028
54	0.166649
54	0.207726
54	0.202635
54	0.129594
54	0.248752
54	0.181126
54	0.206364
54	0.107004
54	0.160852
54	0.170014
54	0.210608
54	0.0892155
54	0.247884
54	0.104062
54	0.20247
54	0.140375
54	0.227047
54	0.129622
54	0.092276
54	0.219944
54	0.18608
54	0.0531995
54	0.201325
54	0.196246
54	0.145688
54	0.2817
54	0.282511
54	0.271171
54	0.209383
54	0.188514
54	0.152612
54	0.182257
54	0.21424
54	0.22528
54	0.307609
54	0.171099
54	0.164992
54	0.186111
54	0.127685
54	0.228164
54	0.243179
54	0.254667
54	0.148976
54	0.241742
54	0.255852
54	0.252496
54	0.226788
54	0.208576
54	0.237157
54	0.232833
54	0.234861
54	0.197904
54	0.234992
54	0.196564
54	0.13805
54	0.119044
54	0.171765
54	0.0705901
54	0.186742
54	0.190843
54	0.151085
54	0.054767
54	0.26137
54	0.208674
54	0.134872
54	0.134387
54	0.319537
54	0.153345
54	0.285257
54	0.150117
54	0.276365
54	0.251809
54	0.145119
54	0.126178
54	0.183768
54	0.231045
54	0.280666
54	0.0774271
54	0.284036
54	0.255063
54	0.171621
54	0.116924
54	0.124357
54	0.147545
54	0.0222402
54	0.270208
54	0.171778
54	0.143563
54	0.188952
54	0.205804
54	0.140346
54	0.161244
54	0.204932
54	0.262513
54	0.148544
54	0.258984
54	0.158688
54	0.104252
56	0.13194
56	0.206868
56	0.149148
56	0.211817
56	0.175592
56	0.257736
56	0.144603
56	0.12036
56	0.208741
56	0.279565
56	0.217142
56	0.209056
56	0.206127
56	0.201624
56	0.13881
56	0.194119
56	0.165408
56	0.310653
56	0.275386
56	0.144931
56	0.222147
56	0.188888
56	0.264157
56	0.365133
56	0.126057
56	0.25914
56	0.0869706
56	0.169402
56	0.172343
56	0.15149
56	0.23148
56	0.195134
56	0.156653
56	0.270489
56	0.210996
56	0.244507
56	0.111902
56	0.18384
56	0.252029
56	0.0876693
56	0.222252
56	0.107474
56	0.183121
56	0.219184
56	0.10422
56	0.199809
56	0.148665
56	0.126796
56	0.276555
56	0.172612
56	0.195565
56	0.188412
56	0.209914
56	0.241929
56	0.262419
56	0.158374
56	0.184365
56	0.311799
56	0.0930787
56	0.206033
56	0.16705
56	0.142848
56	0.16122
56	0.09504
56	0.147916
56	0.157275
56	0.233985
56	0.221501
56	0.223022
56	0.211739
56	0.211401
56	0.320822
56	0.396431
56	0.0823352
56	0.16377
56	0.250032
56	0.128407
56	0.147505
56	0.208945
56	0.218745
56	0.173746
56	0.128576
56	0.220255
56	0.15086
56	0.163117
56	0.257154
56	0.0667342
56	0.127887
56	0.275642
56	0.184092
56	0.157445
56	0.23173
56	0.261534
56	0.233965
56	0.19222
56	0.184338
56	0.212653
56	0.180894
56	0.241089
56	0.229139
58	0.212896
58	0.084896
58	0.228318
58	0.263382
58	0.193262
58	0.199895
58	0.177168
58	0.238599
58	0.161691
58	0.188223
58	0.15726
58	0.161872
58	0.145771
58	0.180873
58	0.235556
58	0.153139
58	0.0582834
58	0.20745
58	0.262493
58	0.15686
58	0.176848
58	0.132838
58	0.281742
58	0.164341
58	0.170262
58	0.120437
58	0.136178
58	0.131654
58	0.197353
58	0.120644
58	0.15539
58	0.116413
58	0.14662
58	0.273561
58	0.211703
58	0.192099
58	0.0969928
58	0.198947
58	0.194335
58	0.210083
58	0.269647
58	0.22883
58	0.17686
58	0.208688
58	0.120785
58	0.0994037
58	0.20007
58	0.264149
58	0.159058
58	0.294607
58	0.163697
58	0.223645
58	0.14685
58	0.103635
58	0.238585
58	0.143359
58	0.183592
58	0.18843
58	0.166921
58	0.186669
58	0.200214
58	0.142777
58	0.172182
58	0.226037
58	0.121692
58	0.169489
58	0.104012
58	0.205415
58	0.167888
58	0.26385
58	0.280799
58	0.196841
58	0.207042
58	0.172484
58	0.100948
58	0.210497
58	0.111047
58	0.14178
58	0.328899
58	0.164253
58	0.135728
58	0.128034
58	0.0728105
58	0.146496
58	0.152283
58	0.155099
58	0.219346
58	0.087169
58	0.230993
58	0.157836
58	0.238327
58	0.139749
58	0.272565
58	0.276682
58	0.314586
58	0.195517
58	0.142597
58	0.128524
58	0.106122
58	0.146517
60	0.256381
60	0.0923999
60	0.133146
60	0.219777
60	0.144138
60	0.232772
60	0.303218
60	0.192061
60	0.178895
60	0.144875
60	0.226161
60	0.187111
60	0.199684
60	0.185422
60	0.186153
60	0.141819
60	0.139395
60	0.112438
60	0.0525226
60	0.160814
60	0.258706
60	0.234499
60	0.0980535
60	0.104574
60	0.196779
60	0.160488
60	0.174286
60	0.233729
60	0.219936
60	0.207938
60	0.217785
60	0.0991087
60	0.128978
60	0.202958
60	0.18577
60	0.0754638
60	0.156797
60	0.165587
60	0.228278
60	0.241305
60	0.0884413
60	0.16056
60	0.172217
60	0.237847
60	0.247627
60	0.134887
60	0.150481
60	0.258163
60	0.249938
60	0.189268
60	0.228161
60	0.185905
60	0.194947
60	0.2279
60	0.183818
60	0.18072
60	0.0988341
60	0.248834
60	0.164729
60	0.11021
60	0.178165
60	0.177612
60	0.137708
60	0.122435
60	0.12105
60	0.190535
60	0.199818
60	0.21172
60	0.196286
60	0.20471
60	0.168349
60	0.182479
60	0.105263
60	0.248743
60	0.178788
60	0.227021
60	0.121443
60	0.227219
60	0.148207
60	0.292472
60	0.186902
60	0.170294
60	0.183117
60	0.117635
60	0.138379
60	0.156592
60	0.28061
60	0.221702
60	0.278591
60	0.171529
60	0.172713
60	0.165621
60	0.162177
60	0.183353
60	0.167874
60	0.237341
60	0.2265
60	0.172477
60	0.203757
60	0.199245
62	0.137786
62	0.117561
62	0.154882
62	0.234775
62	0.216303
62	0.250532
62	0.210266
62	0.206479
62	0.20325
62	0.210195
62	0.180385
62	0.236421
62	0.206471
62	0.275621
62	0.273215
62	0.323432
62	0.1479
62	0.246886
62	0.16507
62	0.127265
62	0.158325
62	0.196198
62	0.109616
62	0.294348
62	0.184948
62	0.213366
62	0.178845
62	0.168434
62	0.160772
62	0.186651
62	0.140816
62	0.229047
62	0.14389
62	0.257612
62	0.161638
62	0.143281
62	0.181545
62	0.172778
62	0.307309
62	0.161332
62	0.152876
62	0.0867297
62	0.254983
62	0.143058
62	0.186714
62	0.16279
62	0.229943
62	0.193264
62	0.206707
62	0.409596
62	0.196926
62	0.248587
62	0.171202
62	0.23328
62	0.153223
62	0.0900169
62	0.216096
62	0.135816
62	0.152592
62	0.207335
62	0.161382
62	0.118954
62	0.203929
62	0.178332
62	0.256884
62	0.17445
62	0.228482
62	0.0738029
62	0.20874
62	0.161767
62	0.178585
62	0.203117
62	0.0940398
62	0.279733
62	0.152661
62	0.240917
62	0.122387
62	0.142861
62	0.109094
62	0.234269
62	0.120741
62	0.145743
62	0.175162
62	0.0941551
62	0.171589
62	0.101235
62	0.116363
62	0.154494
62	0.209939
62	0.0911139
62	0.159551
62	0.212093
62	0.133094
62	0.192019
62	0.184737
62	0.189542
62	0.125076
62	0.0671479
62	0.146162
62	0.193798
64	0.210295
64	0.140476
64	0.083449
64	0.210924
64	0.0675049
64	0.204461
64	0.219365
64	0.173272
64	0.274572
64	0.10584
64	0.135614
64	0.0871875
64	0.189122
64	0.0565406
64	0.271292
64	0.234094
64	0.186895
64	0.20011
64	0.149895
64	0.204873
64	0.217892
64	0.208357
64	0.193159
64	0.173108
64	0.326399
64	0.226819
64	0.190734
64	0.123632
64	0.178801
64	0.0990445
64	0.0847175
64	0.177312
64	0.115116
64	0.166776
64	0.134942
64	0.249796
64	0.162201
64	0.211362
64	0.152543
64	0.101392
64	0.1776
64	0.120583
64	0.072639
64	0.0403549
64	0.17885
64	0.149148
64	0.258397
64	0.270268
64	0.0905268
64	0.32369
64	0.223914
64	0.176838
64	0.13425
64	0.241721
64	0.226759
64	0.135363
64	0.230285
64	0.190246
64	0.0980078
64	0.15096
64	0.207641
64	0.127368
64	0.197799
64	0.180972
64	0.233961
64	0.158594
64	0.18319
64	0.219946
64	0.156366
64	0.154231
64	0.182563
64	0.19421
64	0.228135
64	0.187565
64	0.162009
64	0.215182
64	0.273014
64	0.182304
64	0.13902
64	0.18218
64	0.305851
64	0.205866
64	0.196525
64	0.164367
64	0.168819
64	0.220079
64	0.243186
64	0.279601
64	0.286347
64	0.157936
64	0.100387
64	0.187671
64	0.122927
64	0.224158
64	0.124031
64	0.136634
64	0.159525
64	0.234714
64	0.171237
64	0.345012
66	0.14867
66	0.218462
66	0.240926
66	0.186392
66	0.155278
66	0.213627
66	0.126038
66	0.187744
66	0.0786964
66	0.257707
66	0.224271
66	0.186536
66	0.230714
66	0.176593
66	0.146736
66	0.141687
66	0.203339
66	0.185952
66	0.213743
66	0.1146
66	0.121189
66	0.0952304
66	0.160174
66	0.219628
66	0.159077
66	0.254658
66	0.120553
66	0.147011
66	0.156049
66	0.170142
66	0.234437
66	0.149381
66	0.239479
66	0.218976
66	0.205158
66	0.207274
66	0.156248
66	0.220971
66	0.143762
66	0.122285
66	0.134819
66	0.160576
66	0.185812
66	0.134239
66	0.252628
66	0.132846
66	0.206283
66	0.196879
66	0.172856
66	0.234739
66	0.231631
66	0.25552
66	0.166876
66	0.199668
66	0.250266
66	0.221405
66	0.170137
66	0.214691
66	0.161137
66	0.1743
66	0.256967
66	0.137041
66	0.088541
66	0.148482
66	0.141902
66	0.107067
66	0.170165
66	0.248821
66	0.135715
66	0.2697
66	0.139504
66	0.131455
66	0.21883
66	0.242772
66	0.287276
66	0.197094
66	0.135761
66	0.291916
66	0.0940052
66	0.20805
66	0.163271
66	0.209261
66	0.232886
66	0.209675
66	0.144336
66	0.28464
66	0.287196
66	0.183698
66	0.184115
66	0.267375
66	0.157872
66	0.210262
66	0.209271
66	0.197935
66	0.118433
66	0.148136
66	0.12536
66	0.0501184
66	0.202165
66	0.139896
68	0.088589
68	0.208054
68	0.118381
68	0.178207
68	0.182793
68	0.174082
68	0.154997
68	0.17978
68	0.108079
68	0.261338
68	0.186384
68	0.264615
68	0.168046
68	0.182014
68	0.262632
68	0.221076
68	0.216957
68	0.242961
68	0.187257
68	0.250641
68	0.130065
68	0.194827
68	0.155473
68	0.163171
68	0.182594
68	0.222197
68	0.170752
68	0.250538
68	0.0845226
68	0.20753
68	0.286637
68	0.281453
68	0.280855
68	0.185699
68	0.207914
68	0.111903
68	0.205295
68	0.145465
68	0.158448
68	0.135512
68	0.167692
68	0.114828
68	0.15987
68	0.237404
68	0.19526
68	0.0950991
68	0.113779
68	0.265206
68	0.191738
68	0.213793
68	0.29159
68	0.147316
68	0.257155
68	0.131421
68	0.147799
68	0.249824
68	0.217793
68	0.178045
68	0.183798
68	0.208072
68	0.109539
68	0.0923546
68	0.233961
68	0.139528
68	0.257952
68	0.15435
68	0.157814
68	0.165636
68	0.168254
68	0.183982
68	0.147855
68	0.20226
68	0.151314
68	0.202
68	0.0980894
68	0.177372
68	0.140013
68	0.212424
68	0.195947
68	0.194624
68	0.175785
68	0.191326
68	0.136202
68	0.213098
68	0.256449
68	0.1673
68	0.148329
68	0.123063
68	0.121337
68	0.172817
68	0.198319
68	0.173052
68	0.114257
68	0.142253
68	0.175402
68	0.148955
68	0.130026
68	0.226937
68	0.148092
68	0.240093
70	0.154751
70	0.118036
70	0.190277
70	0.292898
70	0.0867365
70	0.10906
70	0.0636216
70	0.107113
70	0.1002
70	0.173742
70	0.316838
70	0.203833
70	0.26732
70	0.239622
70	0.236685
70	0.261766
70	0.163149
70	0.177877
70	0.151935
70	0.0539046
70	0.184317
70	0.178603
70	0.279153
70	0.195862
70	0.234906
70	0.140552
70	0.185779
70	0.15999
70	0.14761
70	0.158281
70	0.123819
70	0.0678752
70	0.185263
70	0.0857269
70	0.234645
70	0.0757077
70	0.218215
70	0.0782431
70	0.186498
70	0.108566
70	0.166103
70	0.119039
70	0.246483
70	0.173916
70	0.261232
70	0.19416
70	0.101574
70	0.162742
70	0.166818
70	0.194404
70	0.110788
70	0.257868
70	0.0772734
70	0.170079
70	0.173094
70	0.195755
70	0.211672
70	0.202319
70	0.0930116
70	0.081629
70	0.21545
70	0.233712
70	0.217713
70	0.145587
70	0.0900088
70	0.31313
70	0.139258
70	0.223798
70	0.218382
70	0.180196
70	0.189424
70	0.146844
70	0.217174
70	0.268908
70	0.206896
70	0.173408
70	0.232113
70	0.120763
70	0.190142
70	0.17929
70	0.0834089
70	0.144739
70	0.126273
70	0.106939
70	0.195238
70	0.182021
70	0.228922
70	0.218002
70	0.101541
70	0.20005
70	0.123003
70	0.235204
70	0.17563
70	0.212418
70	0.233103
70	0.211182
70	0.225503
70	0.210266
70	0.144992
70	0.17948
72	0.189586
72	0.0887931
72	0.199551
72	0.132952
72	0.18413
72	0.132281
72	0.255277
72	0.20214
72	0.190312
72	0.253786
72	0.275899
72	0.189481
72	0.11224
72	0.07488
72	0.145662
72	0.186604
72	0.320847
72	0.119511
72	0.221984
72	0.18611
72	0.241688
72	0.126159
72	0.175589
72	0.231112
72	0.199677
72	0.148944
72	0.142147
72	0.209243
72	0.210959
72	0.0712937
72	0.0784692
72	0.192113
72	0.127387
72	0.149601
72	0.18205
72	0.0557808
72	0.090621
72	0.133362
72	0.222557
72	0.062988
72	0.140739
72	0.195879
72	0.17929
72	0.055523
72	0.262855
72	0.143259
72	0.254218
72	0.163878
72	0.301496
72	0.250438
72	0.220148
72	0.281707
72	0.190781
72	0.251409
72	0.191873
72	0.22206
72	0.150257
72	0.288987
72	0.167289
72	0.214599
72	0.184658
72	0.215508
72	0.15157
72	0.125373
72	0.213207
72	0.12246
72	0.175549
72	0.146317
72	0.101983
72	0.172729
72	0.153161
72	0.148198
72	0.179514
72	0.158836
72	0.244815
72	0.134929
72	0.164197
72	0.174264
72	0.133554
72	0.170239
72	0.0771297
72	0.13634
72	0.160426
72	0.165526
72	0.146619
72	0.0738125
72	0.202249
72	0.104074
72	0.136651
72	0.142313
72	0.14127
72	0.104351
72	0.154326
72	0.227334
72	0.121361
72	0.18659
72	0.156277
72	0.178982
72	0.178081
72	0.204187
74	0.111129
74	0.0656672
74	0.0861423
74	0.243192
74	0.128774
74	0.283219
74	0.128242
74	0.131422
74	0.245043
74	0.287053
74	0.0726805
74	0.179856
74	0.173007
74	0.144508
74	0.160069
74	0.244442
74	0.0887771
74	0.206665
74	0.119235
74	0.209002
74	0.181087
74	0.195459
74	0.20506
74	0.148623
74	0.117023
74	0.222928
74	0.110011
74	0.148215
74	0.103343
74	0.141573
74	0.0943549
74	0.0527007
74	0.19533
74	0.142091
74	0.171284
74	0.153717
74	0.164597
74	0.089345
74	0.221631
74	0.290662
74	0.257183
74	0.215902
74	0.13168
74	0.110542
74	0.117339
74	0.202859
74	0.188837
74	0.17956
74	0.155181
74	0.126242
74	0.183366
74	0.180081
74	0.102454
74	0.161588
74	0.209326
74	0.251065
74	0.207163
74	0.131247
74	0.241053
74	0.161534
74	0.148405
74	0.115821
74	0.0862388
74	0.134964
74	0.239283
74	0.138282
74	0.14821
74	0.132748
74	0.156033
74	0.348506
74	0.277299
74	0.120522
74	0.145432
74	0.159132
74	0.222471
74	0.109678
74	0.168886
74	0.12219
74	0.157007
74	0.129219
74	0.164738
74	0.266228
74	0.293063
74	0.229934
74	0.113769
74	0.121174
74	0.166708
74	0.469681
74	0.155698
74	0.13983
74	0.0751786
74	0.120077
74	0.139817
74	0.100032
74	0.0771284
74	0.176707
74	0.178273
74	0.154451
74	0.115411
74	0.0798178
76	0.235538
76	0.209167
76	0.145855
76	0.251697
76	0.210799
76	0.188838
76	0.162276
76	0.0938625
76	0.117335
76	0.16431
76	0.11463
76	0.20882
76	0.235319
76	0.18862
76	0.141602
76	0.384492
76	0.169824
76	0.225127
76	0.236407
76	0.279932
76	0.171114
76	0.254198
76	0.186912
76	0.163077
76	0.0652827
76	0.117882
76	0.109732
76	0.137429
76	0.186139
76	0.13746
76	0.106711
76	0.127916
76	0.231881
76	0.171823
76	0.119047
76	0.205159
76	0.268151
76	0.124727
76	0.24106
76	0.152555
76	0.11937
76	0.266488
76	0.112385
76	0.132763
76	0.12505
76	0.157297
76	0.215719
76	0.29662
76	0.16416
76	0.304744
76	0.138574
76	0.0918347
76	0.168516
76	0.234561
76	0.19275
76	0.159204
76	0.0799301
76	0.113446
76	0.222521
76	0.239905
76	0.16032
76	0.260358
76	0.188763
76	0.240376
76	0.149416
76	0.174209
76	0.15363
76	0.178184
76	0.138885
76	0.217753
76	0.096914
76	0.14277
76	0.107552
76	0.184723
76	0.0696546
76	0.295035
76	0.101019
76	0.2398
76	0.159248
76	0.188157
76	0.129811
76	0.241035
76	0.229352
76	0.102468
76	0.136903
76	0.136229
76	0.240203
76	0.228718
76	0.228765
76	0.146674
76	0.125563
76	0.168742
76	0.154821
76	0.122782
76	0.142638
76	0.149314
76	0.208014
76	0.196269
76	0.0952172
76	0.118986
78	0.193205
78	0.172461
78	0.149943
78	0.165983
78	0.161828
78	0.189715
78	0.279272
78	0.100911
78	0.225453
78	0.260033
78	0.203695
78	0.217285
78	0.182772
78	0.16151
78	0.218448
78	0.113147
78	0.0909048
78	0.220232
78	0.144927
78	0.129784
78	0.0505551
78	0.154001
78	0.209292
78	0.21279
78	0.184155
78	0.184754
78	0.157803
78	0.27135
78	0.252204
78	0.146854
78	0.195944
78	0.283878
78	0.146284
78	0.0819503
78	0.125726
78	0.232129
78	0.107388
78	0.271837
78	0.154032
78	0.132308
78	0.150676
78	0.162624
78	0.242732
78	0.15429
78	0.0899225
78	0.283232
78	0.0943275
78	0.0781961
78	0.176213
78	0.105184
78	0.175824
78	0.113117
78	0.0958911
78	0.140543
78	0.127031
78	0.204653
78	0.240648
78	0.121309
78	0.0849097
78	0.22556
78	0.225692
78	0.158185
78	0.155388
78	0.216163
78	0.304646
78	0.170738
78	0.119147
78	0.285846
78	0.144981
78	0.134423
78	0.26002
78	0.147232
78	0.104747
78	0.17772
78	0.260515
78	0.199887
78	0.135953
78	0.211101
78	0.111827
78	0.164923
78	0.208864
78	0.261476
78	0.0720728
78	0.2861
78	0.155831
78	0.261894
78	0.251593
78	0.145751
78	0.1865
78	0.157654
78	0.105681
78	0.100071
78	0.187182
78	0.117922
78	0.276488
78	0.1214
78	0.151845
78	0.0782333
78	0.167626
78	0.220238
80	0.112704
80	0.214913
80	0.201614
80	0.324
80	0.0824326
80	0.203986
80	0.0963355
80	0.180107
80	0.195997
80	0.214443
80	0.222268
80	0.0811499
80	0.149704
80	0.139138
80	0.233872
80	0.119956
80	0.0985386
80	0.207342
80	0.21
80	0.132253
80	0.225821
80	0.223678
80	0.163291
80	0.216371
80	0.300065
80	0.153401
80	0.123226
80	0.197157
80	0.12135
80	0.243399
80	0.199778
80	0.192241
80	0.167234
80	0.206859
80	0.218035
80	0.0764719
80	0.103065
80	0.171013
80	0.160837
80	0.0969084
80	0.146872
80	0.183682
80	0.197378
80	0.165565
80	0.206756
80	0.0953611
80	0.147026
80	0.184147
80	0.201759
80	0.19537
80	0.178332
80	0.0970006
80	0.14369
80	0.149371
80	0.12619
80	0.252412
80	0.148257
80	0.09792
80	0.266565
80	0.247462
80	0.212472
80	0.163155
80	0.19665
80	0.152542
80	0.199894
80	0.139369
80	0.255539
80	0.101817
80	0.202066
80	0.202027
80	0.186441
80	0.199899
80	0.117474
80	0.129963
80	0.252848
80	0.200134
80	0.188343
80	0.197111
80	0.159692
80	0.0869103
80	0.23692
80	0.170827
80	0.123842
80	0.274543
80	0.173598
80	0.176672
80	0.14516
80	0.222333
80	0.202586
80	0.187374
80	0.132916
80	0.218624
80	0.162416
80	0.22873
80	0.194326
80	0.192166
80	0.0946677
80	0.133677
80	0.139854
80	0.15487
82	0.119466
82	0.180833
82	0.243169
82	0.130316
82	0.198804
82	0.152249
82	0.105836
82	0.132922
82	0.179647
82	0.148842
82	0.169314
82	0.132739
82	0.220887
82	0.302082
82	0.176496
82	0.28558
82	0.186924
82	0.245834
82	0.133485
82	0.247183
82	0.107281
82	0.169768
82	0.147598
82	0.154918
82	0.217472
82	0.124147
82	0.313681
82	0.161263
82	0.133104
82	0.100554
82	0.228197
82	0.13026
82	0.144566
82	0.121099
82	0.213341
82	0.0707306
82	0.198414
82	0.161043
82	0.211923
82	0.297674
82	0.148094
82	0.165892
82	0.166535
82	0.225709
82	0.290346
82	0.131562
82	0.157568
82	0.223332
82	0.180598
82	0.12648
82	0.168399
82	0.142489
82	0.18028
82	0.0893423
82	0.225534
82	0.141095
82	0.138515
82	0.0805908
82	0.1022
82	0.103338
82	0.123139
82	0.143041
82	0.226463
82	0.196458
82	0.200746
82	0.160365
82	0.152035
82	0.185668
82	0.0333737
82	0.213065
82	0.252527
82	0.0900913
82	0.123742
82	0.194782
82	0.0796094
82	0.182316
82	0.249243
82	0.049949
82	0.200231
82	0.163628
82	0.256548
82	0.145282
82	0.133329
82	0.175729
82	0.230443
82	0.115528
82	0.208929
82	0.166317
82	0.0831798
82	0.0980454
82	0.181681
82	0.181436
82	0.202859
82	0.175151
82	0.130316
82	0.215946
82	0.161957
82	0.224255
82	0.129365
82	0.161254
84	0.210654
84	0.184541
84	0.211568
84	0.258088
84	0.145843
84	0.203488
84	0.180328
84	0.202685
84	0.182788
84	0.190554
84	0.182104
84	0.134114
84	0.174233
84	0.136827
84	0.207925
84	0.166716
84	0.075463
84	0.0994404
84	0.137881
84	0.177611
84	0.118256
84	0.124688
84	0.19124
84	0.221662
84	0.146572
84	0.0649109
84	0.140729
84	0.0956225
84	0.160286
84	0.041452
84	0.252573
84	0.180565
84	0.189675
84	0.0908837
84	0.162227
84	0.20046
84	0.221938
84	0.135228
84	0.330012
84	0.121412
84	0.265829
84	0.231357
84	0.213512
84	0.12475
84	0.169449
84	0.174282
84	0.214914
84	0.102144
84	0.247799
84	0.174661
84	0.122234
84	0.0970701
84	0.155742
84	0.209325
84	0.277742
84	0.115527
84	0.217455
84	0.155563
84	0.282846
84	0.199176
84	0.236197
84	0.192713
84	0.137411
84	0.225111
84	0.186815
84	0.105283
84	0.248986
84	0.236214
84	0.123493
84	0.111654
84	0.147031
84	0.222729
84	0.0732177
84	0.14388
84	0.182844
84	0.20295
84	0.127239
84	0.219806
84	0.211608
84	0.179692
84	0.218958
84	0.168991
84	0.173057
84	0.165108
84	0.220335
84	0.143022
84	0.212939
84	0.179219
84	0.100695
84	0.261836
84	0.202887
84	0.165783
84	0.18545
84	0.23315
84	0.10249
84	0.185063
84	0.114854
84	0.150993
84	0.299339
84	0.0709464
86	0.193439
86	0.268233
86	0.0858495
86	0.158524
86	0.136814
86	0.095925
86	0.159804
86	0.0889502
86	0.125708
86	0.102089
86	0.203168
86	0.205233
86	0.17827
86	0.226181
86	0.0591117
86	0.0431716
86	0.290115
86	0.164394
86	0.111687
86	0.152086
86	0.135368
86	0.142901
86	0.172729
86	0.140267
86	0.0966315
86	0.183243
86	0.089906
86	0.106977
86	0.117942
86	0.188117
86	0.203191
86	0.223789
86	0.0744318
86	0.0839896
86	0.1662
86	0.18901
86	0.0864816
86	0.247464
86	0.18503
86	0.156408
86	0.122233
86	0.116332
86	0.186605
86	0.238943
86	0.239335
86	0.182162
86	0.138488
86	0.176376
86	0.224443
86	0.228825
86	0.127339
86	0.258333
86	0.180761
86	0.143149
86	0.153506
86	0.228595
86	0.0486601
86	0.314176
86	0.0976994
86	0.220667
86	0.22272
86	0.229608
86	0.0889726
86	0.147488
86	0.32129
86	0.135233
86	0.0964075
86	0.140233
86	0.19001
86	0.180912
86	0.215314
86	0.191459
86	0.157003
86	0.173649
86	0.189463
86	0.166154
86	0.18417
86	0.141456
86	0.201954
86	0.197102
86	0.158746
86	0.181543
86	0.126631
86	0.0878035
86	0.340052
86	0.245414
86	0.136153
86	0.201166
86	0.199471
86	0.13753
86	0.160558
86	0.206441
86	0.213194
86	0.220358
86	0.174729
86	0.190408
86	0.172793
86	0.219506
86	0.161815
86	0.218046
88	0.252341
88	0.197532
88	0.27178
88	0.208801
88	0.223728
88	0.127188
88	0.105828
88	0.164599
88	0.192244
88	0.103072
88	0.224563
88	0.161508
88	0.159286
88	0.146106
88	0.116821
88	0.120395
88	0.141821
88	0.195
88	0.271655
88	0.168822
88	0.190574
88	0.140742
88	0.234272
88	0.229536
88	0.232878
88	0.27517
88	0.203571
88	0.298534
88	0.207663
88	0.119572
88	0.167682
88	0.241292
88	0.22801
88	0.159769
88	0.195357
88	0.24006
88	0.17065
88	0.234769
88	0.044788
88	0.149271
88	0.0169222
88	0.184437
88	0.188412
88	0.0875314
88	0.159255
88	0.0843235
88	0.166454
88	0.152113
88	0.0624732
88	0.226073
88	0.170282
88	0.158111
88	0.245023
88	0.161505
88	0.180277
88	0.135773
88	0.153105
88	0.0787917
88	0.220848
88	0.224983
88	0.286024
88	0.245988
88	0.139628
88	0.164102
88	0.176831
88	0.239226
88	0.247326
88	0.173328
88	0.134823
88	0.143527
88	0.282354
88	0.229882
88	0.109533
88	0.131785
88	0.184943
88	0.141405
88	0.137473
88	0.14848
88	0.0838898
88	0.0918413
88	0.249256
88	0.160337
88	0.214846
88	0.171442
88	0.211956
88	0.0926309
88	0.159268
88	0.0733804
88	0.292474
88	0.208554
88	0.0955321
88	0.192378
88	0.079504
88	0.198618
88	0.268542
88	0.102704
88	0.188647
88	0.125094
88	0.175338
88	0.162614
90	0.211662
90	0.114495
90	0.173223
90	0.161151
90	0.198943
90	0.128083
90	0.155978
90	0.133608
90	0.15419
90	0.13871
90	0.12826
90	0.218649
90	0.219323
90	0.217166
90	0.104105
90	0.235037
90	0.0531028
90	0.0961952
90	0.158624
90	0.208821
90	0.147741
90	0.110479
90	0.135618
90	0.160289
90	0.171648
90	0.18129
90	0.24888
90	0.0415085
90	0.13965
90	0.131823
90	0.239626
90	0.124716
90	0.223176
90	0.208251
90	0.120104
90	0.0957581
90	0.25169
90	0.127165
90	0.207559
90	0.218343
90	0.219609
90	0.247284
90	0.101406
90	0.14443
90	0.399056
90	0.198206
90	0.0371524
90	0.125991
90	0.168073
90	0.272731
90	0.154579
90	0.190628
90	0.210057
90	0.166351
90	0.181846
90	0.165926
90	0.135988
90	0.165603
90	0.183104
90	0.130749
90	0.127487
90	0.124522
90	0.16502
90	0.184861
90	0.14278
90	0.129087
90	0.113184
90	0.241596
90	0.192647
90	0.160358
90	0.139164
90	0.101244
90	0.104125
90	0.233399
90	0.216083
90	0.239021
90	0.175219
90	0.132718
90	0.141006
90	0.171737
90	0.104669
90	0.177312
90	0.0878488
90	0.126902
90	0.248674
90	0.101772
90	0.213302
90	0.264082
90	0.144971
90	0.196583
90	0.127037
90	0.211477
90	0.164199
90	0.242471
90	0.0824814
90	0.236242
90	0.118126
90	0.180076
90	0.131043
90	0.219728
92	0.236896
92	0.134354
92	0.153821
92	0.14564
92	0.18398
92	0.171887
92	0.131703
92	0.0822179
92	0.18954
92	0.203849
92	0.236844
92	0.162883
92	0.157684
92	0.260012
92	0.147067
92	0.213915
92	0.190116
92	0.215423
92	0.146031
92	0.169104
92	0.248746
92	0.150084
92	0.184993
92	0.247257
92	0.183046
92	0.272246
92	0.100658
92	0.214104
92	0.162989
92	0.187531
92	0.196301
92	0.248691
92	0.224654
92	0.0500962
92	0.182211
92	0.194123
92	0.182133
92	0.206296
92	0.162633
92	0.0949978
92	0.149526
92	0.208981
92	0.127128
92	0.228021
92	0.122257
92	0.14952
92	0.227975
92	0.0867802
92	0.266828
92	0.234425
92	0.24893
92	0.133252
92	0.269854
92	0.229263
92	0.246407
92	0.249297
92	0.13407
92	0.171654
92	0.250248
92	0.165492
92	0.248607
92	0.133403
92	0.111511
92	0.120831
92	0.127517
92	0.159871
92	0.192849
92	0.229581
92	0.149106
92	0.225714
92	0.261569
92	0.207064
92	0.0972172
92	0.106209
92	0.183962
92	0.124936
92	0.112672
92	0.334692
92	0.148666
92	0.168571
92	0.167623
92	0.287398
92	0.0754889
92	0.211485
92	0.197677
92	0.193625
92	0.0637235
92	0.210793
92	0.0426116
92	0.259077
92	0.121633
92	0.132493
92	0.17507
92	0.141612
92	0.237106
92	0.123651
92	0.149744
92	0.132073
92	0.27986
92	0.133675
94	0.0995311
94	0.240166
94	0.184766
94	0.126378
94	0.152095
94	0.0917736
94	0.229834
94	0.210226
94	0.0693825
94	0.185381
94	0.341601
94	0.215947
94	0.268304
94	0.224297
94	0.123423
94	0.122927
94	0.194487
94	0.240878
94	0.179976
94	0.135778
94	0.223909
94	0.298318
94	0.164427
94	0.119746
94	0.205147
94	0.151073
94	0.208285
94	0.125147
94	0.173865
94	0.0845281
94	0.248637
94	0.213802
94	0.168621
94	0.248325
94	0.0937792
94	0.20188
94	0.0877408
94	0.221826
94	0.142715
94	0.212524
94	0.201002
94	0.255796
94	0.107023
94	0.306362
94	0.11033
94	0.199604
94	0.221178
94	0.200708
94	0.136164
94	0.174813
94	0.143104
94	0.231437
94	0.178403
94	0.170262
94	0.183387
94	0.102104
94	0.127064
94	0.259251
94	0.17997
94	0.177675
94	0.214602
94	0.172146
94	0.184015
94	0.148244
94	0.246531
94	0.148577
94	0.187333
94	0.251294
94	0.241812
94	0.170926
94	0.164261
94	0.187841
94	0.2298
94	0.116265
94	0.134669
94	0.197255
94	0.128172
94	0.222585
94	0.183375
94	0.188902
94	0.123119
94	0.326399
94	0.0565493
94	0.280392
94	0.131072
94	0.216609
94	0.187161
94	0.152555
94	0.123971
94	0.20085
94	0.184815
94	0.140177
94	0.188892
94	0.0749519
94	0.189876
94	0.257821
94	0.232981
94	0.210765
94	0.122464
94	0.212906
96	0.18548
96	0.0862061
96	0.134616
96	0.112516
96	0.212822
96	0.115418
96	0.137215
96	0.0877943
96	0.159472
96	0.237134
96	0.232688
96	0.106687
96	0.236495
96	0.259657
96	0.218259
96	0.201964
96	0.159504
96	0.150517
96	0.0944408
96	0.191499
96	0.107323
96	0.17779
96	0.234988
96	0.222842
96	0.250644
96	0.18616
96	0.274997
96	0.130831
96	0.133544
96	0.110011
96	0.161652
96	0.0848882
96	0.15416
96	0.229
96	0.189369
96	0.127219
96	0.0842387
96	0.230054
96	0.103839
96	0.11974
96	0.145078
96	0.236861
96	0.132
96	0.212872
96	0.119569
96	0.197554
96	0.143303
96	0.137566
96	0.267858
96	0.15754
96	0.215902
96	0.198109
96	0.2193
96	0.174428
96	0.229148
96	0.136434
96	0.100943
96	0.343327
96	0.195628
96	0.225732
96	0.11159
96	0.320069
96	0.272141
96	0.103492
96	0.241344
96	0.128275
96	0.124892
96	0.188822
96	0.131654
96	0.129024
96	0.191694
96	0.20752
96	0.226969
96	0.0786273
96	0.100185
96	0.1882
96	0.193418
96	0.178205
96	0.153639
96	0.172751
96	0.179948
96	0.166219
96	0.0947969
96	0.167576
96	0.218124
96	0.076738
96	0.188646
96	0.139133
96	0.19248
96	0.225484
96	0.12054
96	0.1593
96	0.158898
96	0.185228
96	0.135184
96	0.133363
96	0.199143
96	0.110135
96	0.207254
96	0.17464
98	0.125694
98	0.205578
98	0.121841
98	0.219317
98	0.127777
98	0.108575
98	0.0975157
98	0.219193
98	0.0980943
98	0.193777
98	0.226413
98	0.18833
98	0.277314
98	0.217276
98	0.203822
98	0.183176
98	0.086312
98	0.231735
98	0.303597
98	0.118861
98	0.143252
98	0.0948179
98	0.207629
98	0.135685
98	0.206732
98	0.168072
98	0.197529
98	0.0921154
98	0.195542
98	0.250628
98	0.153266
98	0.264468
98	0.143765
98	0.17585
98	0.216939
98	0.190473
98	0.117388
98	0.157545
98	0.113195
98	0.0741805
98	0.141648
98	0.190882
98	0.10464
98	0.203425
98	0.131087
98	0.248161
98	0.122319
98	0.152553
98	0.211814
98	0.138981
98	0.166092
98	0.128106
98	0.199226
98	0.290251
98	0.184972
98	0.268408
98	0.154021
98	0.238787
98	0.152269
98	0.123237
98	0.200996
98	0.200483
98	0.189913
98	0.233443
98	0.30832
98	0.111179
98	0.221383
98	0.227698
98	0.109799
98	0.315775
98	0.189396
98	0.178237
98	0.0941919
98	0.145559
98	0.287577
98	0.256542
98	0.238773
98	0.178487
98	0.177097
98	0.0686335
98	0.153925
98	0.156172
98	0.175875
98	0.127381
98	0.179271
98	0.202422
98	0.115203
98	0.198738
98	0.145264
98	0.18521
98	0.13341
98	0.0908132
98	0.102951
98	0.0699429
98	0.208503
98	0.189183
98	0.214362
98	0.158962
98	0.178507
98	0.276162
100	0.152982
100	0.123891
100	0.142482
100	0.173913
100	0.26644
100	0.141251
100	0.105696
100	0.0624241
100	0.226235
100	0.174371
100	0.203434
100	0.17616
100	0.294215
100	0.191831
100	0.173211
100	0.0811597
100	0.11346
100	0.215452
100	0.188633
100	0.181795
100	0.122432
100	0.111998
100	0.214709
100	0.268384
100	0.286336
100	0.131725
100	0.0996537
100	0.181025
100	0.138952
100	0.263464
100	0.260082
100	0.160729
100	0.042573
100	0.100005
100	0.289665
100	0.168353
100	0.169468
100	0.177054
100	0.165463
100	0.646753
100	0.142928
100	0.189742
100	0.218028
100	0.169447
100	0.242893
100	0.175804
100	0.122677
100	0.223054
100	0.150715
100	0.179854
100	0.16997
100	0.0730066
100	0.267836
100	0.113074
100	0.138068
100	0.200968
100	0.27537
100	0.0942283
100	0.410989
100	0.0817468
100	0.0845823
100	0.241276
100	0.184156
100	0.282714
100	0.233401
100	0.132141
100	0.0798113
100	0.0930767
100	0.145459
100	0.206427
100	0.220232
100	0.0962239
100	0.209537
100	0.0841651
100	0.265221
100	0.226839
100	0.112145
100	0.210766
100	0.172914
100	0.191422
100	0.19334
100	0.162102
100	0.156968
100	0.238505
100	0.17034
100	0.112296
100	0.208108
100	0.0981926
100	0.211102
100	0.182747
100	0.184723
100	0.159159
100	0.117386
100	0.179005
100	0.189968
100	0.209164
100	0.139975
100	0.0522329
100	0.0708521
100	0.135455
102	0.13734
102	0.195959
102	0.123171
102	0.156187
102	0.224356
102	0.119467
102	0.216495
102	0.272799
102	0.0740843
102	0.0922595
102	0.207865
102	0.256077
102	0.154654
102	0.145652
102	0.220072
102	0.115162
102	0.228125
102	0.0590364
102	0.279814
102	0.185334
102	0.203954
102	0.0692383
102	0.120445
102	0.286571
102	0.264843
102	0.119397
102	0.152184
102	0.211737
102	0.0930849
102	0.180556
102	0.0732607
102	0.0608262
102	0.134588
102	0.144084
102	0.245317
102	0.129616
102	0.222841
102	0.139154
102	0.120712
102	0.07495
102	0.122015
102	0.111996
102	0.216879
102	0.0815217
102	0.13926
102	0.179158
102	0.111747
102	0.147677
102	0.110553
102	0.160878
102	0.305235
102	0.200329
102	0.219769
102	0.204859
102	0.233923
102	0.215873
102	0.155363
102	0.231062
102	0.183525
102	0.27783
102	0.230471
102	0.169313
102	0.216625
102	0.175283
102	0.174699
102	0.207143
102	0.114443
102	0.0891366
102	0.170504
102	0.134319
102	0.209824
102	0.182444
102	0.216604
102	0.155912
102	0.135165
102	0.164693
102	0.209841
102	0.125231
102	0.277146
102	0.179831
102	0.275627
102	0.177873
102	0.167277
102	0.118871
102	0.111347
102	0.135575
102	0.188527
102	0.242315
102	0.189744
102	0.0794158
102	0.166667
102	0.174884
102	0.0966061
102	0.181144
102	0.230574
102	0.182256
102	0.173541
102	0.177473
102	0.0763267
102	0.149494
104	0.134403
104	0.16001
104	0.195389
104	0.246591
104	0.175944
104	0.180645
104	0.0805989
104	0.181393
104	0.181198
104	0.228149
104	0.163603
104	0.113247
104	0.192216
104	0.213602
104	0.220566
104	0.267871
104	0.144722
104	0.275225
104	0.171501
104	0.348618
104	0.145877
104	0.0817442
104	0.167519
104	0.174321
104	0.172101
104	0.199065
104	0.20294
104	0.254747
104	0.106423
104	0.137867
104	0.162552
104	0.106309
104	0.136623
104	0.234074
104	0.17524
104	0.113116
104	0.153093
104	0.258868
104	0.0966221
104	0.109343
104	0.213177
104	0.214652
104	0.241087
104	0.134198
104	0.118448
104	0.156263
104	0.17635
104	0.219316
104	0.229087
104	0.242334
104	0.208763
104	0.0734433
104	0.206889
104	0.287871
104	0.109575
104	0.185135
104	0.1413
104	0.135867
104	0.181771
104	0.28632
104	0.143361
104	0.208268
104	0.164264
104	0.202181
104	0.246549
104	0.148281
104	0.308886
104	0.182116
104	0.174397
104	0.117077
104	0.161482
104	0.226838
104	0.200124
104	0.194998
104	0.266139
104	0.23021
104	0.186106
104	0.22982
104	0.159119
104	0.12723
104	0.263809
104	0.076331
104	0.224783
104	0.25838
104	0.266004
104	0.174521
104	0.142846
104	0.182916
104	0.204872
104	0.107566
104	0.253239
104	0.160524
104	0.205576
104	0.158116
104	0.196058
104	0.204245
104	0.109795
104	0.146421
104	0.14496
104	0.111294
106	0.262323
106	0.18442
106	0.119229
106	0.198015
106	0.198722
106	0.109138
106	0.189853
106	0.210794
106	0.195316
106	0.228894
106	0.112907
106	0.159095
106	0.256633
106	0.118345
106	0.0987021
106	0.139433
106	0.203118
106	0.209586
106	0.172472
106	0.165497
106	0.189452
106	0.125198
106	0.288095
106	0.140071
106	0.144206
106	0.0996595
106	0.18489
106	0.118358
106	0.135025
106	0.152653
106	0.181532
106	0.257425
106	0.114049
106	0.052815
106	0.174315
106	0.110667
106	0.19918
106	0.1308
106	0.221161
106	0.309103
106	0.109512
106	0.206266
106	0.226112
106	0.219474
106	0.155097
106	0.261711
106	0.184353
106	0.214655
106	0.199599
106	0.135291
106	0.19071
106	0.110469
106	0.291059
106	0.233204
106	0.179401
106	0.171434
106	0.24736
106	0.152794
106	0.159237
106	0.205141
106	0.246374
106	0.345678
106	0.0704646
106	0.272946
106	0.178053
106	0.293587
106	0.184236
106	0.251977
106	0.220754
106	0.1489
106	0.254229
106	0.135968
106	0.27062
106	0.166253
106	0.243538
106	0.243286
106	0.214641
106	0.216618
106	0.237943
106	0.0701224
106	0.206845
106	0.260746
106	0.254585
106	0.191744
106	0.26625
106	0.186654
106	0.106134
106	0.206902
106	0.205254
106	0.175341
106	0.20788
106	0.113599
106	0.177174
106	0.168028
106	0.169834
106	0.150989
106	0.0787927
106	0.28487
106	0.172991
106	0.176834
108	0.231196
108	0.127588
108	0.231414
108	0.122194
108	0.27266
108	0.302654
108	0.104107
108	0.150586
108	0.215752
108	0.237684
108	0.0991585
108	0.226135
108	0.161766
108	0.20828
108	0.142972
108	0.181442
108	0.230256
108	0.257637
108	0.0756786
108	0.177133
108	0.228809
108	0.192512
108	0.186252
108	0.245382
108	0.229042
108	0.139353
108	0.210474
108	0.142298
108	0.208103
108	0.213093
108	0.241147
108	0.335824
108	0.0702452
108	0.20619
108	0.272013
108	0.110391
108	0.203653
108	0.0941729
108	0.0754958
108	0.201293
108	0.181176
108	0.134957
108	0.140499
108	0.246996
108	0.238605
108	0.141935
108	0.201291
108	0.121142
108	0.154525
108	0.175861
108	0.190934
108	0.188253
108	0.217242
108	0.242396
108	0.112744
108	0.0786646
108	0.201169
108	0.202428
108	0.130988
108	0.266047
108	0.197574
108	0.0664088
108	0.280396
108	0.149473
108	0.148069
108	0.26601
108	0.115709
108	0.235915
108	0.233527
108	0.133736
108	0.199294
108	0.214488
108	0.284186
108	0.162838
108	0.197602
108	0.198452
108	0.259295
108	0.20798
108	0.185776
108	0.159524
108	0.179939
108	0.30748
108	0.104176
108	0.172171
108	0.299452
108	0.162661
108	0.302156
108	0.187236
108	0.104805
108	0.245774
108	0.153836
108	0.128773
108	0.101985
108	0.1261
108	0.158368
108	0.205628
108	0.10066
108	0.194701
108	0.166881
108	0.11423
110	0.0822608
110	0.160638
110	0.163655
110	0.106483
110	0.164886
110	0.194146
110	0.119688
110	0.195253
110	0.205797
110	0.159576
110	0.141578
110	0.166186
110	0.0474391
110	0.145887
110	0.230076
110	0.226159
110	0.272989
110	0.146998
110	0.24762
110	0.190804
110	0.182233
110	0.177322
110	0.190604
110	0.178143
110	0.231902
110	0.0997907
110	0.098716
110	0.202301
110	0.138998
110	0.235922
110	0.668247
110	0.276955
110	0.082394
110	0.17694
110	0.116638
110	0.263076
110	0.216779
110	0.139622
110	0.143337
110	0.170244
110	0.104239
110	0.204061
110	0.20784
110	0.18622
110	0.236122
110	0.130307
110	0.222426
110	0.164741
110	0.152521
110	0.223187
110	0.112177
110	0.102344
110	0.130905
110	0.200721
110	0.129227
110	0.165347
110	0.102667
110	0.147154
110	0.188472
110	0.183042
110	0.144301
110	0.262995
110	0.227091
110	0.262527
110	0.20722
110	0.193895
110	0.170854
110	0.11756
110	0.30208
110	0.286702
110	0.0658308
110	0.15036
110	0.160598
110	0.134485
110	0.258122
110	0.168576
110	0.185061
110	0.232101
110	0.292771
110	0.102839
110	0.177705
110	0.2333
110	0.173654
110	0.159636
110	0.113514
110	0.144667
110	0.168472
110	0.313854
110	0.234911
110	0.165038
110	0.264465
110	0.0853555
110	0.182392
110	0.299179
110	0.128747
110	0.195326
110	0.141052
110	0.118526
110	0.159965
110	0.110858
112	0.122481
112	0.124669
112	0.23129
112	0.20492
112	0.245784
112	0.188715
112	0.218504
112	0.145495
112	0.156325
112	0.167127
112	0.249412
112	0.1838
112	0.212398
112	0.158508
112	0.130849
112	0.254895
112	0.14316
112	0.0720957
112	0.183667
112	0.25317
112	0.0733295
112	0.209668
112	0.0974684
112	0.190405
112	0.267174
112	0.230504
112	0.166287
112	0.109718
112	0.1718
112	0.181793
112	0.104842
112	0.182418
112	0.110804
112	0.107808
112	0.0944786
112	0.124562
112	0.259311
112	0.123063
112	0.235186
112	0.247914
112	0.221283
112	0.237434
112	0.130108
112	0.155636
112	0.24956
112	0.193254
112	0.230734
112	0.0854996
112	0.215796
112	0.232838
112	0.275444
112	0.0568384
112	0.15878
112	0.165231
112	0.215367
112	0.151747
112	0.269252
112	0.159285
112	0.117524
112	0.274443
112	0.240119
112	0.144697
112	0.185755
112	0.244397
112	0.0472665
112	0.173599
112	0.104805
112	0.217262
112	0.140659
112	0.232141
112	0.164121
112	0.184449
112	0.222425
112	0.186489
112	0.172464
112	0.239074
112	0.223149
112	0.253007
112	0.196811
112	0.214598
112	0.180546
112	0.0590523
112	0.259191
112	0.130427
112	0.19878
112	0.173576
112	0.201946
112	0.130442
112	0.129554
112	0.167518
112	0.128129
112	0.250797
112	0.144842
112	0.143159
112	0.183476
112	0.166898
112	0.229846
112	0.229551
112	0.17768
112	0.115984
114	0.17249
114	0.0845615
114	0.0947861
114	0.217756
114	0.117454
114	0.0582654
114	0.194574
114	0.194376
114	0.0715987
114	0.106706
114	0.0833623
114	0.169527
114	0.234326
114	0.178443
114	0.151841
114	0.147175
114	0.210187
114	0.253414
114	0.157797
114	0.255881
114	0.0733703
114	0.141597
114	0.232949
114	0.0780938
114	0.157088
114	0.203553
114	0.255629
114	0.206103
114	0.224904
114	0.282329
114	0.160895
114	0.196777
114	0.203801
114	0.279999
114	0.120277
114	0.185749
114	0.179393
114	0.243566
114	0.182046
114	0.257534
114	0.18855
114	0.205412
114	0.221843
114	0.176239
114	0.190673
114	0.246252
114	0.0880997
114	0.154888
114	0.10842
114	0.168352
114	0.254742
114	0.0793676
114	0.198352
114	0.159634
114	0.0955851
114	0.118039
114	0.162041
114	0.229811
114	0.171947
114	0.168684
114	0.28657
114	0.125184
114	0.242041
114	0.143807
114	0.139061
114	0.21991
114	0.0837286
114	0.196699
114	0.107429
114	0.134735
114	0.213669
114	0.194328
114	0.239076
114	0.145762
114	0.196711
114	0.216163
114	0.0849487
114	0.19839
114	0.323453
114	0.14682
114	0.0898205
114	0.189622
114	0.261912
114	0.207092
114	0.160641
114	0.115308
114	0.235072
114	0.233326
114	0.205713
114	0.207212
114	0.167715
114	0.184691
114	0.220198
114	0.17509
114	0.115417
114	0.210136
114	0.195954
114	0.216972
114	0.151025
114	0.222623
116	0.172903
116	0.144048
116	0.138257
116	0.168522
116	0.131033
116	0.214718
116	0.151053
116	0.140016
116	0.286454
116	0.123616
116	0.261627
116	0.169931
116	0.240255
116	0.168346
116	0.259954
116	0.161765
116	0.14123
116	0.0526309
116	0.111259
116	0.112751
116	0.066898
116	0.224531
116	0.12143
116	0.148857
116	0.222238
116	0.114638
116	0.24955
116	0.282494
116	0.139531
116	0.155716
116	0.182869
116	0.200994
116	0.17015
116	0.0670306
116	0.297342
116	0.144287
116	0.123062
116	0.133745
116	0.267594
116	0.155238
116	0.135054
116	0.181785
116	0.108304
116	0.192048
116	0.180582
116	0.148513
116	0.203342
116	0.227924
116	0.27376
116	0.138264
116	0.195594
116	0.135247
116	0.265097
116	0.169534
116	0.181658
116	0.193989
116	0.197301
116	0.205355
116	0.310458
116	0.277479
116	0.239092
116	0.260096
116	0.259371
116	0.20044
116	0.181138
116	0.167416
116	0.180888
116	0.177066
116	0.203489
116	0.140875
116	0.203082
116	0.0847389
116	0.218081
116	0.262726
116	0.228839
116	0.206928
116	0.165571
116	0.247942
116	0.104288
116	0.30636
116	0.162342
116	0.128224
116	0.12485
116	0.172275
116	0.176531
116	0.188325
116	0.196509
116	0.154906
116	0.103393
116	0.102914
116	0.157437
116	0.145678
116	0.183764
116	0.164308
116	0.239078
116	0.237189
116	0.157099
116	0.159156
116	0.13346
116	0.134618
118	0.223697
118	0.239679
118	0.267928
118	0.210155
118	0.257168
118	0.108324
118	0.166611
118	0.28764
118	0.168779
118	0.173551
118	0.195104
118	0.0571443
118	0.150467
118	0.216413
118	0.184663
118	0.245526
118	0.132407
118	0.218846
118	0.21318
118	0.130632
118	0.213981
118	0.134537
118	0.0671721
118	0.324906
118	0.127898
118	0.252185
118	0.124472
118	0.109719
118	0.182374
118	0.191194
118	0.18081
118	0.205417
118	0.1305
118	0.232106
118	0.1021
118	0.218488
118	0.274579
118	0.188767
118	0.121734
118	0.0824797
118	0.38889
118	0.176373
118	0.277724
118	0.206943
118	0.119086
118	0.12027
118	0.234938
118	0.0984088
118	0.242483
118	0.145927
118	0.233269
118	0.168921
118	0.2159
118	0.272455
118	0.0977672
118	0.10122
118	0.136152
118	0.235737
118	0.214506
118	0.138114
118	0.215092
118	0.116303
118	0.111104
118	0.181885
118	0.219034
118	0.0965171
118	0.0579958
118	0.215119
118	0.0814178
118	0.217676
118	0.0850595
118	0.0450433
118	0.274042
118	0.203914
118	0.161492
118	0.153008
118	0.145193
118	0.23776
118	0.101755
118	0.088316
118	0.240734
118	0.152543
118	0.27861
118	0.164841
118	0.189902
118	0.145969
118	0.122446
118	0.212551
118	0.217586
118	0.175393
118	0.195984
118	0.1308
118	0.1703
118	0.241926
118	0.241813
118	0.171607
118	0.142593
118	0.128683
118	0.192559
118	0.209861
120	0.167813
120	0.0668729
120	0.0652816
120	0.179833
120	0.196421
120	0.1383
120	0.175566
120	0.228735
120	0.220193
120	0.228656
120	0.139699
120	0.205622
120	0.194749
120	0.203662
120	0.147256
120	0.202779
120	0.203086
120	0.26912
120	0.192181
120	0.186373
120	0.167011
120	0.149401
120	0.25419
120	0.167623
120	0.137672
120	0.126753
120	0.148329
120	0.143127
120	0.138486
120	0.0564587
120	0.137153
120	0.246891
120	0.152445
120	0.237018
120	0.19223
120	0.141265
120	0.284482
120	0.240747
120	0.155164
120	0.162983
120	0.0674414
120	0.167735
120	0.0407416
120	0.164118
120	0.228221
120	0.189458
120	0.157108
120	0.162516
120	0.0634033
120	0.15906
120	0.189806
120	0.177428
120	0.112272
120	0.12568
120	0.133102
120	0.204158
120	0.307298
120	0.239449
120	0.122926
120	0.292157
120	0.101165
120	0.110762
120	0.181745
120	0.222346
120	0.205172
120	0.233555
120	0.0655115
120	0.259269
120	0.0552243
120	0.149496
120	0.148203
120	0.173141
120	0.212762
120	0.239918
120	0.240171
120	0.101395
120	0.11835
120	0.243642
120	0.279934
120	0.166624
120	0.162675
120	0.145597
120	0.0773433
120	0.11785
120	0.20284
120	0.219761
120	0.186098
120	0.213492
120	0.20022
120	0.144334
120	0.180795
120	0.17924
120	0.194233
120	0.13115
120	0.273399
120	0.180959
120	0.130015
120	0.0829518
120	0.177491
120	0.204539
