var	threshold	abdncError	methylCallError	TP	FN	FP
5	0.1	0.0554355	0.0154697	0.27	3.73	7.95
5	0.15	0.105076	0.0456574	0.56	3.44	7.67
5	0.2	0.14697	0.0878027	1.02	2.98	7.26
5	0.25	0.177155	0.127569	1.4	2.6	6.93
5	0.3	0.188845	0.159021	1.76	2.24	6.67
5	0.35	0.191969	0.19411	2.23	1.77	6.34
5	0.4	0.193606	0.233984	2.76	1.24	6
8	0.1	0.119615	0.0322707	0.66	3.34	11.58
8	0.15	0.168655	0.0665748	1.24	2.76	11.01
8	0.2	0.212538	0.113264	1.79	2.21	10.49
8	0.25	0.213898	0.143792	2.48	1.52	9.85
8	0.3	0.210899	0.163469	2.93	1.07	9.46
8	0.35	0.205427	0.183265	3.32	0.68	9.14
8	0.4	0.201362	0.199768	3.6	0.4	8.92
11	0.1	0.156838	0.0398722	0.95	3.05	14.72
11	0.15	0.20441	0.078728	1.69	2.31	14
11	0.2	0.215318	0.108686	2.34	1.66	13.36
11	0.25	0.210556	0.133674	3.01	0.99	12.74
11	0.3	0.208435	0.151566	3.44	0.56	12.33
11	0.35	0.205195	0.16764	3.76	0.24	12.07
11	0.4	0.203857	0.176859	3.95	0.05	11.93
14	0.1	0.146178	0.0386713	0.98	3.02	18.28
14	0.15	0.206188	0.0844672	1.84	2.16	17.43
14	0.2	0.216807	0.116411	2.71	1.29	16.61
14	0.25	0.21182	0.136105	3.31	0.69	16.07
14	0.3	0.20917	0.14925	3.67	0.33	15.72
14	0.35	0.208259	0.157393	3.86	0.14	15.54
14	0.4	0.207549	0.163516	3.96	0.04	15.45
17	0.1	0.161412	0.0430137	1.22	2.78	20.89
17	0.15	0.20979	0.0844662	2.17	1.83	19.96
17	0.2	0.214322	0.110693	2.92	1.08	19.25
17	0.25	0.210099	0.12871	3.47	0.53	18.72
17	0.3	0.207575	0.138713	3.79	0.21	18.42
17	0.35	0.20674	0.145942	3.94	0.06	18.27
17	0.4	0.206489	0.147461	3.97	0.03	18.25
20	0.1	0.190928	0.051098	1.21	2.79	23.32
20	0.15	0.211959	0.0857122	2.23	1.77	22.33
20	0.2	0.215708	0.115056	3.09	0.91	21.48
20	0.25	0.210731	0.127984	3.57	0.43	21.03
20	0.3	0.209038	0.138528	3.85	0.15	20.76
20	0.35	0.208288	0.143115	3.95	0.05	20.66
20	0.4	0.208095	0.146417	4	0	20.61
23	0.1	0.167444	0.040131	1.27	2.73	25.49
23	0.15	0.208251	0.0871909	2.37	1.63	24.39
23	0.2	0.211374	0.108146	3.03	0.97	23.74
23	0.25	0.206214	0.124784	3.58	0.42	23.23
23	0.3	0.205163	0.135609	3.87	0.13	22.94
23	0.35	0.204875	0.139759	3.96	0.04	22.86
23	0.4	0.204849	0.141735	3.99	0.01	22.85
26	0.1	0.174637	0.0466513	1.47	2.53	26.99
26	0.15	0.210447	0.0884293	2.57	1.43	25.91
26	0.2	0.212709	0.106797	3.23	0.77	25.26
26	0.25	0.20898	0.118174	3.62	0.38	24.87
26	0.3	0.206637	0.128501	3.9	0.1	24.6
26	0.35	0.205614	0.13206	3.98	0.02	24.52
26	0.4	0.205549	0.133032	4	0	24.5
29	0.1	0.185483	0.0460315	1.46	2.54	30.08
29	0.15	0.21122	0.0824245	2.49	1.51	29.06
29	0.2	0.206879	0.103605	3.24	0.76	28.37
29	0.25	0.20664	0.123062	3.84	0.16	27.79
29	0.3	0.206224	0.127227	3.93	0.07	27.7
29	0.35	0.205724	0.129263	3.97	0.03	27.66
29	0.4	0.205539	0.130434	3.99	0.01	27.64
32	0.1	0.179524	0.0441992	1.41	2.59	32.4
32	0.15	0.215509	0.0867187	2.64	1.36	31.22
32	0.2	0.217539	0.105247	3.26	0.74	30.61
32	0.25	0.214354	0.118581	3.71	0.29	30.17
32	0.3	0.213025	0.125919	3.93	0.07	29.96
32	0.35	0.212724	0.129759	4	0	29.89
32	0.4	0.212724	0.129759	4	0	29.89
35	0.1	0.190442	0.045864	1.49	2.51	34.69
35	0.15	0.211391	0.079914	2.41	1.59	33.79
35	0.2	0.20844	0.104638	3.32	0.68	32.89
35	0.25	0.205689	0.118635	3.76	0.24	32.45
35	0.3	0.20467	0.125531	3.94	0.06	32.27
35	0.35	0.204325	0.127965	3.99	0.01	32.23
35	0.4	0.204322	0.128618	4	0	32.22
38	0.1	0.194627	0.0507629	1.59	2.41	35.44
38	0.15	0.207978	0.0818275	2.66	1.34	34.38
38	0.2	0.205587	0.102402	3.4	0.6	33.66
38	0.25	0.206172	0.116911	3.81	0.19	33.27
38	0.3	0.205891	0.121145	3.94	0.06	33.15
38	0.35	0.205784	0.123556	3.99	0.01	33.1
38	0.4	0.205767	0.12417	4	0	33.1
41	0.1	0.188897	0.049368	1.82	2.18	37.7
41	0.15	0.198743	0.0768763	2.75	1.25	36.77
41	0.2	0.202725	0.0976205	3.45	0.55	36.12
41	0.25	0.200423	0.109928	3.84	0.16	35.73
41	0.3	0.19984	0.116076	3.97	0.03	35.6
41	0.35	0.199641	0.117153	3.99	0.01	35.58
41	0.4	0.199609	0.117987	4	0	35.57
44	0.1	0.202615	0.0492394	1.77	2.23	38.57
44	0.15	0.21291	0.0787633	2.81	1.19	37.55
44	0.2	0.207353	0.0978204	3.53	0.47	36.85
44	0.25	0.206161	0.107245	3.83	0.17	36.55
44	0.3	0.205865	0.113716	3.98	0.02	36.41
44	0.35	0.205767	0.114833	4	0	36.39
44	0.4	0.205767	0.114833	4	0	36.39
47	0.1	0.180348	0.0391756	1.65	2.35	41.03
47	0.15	0.201959	0.0750319	2.74	1.26	39.97
47	0.2	0.19633	0.0962171	3.47	0.53	39.27
47	0.25	0.194123	0.108823	3.89	0.11	38.85
47	0.3	0.194026	0.112522	3.98	0.02	38.77
47	0.35	0.194015	0.113359	4	0	38.75
47	0.4	0.194015	0.113359	4	0	38.75
50	0.1	0.183898	0.0435528	1.55	2.45	42.91
50	0.15	0.209532	0.0802323	2.64	1.36	41.83
50	0.2	0.210235	0.100957	3.4	0.6	41.1
50	0.25	0.208504	0.11468	3.82	0.18	40.69
50	0.3	0.20793	0.121485	3.98	0.02	40.53
50	0.35	0.20793	0.121778	3.99	0.01	40.52
50	0.4	0.207835	0.122567	4	0	40.51
53	0.1	0.194565	0.0483239	1.89	2.11	43.66
53	0.15	0.197377	0.0776457	2.94	1.06	42.61
53	0.2	0.194502	0.0927633	3.51	0.49	42.05
53	0.25	0.19319	0.105075	3.88	0.12	41.68
53	0.3	0.192913	0.110008	3.99	0.01	41.57
53	0.35	0.192895	0.11063	4	0	41.56
53	0.4	0.192895	0.11063	4	0	41.56
56	0.1	0.187009	0.0465082	1.85	2.15	44.23
56	0.15	0.199963	0.0785316	2.88	1.12	43.2
56	0.2	0.198834	0.0959172	3.5	0.5	42.59
56	0.25	0.197331	0.104559	3.8	0.2	42.3
56	0.3	0.196992	0.110844	3.97	0.03	42.13
56	0.35	0.196955	0.112538	4	0	42.1
56	0.4	0.196955	0.112538	4	0	42.1
59	0.1	0.174159	0.0411062	1.82	2.18	48.23
59	0.15	0.201926	0.0764552	2.87	1.13	47.22
59	0.2	0.200785	0.0955098	3.54	0.46	46.6
59	0.25	0.198813	0.105938	3.86	0.14	46.29
59	0.3	0.198275	0.111082	3.99	0.01	46.17
59	0.35	0.198273	0.111571	4	0	46.16
59	0.4	0.198273	0.111571	4	0	46.16
62	0.1	0.187169	0.044265	1.85	2.15	48.1
62	0.15	0.192029	0.0727089	2.76	1.24	47.22
62	0.2	0.19418	0.0972536	3.55	0.45	46.47
62	0.25	0.192403	0.106731	3.87	0.13	46.15
62	0.3	0.192114	0.111448	3.98	0.02	46.05
62	0.35	0.192089	0.112242	4	0	46.03
62	0.4	0.192089	0.112242	4	0	46.03
65	0.1	0.181188	0.0411335	1.88	2.12	48.6
65	0.15	0.185284	0.0722594	3.01	0.99	47.49
65	0.2	0.187153	0.0916806	3.65	0.35	46.86
65	0.25	0.18576	0.100907	3.93	0.07	46.6
65	0.3	0.18518	0.10381	4	0	46.53
65	0.35	0.18518	0.10381	4	0	46.53
65	0.4	0.18518	0.10381	4	0	46.53
68	0.1	0.195219	0.0521412	2.15	1.85	49.92
68	0.15	0.19442	0.0720838	3.13	0.87	48.96
68	0.2	0.192284	0.0864941	3.66	0.34	48.44
68	0.25	0.19114	0.0967753	3.95	0.05	48.15
68	0.3	0.191053	0.098485	3.99	0.01	48.12
68	0.35	0.19097	0.0991719	4	0	48.11
68	0.4	0.19097	0.0991719	4	0	48.11
71	0.1	0.17493	0.0412771	2.21	1.79	49.44
71	0.15	0.189317	0.0662762	3.01	0.99	48.65
71	0.2	0.187142	0.0873795	3.7	0.3	47.98
71	0.25	0.186405	0.0937035	3.94	0.06	47.74
71	0.3	0.186204	0.096057	3.99	0.01	47.69
71	0.35	0.186001	0.0967077	4	0	47.68
71	0.4	0.186001	0.0967077	4	0	47.68
74	0.1	0.18506	0.0462729	1.91	2.09	50.93
74	0.15	0.195582	0.0758008	3.03	0.97	49.85
74	0.2	0.190907	0.092709	3.66	0.34	49.22
74	0.25	0.190406	0.10128	3.93	0.07	48.95
74	0.3	0.190177	0.103565	3.99	0.01	48.89
74	0.35	0.190177	0.103565	3.99	0.01	48.89
74	0.4	0.190157	0.104353	4	0	48.88
77	0.1	0.184386	0.0388521	1.91	2.09	51.71
77	0.15	0.192317	0.0739558	3.11	0.89	50.53
77	0.2	0.189428	0.0924216	3.78	0.22	49.88
77	0.25	0.187783	0.0976335	3.96	0.04	49.71
77	0.3	0.187682	0.0997173	4	0	49.67
77	0.35	0.187682	0.0997173	4	0	49.67
77	0.4	0.187682	0.0997173	4	0	49.67
80	0.1	0.182244	0.0413268	2.1	1.9	55
80	0.15	0.187599	0.0727036	3.25	0.75	53.88
80	0.2	0.183874	0.0867253	3.81	0.19	53.34
80	0.25	0.182791	0.0920079	3.96	0.04	53.19
80	0.3	0.182491	0.0930404	3.99	0.01	53.16
80	0.35	0.182491	0.0935034	4	0	53.15
80	0.4	0.182491	0.0935034	4	0	53.15
83	0.1	0.173352	0.0428658	2.04	1.96	55.34
83	0.15	0.192371	0.0749277	3.06	0.94	54.32
83	0.2	0.189456	0.0912794	3.73	0.27	53.66
83	0.25	0.188901	0.0966258	3.92	0.08	53.47
83	0.3	0.188849	0.099777	4	0	53.39
83	0.35	0.188849	0.099777	4	0	53.39
83	0.4	0.188849	0.099777	4	0	53.39
86	0.1	0.172465	0.0392395	1.96	2.04	57.51
86	0.15	0.188541	0.071257	2.91	1.09	56.57
86	0.2	0.180824	0.0901021	3.64	0.36	55.85
86	0.25	0.178585	0.0996064	3.95	0.05	55.54
86	0.3	0.178405	0.101439	4	0	55.49
86	0.35	0.178405	0.101439	4	0	55.49
86	0.4	0.178405	0.101439	4	0	55.49
89	0.1	0.175578	0.0436661	2.07	1.93	57.74
89	0.15	0.186627	0.0735767	3.17	0.83	56.66
89	0.2	0.186097	0.0862808	3.64	0.36	56.19
89	0.25	0.185354	0.0956062	3.91	0.09	55.93
89	0.3	0.185278	0.0998177	4	0	55.84
89	0.35	0.185278	0.0998177	4	0	55.84
89	0.4	0.185278	0.0998177	4	0	55.84
92	0.1	0.176536	0.0452929	2.02	1.98	57.04
92	0.15	0.188716	0.0750817	3.12	0.88	55.95
92	0.2	0.186679	0.0922943	3.78	0.22	55.3
92	0.25	0.186265	0.0978318	3.98	0.02	55.12
92	0.3	0.186234	0.0985664	4	0	55.1
92	0.35	0.186234	0.0985664	4	0	55.1
92	0.4	0.186234	0.0985664	4	0	55.1
95	0.1	0.174645	0.0403375	1.97	2.03	59.56
95	0.15	0.185366	0.0720471	3.05	0.95	58.5
95	0.2	0.178635	0.0899418	3.71	0.29	57.85
95	0.25	0.17816	0.0977842	3.94	0.06	57.63
95	0.3	0.17803	0.100153	4	0	57.57
95	0.35	0.17803	0.100153	4	0	57.57
95	0.4	0.17803	0.100153	4	0	57.57
98	0.1	0.17302	0.0409379	2.1	1.9	60.49
98	0.15	0.183993	0.0726062	3.22	0.78	59.38
98	0.2	0.182695	0.0876884	3.77	0.23	58.84
98	0.25	0.182303	0.0938626	3.97	0.03	58.64
98	0.3	0.182123	0.094822	4	0	58.61
98	0.35	0.182123	0.094822	4	0	58.61
98	0.4	0.182123	0.094822	4	0	58.61
101	0.1	0.180303	0.0394837	2.3	1.7	61.59
101	0.15	0.186305	0.0685835	3.38	0.62	60.55
101	0.2	0.183253	0.0781182	3.77	0.23	60.16
101	0.25	0.181572	0.0851178	3.96	0.04	59.98
101	0.3	0.181489	0.0866236	3.99	0.01	59.95
101	0.35	0.181472	0.0870507	4	0	59.94
101	0.4	0.181472	0.0870507	4	0	59.94
104	0.1	0.18152	0.0438265	2.23	1.77	60.74
104	0.15	0.189748	0.0692682	3.21	0.79	59.77
104	0.2	0.18764	0.0853074	3.81	0.19	59.2
104	0.25	0.187346	0.0895983	3.94	0.06	59.07
104	0.3	0.187165	0.0920988	4	0	59.01
104	0.35	0.187165	0.0920988	4	0	59.01
104	0.4	0.187165	0.0920988	4	0	59.01
107	0.1	0.17642	0.0409138	2.31	1.69	63.64
107	0.15	0.182948	0.064699	3.24	0.76	62.72
107	0.2	0.179653	0.0812289	3.82	0.18	62.16
107	0.25	0.17952	0.0860275	3.96	0.04	62.02
107	0.3	0.179429	0.0878357	4	0	61.98
107	0.35	0.179429	0.0878357	4	0	61.98
107	0.4	0.179429	0.0878357	4	0	61.98
110	0.1	0.165359	0.0417116	2.11	1.89	63.29
110	0.15	0.172066	0.071118	3.18	0.82	62.22
110	0.2	0.174846	0.0864225	3.75	0.25	61.66
110	0.25	0.17453	0.0939045	3.98	0.02	61.43
110	0.3	0.174524	0.0946271	4	0	61.41
110	0.35	0.174524	0.0946271	4	0	61.41
110	0.4	0.174524	0.0946271	4	0	61.41
113	0.1	0.175357	0.0413153	2.25	1.75	62.38
113	0.15	0.177842	0.0663436	3.19	0.81	61.47
113	0.2	0.176256	0.0815901	3.76	0.24	60.94
113	0.25	0.175899	0.0883029	3.94	0.06	60.76
113	0.3	0.175775	0.091022	4	0	60.7
113	0.35	0.175775	0.091022	4	0	60.7
113	0.4	0.175775	0.091022	4	0	60.7
116	0.1	0.165612	0.0410976	2.31	1.69	62.6
116	0.15	0.180738	0.068703	3.23	0.77	61.68
116	0.2	0.17855	0.0808057	3.75	0.25	61.16
116	0.25	0.177742	0.087984	3.96	0.04	60.95
116	0.3	0.177677	0.0891835	3.99	0.01	60.92
116	0.35	0.177677	0.0897087	4	0	60.91
116	0.4	0.177677	0.0897087	4	0	60.91
119	0.1	0.161544	0.0323061	2.03	1.97	65.67
119	0.15	0.181986	0.0706553	3.18	0.82	64.52
119	0.2	0.177574	0.0858938	3.8	0.2	63.91
119	0.25	0.176859	0.0907772	3.95	0.05	63.76
119	0.3	0.176689	0.0928898	4	0	63.71
119	0.35	0.176689	0.0928898	4	0	63.71
119	0.4	0.176689	0.0928898	4	0	63.71
