var	minCostFlow
5	0.423173
5	0.510594
5	0.51683
5	0.500762
5	0.244466
5	0.637401
5	0.30872
5	0.444376
5	0.68909
5	0.444738
5	0.388586
5	0.611216
5	0.57114
5	0.473911
5	0.346336
5	0.447585
5	0.625558
5	0.599248
5	0.626488
5	0.420153
5	0.330009
5	0.441271
5	0.476068
5	0.571081
5	0.425813
5	0.259844
5	0.385727
5	0.591446
5	0.604638
5	0.588652
5	0.340671
5	0.408088
5	0.480485
5	0.361519
5	0.623639
5	0.432886
5	0.240451
5	0.60313
5	0.247375
5	0.463131
5	0.375442
5	0.492986
5	0.51704
5	0.320558
5	0.631221
5	0.559611
5	0.616221
5	0.446633
5	0.513591
5	0.348787
5	0.469166
5	0.594525
5	0.337736
5	0.475426
5	0.55237
5	0.421501
5	0.671477
5	0.550932
5	0.272709
5	0.360812
5	0.626917
5	0.601878
5	0.656587
5	0.403519
5	0.360867
5	0.538374
5	0.472866
5	0.387454
5	0.489059
5	0.609799
5	0.395598
5	0.48886
5	0.311133
5	0.45353
5	0.430467
5	0.453059
5	0.579934
5	0.632157
5	0.58783
5	0.352938
5	0.562003
5	0.248564
5	0.368034
5	0.671051
5	0.588694
5	0.57111
5	0.287394
5	0.517934
5	0.53216
5	0.301832
5	0.567452
5	0.568966
5	0.548723
5	0.482216
5	0.445695
5	0.469392
5	0.561598
5	0.435807
5	0.519335
5	0.196399
8	0.181897
8	0.544049
8	0.348899
8	0.300354
8	0.345085
8	0.280375
8	0.419294
8	0.258905
8	0.289224
8	0.209972
8	0.30285
8	0.284416
8	0.362392
8	0.303876
8	0.452453
8	0.370893
8	0.412447
8	0.265564
8	0.335535
8	0.549574
8	0.269305
8	0.180457
8	0.219569
8	0.239288
8	0.173389
8	0.34232
8	0.428818
8	0.359301
8	0.280857
8	0.2952
8	0.305424
8	0.430615
8	0.224701
8	0.516956
8	0.289443
8	0.358688
8	0.232666
8	0.405796
8	0.235704
8	0.336861
8	0.364225
8	0.373522
8	0.276566
8	0.458487
8	0.422945
8	0.374471
8	0.224692
8	0.22261
8	0.462276
8	0.390281
8	0.372341
8	0.40052
8	0.344115
8	0.432502
8	0.412314
8	0.345972
8	0.397945
8	0.176606
8	0.218072
8	0.39422
8	0.358876
8	0.178403
8	0.336564
8	0.43928
8	0.360563
8	0.491614
8	0.539476
8	0.298829
8	0.346516
8	0.187233
8	0.272017
8	0.237446
8	0.244341
8	0.345269
8	0.278547
8	0.391821
8	0.460368
8	0.281501
8	0.567315
8	0.339873
8	0.465978
8	0.276793
8	0.383597
8	0.456593
8	0.238064
8	0.359654
8	0.414099
8	0.488269
8	0.360996
8	0.295188
8	0.499185
8	0.463014
8	0.239945
8	0.399804
8	0.375781
8	0.168628
8	0.303286
8	0.20664
8	0.387718
8	0.404724
11	0.419463
11	0.253454
11	0.230402
11	0.286641
11	0.269055
11	0.336477
11	0.162118
11	0.285436
11	0.23373
11	0.160274
11	0.497074
11	0.300179
11	0.343429
11	0.330909
11	0.236013
11	0.342899
11	0.370481
11	0.196906
11	0.26411
11	0.224469
11	0.295261
11	0.207907
11	0.259038
11	0.216856
11	0.292944
11	0.167025
11	0.190452
11	0.317581
11	0.252751
11	0.164656
11	0.228769
11	0.201619
11	0.33274
11	0.237677
11	0.218836
11	0.274247
11	0.263932
11	0.201192
11	0.234465
11	0.19521
11	0.290255
11	0.169209
11	0.225512
11	0.198223
11	0.295887
11	0.214614
11	0.225808
11	0.150668
11	0.2435
11	0.2538
11	0.414403
11	0.276802
11	0.378983
11	0.261307
11	0.331642
11	0.240539
11	0.228867
11	0.28358
11	0.292203
11	0.20714
11	0.237006
11	0.17833
11	0.233879
11	0.337666
11	0.359038
11	0.191607
11	0.371073
11	0.195807
11	0.337239
11	0.212907
11	0.19239
11	0.220106
11	0.245091
11	0.191616
11	0.334689
11	0.167634
11	0.191943
11	0.285117
11	0.287952
11	0.321326
11	0.250392
11	0.258176
11	0.267307
11	0.300356
11	0.324139
11	0.287168
11	0.332668
11	0.179275
11	0.280979
11	0.250153
11	0.307742
11	0.30685
11	0.320736
11	0.463638
11	0.247903
11	0.355925
11	0.320767
11	0.313286
11	0.303392
11	0.23573
14	0.286826
14	0.253955
14	0.351521
14	0.267159
14	0.334194
14	0.278698
14	0.184448
14	0.184712
14	0.109818
14	0.254078
14	0.297216
14	0.307709
14	0.175953
14	0.337252
14	0.311357
14	0.295009
14	0.222017
14	0.1719
14	0.189568
14	0.19932
14	0.226438
14	0.270525
14	0.195023
14	0.323567
14	0.146645
14	0.279912
14	0.242628
14	0.153997
14	0.381546
14	0.2716
14	0.232284
14	0.199847
14	0.291796
14	0.289715
14	0.154941
14	0.262561
14	0.237396
14	0.237749
14	0.261668
14	0.208183
14	0.278764
14	0.323373
14	0.217869
14	0.217961
14	0.242756
14	0.275518
14	0.212763
14	0.218013
14	0.238866
14	0.292529
14	0.220038
14	0.273272
14	0.255755
14	0.21198
14	0.254882
14	0.181043
14	0.339463
14	0.258163
14	0.271223
14	0.248956
14	0.288021
14	0.283368
14	0.243366
14	0.177514
14	0.179628
14	0.207367
14	0.103271
14	0.133913
14	0.275278
14	0.263699
14	0.186538
14	0.231517
14	0.190458
14	0.184687
14	0.225383
14	0.181218
14	0.189425
14	0.306299
14	0.171248
14	0.239068
14	0.24425
14	0.283709
14	0.290797
14	0.219749
14	0.273274
14	0.264757
14	0.250767
14	0.233176
14	0.321741
14	0.241186
14	0.228747
14	0.251333
14	0.334947
14	0.170591
14	0.190876
14	0.179673
14	0.179738
14	0.298292
14	0.202947
14	0.200659
17	0.264374
17	0.279411
17	0.138876
17	0.167559
17	0.26193
17	0.23845
17	0.248882
17	0.207244
17	0.240248
17	0.286101
17	0.120221
17	0.288174
17	0.235093
17	0.215078
17	0.287256
17	0.25077
17	0.208153
17	0.236394
17	0.189212
17	0.254689
17	0.305532
17	0.208577
17	0.246326
17	0.232163
17	0.212803
17	0.23533
17	0.188803
17	0.287727
17	0.248536
17	0.179713
17	0.283375
17	0.233929
17	0.163852
17	0.284187
17	0.23408
17	0.221347
17	0.117592
17	0.248894
17	0.239946
17	0.161552
17	0.267743
17	0.250116
17	0.178332
17	0.190503
17	0.16333
17	0.274142
17	0.164409
17	0.298107
17	0.210373
17	0.167798
17	0.254034
17	0.296843
17	0.212124
17	0.215962
17	0.183479
17	0.177952
17	0.197138
17	0.215061
17	0.145855
17	0.231166
17	0.327297
17	0.306462
17	0.18901
17	0.242341
17	0.151887
17	0.123363
17	0.278728
17	0.206395
17	0.377047
17	0.212503
17	0.22765
17	0.203406
17	0.167218
17	0.253869
17	0.278053
17	0.365183
17	0.188484
17	0.317346
17	0.244568
17	0.216815
17	0.283616
17	0.175175
17	0.22165
17	0.220859
17	0.240537
17	0.206061
17	0.253158
17	0.285268
17	0.235585
17	0.301823
17	0.252336
17	0.180348
17	0.238241
17	0.360728
17	0.176723
17	0.193397
17	0.150638
17	0.287389
17	0.21645
17	0.253061
20	0.198183
20	0.231973
20	0.23231
20	0.218704
20	0.225761
20	0.243363
20	0.20373
20	0.262351
20	0.199812
20	0.138024
20	0.215835
20	0.244531
20	0.183276
20	0.2077
20	0.229759
20	0.145173
20	0.193622
20	0.296856
20	0.268707
20	0.313452
20	0.288913
20	0.22241
20	0.25742
20	0.247291
20	0.270053
20	0.199391
20	0.291611
20	0.257406
20	0.159078
20	0.295308
20	0.216548
20	0.353929
20	0.292819
20	0.206104
20	0.262294
20	0.161336
20	0.153615
20	0.263245
20	0.204601
20	0.183675
20	0.16917
20	0.191751
20	0.238917
20	0.165326
20	0.223839
20	0.262738
20	0.11179
20	0.141973
20	0.257247
20	0.198898
20	0.146045
20	0.180683
20	0.277536
20	0.304663
20	0.272389
20	0.206184
20	0.208959
20	0.2469
20	0.177622
20	0.147305
20	0.195936
20	0.230814
20	0.269517
20	0.237269
20	0.252386
20	0.231546
20	0.199104
20	0.166376
20	0.288831
20	0.176245
20	0.272593
20	0.327264
20	0.226856
20	0.158831
20	0.273106
20	0.302858
20	0.276476
20	0.212701
20	0.240317
20	0.204205
20	0.230225
20	0.207909
20	0.242483
20	0.25048
20	0.20211
20	0.206784
20	0.159003
20	0.195376
20	0.208142
20	0.202085
20	0.233363
20	0.230846
20	0.207404
20	0.112833
20	0.290153
20	0.339318
20	0.211609
20	0.18551
20	0.215418
20	0.15971
23	0.248726
23	0.135638
23	0.216826
23	0.206505
23	0.244139
23	0.248833
23	0.190209
23	0.178524
23	0.19128
23	0.333873
23	0.11538
23	0.168595
23	0.200277
23	0.114832
23	0.199565
23	0.273848
23	0.288355
23	0.186533
23	0.235034
23	0.258309
23	0.175965
23	0.245822
23	0.224384
23	0.232823
23	0.13382
23	0.160189
23	0.21677
23	0.24361
23	0.258961
23	0.15779
23	0.284494
23	0.192295
23	0.210872
23	0.26078
23	0.223203
23	0.152958
23	0.182831
23	0.244513
23	0.204768
23	0.203469
23	0.191937
23	0.364423
23	0.237603
23	0.154492
23	0.22718
23	0.203164
23	0.17292
23	0.307942
23	0.276188
23	0.237414
23	0.18714
23	0.267277
23	0.271763
23	0.142023
23	0.244116
23	0.278997
23	0.19133
23	0.13526
23	0.265572
23	0.153021
23	0.278456
23	0.114039
23	0.26564
23	0.227405
23	0.322954
23	0.181188
23	0.221141
23	0.229332
23	0.211965
23	0.229169
23	0.260184
23	0.26105
23	0.256974
23	0.208123
23	0.284585
23	0.275187
23	0.282552
23	0.213413
23	0.284899
23	0.210274
23	0.319367
23	0.207932
23	0.111352
23	0.272007
23	0.191966
23	0.154176
23	0.233345
23	0.283422
23	0.235549
23	0.0887427
23	0.281104
23	0.274399
23	0.217289
23	0.261511
23	0.141845
23	0.194267
23	0.25768
23	0.203578
23	0.17295
23	0.181439
26	0.132351
26	0.209862
26	0.217017
26	0.231806
26	0.178205
26	0.305727
26	0.311703
26	0.194643
26	0.286323
26	0.187989
26	0.234842
26	0.18358
26	0.209617
26	0.229699
26	0.209206
26	0.222291
26	0.239181
26	0.126208
26	0.292322
26	0.15624
26	0.205582
26	0.215169
26	0.260509
26	0.184103
26	0.119355
26	0.203835
26	0.192338
26	0.234597
26	0.196176
26	0.300168
26	0.276313
26	0.219736
26	0.25149
26	0.253216
26	0.150972
26	0.166873
26	0.167425
26	0.2252
26	0.240152
26	0.204567
26	0.225927
26	0.246493
26	0.20145
26	0.192466
26	0.127874
26	0.236544
26	0.180491
26	0.325528
26	0.112796
26	0.175366
26	0.192322
26	0.171582
26	0.183225
26	0.134044
26	0.177656
26	0.257217
26	0.297821
26	0.249857
26	0.1818
26	0.225113
26	0.0911157
26	0.100824
26	0.194553
26	0.168912
26	0.149083
26	0.243475
26	0.197808
26	0.224523
26	0.154242
26	0.270542
26	0.195196
26	0.205121
26	0.283481
26	0.236566
26	0.198067
26	0.147586
26	0.195005
26	0.214824
26	0.187604
26	0.273222
26	0.286183
26	0.293106
26	0.238052
26	0.184441
26	0.273102
26	0.139626
26	0.206052
26	0.251549
26	0.245022
26	0.184251
26	0.286699
26	0.254526
26	0.208334
26	0.240413
26	0.234463
26	0.232196
26	0.198557
26	0.271209
26	0.160431
26	0.280839
29	0.156385
29	0.208118
29	0.230148
29	0.183814
29	0.273533
29	0.198774
29	0.247626
29	0.134877
29	0.22148
29	0.201449
29	0.224247
29	0.146914
29	0.210383
29	0.294949
29	0.188504
29	0.185511
29	0.189875
29	0.163724
29	0.144951
29	0.15192
29	0.213153
29	0.170332
29	0.254687
29	0.219437
29	0.100487
29	0.179457
29	0.210696
29	0.254435
29	0.221926
29	0.210562
29	0.228679
29	0.241119
29	0.221674
29	0.215946
29	0.266492
29	0.254267
29	0.191122
29	0.270101
29	0.273532
29	0.223959
29	0.149483
29	0.236121
29	0.286655
29	0.194513
29	0.209708
29	0.203746
29	0.246327
29	0.159174
29	0.270793
29	0.169378
29	0.206069
29	0.170387
29	0.230586
29	0.242006
29	0.179368
29	0.252808
29	0.186273
29	0.230412
29	0.154943
29	0.180442
29	0.315842
29	0.136346
29	0.182698
29	0.13715
29	0.159622
29	0.172548
29	0.240893
29	0.180327
29	0.196169
29	0.168338
29	0.193822
29	0.19478
29	0.256088
29	0.264872
29	0.221083
29	0.241372
29	0.181711
29	0.215769
29	0.219543
29	0.245424
29	0.164072
29	0.18725
29	0.275872
29	0.27351
29	0.20773
29	0.184762
29	0.244942
29	0.235612
29	0.20917
29	0.238054
29	0.295225
29	0.189491
29	0.215833
29	0.144603
29	0.225201
29	0.248714
29	0.269882
29	0.23777
29	0.17904
29	0.231817
32	0.263346
32	0.278966
32	0.209297
32	0.212122
32	0.232009
32	0.239917
32	0.261875
32	0.258136
32	0.141118
32	0.110739
32	0.258667
32	0.168337
32	0.174016
32	0.21989
32	0.11131
32	0.224067
32	0.282134
32	0.237099
32	0.234334
32	0.164498
32	0.27461
32	0.214893
32	0.179696
32	0.245979
32	0.300791
32	0.225815
32	0.216811
32	0.205195
32	0.16966
32	0.202638
32	0.183734
32	0.206998
32	0.25142
32	0.194034
32	0.215046
32	0.231215
32	0.215511
32	0.23574
32	0.227247
32	0.176389
32	0.200352
32	0.228934
32	0.173211
32	0.246142
32	0.208311
32	0.190613
32	0.252944
32	0.288291
32	0.203122
32	0.243452
32	0.248457
32	0.188932
32	0.267264
32	0.0719673
32	0.209782
32	0.207702
32	0.212321
32	0.187338
32	0.264336
32	0.256454
32	0.243366
32	0.276018
32	0.207755
32	0.249149
32	0.276794
32	0.142942
32	0.247362
32	0.182269
32	0.136693
32	0.291383
32	0.170526
32	0.129202
32	0.146692
32	0.255087
32	0.186495
32	0.233262
32	0.232505
32	0.280654
32	0.281485
32	0.257464
32	0.19272
32	0.204381
32	0.222812
32	0.18979
32	0.25209
32	0.224748
32	0.161736
32	0.0955309
32	0.233198
32	0.177451
32	0.259669
32	0.113168
32	0.246843
32	0.154912
32	0.245996
32	0.255723
32	0.242569
32	0.222648
32	0.197812
32	0.242718
35	0.150612
35	0.228746
35	0.258493
35	0.28271
35	0.246299
35	0.223175
35	0.28398
35	0.176779
35	0.189629
35	0.149118
35	0.100707
35	0.200496
35	0.210963
35	0.18311
35	0.200846
35	0.255558
35	0.193792
35	0.304183
35	0.267051
35	0.210452
35	0.213568
35	0.32555
35	0.204775
35	0.203508
35	0.205595
35	0.183445
35	0.226052
35	0.242767
35	0.182988
35	0.243767
35	0.203904
35	0.234019
35	0.197941
35	0.190367
35	0.248695
35	0.208534
35	0.244287
35	0.147134
35	0.181276
35	0.1611
35	0.210083
35	0.182694
35	0.283564
35	0.169456
35	0.177098
35	0.234471
35	0.214546
35	0.27973
35	0.230711
35	0.185508
35	0.238129
35	0.218222
35	0.197199
35	0.212654
35	0.233472
35	0.163094
35	0.243534
35	0.129064
35	0.196233
35	0.173713
35	0.120468
35	0.166328
35	0.232525
35	0.192675
35	0.227252
35	0.300487
35	0.249991
35	0.244689
35	0.279373
35	0.245904
35	0.260495
35	0.202133
35	0.297258
35	0.286177
35	0.165092
35	0.141833
35	0.217525
35	0.31426
35	0.261292
35	0.193292
35	0.177489
35	0.213166
35	0.240156
35	0.168634
35	0.205153
35	0.228404
35	0.105357
35	0.204823
35	0.181986
35	0.211114
35	0.249556
35	0.236522
35	0.223589
35	0.146515
35	0.231622
35	0.203208
35	0.213906
35	0.228791
35	0.217358
35	0.23998
38	0.083784
38	0.198107
38	0.188364
38	0.195331
38	0.273693
38	0.172839
38	0.152975
38	0.24132
38	0.278309
38	0.152833
38	0.269225
38	0.268055
38	0.141625
38	0.244635
38	0.229881
38	0.171506
38	0.192095
38	0.151279
38	0.161038
38	0.195976
38	0.213313
38	0.197718
38	0.117284
38	0.285373
38	0.240374
38	0.193712
38	0.24173
38	0.18227
38	0.14057
38	0.184069
38	0.165447
38	0.232173
38	0.199058
38	0.26203
38	0.247357
38	0.187404
38	0.123423
38	0.2027
38	0.235894
38	0.197488
38	0.205014
38	0.216909
38	0.239569
38	0.231917
38	0.225514
38	0.239363
38	0.262098
38	0.140262
38	0.187614
38	0.166792
38	0.192896
38	0.322622
38	0.273325
38	0.249135
38	0.154877
38	0.208465
38	0.156348
38	0.211052
38	0.19902
38	0.243495
38	0.183891
38	0.228909
38	0.166875
38	0.146757
38	0.155965
38	0.179993
38	0.149564
38	0.174452
38	0.259112
38	0.270416
38	0.195241
38	0.247338
38	0.176155
38	0.204742
38	0.147384
38	0.16572
38	0.137144
38	0.172279
38	0.148062
38	0.251905
38	0.230954
38	0.334707
38	0.177357
38	0.234793
38	0.212404
38	0.175194
38	0.251193
38	0.232588
38	0.194196
38	0.194565
38	0.183123
38	0.178807
38	0.265107
38	0.126878
38	0.178914
38	0.240613
38	0.157964
38	0.291
38	0.196322
38	0.271026
41	0.234913
41	0.237085
41	0.124783
41	0.203738
41	0.205823
41	0.168708
41	0.140231
41	0.181722
41	0.118269
41	0.233415
41	0.158982
41	0.0943255
41	0.202412
41	0.296915
41	0.198336
41	0.141101
41	0.12748
41	0.204756
41	0.139161
41	0.140537
41	0.28416
41	0.229749
41	0.14965
41	0.184259
41	0.234138
41	0.263625
41	0.181374
41	0.158428
41	0.237266
41	0.229994
41	0.152333
41	0.127333
41	0.237051
41	0.199015
41	0.247663
41	0.260375
41	0.208748
41	0.234547
41	0.194025
41	0.195645
41	0.176622
41	0.221041
41	0.132085
41	0.255137
41	0.126407
41	0.219806
41	0.147229
41	0.1818
41	0.146929
41	0.225596
41	0.171167
41	0.25522
41	0.233113
41	0.294457
41	0.074305
41	0.208208
41	0.138367
41	0.15363
41	0.271604
41	0.196947
41	0.212019
41	0.267572
41	0.134655
41	0.283598
41	0.269526
41	0.139099
41	0.185054
41	0.190518
41	0.259828
41	0.169423
41	0.248204
41	0.199124
41	0.194898
41	0.192779
41	0.198144
41	0.202856
41	0.177071
41	0.219777
41	0.186797
41	0.163849
41	0.233523
41	0.211841
41	0.198376
41	0.214541
41	0.226299
41	0.197769
41	0.245632
41	0.206872
41	0.296136
41	0.24575
41	0.204827
41	0.282624
41	0.252629
41	0.20954
41	0.203683
41	0.171972
41	0.221481
41	0.194346
41	0.219281
41	0.204238
44	0.164397
44	0.309347
44	0.146772
44	0.237873
44	0.216993
44	0.129355
44	0.265892
44	0.219498
44	0.222657
44	0.214571
44	0.163628
44	0.172949
44	0.17326
44	0.150799
44	0.089612
44	0.251779
44	0.123928
44	0.20416
44	0.241992
44	0.263776
44	0.14661
44	0.141692
44	0.204682
44	0.146179
44	0.212016
44	0.144249
44	0.199793
44	0.20572
44	0.133751
44	0.140419
44	0.236227
44	0.236975
44	0.220934
44	0.278385
44	0.22189
44	0.129688
44	0.173338
44	0.149262
44	0.154745
44	0.186102
44	0.162234
44	0.221625
44	0.163386
44	0.178853
44	0.210218
44	0.21197
44	0.187587
44	0.223482
44	0.189323
44	0.152109
44	0.183877
44	0.210384
44	0.254041
44	0.155067
44	0.230603
44	0.153406
44	0.207588
44	0.216895
44	0.241268
44	0.283619
44	0.249276
44	0.186484
44	0.123091
44	0.288158
44	0.187997
44	0.175663
44	0.110048
44	0.268955
44	0.147713
44	0.183249
44	0.264599
44	0.186691
44	0.261974
44	0.173592
44	0.181538
44	0.2297
44	0.180811
44	0.167908
44	0.235012
44	0.185543
44	0.165033
44	0.18113
44	0.184878
44	0.157431
44	0.109471
44	0.238562
44	0.213272
44	0.251077
44	0.213204
44	0.190989
44	0.184494
44	0.246907
44	0.167615
44	0.189561
44	0.179356
44	0.223044
44	0.208258
44	0.215329
44	0.213901
44	0.135251
47	0.220124
47	0.176765
47	0.177234
47	0.153692
47	0.169137
47	0.205122
47	0.125777
47	0.247852
47	0.22433
47	0.217623
47	0.129716
47	0.23341
47	0.234334
47	0.156824
47	0.254284
47	0.158091
47	0.250191
47	0.223634
47	0.200758
47	0.278369
47	0.186922
47	0.181731
47	0.164625
47	0.206574
47	0.180831
47	0.221649
47	0.244615
47	0.212909
47	0.20171
47	0.202507
47	0.068301
47	0.100079
47	0.246151
47	0.195256
47	0.235652
47	0.195184
47	0.260194
47	0.130709
47	0.198801
47	0.213438
47	0.241059
47	0.180697
47	0.158107
47	0.185899
47	0.14279
47	0.155979
47	0.27351
47	0.215469
47	0.208099
47	0.157785
47	0.121515
47	0.295337
47	0.102959
47	0.233331
47	0.213585
47	0.208195
47	0.214482
47	0.190148
47	0.151204
47	0.171861
47	0.134137
47	0.194957
47	0.196771
47	0.184317
47	0.177392
47	0.193628
47	0.0796804
47	0.246353
47	0.208852
47	0.0670991
47	0.140661
47	0.135973
47	0.243191
47	0.230383
47	0.301866
47	0.196237
47	0.150702
47	0.133514
47	0.086527
47	0.215311
47	0.217002
47	0.153051
47	0.259688
47	0.258966
47	0.193614
47	0.215655
47	0.251309
47	0.198683
47	0.290232
47	0.221467
47	0.176431
47	0.12694
47	0.172399
47	0.122413
47	0.241806
47	0.130922
47	0.227135
47	0.18912
47	0.163268
47	0.0912735
50	0.210715
50	0.276452
50	0.252419
50	0.14657
50	0.194768
50	0.221612
50	0.243694
50	0.263858
50	0.252222
50	0.244188
50	0.274893
50	0.186151
50	0.145934
50	0.192932
50	0.244639
50	0.235262
50	0.258832
50	0.17405
50	0.273835
50	0.226193
50	0.160739
50	0.220247
50	0.175274
50	0.254887
50	0.206255
50	0.224215
50	0.19385
50	0.122081
50	0.318446
50	0.12115
50	0.166455
50	0.167163
50	0.219963
50	0.116867
50	0.295892
50	0.148582
50	0.260993
50	0.17093
50	0.167843
50	0.156026
50	0.236236
50	0.244839
50	0.251718
50	0.119278
50	0.236267
50	0.135595
50	0.187599
50	0.122384
50	0.208712
50	0.134941
50	0.180799
50	0.10883
50	0.236255
50	0.241541
50	0.226393
50	0.131342
50	0.0973787
50	0.210083
50	0.298954
50	0.218418
50	0.146905
50	0.248487
50	0.204537
50	0.229118
50	0.199262
50	0.201356
50	0.158537
50	0.22204
50	0.165442
50	0.246442
50	0.231038
50	0.284945
50	0.234409
50	0.245102
50	0.161594
50	0.226873
50	0.201683
50	0.165462
50	0.300002
50	0.23612
50	0.211623
50	0.207428
50	0.191082
50	0.218028
50	0.25886
50	0.169046
50	0.125636
50	0.190184
50	0.246041
50	0.131566
50	0.141774
50	0.270704
50	0.171042
50	0.254756
50	0.221395
50	0.140537
50	0.196354
50	0.194967
50	0.235193
50	0.171338
53	0.181981
53	0.212859
53	0.212576
53	0.14016
53	0.192194
53	0.212812
53	0.201763
53	0.141315
53	0.279111
53	0.24553
53	0.213795
53	0.208675
53	0.241277
53	0.138291
53	0.18971
53	0.208235
53	0.209269
53	0.173858
53	0.207468
53	0.189239
53	0.209783
53	0.188938
53	0.186585
53	0.231932
53	0.267191
53	0.244003
53	0.249125
53	0.184419
53	0.194474
53	0.237088
53	0.117759
53	0.205472
53	0.228505
53	0.213043
53	0.15336
53	0.235775
53	0.324451
53	0.141916
53	0.167014
53	0.118451
53	0.25359
53	0.23
53	0.156616
53	0.250308
53	0.228213
53	0.197794
53	0.149363
53	0.133325
53	0.195428
53	0.190619
53	0.26679
53	0.203905
53	0.173093
53	0.224603
53	0.142838
53	0.229842
53	0.172449
53	0.171299
53	0.273424
53	0.219022
53	0.101669
53	0.153016
53	0.205147
53	0.052757
53	0.194548
53	0.199093
53	0.231879
53	0.142853
53	0.168703
53	0.206471
53	0.187885
53	0.163777
53	0.14994
53	0.190842
53	0.150444
53	0.218044
53	0.175218
53	0.101155
53	0.229948
53	0.211385
53	0.136144
53	0.24396
53	0.163617
53	0.138385
53	0.141206
53	0.16425
53	0.289295
53	0.105074
53	0.211095
53	0.221229
53	0.230646
53	0.144023
53	0.183169
53	0.195758
53	0.181906
53	0.236877
53	0.204318
53	0.148344
53	0.21757
53	0.159719
56	0.129913
56	0.151645
56	0.109726
56	0.1391
56	0.168199
56	0.17315
56	0.168344
56	0.145906
56	0.293787
56	0.1544
56	0.215214
56	0.115222
56	0.170345
56	0.174512
56	0.206182
56	0.226998
56	0.173912
56	0.165993
56	0.204433
56	0.130243
56	0.158301
56	0.226426
56	0.205147
56	0.190911
56	0.179549
56	0.243289
56	0.215829
56	0.208303
56	0.242112
56	0.177877
56	0.195327
56	0.131646
56	0.0888174
56	0.133931
56	0.18624
56	0.174933
56	0.19929
56	0.273898
56	0.187211
56	0.198915
56	0.287735
56	0.210697
56	0.245846
56	0.21234
56	0.177853
56	0.123784
56	0.230902
56	0.116184
56	0.235284
56	0.198063
56	0.16588
56	0.15663
56	0.174274
56	0.282531
56	0.17659
56	0.232363
56	0.248256
56	0.209651
56	0.253503
56	0.192005
56	0.239043
56	0.269816
56	0.122251
56	0.229207
56	0.240482
56	0.216152
56	0.204248
56	0.192046
56	0.218983
56	0.123332
56	0.175312
56	0.132061
56	0.149217
56	0.235812
56	0.270184
56	0.271395
56	0.235717
56	0.101521
56	0.245614
56	0.256102
56	0.210618
56	0.181338
56	0.164491
56	0.222379
56	0.147423
56	0.247078
56	0.137907
56	0.214591
56	0.222705
56	0.0474793
56	0.162548
56	0.306205
56	0.21357
56	0.177594
56	0.2716
56	0.167207
56	0.194271
56	0.197347
56	0.149845
56	0.212281
59	0.152852
59	0.26772
59	0.164032
59	0.159961
59	0.298896
59	0.113253
59	0.150846
59	0.26527
59	0.15021
59	0.155633
59	0.247316
59	0.199651
59	0.235148
59	0.222359
59	0.170162
59	0.173323
59	0.182764
59	0.154289
59	0.120461
59	0.161956
59	0.213658
59	0.187309
59	0.135058
59	0.121044
59	0.214218
59	0.259115
59	0.229521
59	0.174016
59	0.259272
59	0.208986
59	0.126513
59	0.114676
59	0.192488
59	0.179956
59	0.137668
59	0.117767
59	0.216054
59	0.106041
59	0.241664
59	0.227245
59	0.240607
59	0.255235
59	0.209089
59	0.254222
59	0.243883
59	0.246613
59	0.214292
59	0.275893
59	0.167798
59	0.166693
59	0.192247
59	0.176758
59	0.239885
59	0.14373
59	0.101274
59	0.221968
59	0.220209
59	0.126012
59	0.260001
59	0.249416
59	0.266057
59	0.178372
59	0.21382
59	0.183704
59	0.186774
59	0.221788
59	0.166939
59	0.217195
59	0.192363
59	0.189845
59	0.148213
59	0.162906
59	0.106833
59	0.119419
59	0.115319
59	0.270074
59	0.161299
59	0.224091
59	0.192044
59	0.200103
59	0.318298
59	0.147064
59	0.183917
59	0.263905
59	0.232129
59	0.223668
59	0.0931027
59	0.196422
59	0.275069
59	0.105836
59	0.197214
59	0.166342
59	0.212551
59	0.18381
59	0.307943
59	0.19982
59	0.252226
59	0.20189
59	0.231811
59	0.158679
62	0.108505
62	0.142368
62	0.249686
62	0.301409
62	0.257355
62	0.236383
62	0.126495
62	0.284332
62	0.243128
62	0.339742
62	0.150807
62	0.215661
62	0.100448
62	0.118971
62	0.206268
62	0.144786
62	0.246814
62	0.186244
62	0.201923
62	0.182943
62	0.217298
62	0.257603
62	0.188005
62	0.206748
62	0.203354
62	0.150526
62	0.264602
62	0.156879
62	0.174448
62	0.227842
62	0.240491
62	0.106138
62	0.144032
62	0.134548
62	0.207038
62	0.265542
62	0.121567
62	0.120345
62	0.173734
62	0.167692
62	0.225522
62	0.211947
62	0.300875
62	0.159415
62	0.113512
62	0.1484
62	0.116755
62	0.22386
62	0.140017
62	0.204791
62	0.182166
62	0.189248
62	0.182435
62	0.282138
62	0.187723
62	0.167599
62	0.161237
62	0.233316
62	0.198072
62	0.196497
62	0.151268
62	0.0981922
62	0.221257
62	0.291987
62	0.165759
62	0.180204
62	0.201691
62	0.160755
62	0.196993
62	0.13909
62	0.279507
62	0.161416
62	0.150247
62	0.186483
62	0.214972
62	0.148611
62	0.178224
62	0.210061
62	0.222734
62	0.120094
62	0.212974
62	0.154052
62	0.221254
62	0.265042
62	0.159195
62	0.140172
62	0.179273
62	0.216041
62	0.191567
62	0.232953
62	0.261458
62	0.13812
62	0.234573
62	0.158837
62	0.137624
62	0.143963
62	0.227969
62	0.251994
62	0.232466
62	0.194273
65	0.173172
65	0.200505
65	0.154662
65	0.15177
65	0.170204
65	0.11757
65	0.152211
65	0.153057
65	0.248506
65	0.258664
65	0.183198
65	0.201167
65	0.155449
65	0.139053
65	0.234137
65	0.22689
65	0.153304
65	0.182463
65	0.210609
65	0.161255
65	0.178635
65	0.19044
65	0.184744
65	0.272871
65	0.27442
65	0.226703
65	0.126845
65	0.16046
65	0.233729
65	0.125889
65	0.208162
65	0.172221
65	0.235414
65	0.116425
65	0.156677
65	0.165389
65	0.274702
65	0.124902
65	0.130298
65	0.212209
65	0.210468
65	0.220933
65	0.144708
65	0.136638
65	0.0928401
65	0.20675
65	0.209848
65	0.143078
65	0.139417
65	0.1957
65	0.111477
65	0.118166
65	0.12789
65	0.301931
65	0.14425
65	0.149698
65	0.180692
65	0.257202
65	0.294455
65	0.190242
65	0.189838
65	0.200284
65	0.19761
65	0.167624
65	0.20119
65	0.21078
65	0.149635
65	0.177502
65	0.233939
65	0.154816
65	0.184561
65	0.26398
65	0.223466
65	0.14828
65	0.238789
65	0.201585
65	0.19476
65	0.217879
65	0.105543
65	0.12893
65	0.130562
65	0.190638
65	0.157326
65	0.180063
65	0.245292
65	0.16558
65	0.146106
65	0.294053
65	0.246607
65	0.193989
65	0.153801
65	0.190687
65	0.153336
65	0.148492
65	0.110593
65	0.199555
65	0.189342
65	0.217059
65	0.222629
65	0.148256
68	0.140659
68	0.18307
68	0.20076
68	0.241408
68	0.19755
68	0.161635
68	0.197502
68	0.219301
68	0.208339
68	0.157655
68	0.188084
68	0.168762
68	0.132383
68	0.16198
68	0.174955
68	0.272574
68	0.197044
68	0.0861451
68	0.189257
68	0.138177
68	0.146606
68	0.178037
68	0.164846
68	0.182737
68	0.224792
68	0.279672
68	0.107182
68	0.170413
68	0.157135
68	0.25248
68	0.249449
68	0.233292
68	0.17344
68	0.162065
68	0.196027
68	0.155591
68	0.265157
68	0.182482
68	0.226749
68	0.178283
68	0.164296
68	0.113782
68	0.193807
68	0.119579
68	0.11187
68	0.222977
68	0.17201
68	0.1793
68	0.157866
68	0.233242
68	0.142867
68	0.1491
68	0.238445
68	0.209576
68	0.197999
68	0.261197
68	0.192887
68	0.246172
68	0.104063
68	0.147211
68	0.185767
68	0.178981
68	0.134717
68	0.164133
68	0.13804
68	0.225142
68	0.218437
68	0.204419
68	0.128115
68	0.237336
68	0.110275
68	0.107931
68	0.20356
68	0.10881
68	0.200154
68	0.147458
68	0.160647
68	0.180898
68	0.175673
68	0.249876
68	0.193955
68	0.165081
68	0.138089
68	0.223802
68	0.11801
68	0.2228
68	0.194938
68	0.221095
68	0.224183
68	0.175855
68	0.195821
68	0.198047
68	0.228682
68	0.198466
68	0.247213
68	0.125144
68	0.0994471
68	0.221809
68	0.171713
68	0.209443
71	0.151223
71	0.167722
71	0.12283
71	0.0738783
71	0.304054
71	0.232249
71	0.201518
71	0.175986
71	0.266645
71	0.116867
71	0.130879
71	0.119066
71	0.126925
71	0.0924986
71	0.211183
71	0.223057
71	0.206932
71	0.249937
71	0.177139
71	0.137962
71	0.260537
71	0.149676
71	0.0983286
71	0.101728
71	0.170479
71	0.14968
71	0.165437
71	0.111062
71	0.203377
71	0.152635
71	0.164108
71	0.137212
71	0.174716
71	0.302796
71	0.164796
71	0.155598
71	0.127766
71	0.165511
71	0.165432
71	0.127094
71	0.172512
71	0.130208
71	0.207843
71	0.264053
71	0.193626
71	0.222049
71	0.186195
71	0.14099
71	0.16939
71	0.150941
71	0.250902
71	0.144804
71	0.225066
71	0.142033
71	0.20466
71	0.190428
71	0.151392
71	0.160549
71	0.222164
71	0.155293
71	0.116838
71	0.236536
71	0.212616
71	0.139429
71	0.186855
71	0.140649
71	0.194141
71	0.170466
71	0.173766
71	0.18788
71	0.21201
71	0.156429
71	0.16195
71	0.231266
71	0.087255
71	0.183874
71	0.208308
71	0.177844
71	0.160376
71	0.182285
71	0.185002
71	0.18845
71	0.202062
71	0.25462
71	0.131013
71	0.167894
71	0.195612
71	0.165068
71	0.18937
71	0.109408
71	0.169011
71	0.182962
71	0.198936
71	0.108842
71	0.117318
71	0.202097
71	0.139831
71	0.169779
71	0.18328
71	0.0882831
74	0.211439
74	0.124682
74	0.176938
74	0.153293
74	0.213574
74	0.212771
74	0.156864
74	0.138328
74	0.152638
74	0.236641
74	0.196313
74	0.17635
74	0.105848
74	0.192687
74	0.198481
74	0.1643
74	0.12342
74	0.199544
74	0.180032
74	0.166541
74	0.152203
74	0.212553
74	0.122058
74	0.194365
74	0.201618
74	0.115571
74	0.215371
74	0.219194
74	0.217403
74	0.130817
74	0.213617
74	0.185252
74	0.158093
74	0.154344
74	0.219187
74	0.192917
74	0.255532
74	0.165976
74	0.202559
74	0.224293
74	0.168128
74	0.222249
74	0.115852
74	0.124042
74	0.155669
74	0.163992
74	0.137144
74	0.180187
74	0.255128
74	0.230928
74	0.287372
74	0.140505
74	0.239157
74	0.144394
74	0.219917
74	0.180591
74	0.27786
74	0.202495
74	0.243192
74	0.193158
74	0.212222
74	0.0958764
74	0.198974
74	0.193444
74	0.179315
74	0.223115
74	0.199891
74	0.191666
74	0.17717
74	0.19747
74	0.140584
74	0.0955165
74	0.202978
74	0.118987
74	0.137302
74	0.155924
74	0.2315
74	0.160513
74	0.193741
74	0.120522
74	0.167321
74	0.265944
74	0.192635
74	0.236713
74	0.162806
74	0.139159
74	0.180685
74	0.181511
74	0.150495
74	0.225048
74	0.149242
74	0.183465
74	0.146742
74	0.164676
74	0.257975
74	0.159761
74	0.218351
74	0.181275
74	0.19995
74	0.175777
77	0.185359
77	0.242593
77	0.203995
77	0.204265
77	0.204271
77	0.182916
77	0.152071
77	0.177238
77	0.19179
77	0.234113
77	0.214999
77	0.173194
77	0.235205
77	0.253697
77	0.181154
77	0.0954024
77	0.185889
77	0.0962107
77	0.201815
77	0.219463
77	0.222178
77	0.117653
77	0.175578
77	0.1908
77	0.269895
77	0.203902
77	0.192679
77	0.172806
77	0.165536
77	0.121785
77	0.0885161
77	0.217633
77	0.118597
77	0.142675
77	0.195085
77	0.154461
77	0.123086
77	0.104383
77	0.162067
77	0.18863
77	0.118863
77	0.246337
77	0.231059
77	0.150496
77	0.154293
77	0.162351
77	0.198538
77	0.235778
77	0.148525
77	0.191781
77	0.153028
77	0.198709
77	0.235761
77	0.137572
77	0.159897
77	0.174846
77	0.222691
77	0.169914
77	0.157798
77	0.115278
77	0.203109
77	0.12823
77	0.16559
77	0.176867
77	0.132882
77	0.194258
77	0.178551
77	0.180508
77	0.183759
77	0.28294
77	0.138475
77	0.210581
77	0.140109
77	0.199419
77	0.0965491
77	0.170569
77	0.141935
77	0.226239
77	0.19118
77	0.207636
77	0.143215
77	0.240327
77	0.185958
77	0.103977
77	0.257697
77	0.172392
77	0.22668
77	0.154064
77	0.193109
77	0.10888
77	0.128954
77	0.179818
77	0.244369
77	0.187042
77	0.150727
77	0.258807
77	0.283832
77	0.273988
77	0.130676
77	0.185579
80	0.178986
80	0.155362
80	0.152512
80	0.150792
80	0.258184
80	0.129957
80	0.162386
80	0.238255
80	0.22597
80	0.251607
80	0.141429
80	0.151401
80	0.218235
80	0.155019
80	0.136107
80	0.216461
80	0.190817
80	0.158408
80	0.123099
80	0.0934221
80	0.200022
80	0.225648
80	0.210891
80	0.197311
80	0.145244
80	0.238831
80	0.15168
80	0.116681
80	0.129309
80	0.164171
80	0.184948
80	0.234101
80	0.133657
80	0.232389
80	0.209848
80	0.159058
80	0.16992
80	0.185576
80	0.161372
80	0.168939
80	0.138486
80	0.247931
80	0.198573
80	0.208584
80	0.114042
80	0.167454
80	0.146191
80	0.241644
80	0.106038
80	0.122396
80	0.14125
80	0.183151
80	0.146872
80	0.222029
80	0.276617
80	0.220854
80	0.256134
80	0.178285
80	0.210993
80	0.164542
80	0.115043
80	0.18244
80	0.206717
80	0.170604
80	0.15906
80	0.23892
80	0.162903
80	0.15465
80	0.126868
80	0.195218
80	0.190511
80	0.108564
80	0.231785
80	0.108992
80	0.158683
80	0.127665
80	0.226605
80	0.169004
80	0.0959792
80	0.162931
80	0.228036
80	0.232435
80	0.17978
80	0.226521
80	0.239102
80	0.165322
80	0.156983
80	0.221871
80	0.123562
80	0.212893
80	0.124096
80	0.143105
80	0.132715
80	0.182488
80	0.0761602
80	0.163565
80	0.149757
80	0.177748
80	0.212055
80	0.107106
83	0.192204
83	0.201396
83	0.231956
83	0.180111
83	0.176377
83	0.162889
83	0.187936
83	0.281552
83	0.185141
83	0.133081
83	0.23521
83	0.219972
83	0.203455
83	0.227349
83	0.182037
83	0.121165
83	0.125115
83	0.190833
83	0.11419
83	0.167154
83	0.17489
83	0.10893
83	0.121151
83	0.172464
83	0.147068
83	0.110865
83	0.203158
83	0.177178
83	0.0950207
83	0.207793
83	0.273634
83	0.305201
83	0.188486
83	0.156753
83	0.222999
83	0.187187
83	0.193527
83	0.257836
83	0.272801
83	0.16547
83	0.159117
83	0.139596
83	0.184402
83	0.190901
83	0.161738
83	0.200343
83	0.207735
83	0.137437
83	0.165768
83	0.132562
83	0.19847
83	0.21721
83	0.169461
83	0.117506
83	0.242509
83	0.164633
83	0.281844
83	0.148272
83	0.247318
83	0.186621
83	0.120083
83	0.209598
83	0.104285
83	0.153548
83	0.120152
83	0.163859
83	0.229367
83	0.131653
83	0.268243
83	0.23231
83	0.205554
83	0.191703
83	0.146593
83	0.216341
83	0.174558
83	0.228706
83	0.164059
83	0.157186
83	0.171181
83	0.116427
83	0.12983
83	0.141643
83	0.194368
83	0.219716
83	0.220168
83	0.190795
83	0.122287
83	0.119967
83	0.159226
83	0.233859
83	0.118452
83	0.132821
83	0.146234
83	0.151121
83	0.200767
83	0.264348
83	0.149183
83	0.203004
83	0.224847
83	0.0803202
86	0.168244
86	0.105971
86	0.127966
86	0.124818
86	0.178151
86	0.196365
86	0.132199
86	0.158165
86	0.202113
86	0.21096
86	0.1177
86	0.218875
86	0.119199
86	0.245881
86	0.191773
86	0.218235
86	0.127742
86	0.138443
86	0.1712
86	0.176062
86	0.205756
86	0.216253
86	0.200023
86	0.171387
86	0.114302
86	0.158221
86	0.162305
86	0.184231
86	0.181433
86	0.18991
86	0.114803
86	0.10137
86	0.188888
86	0.10761
86	0.146343
86	0.138339
86	0.195771
86	0.141637
86	0.232274
86	0.155
86	0.218386
86	0.2431
86	0.171926
86	0.119133
86	0.194437
86	0.204023
86	0.201279
86	0.183275
86	0.140135
86	0.255144
86	0.126241
86	0.170743
86	0.164881
86	0.193729
86	0.12648
86	0.27287
86	0.252164
86	0.26997
86	0.198341
86	0.247994
86	0.133071
86	0.232924
86	0.197165
86	0.123326
86	0.156621
86	0.275199
86	0.180159
86	0.260372
86	0.156941
86	0.228167
86	0.0766532
86	0.21254
86	0.162721
86	0.169109
86	0.165352
86	0.144642
86	0.193569
86	0.16369
86	0.140308
86	0.19635
86	0.1999
86	0.13471
86	0.236332
86	0.139766
86	0.132793
86	0.231846
86	0.158729
86	0.182124
86	0.104326
86	0.0989318
86	0.29814
86	0.228951
86	0.249931
86	0.182348
86	0.22452
86	0.140569
86	0.175482
86	0.228958
86	0.141189
86	0.186781
89	0.173327
89	0.178757
89	0.191949
89	0.145916
89	0.14481
89	0.179438
89	0.193792
89	0.155167
89	0.176095
89	0.0815751
89	0.15059
89	0.136823
89	0.142499
89	0.261957
89	0.261551
89	0.129893
89	0.181556
89	0.178829
89	0.120051
89	0.113288
89	0.137559
89	0.170313
89	0.195012
89	0.185403
89	0.340117
89	0.216587
89	0.170194
89	0.203091
89	0.179176
89	0.121211
89	0.118094
89	0.153314
89	0.115093
89	0.240863
89	0.133808
89	0.245248
89	0.138833
89	0.097718
89	0.239432
89	0.176105
89	0.170233
89	0.213637
89	0.128505
89	0.174632
89	0.240737
89	0.188706
89	0.142315
89	0.209372
89	0.192763
89	0.246878
89	0.14108
89	0.228296
89	0.205898
89	0.230979
89	0.124177
89	0.234305
89	0.0965252
89	0.14784
89	0.184421
89	0.214876
89	0.0995025
89	0.132342
89	0.168468
89	0.181104
89	0.163569
89	0.251631
89	0.188596
89	0.0959288
89	0.15269
89	0.131033
89	0.275119
89	0.153814
89	0.185702
89	0.250557
89	0.246113
89	0.208305
89	0.177508
89	0.176661
89	0.193037
89	0.141998
89	0.137705
89	0.137057
89	0.236255
89	0.17789
89	0.139897
89	0.191307
89	0.264051
89	0.143517
89	0.140144
89	0.29113
89	0.171565
89	0.204688
89	0.150893
89	0.140364
89	0.146868
89	0.116651
89	0.239833
89	0.114964
89	0.140247
89	0.193675
92	0.228224
92	0.186203
92	0.162271
92	0.18115
92	0.185169
92	0.128899
92	0.147921
92	0.216445
92	0.146833
92	0.102964
92	0.155087
92	0.157234
92	0.194433
92	0.155667
92	0.0733191
92	0.136767
92	0.173769
92	0.296649
92	0.154293
92	0.103784
92	0.160384
92	0.210204
92	0.242709
92	0.161185
92	0.221182
92	0.155438
92	0.164889
92	0.17878
92	0.0719338
92	0.16778
92	0.272031
92	0.198247
92	0.190394
92	0.201693
92	0.207559
92	0.173488
92	0.203192
92	0.223606
92	0.0777446
92	0.109515
92	0.22646
92	0.22914
92	0.159261
92	0.246038
92	0.142523
92	0.199979
92	0.148536
92	0.252333
92	0.179249
92	0.124015
92	0.135266
92	0.235934
92	0.130078
92	0.166896
92	0.206291
92	0.185502
92	0.253915
92	0.114951
92	0.228257
92	0.281679
92	0.191684
92	0.155424
92	0.19231
92	0.118675
92	0.117457
92	0.264799
92	0.19102
92	0.119957
92	0.204856
92	0.18657
92	0.185275
92	0.134019
92	0.258349
92	0.117434
92	0.187628
92	0.207848
92	0.0711658
92	0.172591
92	0.130707
92	0.246089
92	0.167415
92	0.166434
92	0.118861
92	0.272146
92	0.185761
92	0.137845
92	0.264543
92	0.120678
92	0.126711
92	0.165882
92	0.219044
92	0.216638
92	0.107043
92	0.197678
92	0.153326
92	0.171099
92	0.160288
92	0.20847
92	0.240339
92	0.247424
95	0.147302
95	0.143245
95	0.111805
95	0.177582
95	0.125538
95	0.197241
95	0.186368
95	0.128534
95	0.231349
95	0.106278
95	0.190189
95	0.268417
95	0.260813
95	0.135975
95	0.193215
95	0.192551
95	0.176977
95	0.153558
95	0.184428
95	0.20387
95	0.169288
95	0.223601
95	0.201269
95	0.180377
95	0.27811
95	0.190431
95	0.172522
95	0.193286
95	0.173685
95	0.121058
95	0.164175
95	0.174368
95	0.148324
95	0.22491
95	0.201679
95	0.163432
95	0.177575
95	0.120912
95	0.240717
95	0.118829
95	0.150911
95	0.192852
95	0.156266
95	0.132487
95	0.207647
95	0.20375
95	0.174518
95	0.120322
95	0.218546
95	0.247127
95	0.13972
95	0.212659
95	0.20846
95	0.120337
95	0.204667
95	0.162839
95	0.281486
95	0.178466
95	0.206802
95	0.254253
95	0.195894
95	0.170621
95	0.158355
95	0.162866
95	0.189276
95	0.137534
95	0.191268
95	0.227297
95	0.215913
95	0.238612
95	0.159946
95	0.13657
95	0.127746
95	0.145119
95	0.178289
95	0.109394
95	0.114525
95	0.123826
95	0.11699
95	0.286812
95	0.21787
95	0.163771
95	0.186819
95	0.166628
95	0.263674
95	0.087491
95	0.236359
95	0.158357
95	0.181359
95	0.148722
95	0.206759
95	0.104723
95	0.208042
95	0.147342
95	0.116325
95	0.261425
95	0.219111
95	0.188843
95	0.203058
95	0.264629
98	0.120317
98	0.131668
98	0.116029
98	0.202832
98	0.159426
98	0.228848
98	0.158275
98	0.253866
98	0.209908
98	0.147506
98	0.209231
98	0.189729
98	0.0991514
98	0.193729
98	0.166997
98	0.164293
98	0.219581
98	0.142815
98	0.129893
98	0.159795
98	0.200421
98	0.28263
98	0.176296
98	0.170589
98	0.171502
98	0.182894
98	0.151615
98	0.122563
98	0.171991
98	0.160797
98	0.136447
98	0.180058
98	0.216368
98	0.13385
98	0.154993
98	0.250387
98	0.16121
98	0.135789
98	0.125312
98	0.22088
98	0.151898
98	0.157541
98	0.168382
98	0.110464
98	0.172163
98	0.333031
98	0.176471
98	0.126284
98	0.0791885
98	0.193764
98	0.127888
98	0.275245
98	0.176121
98	0.146002
98	0.214823
98	0.206211
98	0.153311
98	0.20372
98	0.180981
98	0.235779
98	0.173347
98	0.27134
98	0.123597
98	0.232085
98	0.113861
98	0.193691
98	0.144532
98	0.142466
98	0.154715
98	0.169006
98	0.171905
98	0.142923
98	0.130387
98	0.167933
98	0.26758
98	0.202844
98	0.166374
98	0.151281
98	0.119544
98	0.12576
98	0.113623
98	0.215387
98	0.223798
98	0.12747
98	0.228895
98	0.223557
98	0.235714
98	0.184283
98	0.214438
98	0.19957
98	0.229948
98	0.205996
98	0.139063
98	0.224381
98	0.203664
98	0.200936
98	0.121292
98	0.125714
98	0.219271
98	0.0708396
101	0.151591
101	0.143377
101	0.0916139
101	0.201541
101	0.200552
101	0.189351
101	0.091653
101	0.14064
101	0.118733
101	0.285056
101	0.206524
101	0.123718
101	0.192337
101	0.0951637
101	0.168356
101	0.148174
101	0.218334
101	0.209566
101	0.207181
101	0.19869
101	0.206991
101	0.166629
101	0.236648
101	0.100542
101	0.169535
101	0.174894
101	0.171228
101	0.188412
101	0.207435
101	0.216605
101	0.239638
101	0.108033
101	0.225968
101	0.118784
101	0.193519
101	0.189494
101	0.080932
101	0.157487
101	0.191997
101	0.146239
101	0.153476
101	0.241977
101	0.135837
101	0.187837
101	0.10777
101	0.131182
101	0.145909
101	0.170947
101	0.221002
101	0.149355
101	0.169751
101	0.224174
101	0.176974
101	0.213326
101	0.181486
101	0.0880051
101	0.153802
101	0.287335
101	0.130767
101	0.12176
101	0.2469
101	0.137386
101	0.129709
101	0.163806
101	0.122953
101	0.125584
101	0.138565
101	0.296973
101	0.216898
101	0.206848
101	0.0844544
101	0.288762
101	0.166269
101	0.13403
101	0.130519
101	0.160596
101	0.133756
101	0.129284
101	0.187062
101	0.180655
101	0.18101
101	0.149943
101	0.222596
101	0.144215
101	0.120756
101	0.174353
101	0.206508
101	0.213545
101	0.0938787
101	0.113987
101	0.194312
101	0.145152
101	0.291669
101	0.14537
101	0.180608
101	0.194006
101	0.115373
101	0.146889
101	0.233639
101	0.144581
104	0.190808
104	0.118763
104	0.178212
104	0.19025
104	0.218701
104	0.284248
104	0.164375
104	0.141189
104	0.138208
104	0.128425
104	0.233017
104	0.157255
104	0.12775
104	0.134767
104	0.156318
104	0.232309
104	0.173383
104	0.194475
104	0.121815
104	0.122836
104	0.242531
104	0.230962
104	0.235355
104	0.288797
104	0.276802
104	0.200183
104	0.203556
104	0.150676
104	0.15257
104	0.130161
104	0.156355
104	0.0859007
104	0.2337
104	0.211254
104	0.143098
104	0.18233
104	0.203464
104	0.156573
104	0.233168
104	0.190003
104	0.129931
104	0.193403
104	0.185878
104	0.0678705
104	0.235767
104	0.219143
104	0.197842
104	0.155283
104	0.127609
104	0.116839
104	0.218445
104	0.146651
104	0.108211
104	0.1949
104	0.184978
104	0.186745
104	0.204273
104	0.116916
104	0.205766
104	0.208422
104	0.145729
104	0.134319
104	0.156195
104	0.120257
104	0.210033
104	0.100031
104	0.194222
104	0.171935
104	0.144598
104	0.237139
104	0.187313
104	0.127045
104	0.196381
104	0.11522
104	0.175811
104	0.18535
104	0.218227
104	0.114838
104	0.187474
104	0.141459
104	0.259739
104	0.214229
104	0.203861
104	0.134727
104	0.132834
104	0.0865412
104	0.208037
104	0.196666
104	0.211418
104	0.223836
104	0.122277
104	0.19774
104	0.143087
104	0.104997
104	0.19922
104	0.180661
104	0.219556
104	0.144771
104	0.136692
104	0.184347
107	0.194627
107	0.233226
107	0.165811
107	0.241538
107	0.213652
107	0.176625
107	0.293866
107	0.214081
107	0.10899
107	0.143843
107	0.15709
107	0.133293
107	0.241074
107	0.234779
107	0.186514
107	0.154394
107	0.191033
107	0.222171
107	0.10446
107	0.217772
107	0.171962
107	0.123575
107	0.159845
107	0.162069
107	0.18476
107	0.120015
107	0.147043
107	0.130413
107	0.131103
107	0.129481
107	0.159248
107	0.207371
107	0.154939
107	0.177087
107	0.19595
107	0.178755
107	0.165889
107	0.224844
107	0.158133
107	0.171931
107	0.105684
107	0.0939543
107	0.137424
107	0.194779
107	0.163246
107	0.192125
107	0.189414
107	0.0756821
107	0.130634
107	0.214573
107	0.112894
107	0.162374
107	0.155461
107	0.182207
107	0.140389
107	0.144592
107	0.19333
107	0.160863
107	0.110902
107	0.222558
107	0.236153
107	0.103544
107	0.159694
107	0.157829
107	0.17519
107	0.206549
107	0.128157
107	0.262996
107	0.163632
107	0.176055
107	0.143035
107	0.132871
107	0.161647
107	0.11363
107	0.159035
107	0.21182
107	0.214537
107	0.190694
107	0.164126
107	0.135972
107	0.135639
107	0.12121
107	0.185672
107	0.178758
107	0.162802
107	0.13128
107	0.18417
107	0.112985
107	0.253341
107	0.103569
107	0.301546
107	0.0976168
107	0.191441
107	0.13255
107	0.151182
107	0.134539
107	0.186403
107	0.198029
107	0.164396
107	0.177751
110	0.0976506
110	0.191637
110	0.178878
110	0.181343
110	0.156288
110	0.173625
110	0.147201
110	0.180212
110	0.171618
110	0.0724998
110	0.160892
110	0.261885
110	0.165598
110	0.209339
110	0.133727
110	0.155147
110	0.165031
110	0.129859
110	0.0874476
110	0.241777
110	0.125629
110	0.228794
110	0.123524
110	0.145352
110	0.176491
110	0.185807
110	0.215437
110	0.221423
110	0.156199
110	0.129904
110	0.134192
110	0.186866
110	0.150791
110	0.151684
110	0.233143
110	0.179453
110	0.152506
110	0.145479
110	0.180165
110	0.240601
110	0.268458
110	0.168576
110	0.25844
110	0.131605
110	0.137851
110	0.125664
110	0.148689
110	0.187772
110	0.156062
110	0.209319
110	0.127436
110	0.163072
110	0.150788
110	0.173596
110	0.124489
110	0.196857
110	0.144367
110	0.113544
110	0.11039
110	0.162465
110	0.213961
110	0.151379
110	0.119056
110	0.252908
110	0.0983681
110	0.222935
110	0.176283
110	0.176051
110	0.15989
110	0.188411
110	0.184321
110	0.166286
110	0.198649
110	0.191364
110	0.246514
110	0.176455
110	0.177826
110	0.26989
110	0.146393
110	0.115962
110	0.202451
110	0.201917
110	0.102609
110	0.133902
110	0.135286
110	0.139732
110	0.113852
110	0.127383
110	0.285778
110	0.159363
110	0.185729
110	0.152024
110	0.105003
110	0.267392
110	0.20533
110	0.2061
110	0.18493
110	0.112872
110	0.164147
110	0.248369
113	0.225241
113	0.163402
113	0.121273
113	0.205766
113	0.108155
113	0.150151
113	0.163718
113	0.172574
113	0.166812
113	0.177268
113	0.166298
113	0.0646305
113	0.188635
113	0.117015
113	0.251899
113	0.103837
113	0.217705
113	0.126226
113	0.173636
113	0.186513
113	0.220816
113	0.163891
113	0.114503
113	0.178519
113	0.165487
113	0.161274
113	0.194986
113	0.201412
113	0.175092
113	0.163861
113	0.237091
113	0.171037
113	0.216808
113	0.141388
113	0.206919
113	0.151692
113	0.234214
113	0.177594
113	0.271526
113	0.121839
113	0.149411
113	0.15663
113	0.245489
113	0.0779328
113	0.0895639
113	0.133782
113	0.102867
113	0.145324
113	0.154363
113	0.11569
113	0.186961
113	0.209279
113	0.221764
113	0.198169
113	0.277653
113	0.133029
113	0.161409
113	0.154462
113	0.141513
113	0.130996
113	0.103123
113	0.145065
113	0.168041
113	0.211827
113	0.158873
113	0.204479
113	0.120134
113	0.120204
113	0.13943
113	0.17834
113	0.217156
113	0.214564
113	0.220106
113	0.210068
113	0.117759
113	0.199744
113	0.132638
113	0.15476
113	0.211043
113	0.132782
113	0.146671
113	0.141078
113	0.186783
113	0.198741
113	0.136733
113	0.174776
113	0.170824
113	0.163351
113	0.152688
113	0.264565
113	0.113845
113	0.152344
113	0.123242
113	0.170015
113	0.134774
113	0.15441
113	0.0931141
113	0.171776
113	0.211349
113	0.232028
116	0.0974091
116	0.122427
116	0.221038
116	0.162504
116	0.161817
116	0.123464
116	0.210866
116	0.154369
116	0.206552
116	0.127663
116	0.258627
116	0.242585
116	0.20329
116	0.102623
116	0.177797
116	0.100064
116	0.187002
116	0.129882
116	0.183422
116	0.139922
116	0.144624
116	0.190292
116	0.138564
116	0.150908
116	0.164689
116	0.159886
116	0.0917773
116	0.18126
116	0.224746
116	0.177765
116	0.0959319
116	0.215614
116	0.161781
116	0.102324
116	0.128216
116	0.113149
116	0.25416
116	0.208115
116	0.164821
116	0.244369
116	0.207684
116	0.168635
116	0.193368
116	0.12288
116	0.159395
116	0.209976
116	0.0992914
116	0.162819
116	0.169624
116	0.117326
116	0.128793
116	0.185406
116	0.187866
116	0.2457
116	0.0898875
116	0.048961
116	0.193189
116	0.215288
116	0.101365
116	0.200107
116	0.112606
116	0.201756
116	0.217696
116	0.135719
116	0.110415
116	0.139549
116	0.173262
116	0.146579
116	0.160665
116	0.148785
116	0.309294
116	0.186771
116	0.178068
116	0.115289
116	0.254889
116	0.180556
116	0.206962
116	0.133333
116	0.140052
116	0.191911
116	0.2665
116	0.135563
116	0.193324
116	0.179955
116	0.110691
116	0.173525
116	0.23737
116	0.175624
116	0.203409
116	0.144573
116	0.113308
116	0.138173
116	0.208763
116	0.288961
116	0.25507
116	0.101461
116	0.121422
116	0.254856
116	0.138675
116	0.16017
119	0.175047
119	0.178137
119	0.115125
119	0.270846
119	0.193784
119	0.153826
119	0.0985956
119	0.194192
119	0.160893
119	0.106838
119	0.171022
119	0.124747
119	0.172712
119	0.216617
119	0.120409
119	0.206754
119	0.244558
119	0.207756
119	0.143878
119	0.238353
119	0.1567
119	0.160373
119	0.0875723
119	0.17511
119	0.148022
119	0.112354
119	0.231561
119	0.111974
119	0.153687
119	0.168318
119	0.153395
119	0.151601
119	0.230068
119	0.115615
119	0.161264
119	0.256285
119	0.147439
119	0.192535
119	0.0906983
119	0.184194
119	0.206554
119	0.145488
119	0.122792
119	0.199871
119	0.150964
119	0.223266
119	0.193193
119	0.164276
119	0.142971
119	0.170607
119	0.117598
119	0.188123
119	0.175021
119	0.17937
119	0.195359
119	0.182496
119	0.263254
119	0.154167
119	0.149893
119	0.130314
119	0.194687
119	0.256235
119	0.099577
119	0.120476
119	0.252655
119	0.111284
119	0.192441
119	0.25542
119	0.207472
119	0.135584
119	0.0869378
119	0.164794
119	0.183912
119	0.229382
119	0.147845
119	0.285183
119	0.200823
119	0.104188
119	0.236185
119	0.176976
119	0.210908
119	0.154985
119	0.211477
119	0.0777862
119	0.212815
119	0.135065
119	0.203389
119	0.188449
119	0.0798275
119	0.214767
119	0.222035
119	0.130428
119	0.165048
119	0.131803
119	0.139458
119	0.196449
119	0.0965581
119	0.193536
119	0.226704
119	0.163679
