var	threshold	abdncError	methylCallError	TP	FN	FP
5	0.1	0.0938767	0.0206008	0.52	1.48	1.45
5	0.15	0.172698	0.0449274	0.8	1.2	1.21
5	0.2	0.242245	0.0737869	1.01	0.99	1.03
5	0.25	0.277891	0.0964968	1.16	0.84	0.89
5	0.3	0.309034	0.119473	1.29	0.71	0.76
5	0.35	0.314934	0.140009	1.47	0.53	0.61
5	0.4	0.320166	0.158208	1.58	0.42	0.55
8	0.1	0.214683	0.0289691	0.96	1.04	1.56
8	0.15	0.242829	0.0472206	1.19	0.81	1.35
8	0.2	0.268774	0.0653515	1.38	0.62	1.19
8	0.25	0.28482	0.0843115	1.56	0.44	1.03
8	0.3	0.282508	0.0968606	1.66	0.34	0.94
8	0.35	0.276808	0.111976	1.76	0.24	0.85
8	0.4	0.271954	0.117611	1.8	0.2	0.82
11	0.1	0.259956	0.0306041	1.07	0.93	1.53
11	0.15	0.274593	0.0470063	1.3	0.7	1.31
11	0.2	0.271186	0.0580548	1.43	0.57	1.2
11	0.25	0.299885	0.074102	1.57	0.43	1.09
11	0.3	0.301426	0.0860383	1.67	0.33	1.03
11	0.35	0.29821	0.091264	1.71	0.29	1
11	0.4	0.298898	0.102984	1.78	0.22	0.95
14	0.1	0.193878	0.0343085	1.43	0.57	1.75
14	0.15	0.201346	0.0476544	1.61	0.39	1.59
14	0.2	0.215245	0.0569953	1.71	0.29	1.51
14	0.25	0.215065	0.0674404	1.82	0.18	1.41
14	0.3	0.213573	0.0719994	1.87	0.13	1.37
14	0.35	0.213896	0.0798712	1.93	0.07	1.31
14	0.4	0.214013	0.0862214	1.97	0.03	1.27
17	0.1	0.189725	0.0251452	1.42	0.58	2.12
17	0.15	0.19458	0.0351664	1.58	0.42	1.96
17	0.2	0.191145	0.0448685	1.68	0.32	1.89
17	0.25	0.198949	0.0540246	1.76	0.24	1.83
17	0.3	0.196516	0.0678186	1.88	0.12	1.72
17	0.35	0.195602	0.0723506	1.91	0.09	1.69
17	0.4	0.19164	0.0790668	1.96	0.04	1.66
20	0.1	0.213854	0.0292075	1.46	0.54	2.14
20	0.15	0.20453	0.0401134	1.66	0.34	1.97
20	0.2	0.216694	0.0473408	1.75	0.25	1.91
20	0.25	0.212615	0.0595114	1.86	0.14	1.8
20	0.3	0.210956	0.0655638	1.91	0.09	1.75
20	0.35	0.206973	0.0714643	1.96	0.04	1.72
20	0.4	0.206973	0.0714643	1.96	0.04	1.72
23	0.1	0.230449	0.0260543	1.58	0.42	2.55
23	0.15	0.227514	0.0332485	1.72	0.28	2.42
23	0.2	0.220092	0.0430711	1.84	0.16	2.33
23	0.25	0.219721	0.0453156	1.87	0.13	2.3
23	0.3	0.217368	0.0520605	1.93	0.07	2.26
23	0.35	0.215759	0.0563587	1.96	0.04	2.24
23	0.4	0.21583	0.0579142	1.97	0.03	2.23
26	0.1	0.198889	0.0239093	1.62	0.38	2.34
26	0.15	0.202444	0.0307335	1.74	0.26	2.25
26	0.2	0.203191	0.0374454	1.83	0.17	2.2
26	0.25	0.206001	0.0405579	1.86	0.14	2.18
26	0.3	0.201542	0.0496413	1.94	0.06	2.12
26	0.35	0.200094	0.0557226	1.98	0.02	2.09
26	0.4	0.200094	0.0573892	1.99	0.01	2.08
29	0.1	0.188142	0.0261692	1.72	0.28	2.94
29	0.15	0.182675	0.0298482	1.8	0.2	2.87
29	0.2	0.180655	0.0328094	1.84	0.16	2.84
29	0.25	0.176695	0.039416	1.91	0.09	2.79
29	0.3	0.173246	0.0441041	1.95	0.05	2.75
29	0.35	0.17246	0.0487801	1.98	0.02	2.72
29	0.4	0.17246	0.0487801	1.98	0.02	2.72
32	0.1	0.175957	0.0204892	1.7	0.3	3.02
32	0.15	0.180443	0.0258484	1.8	0.2	2.93
32	0.2	0.188273	0.0316274	1.87	0.13	2.86
32	0.25	0.191261	0.0369658	1.93	0.07	2.83
32	0.3	0.186454	0.0443232	1.99	0.01	2.78
32	0.35	0.186454	0.0443232	1.99	0.01	2.78
32	0.4	0.184194	0.0459899	2	0	2.77
35	0.1	0.179825	0.0205548	1.81	0.19	3.39
35	0.15	0.178049	0.0242031	1.87	0.13	3.33
35	0.2	0.175367	0.029107	1.93	0.07	3.27
35	0.25	0.172844	0.0323214	1.96	0.04	3.25
35	0.3	0.172255	0.033631	1.97	0.03	3.24
35	0.35	0.175345	0.0366874	1.99	0.01	3.23
35	0.4	0.175345	0.0366874	1.99	0.01	3.23
38	0.1	0.160313	0.0143299	1.8	0.2	3.84
38	0.15	0.160114	0.01841	1.87	0.13	3.77
38	0.2	0.15865	0.0215265	1.91	0.09	3.73
38	0.25	0.15945	0.0249645	1.94	0.06	3.7
38	0.3	0.159479	0.0278375	1.96	0.04	3.68
38	0.35	0.159479	0.0308965	1.98	0.02	3.66
38	0.4	0.158754	0.0324441	1.99	0.01	3.65
41	0.1	0.165556	0.0190145	1.76	0.24	3.59
41	0.15	0.169134	0.0255758	1.88	0.12	3.48
41	0.2	0.166979	0.0311935	1.95	0.05	3.44
41	0.25	0.167292	0.0331157	1.97	0.03	3.42
41	0.3	0.167292	0.0344201	1.98	0.02	3.41
41	0.35	0.167292	0.0344201	1.98	0.02	3.41
41	0.4	0.167292	0.0379049	2	0	3.39
44	0.1	0.150018	0.0208147	1.8	0.2	3.73
44	0.15	0.150368	0.0222494	1.83	0.17	3.71
44	0.2	0.151235	0.0272322	1.89	0.11	3.66
44	0.25	0.151297	0.0314919	1.93	0.07	3.62
44	0.3	0.15141	0.0346514	1.96	0.04	3.59
44	0.35	0.1545	0.03608	1.97	0.03	3.59
44	0.4	0.15561	0.0398029	1.99	0.01	3.57
47	0.1	0.175052	0.0187759	1.73	0.27	3.57
47	0.15	0.171845	0.021492	1.78	0.22	3.53
47	0.2	0.169897	0.0304758	1.89	0.11	3.43
47	0.25	0.17101	0.0353083	1.94	0.06	3.4
47	0.3	0.16831	0.0393037	1.97	0.03	3.38
47	0.35	0.16831	0.0393037	1.97	0.03	3.38
47	0.4	0.168906	0.0411515	1.98	0.02	3.37
50	0.1	0.139916	0.0153037	1.77	0.23	4.17
50	0.15	0.138697	0.0198416	1.85	0.15	4.09
50	0.2	0.141331	0.0258469	1.93	0.07	4.02
50	0.25	0.144421	0.0302249	1.97	0.03	3.99
50	0.3	0.144421	0.0302249	1.97	0.03	3.99
50	0.35	0.144421	0.0317466	1.98	0.02	3.98
50	0.4	0.144421	0.0336615	1.99	0.01	3.97
53	0.1	0.143818	0.0145632	1.81	0.19	4.25
53	0.15	0.145065	0.0202122	1.91	0.09	4.16
53	0.2	0.146674	0.0227822	1.94	0.06	4.14
53	0.25	0.146191	0.0260216	1.97	0.03	4.11
53	0.3	0.146191	0.0260216	1.97	0.03	4.11
53	0.35	0.144281	0.0290304	1.99	0.01	4.1
53	0.4	0.144202	0.0308782	2	0	4.09
56	0.1	0.144538	0.0153504	1.79	0.21	4.06
56	0.15	0.146153	0.0200841	1.89	0.11	3.97
56	0.2	0.14609	0.0208981	1.9	0.1	3.96
56	0.25	0.146045	0.0267052	1.95	0.05	3.91
56	0.3	0.146045	0.0279818	1.96	0.04	3.9
56	0.35	0.146045	0.0342854	2	0	3.86
56	0.4	0.146045	0.0342854	2	0	3.86
59	0.1	0.147715	0.0121441	1.74	0.26	4.07
59	0.15	0.1452	0.0154884	1.8	0.2	4.02
59	0.2	0.143435	0.0195374	1.85	0.15	3.97
59	0.25	0.143435	0.0236626	1.89	0.11	3.93
59	0.3	0.138343	0.0315287	1.95	0.05	3.88
59	0.35	0.138214	0.0362718	1.98	0.02	3.85
59	0.4	0.138277	0.0381323	1.99	0.01	3.84
62	0.1	0.160057	0.0143957	1.77	0.23	4.4
62	0.15	0.164036	0.0196229	1.86	0.14	4.34
62	0.2	0.159403	0.0254684	1.93	0.07	4.29
62	0.25	0.161529	0.0299025	1.97	0.03	4.26
62	0.3	0.161529	0.0299025	1.97	0.03	4.26
62	0.35	0.161185	0.0348604	2	0	4.23
62	0.4	0.161185	0.0348604	2	0	4.23
65	0.1	0.143165	0.0126143	1.82	0.18	5.51
65	0.15	0.143623	0.0146564	1.86	0.14	5.47
65	0.2	0.141709	0.0178794	1.9	0.1	5.43
65	0.25	0.139765	0.0258336	1.97	0.03	5.39
65	0.3	0.140195	0.0271669	1.98	0.02	5.38
65	0.35	0.140195	0.0283574	1.99	0.01	5.37
65	0.4	0.143285	0.0301282	2	0	5.37
68	0.1	0.127459	0.0121423	1.77	0.23	4.86
68	0.15	0.139164	0.017452	1.85	0.15	4.8
68	0.2	0.139072	0.0194254	1.88	0.12	4.78
68	0.25	0.139998	0.0262394	1.95	0.05	4.73
68	0.3	0.140083	0.0287091	1.97	0.03	4.71
68	0.35	0.140083	0.0303091	1.98	0.02	4.7
68	0.4	0.13986	0.0320799	1.99	0.01	4.69
71	0.1	0.127222	0.0113597	1.85	0.15	4.97
71	0.15	0.127107	0.0145154	1.9	0.1	4.92
71	0.2	0.12364	0.0186193	1.95	0.05	4.88
71	0.25	0.123849	0.019661	1.96	0.04	4.87
71	0.3	0.123979	0.0222987	1.98	0.02	4.85
71	0.35	0.123979	0.0222987	1.98	0.02	4.85
71	0.4	0.123979	0.0241168	1.99	0.01	4.84
74	0.1	0.124387	0.0106662	1.86	0.14	5.81
74	0.15	0.121777	0.0155098	1.94	0.06	5.73
74	0.2	0.121591	0.0162876	1.95	0.05	5.72
74	0.25	0.121809	0.0184705	1.97	0.03	5.7
74	0.3	0.121878	0.0213729	1.99	0.01	5.68
74	0.35	0.124968	0.0230033	2	0	5.68
74	0.4	0.124968	0.0230033	2	0	5.68
77	0.1	0.119951	0.00907291	1.81	0.19	5.24
77	0.15	0.12306	0.0135561	1.88	0.12	5.18
77	0.2	0.121212	0.0174149	1.93	0.07	5.14
77	0.25	0.121212	0.0184787	1.94	0.06	5.13
77	0.3	0.124197	0.0262858	2	0	5.08
77	0.35	0.124197	0.0262858	2	0	5.08
77	0.4	0.124197	0.0262858	2	0	5.08
80	0.1	0.129874	0.0109953	1.91	0.09	6.35
80	0.15	0.127408	0.0144073	1.98	0.02	6.29
80	0.2	0.127467	0.0152407	1.99	0.01	6.28
80	0.25	0.127467	0.0152407	1.99	0.01	6.28
80	0.3	0.127467	0.0152407	1.99	0.01	6.28
80	0.35	0.127467	0.0152407	1.99	0.01	6.28
80	0.4	0.127467	0.0152407	1.99	0.01	6.28
83	0.1	0.10891	0.0105111	1.92	0.08	5.76
83	0.15	0.108508	0.011032	1.93	0.07	5.75
83	0.2	0.10988	0.0135598	1.96	0.04	5.74
83	0.25	0.10988	0.0157424	1.98	0.02	5.72
83	0.3	0.110029	0.017106	1.99	0.01	5.71
83	0.35	0.110029	0.017106	1.99	0.01	5.71
83	0.4	0.110184	0.0189145	2	0	5.7
86	0.1	0.135641	0.0103072	1.84	0.16	5.47
86	0.15	0.13598	0.0117031	1.86	0.14	5.45
86	0.2	0.134339	0.0166222	1.92	0.08	5.39
86	0.25	0.134097	0.0176687	1.93	0.07	5.38
86	0.3	0.132005	0.0230505	1.97	0.03	5.35
86	0.35	0.130096	0.0246414	1.98	0.02	5.35
86	0.4	0.130096	0.0246414	1.98	0.02	5.35
89	0.1	0.0943893	0.0090209	1.83	0.17	5.79
89	0.15	0.0924794	0.00943757	1.84	0.16	5.79
89	0.2	0.0923714	0.0124561	1.88	0.12	5.75
89	0.25	0.092584	0.0167117	1.92	0.08	5.71
89	0.3	0.0954489	0.0233621	1.97	0.03	5.67
89	0.35	0.0954489	0.0267688	1.99	0.01	5.65
89	0.4	0.0954489	0.0285396	2	0	5.64
92	0.1	0.117993	0.0115626	1.84	0.16	5.2
92	0.15	0.114951	0.0152316	1.9	0.1	5.15
92	0.2	0.115274	0.0197394	1.96	0.04	5.09
92	0.25	0.115054	0.021867	1.98	0.02	5.07
92	0.3	0.111234	0.0243075	2	0	5.07
92	0.35	0.111234	0.0243075	2	0	5.07
92	0.4	0.111234	0.0243075	2	0	5.07
95	0.1	0.11771	0.00826947	1.85	0.15	5.59
95	0.15	0.116199	0.0114191	1.9	0.1	5.54
95	0.2	0.117273	0.0148864	1.94	0.06	5.52
95	0.25	0.11731	0.0158166	1.95	0.05	5.51
95	0.3	0.117536	0.0201476	1.98	0.02	5.48
95	0.35	0.117474	0.0218142	1.99	0.01	5.47
95	0.4	0.117621	0.0237031	2	0	5.46
98	0.1	0.120647	0.00886131	1.83	0.17	5.1
98	0.15	0.120165	0.0118817	1.89	0.11	5.04
98	0.2	0.115562	0.0180161	1.96	0.04	4.98
98	0.25	0.115503	0.0192118	1.97	0.03	4.97
98	0.3	0.115679	0.0205451	1.98	0.02	4.96
98	0.35	0.115553	0.0236224	2	0	4.94
98	0.4	0.115553	0.0236224	2	0	4.94
101	0.1	0.13459	0.0085503	1.8	0.2	6.85
101	0.15	0.13671	0.0119806	1.86	0.14	6.83
101	0.2	0.136691	0.0170256	1.92	0.08	6.77
101	0.25	0.136442	0.0214707	1.96	0.04	6.73
101	0.3	0.136348	0.0227473	1.97	0.03	6.72
101	0.35	0.136348	0.0259033	1.99	0.01	6.7
101	0.4	0.136348	0.0259033	1.99	0.01	6.7
104	0.1	0.10978	0.00860733	1.88	0.12	6.37
104	0.15	0.107815	0.0104797	1.91	0.09	6.35
104	0.2	0.108268	0.0129982	1.94	0.06	6.32
104	0.25	0.106406	0.0162159	1.97	0.03	6.3
104	0.3	0.109412	0.0188839	1.99	0.01	6.29
104	0.35	0.109412	0.0188839	1.99	0.01	6.29
104	0.4	0.109412	0.0188839	1.99	0.01	6.29
107	0.1	0.0983742	0.00583479	1.81	0.19	5.91
107	0.15	0.0979935	0.00908163	1.86	0.14	5.86
107	0.2	0.0978241	0.0107727	1.88	0.12	5.84
107	0.25	0.100444	0.0151892	1.92	0.08	5.81
107	0.3	0.10011	0.0236271	1.98	0.02	5.75
107	0.35	0.10011	0.0251747	1.99	0.01	5.74
107	0.4	0.10011	0.0251747	1.99	0.01	5.74
110	0.1	0.109963	0.00629607	1.86	0.14	6.56
110	0.15	0.112341	0.0100519	1.92	0.08	6.51
110	0.2	0.112238	0.0116159	1.94	0.06	6.49
110	0.25	0.112149	0.0135464	1.96	0.04	6.47
110	0.3	0.115004	0.0175298	1.99	0.01	6.45
110	0.35	0.115004	0.0190414	2	0	6.44
110	0.4	0.115004	0.0190414	2	0	6.44
113	0.1	0.0911715	0.00791277	1.77	0.23	5.94
113	0.15	0.0909196	0.014269	1.87	0.13	5.84
113	0.2	0.0910022	0.0168827	1.9	0.1	5.81
113	0.25	0.0908968	0.0190682	1.92	0.08	5.79
113	0.3	0.0910304	0.0272163	1.98	0.02	5.73
113	0.35	0.0910608	0.0304376	2	0	5.71
113	0.4	0.0910608	0.0304376	2	0	5.71
116	0.1	0.118266	0.00743348	1.83	0.17	5.9
116	0.15	0.123951	0.0117473	1.9	0.1	5.85
116	0.2	0.123951	0.013414	1.92	0.08	5.83
116	0.25	0.121995	0.0166561	1.95	0.05	5.81
116	0.3	0.122062	0.0191005	1.97	0.03	5.79
116	0.35	0.125153	0.0206914	1.98	0.02	5.79
116	0.4	0.128243	0.024374	2	0	5.78
119	0.1	0.109419	0.00618774	1.82	0.18	6.28
119	0.15	0.109202	0.00746433	1.84	0.16	6.26
119	0.2	0.112689	0.0140207	1.92	0.08	6.21
119	0.25	0.115632	0.0184915	1.96	0.04	6.18
119	0.3	0.115632	0.0199359	1.97	0.03	6.17
119	0.35	0.115542	0.0231968	1.99	0.01	6.15
119	0.4	0.115542	0.0231968	1.99	0.01	6.15
122	0.1	0.0959906	0.00518362	1.89	0.11	6.52
122	0.15	0.0939481	0.00905008	1.95	0.05	6.47
122	0.2	0.0939106	0.0106443	1.97	0.03	6.45
122	0.25	0.0937979	0.0128071	1.99	0.01	6.43
122	0.3	0.0937979	0.0140862	2	0	6.42
122	0.35	0.0937979	0.0140862	2	0	6.42
122	0.4	0.0937979	0.0140862	2	0	6.42
125	0.1	0.101704	0.00771502	1.88	0.12	5.53
125	0.15	0.101664	0.0108454	1.93	0.07	5.48
125	0.2	0.101857	0.0140394	1.97	0.03	5.44
125	0.25	0.101857	0.0140394	1.97	0.03	5.44
125	0.3	0.0977015	0.0182753	2	0	5.43
125	0.35	0.0977015	0.0182753	2	0	5.43
125	0.4	0.0977015	0.0182753	2	0	5.43
128	0.1	0.0970269	0.00735517	1.88	0.12	7.32
128	0.15	0.0963011	0.0113277	1.94	0.06	7.26
128	0.2	0.0962853	0.014549	1.98	0.02	7.22
128	0.25	0.0962853	0.014549	1.98	0.02	7.22
128	0.3	0.0993482	0.0172725	2	0	7.21
128	0.35	0.0993482	0.0172725	2	0	7.21
128	0.4	0.0993482	0.0172725	2	0	7.21
131	0.1	0.101709	0.00816883	1.77	0.23	6.51
131	0.15	0.0998676	0.0122772	1.84	0.16	6.44
131	0.2	0.100063	0.0156343	1.88	0.12	6.4
131	0.25	0.100063	0.022423	1.94	0.06	6.34
131	0.3	0.103153	0.0293675	1.99	0.01	6.3
131	0.35	0.103153	0.0309954	2	0	6.29
131	0.4	0.103153	0.0309954	2	0	6.29
134	0.1	0.0955172	0.0052981	1.86	0.14	6.04
134	0.15	0.0955172	0.00585366	1.87	0.13	6.03
134	0.2	0.0952814	0.00862322	1.9	0.1	6
134	0.25	0.0981119	0.0151919	1.96	0.04	5.95
134	0.3	0.098106	0.0177728	1.98	0.02	5.93
134	0.35	0.0980014	0.0193637	1.99	0.01	5.92
134	0.4	0.0980014	0.0193637	1.99	0.01	5.92
137	0.1	0.0921788	0.00630519	1.93	0.07	8.01
137	0.15	0.0951383	0.00878653	1.97	0.03	7.98
137	0.2	0.0951383	0.00878653	1.97	0.03	7.98
137	0.25	0.0951139	0.00989764	1.98	0.02	7.97
137	0.3	0.0949418	0.0124028	2	0	7.95
137	0.35	0.0949418	0.0124028	2	0	7.95
137	0.4	0.0949418	0.0124028	2	0	7.95
140	0.1	0.112541	0.00803286	1.91	0.09	7.56
140	0.15	0.112533	0.00947226	1.94	0.06	7.53
140	0.2	0.112347	0.0103418	1.95	0.05	7.52
140	0.25	0.110317	0.013624	1.98	0.02	7.5
140	0.3	0.110204	0.0149284	1.99	0.01	7.49
140	0.35	0.110204	0.0149284	1.99	0.01	7.49
140	0.4	0.110193	0.0168173	2	0	7.48
143	0.1	0.0968067	0.00557774	1.79	0.21	7.65
143	0.15	0.100021	0.00791899	1.83	0.17	7.62
143	0.2	0.102245	0.0145653	1.91	0.09	7.55
143	0.25	0.101928	0.016774	1.93	0.07	7.53
143	0.3	0.108097	0.0232969	1.98	0.02	7.5
143	0.35	0.108097	0.0264503	2	0	7.48
143	0.4	0.108097	0.0264503	2	0	7.48
146	0.1	0.100026	0.00579021	1.86	0.14	6.81
146	0.15	0.0971983	0.00757932	1.89	0.11	6.79
146	0.2	0.100511	0.0107607	1.93	0.07	6.76
146	0.25	0.100511	0.0151673	1.97	0.03	6.72
146	0.3	0.100511	0.0151673	1.97	0.03	6.72
146	0.35	0.100332	0.0199089	2	0	6.69
146	0.4	0.100332	0.0199089	2	0	6.69
149	0.1	0.107427	0.00585683	1.92	0.08	8.05
149	0.15	0.105659	0.00699378	1.94	0.06	8.04
149	0.2	0.105564	0.0103086	1.98	0.02	8
149	0.25	0.105564	0.0103086	1.98	0.02	8
149	0.3	0.105564	0.0103086	1.98	0.02	8
149	0.35	0.108654	0.0118995	1.99	0.01	8
149	0.4	0.108654	0.0118995	1.99	0.01	8
152	0.1	0.0913875	0.00754227	1.87	0.13	6.58
152	0.15	0.0913875	0.00996726	1.91	0.09	6.54
152	0.2	0.0914675	0.010745	1.92	0.08	6.53
152	0.25	0.0896345	0.016207	1.97	0.03	6.49
152	0.3	0.0900277	0.0175403	1.98	0.02	6.48
152	0.35	0.0901128	0.0206578	2	0	6.46
152	0.4	0.0901128	0.0206578	2	0	6.46
155	0.1	0.0808677	0.00520794	1.88	0.12	7.2
155	0.15	0.0802669	0.00711541	1.91	0.09	7.17
155	0.2	0.0801689	0.00798498	1.92	0.08	7.16
155	0.25	0.078368	0.0114228	1.95	0.05	7.14
155	0.3	0.0781756	0.0155345	1.98	0.02	7.11
155	0.35	0.0781756	0.018637	2	0	7.09
155	0.4	0.0781756	0.018637	2	0	7.09
158	0.1	0.0847152	0.00646378	1.86	0.14	8.13
158	0.15	0.0849077	0.00841516	1.89	0.11	8.1
158	0.2	0.0849668	0.0115961	1.93	0.07	8.06
158	0.25	0.0844553	0.0159281	1.97	0.03	8.02
158	0.3	0.0875454	0.0172047	1.98	0.02	8.02
158	0.35	0.0876479	0.0205874	2	0	8
158	0.4	0.0876479	0.0205874	2	0	8
161	0.1	0.0857614	0.00424332	1.86	0.14	7.31
161	0.15	0.0855625	0.00625122	1.89	0.11	7.28
161	0.2	0.0855625	0.00706517	1.9	0.1	7.27
161	0.25	0.0855625	0.01057	1.93	0.07	7.24
161	0.3	0.0886076	0.017469	1.98	0.02	7.2
161	0.35	0.0886076	0.0206823	2	0	7.18
161	0.4	0.0886076	0.0206823	2	0	7.18
164	0.1	0.101574	0.0043634	1.84	0.16	7.87
164	0.15	0.101208	0.00870476	1.91	0.09	7.8
164	0.2	0.104298	0.0103545	1.93	0.07	7.79
164	0.25	0.104297	0.0136504	1.96	0.04	7.76
164	0.3	0.102388	0.0149838	1.97	0.03	7.76
164	0.35	0.102584	0.0180587	1.99	0.01	7.74
164	0.4	0.102584	0.0197253	2	0	7.73
167	0.1	0.0835771	0.00551083	1.78	0.22	7.08
167	0.15	0.0830178	0.00931073	1.85	0.15	7.01
167	0.2	0.08306	0.0145037	1.91	0.09	6.95
167	0.25	0.0831721	0.0177459	1.94	0.06	6.92
167	0.3	0.0861854	0.0203836	1.96	0.04	6.91
167	0.35	0.0861565	0.0269737	2	0	6.87
167	0.4	0.0861565	0.0269737	2	0	6.87
170	0.1	0.0871991	0.00669005	1.86	0.14	7.69
170	0.15	0.0904334	0.0102145	1.92	0.08	7.64
170	0.2	0.0902868	0.0137189	1.96	0.04	7.6
170	0.25	0.090079	0.0147827	1.97	0.03	7.59
170	0.3	0.090079	0.0175293	1.99	0.01	7.57
170	0.35	0.0898301	0.0190511	2	0	7.56
170	0.4	0.0898301	0.0190511	2	0	7.56
173	0.1	0.0840421	0.00525056	1.82	0.18	7.27
173	0.15	0.084275	0.00864181	1.88	0.12	7.21
173	0.2	0.0841641	0.0101805	1.9	0.1	7.19
173	0.25	0.0864604	0.016525	1.96	0.04	7.14
173	0.3	0.0863987	0.0204941	1.99	0.01	7.11
173	0.35	0.0863987	0.0221963	2	0	7.1
173	0.4	0.0863987	0.0221963	2	0	7.1
176	0.1	0.0999709	0.0041151	1.82	0.18	7.4
176	0.15	0.0982096	0.00723193	1.87	0.13	7.36
176	0.2	0.0962755	0.0130897	1.94	0.06	7.3
176	0.25	0.096159	0.0162001	1.97	0.03	7.27
176	0.3	0.096159	0.0162001	1.97	0.03	7.27
176	0.35	0.0992492	0.0177556	1.98	0.02	7.27
176	0.4	0.0992492	0.0215763	2	0	7.25
179	0.1	0.115066	0.00624169	1.82	0.18	6.73
179	0.15	0.116302	0.00824958	1.85	0.15	6.72
179	0.2	0.113962	0.0131331	1.91	0.09	6.67
179	0.25	0.115083	0.0184513	1.96	0.04	6.64
179	0.3	0.114874	0.0240677	2	0	6.6
179	0.35	0.114874	0.0240677	2	0	6.6
179	0.4	0.114874	0.0240677	2	0	6.6
182	0.1	0.0821278	0.00614206	1.86869	0.131313	8.0303
182	0.15	0.0856051	0.0105259	1.93939	0.0606061	7.9798
182	0.2	0.085753	0.0120356	1.9596	0.040404	7.9596
182	0.25	0.0856905	0.0132176	1.9697	0.030303	7.94949
182	0.3	0.0888119	0.0161371	1.9899	0.010101	7.93939
182	0.35	0.0887289	0.0177084	2	0	7.92929
182	0.4	0.0887289	0.0177084	2	0	7.92929
185	0.1	0.07819	0.00448538	1.84	0.16	7.07
185	0.15	0.0781517	0.0064172	1.87	0.13	7.04
185	0.2	0.0780929	0.00891787	1.9	0.1	7.01
185	0.25	0.0811295	0.0152683	1.96	0.04	6.96
185	0.3	0.0812293	0.0167577	1.97	0.03	6.95
185	0.35	0.0815107	0.0197835	1.99	0.01	6.93
185	0.4	0.0813429	0.0216724	2	0	6.92
188	0.1	0.0846686	0.0043943	1.89	0.11	7.64
188	0.15	0.0850486	0.00608535	1.92	0.08	7.61
188	0.2	0.0848356	0.00764167	1.94	0.06	7.59
188	0.25	0.0848356	0.00982455	1.96	0.04	7.57
188	0.3	0.0847819	0.0139687	1.99	0.01	7.54
188	0.35	0.0847819	0.0139687	1.99	0.01	7.54
188	0.4	0.0847819	0.0158292	2	0	7.53
191	0.1	0.100246	0.00522648	1.85	0.15	7
191	0.15	0.105689	0.00778083	1.89	0.11	6.98
191	0.2	0.105561	0.00939277	1.91	0.09	6.96
191	0.25	0.110032	0.0148097	1.96	0.04	6.94
191	0.3	0.110032	0.0160863	1.97	0.03	6.93
191	0.35	0.107966	0.0194188	1.99	0.01	6.92
191	0.4	0.107966	0.0212792	2	0	6.91
194	0.1	0.101409	0.00466335	1.91	0.09	7.74
194	0.15	0.102467	0.00752607	1.96	0.04	7.71
194	0.2	0.103647	0.00900669	1.98	0.02	7.71
194	0.25	0.103647	0.0101769	1.99	0.01	7.7
194	0.3	0.103647	0.0101769	1.99	0.01	7.7
194	0.35	0.103274	0.0116987	2	0	7.69
194	0.4	0.103274	0.0116987	2	0	7.69
197	0.1	0.110236	0.00435453	1.86	0.14	8.79
197	0.15	0.105971	0.00870514	1.93	0.07	8.74
197	0.2	0.109061	0.0110147	1.96	0.04	8.72
197	0.25	0.109003	0.0132886	1.98	0.02	8.7
197	0.3	0.106089	0.0147331	1.99	0.01	8.69
197	0.35	0.106089	0.0164376	2	0	8.68
197	0.4	0.106089	0.0164376	2	0	8.68
200	0.1	0.0810178	0.00747245	1.87	0.13	6.81
200	0.15	0.0840561	0.01105	1.93	0.07	6.76
200	0.2	0.0840561	0.011959	1.94	0.06	6.75
200	0.25	0.0835689	0.015046	1.97	0.03	6.72
200	0.3	0.0835689	0.0164096	1.98	0.02	6.71
200	0.35	0.0835689	0.0179402	1.99	0.01	6.7
200	0.4	0.0835689	0.0179402	1.99	0.01	6.7
