var	minCostFlow
5	0.106383
5	0.0375205
5	0.82575
5	0.214429
5	0.881257
5	0.260638
5	0.205491
5	0.123051
5	0.0639535
5	0.523446
5	0.237649
5	0.218085
5	0.265195
5	0.169241
5	0.445652
5	0.435703
5	0.280656
5	0.558761
5	0.191644
5	0.0848016
5	0.325511
5	0.310876
5	0.51087
5	0.335106
5	0.0691489
5	0.136348
5	0.142
5	0.194067
5	0.500574
5	0.0791283
5	0.202207
5	0.188889
5	0.151042
5	0.12485
5	0.707447
5	0.274775
5	0.0468358
5	0.0877851
5	0.409534
5	0.179608
5	0.720227
5	0.342391
5	0.0297619
5	0.211449
5	0.459429
5	0.570409
5	0.0454545
5	0.069298
5	0.141246
5	0.582826
5	0.432178
5	0.198864
5	0.532609
5	0.529664
5	0.20995
5	0.466654
5	0.143617
5	0.782762
5	0.332513
5	0.0906675
5	0.136115
5	0.342759
5	0.322917
5	0.220303
5	0.106334
5	0.355845
5	0.0928761
5	0.510638
5	0.054289
5	0.188849
5	0.13587
5	0.134999
5	0.128702
5	0.211538
5	0.173913
5	0.399214
5	0.0973606
5	0.27323
5	0.476704
5	0.236968
5	0.743036
5	0.733176
5	0
5	0.171972
5	0.184425
5	0.604412
5	0.0854722
5	0.0758612
5	0.517442
5	0.0865717
5	0.208283
5	0.289406
5	0.132458
5	0.121765
5	0.15026
5	0.129327
5	0.30621
5	0.797515
5	0.368389
5	0.330711
8	0.0444444
8	0.0930124
8	0.217308
8	0.215621
8	0.1187
8	0.109029
8	0.10048
8	0.131165
8	0.57711
8	0.287521
8	0.205374
8	0.0555167
8	0.138365
8	0.30698
8	0.0695153
8	0.192809
8	0.241227
8	0.0690641
8	0.114458
8	0.186667
8	0.430233
8	0.238698
8	0.681742
8	0.586957
8	0.00989598
8	0.0507684
8	0.235862
8	0.0526803
8	0.592609
8	0.0804749
8	0.0597826
8	0.100652
8	0.109115
8	0.514618
8	0.146158
8	0.0711358
8	0.261111
8	0.356383
8	0.356086
8	0.216686
8	0.0611111
8	0.0701498
8	0.092088
8	0.115158
8	0.549668
8	0.0694964
8	0.0817655
8	0.416667
8	0.127805
8	0.220523
8	0.0999588
8	0.133173
8	0.0425762
8	0.131407
8	0.360037
8	0.12645
8	0.0771523
8	0.00581395
8	0.0703704
8	0.051761
8	0.0888455
8	0.322445
8	0.0991556
8	0.0939565
8	0.201894
8	0.0965908
8	0.709472
8	0.0946492
8	0.048417
8	0.107508
8	0.0585106
8	0.123647
8	0.301136
8	0.268422
8	0.21405
8	0.111111
8	0.0902312
8	0.307614
8	0.118978
8	0.191399
8	0.267126
8	0.0767447
8	0.171224
8	0.0710122
8	0.187815
8	0.254962
8	0.608561
8	0.0637536
8	0.0764969
8	0.0585852
8	0.151517
8	0.635958
8	0.122185
8	0.136575
8	0.106457
8	0.205556
8	0.0681818
8	0.199467
8	0.0501503
8	0.161592
11	0.0334028
11	0.109741
11	0.16115
11	0.0350938
11	0.0120998
11	0.111094
11	0.0624609
11	0.403061
11	0.0988372
11	0.229167
11	0.21875
11	0.213713
11	0.147727
11	0.184783
11	0.197674
11	0.152439
11	0.0851064
11	0.318374
11	0.179632
11	0.0416667
11	0.0399801
11	0.223165
11	0.0932903
11	0.345745
11	0.163421
11	0.048913
11	0.337491
11	0.667972
11	0.0817103
11	0.106326
11	0.583469
11	0
11	0.0546544
11	0.135647
11	0.13587
11	0.105556
11	0.134562
11	0.557335
11	0.0952718
11	0.323111
11	0.0978261
11	0.2437
11	0.4
11	0.156393
11	0.273417
11	0.578758
11	0.190103
11	0.157679
11	0.178032
11	0.0663094
11	0.0306839
11	0.0871716
11	0.0843688
11	0.227574
11	0.135555
11	0.0798662
11	0.0587398
11	0.0914332
11	0.17237
11	0.0416742
11	0.144663
11	0.199084
11	0.0563382
11	0.0116279
11	0.00531915
11	0.0742546
11	0.252468
11	0.225188
11	0.172617
11	0.0395705
11	0.717639
11	0.117037
11	0.0973454
11	0.154154
11	0.436183
11	0.121296
11	0.18674
11	0.555556
11	0.324468
11	0.0118252
11	0.0652174
11	0.0677083
11	0.150101
11	0.3922
11	0.163428
11	0.0879234
11	0.115075
11	0.0981799
11	0.129531
11	0.356383
11	0.101431
11	0.19806
11	0.140829
11	0.210097
11	0.0245149
11	0.067445
11	0.0746219
11	0.137808
11	0.167078
11	0.169676
14	0.0502084
14	0.285005
14	0.0554404
14	0.0654364
14	0.0304878
14	0.0104167
14	0.181012
14	0.136399
14	0.0701182
14	0.232542
14	0.171814
14	0.0235369
14	0.0851064
14	0.117362
14	0.12234
14	0.093629
14	0.0681556
14	0.0736194
14	0.114283
14	0.0625
14	0.076087
14	0.116158
14	0.122129
14	0.353341
14	0.00555556
14	0.048913
14	0.0881714
14	0.0603923
14	0.0411922
14	0.14687
14	0.0268959
14	0.0422979
14	0.0951018
14	0.0882633
14	0.127042
14	0.0239041
14	0.101832
14	0.0548915
14	0.329503
14	0.120842
14	0.0925184
14	0.0821921
14	0.0425532
14	0.0640569
14	0.185127
14	0.0543444
14	0.0937299
14	0.164938
14	0.164952
14	0
14	0.104437
14	0.1014
14	0.0836248
14	0.262874
14	0.0769568
14	0.0833013
14	0.116817
14	0.283344
14	0.0804117
14	0.136605
14	0.1767
14	0.307232
14	0.110937
14	0.236664
14	0.0864037
14	0.0327078
14	0.0902923
14	0.129253
14	0.0467123
14	0.0241103
14	0.0297779
14	0.0304544
14	0.0844719
14	0.0376484
14	0.137186
14	0.0432236
14	0.0680863
14	0.0732189
14	0.0333333
14	0.105749
14	0.0776638
14	0.0253438
14	0.0713036
14	0.0727832
14	0.186347
14	0.11959
14	0.0332627
14	0.0788981
14	0.353066
14	0.0937872
14	0.0379884
14	0.0651946
14	0.143617
14	0.166117
14	0.076087
14	0.0622532
14	0.0828765
14	0.355556
14	0.0631592
14	0.063275
17	0.116967
17	0.0911319
17	0.128176
17	0.0232558
17	0
17	0.186022
17	0.309022
17	0.175253
17	0.116672
17	0.265076
17	0.0705082
17	0.0504022
17	0.0326087
17	0.0463748
17	0.512179
17	0.165256
17	0.063076
17	0.214004
17	0.0815093
17	0.0176775
17	0.0779605
17	0.189188
17	0.00112446
17	0.0272074
17	0.140088
17	0.0381581
17	0.0768442
17	0.00125321
17	0.0759308
17	0.0628473
17	0.00797413
17	0.0739984
17	0.0700687
17	0.15119
17	0.16375
17	0.282233
17	0.0603344
17	0.0903154
17	0.125
17	0.141781
17	0.0160023
17	0.0783491
17	0.0733802
17	0.193595
17	0.055287
17	0.31794
17	0.0186324
17	0.224005
17	0.214823
17	0.112399
17	0.0792406
17	0.236451
17	0.0168915
17	0.0397043
17	0.134136
17	0.0489782
17	0.344444
17	0.0434694
17	0.0747855
17	0.146739
17	0.205
17	0.147346
17	0.182597
17	0.0402384
17	0.114751
17	0.0836506
17	0.0551377
17	0.0239964
17	0.311136
17	0.138815
17	0.0459353
17	0.129372
17	0.139349
17	0.0843782
17	0.0722461
17	0.0748033
17	0.124354
17	0.0371315
17	0.115615
17	0.11545
17	0.0661264
17	0.249112
17	0.0313838
17	0.0679042
17	0.125045
17	0.308511
17	0.0563275
17	0.082057
17	0.0592472
17	0.137579
17	0
17	0.0126979
17	0.0330491
17	0.0258179
17	0.119565
17	0.158944
17	0.0523256
17	0.102931
17	0.0473451
17	0.0516576
20	0.0316542
20	0.0189482
20	0
20	0.0360136
20	0.058928
20	0.0407425
20	0.215669
20	0.0234351
20	0.0584756
20	0.00520833
20	0.128812
20	0.0640282
20	0.0614866
20	0.151598
20	0.100884
20	0.108729
20	0.00535319
20	0.118599
20	0.058086
20	0.0919546
20	0.0185012
20	0.0635674
20	0.0282523
20	0
20	0.0483642
20	0.0312887
20	0.0416667
20	0.05
20	0.0848368
20	0.264062
20	0.0747219
20	0.140702
20	0.0349703
20	0.129911
20	0.104268
20	0.0765469
20	0.107594
20	0
20	0.0691573
20	0.09137
20	0.241457
20	0.223814
20	0.163228
20	0.147928
20	0.0809769
20	0.155207
20	0.0467221
20	0.0146842
20	0.0203412
20	0.016623
20	0.0509552
20	0.164224
20	0.131302
20	0.0324009
20	0.0797872
20	0.133333
20	0.0796694
20	0.0159574
20	0.0946924
20	0.1253
20	0.0482166
20	0.0804037
20	0.341392
20	0.00748297
20	0.0550441
20	0.296875
20	0.00170402
20	0.0487079
20	0.128277
20	0.206015
20	0.0706489
20	0.14296
20	0.125488
20	0.0435234
20	0.117021
20	0.109558
20	0
20	0.0653316
20	0.125664
20	0.017082
20	0.0299284
20	0.252686
20	0.149326
20	0.0324578
20	0.253258
20	0.420766
20	0.198184
20	0.163445
20	0.233696
20	0.118225
20	0.102333
20	0.0371709
20	0.322883
20	0.139363
20	0.155902
20	0.0251707
20	0.0570761
20	0.113095
20	0.041099
20	0.171894
23	0.130206
23	0.21424
23	0
23	0.0538516
23	0.0562354
23	0.0935239
23	0.015017
23	0.0647202
23	0.145744
23	0.175169
23	0.0868923
23	0.0712327
23	0.0530795
23	0.106746
23	0
23	0.0181495
23	0.0543478
23	0.175801
23	0.155101
23	0.0337978
23	0.036301
23	0.130435
23	0.0233932
23	0.133628
23	0.288168
23	0.0459947
23	0.0610643
23	0.267516
23	0.00555556
23	0.00250884
23	0.0257409
23	0.106116
23	0.10668
23	0.0194034
23	0.187082
23	0.204915
23	0.0708715
23	0.0732627
23	0.041001
23	0.198518
23	0.0326087
23	0.030969
23	0.0664776
23	0
23	0.110139
23	0.0459112
23	0.023979
23	0.102775
23	0.0863327
23	0.101951
23	0.0315728
23	0.081397
23	0.110811
23	0.0332891
23	0.0212766
23	0.0415261
23	0.0944225
23	0.0415926
23	0.06718
23	0.0727833
23	0.0494141
23	0.239583
23	0.268983
23	0.0471303
23	0.0435275
23	0.0404912
23	0.0592487
23	0.0767067
23	0.0250767
23	0.139741
23	0.0800538
23	0.00878656
23	0.061322
23	0.114641
23	0.122205
23	0.201087
23	0.143617
23	0.0652174
23	0
23	0.0813227
23	0.0729167
23	0.0151749
23	0.075747
23	0.0260217
23	0.0228034
23	0.0498763
23	0.110187
23	0.0384954
23	0.0346362
23	0.0754773
23	0.0978261
23	0.115953
23	0.158537
23	0.0457366
23	0.139456
23	0.124068
23	0.12173
23	0.128725
23	0.091568
23	0.0227658
26	0.0154609
26	0.0347118
26	0
26	0.0934164
26	0.0706449
26	0.0801615
26	0.0868317
26	0.233333
26	0.0446803
26	0.0324031
26	0.247337
26	0.118496
26	0.109291
26	0.0472026
26	0.0110611
26	0.0449051
26	0.104651
26	0.145349
26	0.0415401
26	0.0334826
26	0.0790508
26	0.00580805
26	0.0280413
26	0.00527956
26	0.088824
26	0.0501882
26	0.0526996
26	0.0795455
26	0.0914578
26	0.0230829
26	0.0815217
26	0.0511364
26	0.00666921
26	0.00661447
26	0.0893947
26	0.0559955
26	0.0498355
26	0.204545
26	0.0603021
26	0.0522834
26	0
26	0.186335
26	0.0211206
26	0.0302238
26	0.0930771
26	0.0245462
26	0.21786
26	0.0474407
26	0.0231619
26	0.0342673
26	0.0257019
26	0.274482
26	0.203956
26	0.0696941
26	0.099431
26	0.160386
26	0.106534
26	0.00554592
26	0.0102457
26	0.104535
26	0.0469078
26	0.0164821
26	0.0119165
26	0.083855
26	0.0277778
26	0.0548206
26	0.0485333
26	0.026661
26	0.0345151
26	0.0862115
26	0.130531
26	0.0922844
26	0.0382814
26	0.131727
26	0.165432
26	0.0465116
26	0.028291
26	0.00105213
26	0.0956881
26	0.10519
26	0
26	0.0104312
26	0.0299545
26	0.0683777
26	0.222222
26	0.182699
26	0.21988
26	0.0187124
26	0.0806521
26	0.148631
26	0.126215
26	0.122093
26	0.147538
26	0.0776798
26	0.0807679
26	0.0827587
26	0.166019
26	0.0555556
26	0.0934651
26	0.146355
29	0.0284883
29	0.0518182
29	0.156977
29	0.0833333
29	0.127787
29	0.0535791
29	0.0816151
29	0.0350853
29	0.0376644
29	0.112797
29	0.0291466
29	0.0488721
29	0.0213562
29	0.0804014
29	0.14631
29	0.0672617
29	0.0127512
29	0.13291
29	0
29	0.0545171
29	0.0222222
29	0.0736
29	0.0583506
29	0.0151663
29	0.00461201
29	0.129725
29	0.130966
29	0.109667
29	0.0128365
29	0.0100805
29	0.256719
29	0.065935
29	0.219585
29	0.0183759
29	0.00435975
29	0.0697151
29	0.12775
29	0.000628842
29	0.137712
29	0.0750847
29	0.0494089
29	0.043807
29	0.0372483
29	0.0571396
29	0.0235899
29	0.00300056
29	0.075844
29	0.0883599
29	0.0331438
29	0.104871
29	0.0166667
29	0.0663407
29	0.0600316
29	0.0555472
29	0.0485973
29	0.0172085
29	0.0678813
29	0.112725
29	0.107045
29	0.0515689
29	0.0976643
29	0.049031
29	0.0729315
29	0.0324147
29	0.0392404
29	0.0748983
29	0.0314035
29	0.134757
29	0.0261322
29	0.112999
29	0.080988
29	0.214456
29	0.0924921
29	0.102764
29	0.0918823
29	0.0662203
29	0.046875
29	0.176136
29	0.00577467
29	0.0159574
29	0.183748
29	0.155423
29	0.0580235
29	0.0403584
29	0.183865
29	0.319185
29	0.0082897
29	0.0983959
29	0.0586132
29	0.172222
29	0.043819
29	0.0417594
29	0.053718
29	0.150808
29	0.0876609
29	0.0110343
29	0.182796
29	0.0280054
29	0.0589045
29	0.0288642
32	0.0412076
32	0.0837333
32	0.0313459
32	0.0955599
32	0.0420339
32	0.103318
32	0.0286474
32	0.241643
32	0.0372026
32	0.0267817
32	0.0751993
32	0.00488534
32	0.229105
32	0.163235
32	0.049424
32	0.0532374
32	0.256427
32	0.182083
32	0.00510204
32	0.0327377
32	0.0511243
32	0.102836
32	0.022545
32	0.0122502
32	0.0622434
32	0.000278349
32	0.0252614
32	0.0899264
32	0.0663024
32	0.0100784
32	0.05
32	0.12622
32	0.0428082
32	0.0202356
32	0.0591517
32	0.0378998
32	0.0587582
32	0.0111883
32	0
32	0.0889242
32	0.100632
32	0.0165217
32	0.0595238
32	0.171692
32	0.0588944
32	0.0103942
32	0.0949648
32	0.0567031
32	0.0953073
32	0.0273655
32	0
32	0.0913396
32	0.15217
32	0.123706
32	0.22093
32	0.0681818
32	0.122942
32	0.0575348
32	0.0928301
32	0.021058
32	0.107593
32	0.134594
32	0.0297453
32	0.206522
32	0.0621663
32	0.0451244
32	0.112427
32	0.0163043
32	0.072102
32	0.00953111
32	0.0338653
32	0.0706522
32	0.090772
32	0.0549697
32	0.236629
32	0.0656159
32	0.00298499
32	0
32	0.0877218
32	0.00934244
32	0.0239267
32	0.0485297
32	0.116459
32	0.0423818
32	0.0624534
32	0.0590312
32	0.214286
32	0.0274087
32	0.0759375
32	0.00659129
32	0.0280063
32	0.0182232
32	0.0792727
32	0.0170984
32	0.0843283
32	0.0181769
32	0.0393331
32	0.106302
32	0.080305
32	0.0509589
35	0.0402502
35	0.0166667
35	0.12017
35	0.0555556
35	0.0252504
35	0.067485
35	0.048023
35	0.0659701
35	0.05019
35	0.0789997
35	0.18617
35	0.0191725
35	0.0568182
35	0.0309595
35	0.0683568
35	0.0726855
35	0.0512546
35	0.0801138
35	0.00183255
35	0.21394
35	0.137317
35	0.0305237
35	0.0235828
35	0.0317028
35	0.0116008
35	0.0983645
35	0.0646989
35	0.0583144
35	0.0414811
35	0.0591353
35	0.0577642
35	0.00842735
35	0.1518
35	0.159963
35	0.00520833
35	0.0703035
35	0.0400147
35	0.0300519
35	0.054785
35	0.00971826
35	0.0223586
35	0.0441443
35	0.010728
35	0.0551495
35	0.0469479
35	0.0565533
35	0.0234329
35	0.0401525
35	0.0265589
35	0.0763016
35	0.0813954
35	0.0568482
35	0.14591
35	0
35	0.307375
35	0.0304189
35	0.0319149
35	0.108317
35	0.0753995
35	0.0411294
35	0.134832
35	0.0449513
35	0.104761
35	0.103115
35	0.0565178
35	0.0159574
35	0.0907351
35	0.0563877
35	0.00571933
35	0.192958
35	0.0299972
35	0.125315
35	0.0195099
35	0.0608689
35	0.0334498
35	0.0536387
35	0.104041
35	0.0702601
35	0.0434231
35	0.045242
35	0.0953252
35	0
35	0.0119934
35	0.0665784
35	0.0355115
35	0.0348837
35	0.00274903
35	0.00261898
35	0.0367556
35	0.0569389
35	0.00568182
35	0.0919642
35	0.0660977
35	0.112182
35	0.0405396
35	0.0162325
35	0.0247161
35	0.108239
35	0.0722554
35	0.0258115
38	0.155104
38	0.00896864
38	0.0151713
38	0.0233802
38	0.090872
38	0.0799464
38	0.00726603
38	0.0230883
38	0.00156696
38	0.107966
38	0.148309
38	0.0853459
38	0.0361656
38	0.0309612
38	0
38	0
38	0.0133514
38	0.0828042
38	0.00810162
38	0.0310367
38	0.0959376
38	0.0559696
38	0.0143508
38	0.0188999
38	0.138232
38	0.0306606
38	0.198828
38	0.0593194
38	0.0180989
38	0.0915376
38	0.0469067
38	0.0849344
38	0.0948291
38	0.0326914
38	0.0815217
38	0.0534368
38	0.058266
38	0.119267
38	0.0955983
38	0.0626879
38	0.0870723
38	0.0545735
38	0.00349006
38	0.0718755
38	0.0137127
38	0.083577
38	0.0212329
38	0.0267595
38	0.0576557
38	0.072356
38	0.06672
38	0.0561853
38	0.0125002
38	0.0654806
38	0.00654809
38	0.0215015
38	0.00789973
38	0.0351608
38	0.0178571
38	0.0846292
38	0.050323
38	0.019043
38	0.153997
38	0.0600939
38	0.00496228
38	0.0377545
38	0.0165244
38	0.0784143
38	0
38	0.0922102
38	0.118193
38	0.030772
38	0.0351114
38	0.121122
38	0.036513
38	0.0446125
38	0.0609933
38	0.103736
38	0.0766535
38	0.00543478
38	0.04432
38	0.0396777
38	0.0842152
38	0.0177895
38	0.008534
38	0.00581395
38	0
38	0.101971
38	0.213609
38	0.0896527
38	0.111504
38	0.0608227
38	0.258016
38	0
38	0.00868967
38	0.0243979
38	0.0897619
38	0.0785115
38	0.120819
38	0.0637257
41	0.0434783
41	0.0659335
41	0.102717
41	0.086759
41	0.131261
41	0.107494
41	0
41	0.0145631
41	0.0653868
41	0.0617231
41	0.0743692
41	0.105778
41	0.0493644
41	0.0183413
41	0.043622
41	0.0721914
41	0.104492
41	0.0690024
41	0.0170101
41	0.0653862
41	0.106236
41	0.00669436
41	0.0677371
41	0.0433247
41	0.0207538
41	0.0386025
41	0.0909091
41	0.0772377
41	0.0295309
41	0.0685846
41	0.112291
41	0.0968541
41	0.0867152
41	0.0731977
41	0.113541
41	0.011136
41	0.0718151
41	0.0491774
41	0.0974064
41	0.0240336
41	0.0416667
41	0.0448264
41	0.0612245
41	0.0292026
41	0.120871
41	0.0680769
41	0.0679831
41	0.0133906
41	0.00854413
41	0.00801414
41	0
41	0.0520564
41	0.0426069
41	0.0328095
41	0.0455675
41	0.06071
41	0.00640307
41	0.101333
41	0.124369
41	0.0663911
41	0.176614
41	0.060705
41	0.12766
41	0.0959362
41	0.184002
41	0.000583906
41	0.0225199
41	0.0933253
41	0.0949654
41	0
41	0.00671571
41	0.0048707
41	0
41	0.0652265
41	0.0620087
41	0.100685
41	0.00122993
41	0.135777
41	0.0440808
41	0.110465
41	0.0434783
41	0.0638086
41	0.0286947
41	0.0329197
41	0.222665
41	0.0156154
41	0.0609789
41	0.0575462
41	0.138179
41	0.0202264
41	0.0403313
41	0.0297889
41	0.0805424
41	0.046488
41	0.163043
41	0.0924748
41	0.0524878
41	0.0662149
41	0.0895618
41	0.071978
44	0.0419478
44	0.0406762
44	0.0263972
44	0.106629
44	0.00839026
44	0.0652174
44	0.142376
44	0.119048
44	0.158774
44	0.0792868
44	0.0509247
44	0.00713443
44	0.0812953
44	0.0181599
44	0.186828
44	0.0327943
44	0.0451312
44	0.137809
44	0.0928387
44	0.0163014
44	0.0723257
44	0.0707139
44	0.0668013
44	0.0417793
44	0.143376
44	0.0236908
44	0.0302466
44	0.00647295
44	0.0859911
44	0.0935313
44	0.145513
44	0.0156322
44	0.0632459
44	0.0539151
44	0.00128243
44	0.109817
44	0.0648008
44	0.00543478
44	0.0870606
44	0.0249506
44	0.0227385
44	0.128409
44	0.0338749
44	0.00836636
44	0.103638
44	0.0595238
44	0.0572206
44	0.044506
44	0.0353711
44	0.0833333
44	0.048768
44	0.0402333
44	0.077626
44	0
44	0.00829936
44	0.0905955
44	0.0657446
44	0.0929483
44	0.0372633
44	0.0347011
44	0
44	0.0513188
44	0.0691563
44	0.114657
44	0.0951327
44	0.0873844
44	0.0705888
44	0.0783859
44	0.0382749
44	0.0434783
44	0.022193
44	0.0238095
44	0.022736
44	0.0294006
44	0.0722222
44	0.153761
44	0.0179603
44	0.0765431
44	0.064201
44	0.090544
44	0.0242967
44	0.0684812
44	0.00421799
44	0.0585083
44	0.0707405
44	0.0159574
44	0.000933057
44	0.0058451
44	0.037759
44	0.0770075
44	0.0480231
44	0.0790399
44	0.039587
44	0.0611858
44	0.159048
44	0.0953209
44	0.0932876
44	0.0722222
44	0.0928668
44	0.0461567
47	0.0771609
47	0.0815782
47	0.00660595
47	0.0220646
47	0.0367548
47	0.0844411
47	0.041485
47	0.0115218
47	0.151123
47	0
47	0.05
47	0.0163798
47	0.0394553
47	0.0259348
47	0
47	0.167079
47	0.0469073
47	0.0406187
47	0.15477
47	0.0912036
47	0.135726
47	0.0532792
47	0.0922289
47	0.109708
47	0.120263
47	0.0429434
47	0.389721
47	0.0434783
47	0.00804519
47	0.0849348
47	0.0406977
47	0.224991
47	0.0857409
47	0.0976289
47	0.0742443
47	0.0800092
47	0.0169656
47	0.153409
47	0.0992148
47	0.0204811
47	0.0739379
47	0.0757894
47	0.0200476
47	0.05
47	0.0245765
47	0.0269657
47	0.0159574
47	0.0596976
47	0.133781
47	0.0440406
47	0.119565
47	0.141682
47	0.0239876
47	0.0500134
47	0.18125
47	0.0466472
47	0.0289684
47	0.0738018
47	0.0240539
47	0.031729
47	0.00149368
47	0.0452208
47	0.119634
47	0.0644479
47	0.0318679
47	0.0298707
47	0.0241731
47	0.0493421
47	0.0537115
47	0.0625
47	0.137499
47	0.0419988
47	0.0488867
47	0.0712436
47	0.0306887
47	0.0283138
47	0.0323639
47	0.0197761
47	0.0360494
47	0.00849994
47	0.0569617
47	0.0360332
47	0.111382
47	0.0629002
47	0.0354437
47	0.11171
47	0.0556348
47	0.000183566
47	0.00829727
47	0.120209
47	0.0691489
47	0.0714063
47	0.15642
47	0.0408014
47	0.0471178
47	0.0521107
47	0.00420275
47	0.106034
47	0.0816327
47	0.0454967
50	0.0677963
50	0.0307102
50	0.0176868
50	0.0227273
50	0.0430502
50	0.00104831
50	0.0282536
50	0.0252416
50	0.0170517
50	0.0561224
50	0.0527808
50	0.111159
50	0.177962
50	0.0794941
50	0.0468092
50	0.00320015
50	0.120389
50	0.104884
50	0.00716957
50	0.017697
50	0.0529983
50	0.0174241
50	0.0537851
50	0.0641116
50	0.0445472
50	0.127284
50	0.0399906
50	0.0434783
50	0.133333
50	0.0907807
50	0.044968
50	0.0606666
50	0.0590125
50	0.0278738
50	0.031674
50	0.0039505
50	0.0436683
50	0
50	0.0377692
50	0.0503282
50	0.0719299
50	0.0536824
50	0.0436039
50	0.017095
50	0.00665701
50	0.148526
50	0.0722984
50	0.0333977
50	0.0865844
50	0.0421488
50	0.0412845
50	0.0608205
50	0.0854235
50	0
50	0
50	0.157655
50	0.0274447
50	0.0573459
50	0.0538097
50	0.0381543
50	0.0197703
50	0.0431402
50	0.0505962
50	0.0936198
50	0.107337
50	0.0680877
50	0.00858499
50	0.0988801
50	0.0907975
50	0.0959129
50	0.0964114
50	0.0180906
50	0.0788937
50	0.0659766
50	0.0939699
50	0.076087
50	0.0633079
50	0.0471881
50	0.046953
50	0.0551134
50	0.052121
50	0.0238222
50	0.0381868
50	0.0838177
50	0.0627232
50	0.148668
50	0.0554944
50	0.0420155
50	0.0212172
50	0.0454545
50	0.000939311
50	0.0200817
50	0.0633285
50	0.0106719
50	0.052147
50	0.0508525
50	0.0823223
50	0
50	0.0108644
50	0.112365
53	0.130977
53	0.0259443
53	0.0691039
53	0.122124
53	0.0234813
53	0.112607
53	0.0335654
53	0.103976
53	0.0559562
53	0.0294853
53	0.040722
53	0.0581874
53	0.0284043
53	0.0188138
53	0.0466476
53	0.0745266
53	0.0261443
53	0.0813656
53	0.0277796
53	0.0861352
53	0.0926465
53	0.0862256
53	0.0117607
53	0.0227715
53	0.0152383
53	0.0602825
53	0.091542
53	0.010482
53	0.00664128
53	0.0414238
53	0.163177
53	0.124316
53	0.260638
53	0.053889
53	0.0166758
53	0.0166794
53	0.0360637
53	0.00516251
53	0.118396
53	0.0205311
53	0.0152645
53	0.00903096
53	0.112228
53	0.00504371
53	0.00271561
53	0.07161
53	0.055827
53	0.0526403
53	0.100355
53	0.0247205
53	0.0852454
53	0.125583
53	0.00729286
53	0
53	0.00790132
53	0.0860277
53	0.258143
53	0.0406977
53	0.0340909
53	0.115281
53	0.0865903
53	0.00985378
53	0.0268636
53	0.0616975
53	0.0421439
53	0.0937022
53	0.0363953
53	0.0468557
53	0.0259304
53	0
53	0.065734
53	0.0234098
53	0.0681825
53	0.055607
53	0.0348071
53	0.293394
53	0.0120061
53	0.0430092
53	0.0113454
53	0.101431
53	0.036508
53	0.00555556
53	0
53	0.00634134
53	0.0387862
53	0.114159
53	0.0186641
53	0.0457429
53	0.00286173
53	0.015625
53	0.0439284
53	0.0281937
53	0.0633746
53	0
53	0.0564634
53	0.0305342
53	0.0761139
53	0.0129984
53	0.0838239
53	0.0392103
56	0.0833333
56	0.133754
56	0.120371
56	0.00282634
56	0.0274707
56	0.0888996
56	0.0121427
56	0.0284091
56	0.03001
56	0.0556266
56	0.0701062
56	0.0381039
56	0.0060123
56	0.115157
56	0.106062
56	0.0457052
56	0.0668113
56	0.0078892
56	0.0143899
56	0.0713627
56	0.0495862
56	0.0107012
56	0.0867347
56	0.0148363
56	0.0163034
56	0.0511364
56	0.0403677
56	0.070686
56	0.0218441
56	0.0781979
56	0.0605905
56	0.0612245
56	0.00787183
56	0
56	0.00572404
56	0.197498
56	0.0217281
56	0.0521646
56	0.0601614
56	0.102673
56	0.0125283
56	0.0986619
56	0.0228395
56	0.0686726
56	0.0188521
56	0.0183395
56	0.0690762
56	0.122051
56	0.0741451
56	0.0619165
56	0
56	0.0340143
56	0.0367993
56	0.0116428
56	0.059757
56	0.177671
56	0.0162438
56	0.00132945
56	0.0483155
56	0.0626104
56	0.0348837
56	0.0525448
56	0.0994188
56	0.082658
56	0.023591
56	0.0133887
56	0.0797328
56	0.0580323
56	0.0777778
56	0.0747171
56	0.0185865
56	0.00572727
56	0.276225
56	0.0506401
56	0.0430917
56	0.0568134
56	0
56	0.113926
56	0.0307612
56	0.0815217
56	0.133888
56	0.0460286
56	0.00946095
56	0.0346635
56	0.000628567
56	0.00421753
56	0.0124252
56	0.0257266
56	0.187791
56	0.00359306
56	0.162571
56	0.160466
56	0.08513
56	0.0100359
56	0.0626085
56	0.0523396
56	0.0084
56	0.0819646
56	0.0674329
56	0.027887
59	0.1875
59	0.0749627
59	0.000683065
59	0.0824468
59	0.0133896
59	0.133609
59	0.0006478
59	0.00486344
59	0.0962954
59	0.169359
59	0.019949
59	0.051467
59	0.0360416
59	0.0855502
59	0.0363754
59	0.0305707
59	0.0279892
59	0.043882
59	0.00793689
59	0.0139658
59	0.0475625
59	0.0133679
59	0.0390254
59	0.00451555
59	0.000757694
59	0.144444
59	0.0807858
59	0.0425684
59	0.048375
59	0.0490669
59	0.0490528
59	0.0272824
59	0.0921356
59	0.0858518
59	0.0637046
59	0.0478047
59	0.0732153
59	0.0670724
59	0.0108696
59	0.0394862
59	0.0116279
59	0.0190916
59	0.054434
59	0.0440325
59	0.0468001
59	0.082296
59	0.0126857
59	0.054967
59	0.0579228
59	0.268546
59	0.206476
59	0.0131863
59	0.00915624
59	0.118757
59	0
59	0.235795
59	0.0309104
59	0.0582696
59	0.0851064
59	0.0203259
59	0.0419168
59	0.0392037
59	0.00531915
59	0.0469562
59	0.0135934
59	0.0757921
59	0.101064
59	0.0783619
59	0.0613015
59	0.0170455
59	0.0466483
59	0.0440588
59	0.00566424
59	0.0745912
59	0.0146747
59	0.190795
59	0.0987827
59	0.104015
59	0.0585106
59	0.00776632
59	0.0937769
59	0.052547
59	0.153108
59	0.0224985
59	0.0446247
59	0.0294784
59	0.0460257
59	0.0822614
59	0.025002
59	0.0504163
59	0.0267242
59	0.0580396
59	0.0219098
59	0.106116
59	0.023926
59	0.060646
59	0.00520833
59	0
59	0.134088
59	0.0212518
62	0.0341107
62	0.0423768
62	0.0851204
62	0.100479
62	0.0551107
62	0.094369
62	0.0510204
62	0.049974
62	0.0105013
62	0.0453561
62	0.123589
62	0.050875
62	0.0277778
62	0.0873324
62	0.117021
62	0.0122441
62	0.000939123
62	0.0298631
62	0.0307998
62	0.063907
62	0.0279554
62	0.0286823
62	0.0946236
62	0.0911928
62	0.0271641
62	0.0911168
62	0.00541178
62	0.0406683
62	0.00639122
62	0.0516489
62	0.0649067
62	0.0447183
62	0.0951787
62	0.0792272
62	0.0682963
62	0.0826712
62	0.00918085
62	0.0534521
62	0.040568
62	0.110091
62	0.0371486
62	0.0493157
62	0.0531915
62	0.00040321
62	0.0669079
62	0.0237768
62	0.105283
62	0.0662573
62	0.146037
62	0.0495812
62	0.0304969
62	0.0830351
62	0.150946
62	0.00680813
62	0.122449
62	0.0145561
62	0.0284091
62	0.0150259
62	0.0602284
62	0.0755005
62	0.00743467
62	0.159166
62	0.0579521
62	0.102126
62	0.0613352
62	0.00378052
62	0.0347291
62	0.057778
62	0.0533803
62	0.0818767
62	0.0681818
62	0.0529796
62	0.00163824
62	0.0692583
62	0.0527309
62	0.0288944
62	0.0314453
62	0.0591348
62	0.0348357
62	0.0338438
62	0.114485
62	0.0319149
62	0.0382717
62	0.0257696
62	0
62	0.110058
62	0.116667
62	0.0495772
62	0.0754553
62	0.000890368
62	0.0538077
62	0.0138812
62	0.015743
62	0.0419516
62	0.0738634
62	0.105194
62	0.0860453
62	0.0225766
62	0.00793729
62	0.0881782
65	0.040266
65	0.0416451
65	0.0245981
65	0.0626934
65	0.0147576
65	0.0681585
65	0.0769551
65	0.00494894
65	0.122255
65	0.0913193
65	0.00199628
65	0.0599818
65	0.259091
65	0.0743683
65	0.0883388
65	0.124731
65	0.026295
65	0.0605723
65	0.0800891
65	0.0416789
65	0.0293912
65	0.0503794
65	0.0611111
65	0.0266363
65	0.0382288
65	0.0674214
65	0.166667
65	0.0702031
65	0.189989
65	0.0149019
65	0.00377075
65	0.00218126
65	0.052776
65	0.0347214
65	0.0342389
65	0
65	0.0466366
65	0.111402
65	0.0128384
65	0.0146872
65	0.0249616
65	0.134454
65	0.0649461
65	0.0315467
65	0.0570427
65	0.0397727
65	0.00483332
65	0.117458
65	0.0130825
65	0.139266
65	0.0397002
65	0.0619321
65	0.0334566
65	0
65	0.0822106
65	0.0915712
65	0.043392
65	0.0502385
65	0.115579
65	0.0218197
65	0.0451975
65	0.0400731
65	0.0358757
65	0.15625
65	0.00555556
65	0.028975
65	0.0644537
65	0
65	0.00153172
65	0.00461265
65	0.0309805
65	0.109375
65	0.110698
65	0.107061
65	0.104762
65	0.0227961
65	0.0719445
65	0.0615081
65	0.0120838
65	0.0322568
65	0.00594239
65	0.0790963
65	0.00180839
65	0.0798614
65	0.0655463
65	0.0475874
65	0.115703
65	0.10432
65	0.0110642
65	0.0384187
65	0.0106354
65	0.0130052
65	0.0629142
65	0.000362019
65	0.0264853
65	0.165822
65	0
65	0.0328645
65	0.0331941
65	0.190563
68	0.0467994
68	0.186517
68	0.0656003
68	0.0474068
68	0.18876
68	0.0017146
68	0.0357123
68	0.108466
68	0
68	0.0108311
68	0.0265957
68	0.0461779
68	0.0376357
68	0.0370109
68	0.0218523
68	0.0410256
68	0.0276593
68	0.00929271
68	0.050603
68	0.0438659
68	0.122393
68	0.104651
68	0.00295811
68	0.0264903
68	0.0316407
68	0.0842343
68	0.00488422
68	0.0774376
68	0.08
68	0.220403
68	0.0239188
68	0.0481121
68	0.0612561
68	0.27904
68	0.00795961
68	0.115375
68	0.0453007
68	0.0300448
68	0.0270081
68	0.0797919
68	0.030964
68	0.0281115
68	0.0578134
68	0.069247
68	0.00863027
68	0.0177148
68	0.0344696
68	0.09231
68	0.00568182
68	0.0681345
68	0.0124781
68	0.0390889
68	0.039817
68	0.0828643
68	0.124454
68	0.0630348
68	0.0260417
68	0.0388889
68	0.0276389
68	0.0511739
68	0.0344775
68	0
68	0.392488
68	0.100735
68	0
68	0.0361196
68	0.0344019
68	0.106632
68	0.00595238
68	0.00187686
68	0.149236
68	0.00163357
68	0.0563397
68	0.0256849
68	0.0155894
68	0.0928732
68	0.00270602
68	0.0233169
68	0.0210614
68	0.00394031
68	0.0589156
68	0.0557851
68	0.164894
68	0.0189151
68	0.0754109
68	0.0391363
68	0.0872193
68	0.00214788
68	0.0323031
68	0.0691489
68	0.0457329
68	0.0312594
68	0.0274493
68	0.0612236
68	0.0164329
68	0.0138914
68	0.0213903
68	0.00195576
68	0.0871222
68	0.0272302
71	0.0595266
71	0.0384169
71	0.05898
71	0.0286531
71	0.0921804
71	0
71	0.200509
71	0.0356515
71	0.00373461
71	0.00854734
71	0.0151605
71	0.101068
71	0.0388889
71	0.0324132
71	0.0420135
71	0.044439
71	0.107048
71	0.0158807
71	0.00305448
71	0.0928207
71	9.81267e-05
71	0.0167974
71	0.0069979
71	0.013637
71	0.0946497
71	0.100358
71	0.130507
71	0.0217778
71	0.164836
71	0.100121
71	0.0197707
71	0.0275846
71	0.0262456
71	0.129717
71	0.110398
71	0.0160348
71	0.0366649
71	0.0123146
71	0.00801675
71	0.04031
71	0.0736116
71	0.0120219
71	0.0666667
71	0.024178
71	0.00400588
71	0.0642174
71	0.0369802
71	0.036079
71	0.129745
71	0.0736873
71	0.0301265
71	0.0199621
71	0.0394459
71	0.0520912
71	0.00647324
71	0.0748119
71	0.0709844
71	0.00845213
71	0.0369324
71	0.0175874
71	0.042659
71	0.0126428
71	0.0401242
71	0.00399661
71	0.0455395
71	0.0234178
71	0.00248072
71	0.116667
71	0.075942
71	0.0174105
71	0.0566136
71	0.025517
71	0.05435
71	0.0453932
71	0.0388082
71	0.0227273
71	0.0266964
71	0.0787264
71	0.0374044
71	0.015224
71	0.0341899
71	0.0542097
71	0.0211312
71	0.0453449
71	0.0228769
71	0.0461994
71	0.0155345
71	0.0595693
71	0.0980676
71	0
71	0.0146008
71	0.136156
71	0.00712483
71	0.0234972
71	0.036138
71	0.0321252
71	0.0120342
71	0.00177271
71	0.0534306
71	0.0723128
74	0.00246669
74	0.0456708
74	0
74	0.0159574
74	0.0146932
74	0.114987
74	0.160233
74	0.0350582
74	0.0380411
74	0.00791384
74	0.0113094
74	0.120673
74	0.00716253
74	0.0345668
74	0.0196064
74	0.213302
74	0.119705
74	0.0117173
74	0.0352569
74	0.0380584
74	0.0643304
74	0.0312989
74	0.0926707
74	0.0256436
74	0.0259876
74	0.0313008
74	0
74	0.0371651
74	0.0473389
74	0.0770495
74	0.0418608
74	0.0865832
74	0.0472117
74	0.0233076
74	0.00679459
74	0.0551162
74	0.013814
74	0.00961126
74	0.0014359
74	0.0324657
74	0.0724522
74	0.0646466
74	0.00382789
74	0.00809181
74	0.0542574
74	0.0627913
74	0.022504
74	0.0231921
74	0.0341521
74	0.00632362
74	0.0480702
74	0.11664
74	0.0408054
74	0.0191529
74	0.0477881
74	0.0104167
74	0.127243
74	0.0106438
74	0.0183333
74	0.0254243
74	0.0833796
74	0.0418761
74	0.0457645
74	0.0268553
74	0.0304334
74	0.0414752
74	0.109572
74	0.108674
74	0.0611222
74	0.0301461
74	0.0994561
74	0.0363978
74	0.0617451
74	0.0520183
74	0.0905064
74	0.0271739
74	0.0319591
74	0.0822235
74	0.0353332
74	0.0171632
74	0.0293219
74	0.0128992
74	0.223619
74	0.0551535
74	0.131642
74	0.04393
74	0.0815217
74	0.0225537
74	0.0566585
74	0.0348837
74	0.0725981
74	0.0653592
74	0.0496047
74	0.0169785
74	0.0186809
74	0.094807
74	0.0130334
74	0.0201727
74	0
74	0.0854999
77	0.0113057
77	0.00106547
77	0.0232646
77	0
77	0.0605279
77	0.0309586
77	0.0319149
77	0.0324459
77	0.143641
77	0.0333333
77	0.0175261
77	0.0453731
77	0.053225
77	0
77	0.0328849
77	0.139001
77	0.00657587
77	0.00256124
77	0.0442171
77	0.0433631
77	0.0163062
77	0.0352132
77	0.00534134
77	0.0258452
77	0.0122123
77	0.0628354
77	0.0478524
77	0.0567011
77	0.101236
77	0.00243331
77	0.0507885
77	0.162476
77	0.0416239
77	0.0469945
77	0.0838053
77	0.0691489
77	0.0855256
77	0.052406
77	0.0912101
77	0
77	0.0330204
77	0.0138018
77	0
77	0.043181
77	0.0780879
77	0.0265863
77	0.221965
77	0.143617
77	0.00460596
77	0.0472473
77	0.0866145
77	0.0415531
77	0.022919
77	0.0252915
77	0.057096
77	0.00888542
77	0
77	0.0709231
77	0.111702
77	0.0355747
77	0.035789
77	0.000338861
77	0.0235809
77	0.00607144
77	0.0289689
77	0.0369576
77	0.0390791
77	0.0343839
77	0.0597513
77	0.0450922
77	0.00543849
77	0.0316822
77	0.0255417
77	0.0478823
77	0.121651
77	0.00166789
77	0.0421429
77	0.0348837
77	0.00225444
77	0.0923994
77	0.206785
77	0.0057872
77	0.0352711
77	0.0608816
77	0.0610756
77	0.113053
77	0.0947685
77	0.0706522
77	0.0619859
77	0.00330916
77	0.042527
77	0.0274508
77	0.0377706
77	0.032195
77	0.0427164
77	0.0731231
77	0
77	0.0346514
77	0.0432149
77	0.0480733
80	0.0352444
80	0.0149681
80	0.00743626
80	0.0110899
80	0.0624511
80	0.0304084
80	0.0343256
80	0.170054
80	0.0846133
80	0.021341
80	0.0777474
80	0.00112328
80	0.00688969
80	0.00721551
80	0.030068
80	0.0106904
80	0.00389743
80	0.0413693
80	0.0488895
80	0.0126339
80	0.0262104
80	0.0215221
80	0.0785232
80	0.0473434
80	0.0778045
80	0.0330175
80	0.10068
80	0.0275789
80	0.062211
80	0.0336867
80	0.011159
80	0.0604051
80	0.0182293
80	0.0611317
80	0.0941792
80	0.0874002
80	0.06369
80	0.00192766
80	0.00694048
80	0.0531693
80	0.0381668
80	0.0601273
80	0.0354702
80	0.0355236
80	0.0954224
80	0.0428286
80	0.00661982
80	0.0685306
80	0.0275822
80	0.00211115
80	0.0403414
80	0.00413246
80	0.037238
80	0.0103847
80	0.00115854
80	0.00248961
80	0.021028
80	0.0894604
80	0.0570301
80	0.0455615
80	0.0182451
80	0.0585183
80	0
80	0.0547667
80	0.0475299
80	0.127218
80	0.0434547
80	0.0930811
80	0.0471598
80	0.0106214
80	0.0592122
80	0.0336777
80	0.0892303
80	0.126188
80	0.0624712
80	0.108696
80	0.0276168
80	0.0521846
80	0.0305104
80	0.0250975
80	0.0120587
80	0.0102456
80	0.0884487
80	0.0506637
80	0.130778
80	0.0164515
80	0.00231652
80	0.0836001
80	0.0309277
80	0.0438736
80	0.0670891
80	0.0295634
80	0.0128123
80	0.0353901
80	0.0093916
80	0.190629
80	0.020838
80	0
80	0.0377463
80	0.0341447
83	0.0618245
83	0.0156451
83	0.01697
83	0.0412756
83	0.0641107
83	0.0255702
83	0.00802859
83	0.000729721
83	0.0356776
83	0.0373374
83	0.0488598
83	0.0174833
83	0.0444285
83	0.076899
83	0.0378941
83	0.0911682
83	0.00252716
83	0.00867574
83	0.0512247
83	0.0795449
83	0.0291512
83	0.0241436
83	0.0555556
83	0.0191187
83	0.0400512
83	0.0686789
83	0.0325956
83	0.130435
83	0.019056
83	0.0481617
83	0.00856432
83	0.0117008
83	0.0880609
83	0.0175689
83	0.00549766
83	0.00726128
83	0.0242335
83	0.00875102
83	0.0527341
83	0
83	0.0646666
83	0.00528002
83	0.0125911
83	0.064224
83	0.0533984
83	0.0459102
83	0
83	0.0750637
83	0.00700679
83	0.0951071
83	0
83	0.00646345
83	0.0330127
83	0.0748392
83	0.0166279
83	0.0431845
83	0.0531915
83	0.0104466
83	0.0358323
83	0.0198403
83	0
83	0.00208504
83	0.0924359
83	0.0383967
83	0.000431661
83	0.0159574
83	0.0469726
83	0.0115235
83	0.0492778
83	0.00144589
83	0.0906275
83	0.000767055
83	0.0582307
83	0.0549898
83	0.0804147
83	0.0328667
83	0.0051892
83	0.0874202
83	0.0731024
83	0.0455161
83	0.0417456
83	0.0426504
83	0.0260251
83	0.0666491
83	0.0301448
83	0.0597826
83	0.00738427
83	0.0235897
83	0.0301827
83	0.0300747
83	0.0538236
83	0.0889275
83	0.0325276
83	0.000794871
83	0.0618601
83	0.0287498
83	0.0828822
83	0.0345081
83	0.0111703
83	0.0169167
86	0.0502989
86	0.0339686
86	0.0091723
86	0.00352689
86	0.0379779
86	0.0434783
86	0.00437697
86	0.090249
86	0.0551222
86	0.140211
86	0.0112169
86	0.0212766
86	0.0317152
86	0.0205428
86	0.00826689
86	0.000730088
86	0.0381474
86	0.048262
86	0.105556
86	0.0292967
86	0.0121247
86	0.028127
86	0.0585451
86	0.0137716
86	0.0551084
86	0.0423211
86	0
86	0.0445049
86	0.1276
86	0.0611023
86	0.0307245
86	0.0403231
86	0.0641901
86	0.0215502
86	0.00576745
86	0.0405073
86	0.0389242
86	0.02338
86	0.0159576
86	0.121301
86	0.00721704
86	0.0427763
86	0.00587909
86	0.0280272
86	0.0366324
86	0.0573661
86	0.00577782
86	0.00540019
86	0.0722222
86	0.0116945
86	0.278365
86	0.0168003
86	0.0773818
86	0.238636
86	0.0696756
86	0.0283085
86	0.0481299
86	0.226838
86	0.05789
86	0.177943
86	0.0315356
86	0.0110866
86	0.0226578
86	0.00756666
86	0.0503572
86	0.0312423
86	0.00520833
86	0
86	0.0351555
86	0.0299681
86	0.0545833
86	0.049052
86	0.158745
86	0.108433
86	0.113227
86	0.00793376
86	0.0110127
86	0.124844
86	0.0289375
86	0.0551115
86	0.0297543
86	0.073657
86	0.00903867
86	0.0384041
86	0.0208225
86	0.0244021
86	0.0738405
86	0.0326685
86	0.0636572
86	0.0173502
86	0.0228372
86	0.0884382
86	0
86	0.0766837
86	0.0459559
86	0.0434165
86	0.0789672
86	0.306122
86	0.0294069
86	0.207447
89	0.0352181
89	0.0246929
89	0.0557342
89	0.0568182
89	0.0765619
89	0.0872142
89	0.0981323
89	0.0667842
89	0.0532999
89	0.0417755
89	0.027474
89	0.102611
89	0.0333691
89	0.00954935
89	0.0075149
89	0.140919
89	0.0368805
89	0.050328
89	0.0252411
89	0.0248633
89	0.00503169
89	0.0613336
89	0.104167
89	0.0110137
89	0.0269244
89	0.0298489
89	0.0117367
89	0.00373841
89	0.0260551
89	0.047903
89	0.0262287
89	0.0729837
89	0.0187779
89	0.0317917
89	0.0487881
89	0.0136578
89	0
89	0.046875
89	0.0174419
89	0.0506741
89	0.0885417
89	0.00366963
89	0.00404576
89	0.00928679
89	0.0978596
89	0.0120668
89	0.0100222
89	0.0681818
89	0.0863837
89	0.00101109
89	0.0453561
89	0.00625803
89	0.0267481
89	0.0319379
89	0.0142907
89	0.0159188
89	0.0153527
89	0.0809046
89	0.0586182
89	0.0239061
89	0.0245856
89	0.079516
89	0.0327993
89	0.00284651
89	0
89	0.0529884
89	0.0441356
89	0.162465
89	0.0579352
89	0.0313767
89	0.0501631
89	0.0230628
89	0.026039
89	0.00564306
89	0.0878824
89	0.0541378
89	0
89	0.0041971
89	0.0339971
89	0.0773467
89	0.0279971
89	0.0049842
89	0.0900583
89	0
89	0.00718895
89	0.0299228
89	0.137451
89	0.0194895
89	0.0030248
89	0.0232558
89	0.0729524
89	8.63257e-05
89	0.0464168
89	0.0125719
89	0.180015
89	0.0670797
89	0.0323589
89	0.0197349
89	0.0078743
89	0.000313212
92	0.011881
92	0.00419732
92	0.082399
92	0.0236364
92	0.0250909
92	0.159574
92	0.0537216
92	0.0111952
92	0.033087
92	0.046723
92	0.0226
92	0.00944444
92	0.0660863
92	0.0133547
92	0.0499883
92	0.115416
92	0.00777882
92	0.00194376
92	0.091755
92	0.0199533
92	0.0595978
92	0.0145249
92	0.00672861
92	0.00707951
92	0.0101476
92	0.0163747
92	0.0458998
92	0.021974
92	0.00589865
92	0.0438619
92	0.0202853
92	0.0644564
92	0.0300953
92	0.0664698
92	0.0136346
92	0
92	0
92	0.0299918
92	0.00546715
92	0.0167169
92	0.0778602
92	0
92	0.165884
92	0.00589482
92	0.0474353
92	0.0720494
92	0.0387355
92	0.025271
92	0.0939859
92	0.0934811
92	0.00721371
92	0.0461486
92	0
92	0.0188065
92	0.0421807
92	0.0797872
92	0.0430731
92	0.0803109
92	0.113708
92	0.0356038
92	0.00613381
92	0.0175082
92	0.0256324
92	0.0889228
92	0
92	0.0231588
92	0.0151398
92	0.0743329
92	0.0454545
92	0.0315437
92	0.0201502
92	0.0515097
92	0.0439497
92	0.0711361
92	0.00441205
92	0.0326422
92	0.125163
92	0.0737165
92	0.0343483
92	0.0433674
92	0.0287071
92	0.0270833
92	0.00488698
92	0.00109491
92	0.0163777
92	0.0163043
92	0
92	0.0599563
92	0.22619
92	0.00686786
92	0.0396749
92	0.0442349
92	0.187867
92	0.1875
92	0.0638298
92	0.00162285
92	0.0508417
92	0.00851597
92	0.0404417
92	0.00387927
95	0.0735738
95	0.0178093
95	0.019721
95	0.026444
95	0.018069
95	0.00706147
95	0.0500739
95	0.00555556
95	0.0953823
95	0.0133296
95	0.0184974
95	0.0691062
95	0.0139899
95	0.00182604
95	0.0457053
95	0
95	0.0550127
95	0.139535
95	0.0169827
95	0
95	0.0406977
95	0.107122
95	0.00197029
95	0.0568182
95	0.00113456
95	0.0356658
95	0.074339
95	0.00776437
95	0.0242538
95	0
95	0.0538757
95	0.0155076
95	0.0962151
95	0.0269254
95	0.0287277
95	0.225272
95	0
95	0.021892
95	0.0482626
95	0.00505626
95	0.0212766
95	0.0208992
95	0.0798007
95	0.0406977
95	0.0309281
95	0.0319149
95	0.037903
95	0.0128593
95	0.0512928
95	0.0226719
95	0.00590551
95	0.00555556
95	0.099412
95	0.00806674
95	0.0580983
95	0.0628123
95	0
95	0.0040705
95	0.000257491
95	0.0558377
95	0.219071
95	0.00455224
95	0.00223513
95	0.0565759
95	0.0297502
95	0.0730395
95	0.025476
95	0.0872377
95	0.000844966
95	0.00555556
95	0.0156566
95	0.0469257
95	0.00170965
95	0.0975685
95	0.0152856
95	0.0724317
95	0.0373822
95	0.0439606
95	0.0579246
95	0.0704056
95	0.022327
95	0.0927946
95	0.0522594
95	0.0172619
95	0
95	0
95	0.0766427
95	0.010032
95	0.0239573
95	0.0345209
95	0.00603461
95	0.0139378
95	0.0164161
95	0.0228401
95	0
95	0.0279867
95	0.144727
95	0.0413037
95	0.0573309
95	0.00235386
98	0.0195466
98	0.000931079
98	0.00573582
98	0.0414554
98	0.0145181
98	0.0406977
98	0.0332632
98	0.00641026
98	0.0736081
98	0.0311116
98	0.071678
98	0.0733739
98	0.0636788
98	0.0457974
98	0.0289554
98	0.0177641
98	0.0558415
98	0.00426036
98	0.0780274
98	0.00404657
98	0.0348904
98	0.0766559
98	0.125
98	0.0238083
98	0.035275
98	0.143617
98	0.0119566
98	0
98	0.0877015
98	0.0167128
98	0
98	0.0804566
98	0.0269118
98	0
98	0.0709285
98	0.029597
98	0.050021
98	0.0403643
98	0.0152973
98	0.0802727
98	0.0783752
98	0.00981429
98	0.0153027
98	0.0530456
98	0.000170355
98	0.113299
98	0.00237551
98	0.0151058
98	0.00463296
98	0.0171593
98	0.00847067
98	0.0822686
98	0.01961
98	0.0350904
98	0.0352455
98	0.0391695
98	0.000553421
98	0.011876
98	0.0411117
98	0.000711802
98	0.00468925
98	0.184369
98	0.155367
98	0.0755057
98	0.00828127
98	0.0255492
98	0.0166667
98	0.064703
98	0.0499107
98	0
98	0.0623937
98	0.203488
98	0.0278621
98	0.0326087
98	0.0265347
98	0.0188947
98	0.00520833
98	0.00257909
98	0.00681012
98	0.0324582
98	0.00918182
98	0.00249705
98	0.0969365
98	0.0284467
98	0
98	0
98	0.0406434
98	0.0513146
98	0.0379512
98	0.0380435
98	0.0478531
98	0.000529445
98	0.00286211
98	0.0739655
98	0.0544473
98	0.00577291
98	0.0301513
98	0.0366944
98	0.0583552
98	0.103543
101	0.0108269
101	0.0516064
101	0.14873
101	0.0315741
101	0.0573594
101	0.0238438
101	0.0208333
101	0.0146351
101	0.0760915
101	0.0480261
101	0.0568182
101	0.192695
101	0.0144492
101	0.044692
101	0.0247032
101	0.0287287
101	0.0161194
101	0.0815217
101	0.0178571
101	0.128991
101	0.0361687
101	0.00113213
101	0.068381
101	0.0627011
101	0.010838
101	0.0810171
101	0.0531235
101	0.049734
101	0.0956539
101	0.0245291
101	0.0229015
101	0.0891365
101	0.0106083
101	0.0872042
101	0.0680584
101	0.0594623
101	0.0485025
101	0.10114
101	0.00164594
101	0.0833333
101	0.00622815
101	0.0535423
101	0.0328159
101	0.117337
101	0.070008
101	0.120365
101	0.0259377
101	0.0848687
101	0.0271739
101	0.01723
101	0.0134967
101	0
101	0.13533
101	0.19842
101	0.0796046
101	0.0434351
101	0.0530181
101	0.0979941
101	0.00596621
101	0.00600919
101	0.038477
101	0.0824109
101	0.00831795
101	0.0649409
101	0.03475
101	0.0799788
101	0.028132
101	0.00977742
101	0.0913265
101	0.11738
101	0.166067
101	0.0404808
101	0.0163043
101	0.0212897
101	0.0410765
101	0.0416065
101	0.0237562
101	0.0556871
101	0.000817479
101	0.0327289
101	0.0229595
101	0.0099117
101	0.0294623
101	0.0198248
101	0.0446421
101	0.00911272
101	0.0312819
101	0.247416
101	0.060462
101	0
101	0.0108696
101	0.0833333
101	0.0192316
101	0.00662734
101	0.00185439
101	0.0592448
101	0.0055625
101	0.0290698
101	0.0696839
101	0.0671287
104	0.0978261
104	0.0216888
104	0.00519183
104	0.060963
104	0.0466578
104	0.039583
104	0
104	0.00589752
104	0.0153661
104	0.023839
104	0.0335366
104	0.0490878
104	0.0588129
104	0.0413478
104	0.0233203
104	0.0268903
104	0.055787
104	0.090364
104	0.0258385
104	0.0303276
104	0.0185788
104	0.110191
104	0.0338575
104	0.0113636
104	0.00306494
104	0.0270486
104	0.0912158
104	0.0608261
104	0.148668
104	0
104	0.000545456
104	0.0178571
104	0.0191318
104	0.0149584
104	0.0363255
104	0.0847569
104	0.0620669
104	0.0110978
104	0.00762
104	0
104	0.00687772
104	0.00713729
104	0.068949
104	0.159091
104	0.0350894
104	0.119318
104	0.0111194
104	0.00565034
104	0.0775506
104	0.0258414
104	0.0305479
104	0.0772403
104	0.00837655
104	0.0525039
104	0.0114581
104	0.050213
104	0.00914065
104	0.0702194
104	0.00351088
104	0.0362462
104	0.0620254
104	0.0180271
104	0
104	0
104	0
104	0.0573185
104	0.0473944
104	0.0672171
104	0.0350267
104	0.0499892
104	0.05034
104	0.0507178
104	0.0165689
104	0.000244443
104	0.000630352
104	0.0321692
104	0.106991
104	0.0681818
104	0.00511719
104	0.0010367
104	0.00432023
104	0.0574335
104	0.0636311
104	0.0254467
104	0.0311305
104	0.171875
104	0.0748368
104	0.0307719
104	0.0494556
104	0.0291983
104	0.00297447
104	0.174407
104	0.0709757
104	0.0189283
104	0.0014393
104	0.0866098
104	0.0647192
104	0.0313091
104	0.0153329
104	0.000727502
107	0.0159574
107	0.05221
107	0.00367776
107	0.0342503
107	0.0248929
107	0.023241
107	0.00650127
107	0.0692897
107	0.0228917
107	0.0403869
107	0.0490907
107	0.00173443
107	0.00206672
107	0.0781506
107	0.0064075
107	0.0479711
107	0.0419691
107	0.123124
107	0.0413312
107	0.0297196
107	0.0053522
107	0.0114101
107	0.0747288
107	0.0274269
107	0.023282
107	0.0478199
107	0.00417692
107	0.050567
107	0
107	0.00357891
107	0.0562032
107	0.046494
107	0.0322786
107	0.0197065
107	0.0454722
107	0.0447749
107	0.0562804
107	0.0462142
107	0.00115906
107	0.0890645
107	0
107	0.0744681
107	0.00685273
107	0.021657
107	0.0155406
107	0.00348323
107	0.027091
107	0.077381
107	0.0597826
107	0.0375
107	0.0217195
107	0.0409813
107	0.0654508
107	0.0173071
107	0.0381809
107	0.0412593
107	0.0191607
107	0.035745
107	0.000507093
107	0.0571614
107	0.00825896
107	0.0798917
107	0.0428268
107	0.011197
107	0.0129166
107	0.0156706
107	0.011476
107	0.0740556
107	0.00975417
107	0.195652
107	0.0676332
107	0.0143363
107	0
107	0.0199552
107	0.00843164
107	0.00304174
107	0.0374779
107	0.213998
107	0.0396316
107	0.0216428
107	0.0299755
107	0.0541025
107	0.0583385
107	0.0364322
107	0.0469464
107	0.00305039
107	0.0727186
107	0.0507771
107	0
107	0.00902449
107	0.0603632
107	0.0313512
107	0.00549804
107	0.109233
107	0.00744048
107	0.0894754
107	0.0852273
107	0.122418
107	0.0447283
107	0.023494
110	0.026004
110	0.07
110	0.0555062
110	0.0106383
110	0.0012944
110	0.0276808
110	0.0357351
110	0.0113636
110	0.0605373
110	0.000503745
110	0.0302748
110	0.0375
110	0
110	0.0417673
110	0
110	0.0235897
110	0.0812984
110	0.0407303
110	0.00590108
110	0.0817968
110	0
110	0.000791868
110	0.0948123
110	0.00478651
110	0.0477577
110	0.134625
110	0.0242473
110	0
110	0
110	0.0263801
110	0.109558
110	0.0520833
110	0.0109973
110	0.0247225
110	0.00511231
110	0.0466003
110	0.0531409
110	0.160068
110	0.0316806
110	0.0421083
110	0.00830536
110	0.07573
110	0.0476339
110	0.0621409
110	0.113012
110	0.0113636
110	0.0938575
110	0.000360329
110	0.0666667
110	0.0502329
110	0.0567362
110	0.0196677
110	0
110	0.0137684
110	0.00104335
110	0.0127477
110	0.00104342
110	0.0987781
110	0.0397945
110	0.0393703
110	0.019281
110	0.0133859
110	0.000774421
110	0.00682287
110	0.0687134
110	0.0432467
110	0.0862851
110	0.0450525
110	0.0306473
110	0.0763885
110	0.0213943
110	0.0884207
110	0.0138036
110	0.0552647
110	0.00131358
110	0.00803846
110	0.0319149
110	0.0717109
110	0.0362287
110	0.0413872
110	0.104048
110	0.0174419
110	0.00595352
110	0.0233483
110	0.00213716
110	0.0411691
110	0.0552071
110	0.00434136
110	0.0182505
110	0.0402561
110	0.0390697
110	0.0358361
110	0.034924
110	0.00360915
110	0.00837321
110	0.0454358
110	0.0774985
110	0.0415626
110	0.0478979
110	0.0658138
113	0
113	0.0753328
113	0.0012139
113	0.0571618
113	0.0356732
113	0.0425846
113	0.110056
113	0.0167828
113	0.00589012
113	0.0586328
113	0.0716557
113	0.019419
113	0.0713899
113	0.0133563
113	0.00543478
113	0.0376232
113	0.0386542
113	0.00832806
113	0.0367152
113	0.091806
113	0.0191714
113	0.0815217
113	0.0269489
113	0.0710434
113	0
113	0.0179578
113	0.0506647
113	0.0252046
113	0.228396
113	0.102676
113	0.0109044
113	0.114307
113	0.100282
113	0.0370325
113	0.0817952
113	0.00519004
113	0.0319149
113	0.0514352
113	0.0669755
113	0.0409868
113	0.0439734
113	0.0799715
113	0.0264589
113	0.0332594
113	0.0445705
113	0.0309873
113	0.071034
113	0.0390537
113	0.0112527
113	0.00188556
113	0.00215811
113	0.0506343
113	0.0203481
113	0.0284253
113	0.0604006
113	0.0378618
113	0.0292487
113	0.0894258
113	0.0158441
113	0.0326487
113	0.00375266
113	0.0672025
113	0.0362625
113	0.00838043
113	0.00944565
113	0.0373386
113	0.000231074
113	0.0343428
113	0.00416181
113	0.0368428
113	0.000229481
113	0.0738946
113	0.0754573
113	0.0543547
113	0.0113636
113	0.210708
113	0.0522495
113	0.0439583
113	0.0503784
113	0.0368817
113	0.0513447
113	0.0567408
113	0.0587239
113	0.0166748
113	0.0355334
113	0.116063
113	0.0196676
113	0.0763063
113	0.00534708
113	0.0113887
113	0.0304249
113	0.0392268
113	0.0484153
113	0.0408559
113	0.0265817
113	0.0651454
113	0.0751469
113	0.000522026
113	0.0226376
113	0.000377218
116	0.0027613
116	0.0259659
116	0.0250111
116	0.00631242
116	0.038985
116	0.078002
116	0.0319149
116	0.00825991
116	0.0528033
116	0.0495098
116	0.0289704
116	0.0465543
116	0
116	0.000377394
116	0.0607747
116	0.0384285
116	0.0758441
116	0.00203362
116	0.009065
116	0.215705
116	0.0388889
116	0.00935497
116	0.0222461
116	0.0669377
116	0.000395247
116	0.0390605
116	0.0599507
116	0.0444444
116	0.036948
116	0.0465293
116	0.0791698
116	0.0512902
116	0.0305245
116	0.0134928
116	0
116	0.0653674
116	0.0464881
116	0.0323227
116	0.174419
116	0.00276796
116	0.0967993
116	0.00431348
116	0.0952381
116	0.0496568
116	0.01541
116	0.0771097
116	0.0607934
116	0.0161586
116	0.0184933
116	0.0139257
116	0.102273
116	0.0597474
116	0.00299772
116	0.0154275
116	0.0532145
116	0.0254495
116	0.0335084
116	0.0662232
116	0.00872946
116	0.0246795
116	0.00992537
116	0.069507
116	0.0511364
116	0.0153155
116	0.0109808
116	0.00822031
116	0.0103382
116	0.0666667
116	0.0319149
116	0.0395051
116	0.0271739
116	0.00527999
116	0.0398104
116	0.0146637
116	0
116	0.159348
116	0.0267519
116	0
116	0.161763
116	0.000479737
116	0.105042
116	0.0444364
116	0.0064161
116	0.00162606
116	0.0446227
116	0.000576882
116	0.0565066
116	0.0707113
116	0.186331
116	0
116	0.287667
116	0.0084856
116	0.0569322
116	0.119207
116	0.00126106
116	7.69808e-05
116	0.0264102
116	0.0270065
116	0.0117218
116	0.00544257
119	0.0338961
119	0.104328
119	0.0314548
119	0.0286547
119	0.0234681
119	0.0277499
119	0.00471125
119	0.0397961
119	0.0290938
119	0.0478396
119	0.133333
119	0.0119048
119	0.130057
119	0.0160029
119	0.229639
119	0.0649021
119	0.0676177
119	0.0411824
119	0.0241606
119	0.0592289
119	0.0536845
119	0.00364873
119	0.000885103
119	0.0549426
119	0.0234868
119	0
119	0.00895927
119	0.0318191
119	0.0568182
119	0.00647135
119	0.0111403
119	0.0628161
119	0.00943525
119	0.00766425
119	0
119	0.0432434
119	0.0792514
119	0.04583
119	0.00358168
119	0.0278739
119	0.0125589
119	0.049117
119	0.060356
119	0
119	0.0272703
119	0.0162626
119	0.124646
119	0.0113243
119	0.00148186
119	0.0117539
119	0.00543478
119	0.0420272
119	0.0337188
119	0.0645582
119	0.0898252
119	0.0460319
119	0.04125
119	0.000738137
119	0.0520071
119	0.00191683
119	0.0357585
119	0.0299049
119	0.0111427
119	0.00121812
119	0.00859703
119	0.0355612
119	0.0198294
119	0.0729052
119	0.144615
119	0.00111681
119	0.0316979
119	0.0197664
119	0.0283403
119	0.0123897
119	0.0602723
119	0.0841196
119	0.120416
119	0.0397623
119	0.000328569
119	0.0592699
119	0.140841
119	0.0888364
119	0.0591456
119	0
119	0.0215776
119	0.0416667
119	0.0416667
119	0.0242743
119	0.0480968
119	0.05483
119	0.00727713
119	0.013028
119	0.0170133
119	0.164046
119	0.0169431
119	0.121526
119	0.0803195
119	0.0279947
119	0.00195849
119	0.00522326
122	0.0171987
122	0.0110758
122	0
122	0.00599153
122	0
122	0.0957428
122	0.00661493
122	0.0251809
122	0.0120079
122	0.0501294
122	0.0390377
122	0.020963
122	0.030688
122	0.0235753
122	0.00732363
122	0.0568477
122	0.00695722
122	0
122	0.104434
122	0.020771
122	0.0128517
122	0.0622782
122	0.0428445
122	0.0575586
122	0
122	0.0368399
122	0.0275579
122	0.0664735
122	0.0212766
122	0.0615556
122	0.0268762
122	0.0180049
122	0.00200282
122	0.0536383
122	0
122	0
122	0.0304681
122	0.0583296
122	0.0537989
122	0.09375
122	0.0592975
122	0.0782221
122	0.0206013
122	0.0376837
122	0.041722
122	0.00528684
122	0.0215568
122	0.0115567
122	0.0239288
122	0.0205559
122	0.00224529
122	0.0201408
122	0.0299718
122	0.0302987
122	0.0433167
122	0.215356
122	0.150959
122	0.0242301
122	0.0489524
122	0.0256354
122	0.0214677
122	0.0152837
122	0.0290367
122	0.00639793
122	0.0457429
122	0.158739
122	0.0241749
122	0.0217285
122	0.00426788
122	0.0190328
122	0.0325244
122	0
122	0.00245274
122	0.00711025
122	0.00474179
122	0.0240514
122	0.0787073
122	0.0317085
122	0.0263007
122	0.00594748
122	0.0687682
122	0.00388697
122	0.0380435
122	0.00135865
122	0
122	0.0136
122	0.0481319
122	0.0290955
122	0.0401833
122	0.00723471
122	0.00203899
122	0.00985763
122	0.0460576
122	0.03658
122	0.0427725
122	0.00285745
122	0.0479532
122	0
122	0.0389926
122	0.20879
125	0.00884766
125	0.0147798
125	0.0394238
125	0.0385284
125	0.0149228
125	0.00656338
125	0.0463252
125	0.0114381
125	0.0112281
125	0.0356472
125	0
125	0.0150629
125	0.0516675
125	0.0163119
125	0
125	0.0308197
125	0.00205113
125	0.0376311
125	0.00232565
125	0.0248132
125	0.0243704
125	0.00167803
125	0.0134977
125	0.0506979
125	0.0259431
125	0.142715
125	0.0196481
125	0.00947997
125	0.0848314
125	0.0154234
125	0.204545
125	0.0603476
125	0.00253689
125	0.00624708
125	0.0326087
125	0.0344183
125	0.0825825
125	0.0170516
125	0.000518856
125	0
125	0.0443253
125	0.051722
125	0.0155431
125	0.0276717
125	0.00587707
125	0.0401434
125	0.0118824
125	0.0217839
125	0.0200074
125	0.0454545
125	0.0385748
125	0.0437326
125	0.0263873
125	0.00133628
125	0.154418
125	0.093723
125	0.0149048
125	9.78133e-05
125	0.0327664
125	0.0396699
125	0.0290698
125	0.102246
125	0.076406
125	0.0441145
125	0.00207717
125	0
125	0.0151918
125	0.109336
125	0.0610525
125	0.0214137
125	0.223404
125	0.00251194
125	0.0109664
125	0.00926025
125	0.00251955
125	0.0064911
125	0.0734861
125	0.0281268
125	0.00334849
125	0.00640762
125	0.0106383
125	0.00392859
125	0.00940695
125	0.00686058
125	0.047889
125	0.0453891
125	0.01513
125	0.0307596
125	0.000748463
125	0.00618041
125	0.139334
125	0.01176
125	0.0951753
125	0.0285858
125	0.0206713
125	0.00872649
125	0.0434163
125	0.0556776
125	0.0289381
125	0.052087
128	0.0407341
128	0.000590864
128	0.0380435
128	0.0202126
128	0.0302537
128	0.0206187
128	0.0319149
128	0.038168
128	0.0346137
128	0.0242459
128	0.00651071
128	0.0214615
128	0.0388734
128	0.0605008
128	0.0591532
128	0
128	0.0447727
128	0.00174041
128	0.126216
128	0.0500521
128	0.0324692
128	0.020561
128	0.0140997
128	0.119379
128	0.0068313
128	0.0593345
128	0.0674234
128	0.109756
128	0.00634056
128	0.0233648
128	0.0104702
128	0.0247089
128	0.0573456
128	0.00815685
128	0.0135569
128	0.0389922
128	0.0290945
128	0.028555
128	0.0463385
128	0.0808166
128	0.00231692
128	0.0187153
128	0.0099208
128	0.0187069
128	0.000485439
128	0.0219018
128	0.0731846
128	0.0546618
128	0.0639535
128	0.0213381
128	0.000308219
128	0.0533562
128	0.0234277
128	0.0492163
128	0.0647243
128	0.0879771
128	0.0393311
128	0.00325003
128	0.047288
128	0.0445307
128	0.00806263
128	0.01891
128	0.0807327
128	0.0599375
128	0.0145297
128	0.0363325
128	0
128	0.0414281
128	0.0708125
128	0.0662259
128	0.04099
128	0.0295426
128	0.0344087
128	0.077333
128	0.00449335
128	0.0424167
128	0.0247318
128	0.0109478
128	0.025652
128	0.0230322
128	0.0230838
128	0.0249772
128	0.0336208
128	0.0761642
128	0.0330678
128	0.0243024
128	0.026661
128	0.0138742
128	0.00706328
128	0.0223434
128	0.00983375
128	0.0312573
128	0.0603706
128	0.00695244
128	0.00772474
128	0.0433328
128	0.0204499
128	0.0434347
128	0.0231774
128	0.0694335
131	0.0266623
131	0.0860379
131	0.0594656
131	0.0568182
131	0.0372379
131	0.0314359
131	0.00186621
131	0.0672902
131	0.0154566
131	0.01792
131	0.000243655
131	0.243273
131	0.0769419
131	0.0249273
131	0.117327
131	0
131	0.0166162
131	0.0633118
131	0.0222026
131	0.0528125
131	0.0159247
131	0.0536858
131	0.0743548
131	0.0664826
131	0.0572252
131	0.0623886
131	0.0204465
131	0.0470137
131	0.0122673
131	0.0729167
131	0.0330013
131	0.0295175
131	0.0881563
131	0.00698914
131	0.0395701
131	0.0199502
131	0.017643
131	0.027677
131	0.137771
131	0.0304944
131	0.177786
131	0.000408245
131	0.0462023
131	0
131	0.0155189
131	0.189094
131	0.113401
131	0.0002375
131	0.0516013
131	0.00422001
131	0.055209
131	0.0439683
131	0.010179
131	0.035399
131	0.102609
131	0.0193454
131	0.0120907
131	0.03125
131	0.0114869
131	0.0425532
131	0.0302929
131	0.000645848
131	0.0682936
131	0.0285921
131	0.0163043
131	0.0827436
131	0.0609089
131	0.000789003
131	0.000789021
131	0.0610238
131	0.112615
131	0.0408757
131	0.0962401
131	0.0739582
131	0.0251801
131	0.149253
131	0.00705681
131	0.0168318
131	0
131	0.0761088
131	0.0277033
131	0.0386706
131	0.0363727
131	0.0540586
131	0.0390781
131	0.10633
131	0.0159048
131	0.0812474
131	0.0120008
131	0.039928
131	0.0079604
131	0.0560049
131	0.0793212
131	0.00210844
131	0.0514713
131	0.00731356
131	0.0749114
131	0.171326
131	0.030426
131	0.0417807
134	0.078318
134	0.00562518
134	0.0437533
134	0
134	0.0589488
134	0.00637435
134	0.0175868
134	0
134	0.00104192
134	0.0513864
134	0.0333905
134	0.0329424
134	0.00486744
134	0.0935425
134	0.00736704
134	0.000630751
134	0.0317351
134	0.0663719
134	0.0173095
134	0.0131547
134	0.0128399
134	0.0170704
134	0.0201317
134	0.0316859
134	0.00941486
134	0.000474371
134	0.0233962
134	0.0139975
134	0.0604412
134	0.0366369
134	0.0251716
134	0.0175849
134	0.0252273
134	0.0557878
134	0.0318648
134	0.00919007
134	0
134	0.0431854
134	0.0653891
134	0.0277778
134	0.0717744
134	0
134	0.0236994
134	0.0691748
134	0.0145021
134	0.0166667
134	0.0403035
134	0.000207619
134	0.150057
134	0.0169968
134	0.110648
134	0.100972
134	0.0398495
134	0.0543478
134	0.00399189
134	0.000424035
134	0.00595238
134	0.0166105
134	0.0333698
134	0.0896557
134	0.0540369
134	0.145269
134	0.0392755
134	0.0191338
134	0.0120418
134	0.0382261
134	0.00172856
134	0.0646835
134	0.0235635
134	0.0212092
134	0.00193823
134	0.0349584
134	0.0177895
134	0.00578202
134	0.0425521
134	0.0367573
134	0.0413734
134	0.0166185
134	0.0363848
134	0.0296227
134	0.00132296
134	0.0571199
134	0.000276847
134	0.00766805
134	0.0207308
134	0.0695523
134	0.0227273
134	0.0314267
134	0.00470086
134	0.0103125
134	0.000957692
134	0.0408023
134	0.0198435
134	0.00498983
134	0.0638298
134	0.000724417
134	0.0499812
134	0.0555556
134	0.0565473
134	0.0188841
137	0.00128007
137	0.031965
137	0.00190581
137	0.0186818
137	0.0655322
137	0.0434479
137	0.0612099
137	0.00755252
137	0.0248204
137	0.00607717
137	0.0261981
137	0.0198667
137	0.0617112
137	0.0411028
137	0.0713089
137	0.0152837
137	0.026452
137	0
137	0.0138845
137	0.00566731
137	0.0113494
137	0.0202087
137	0.0586666
137	0.0364943
137	0.0431277
137	0.0583977
137	0.0569007
137	0.0850677
137	0.0613755
137	0.0418167
137	0.020219
137	0.00543478
137	0.026563
137	0.0347464
137	0.0279546
137	0.0864057
137	0.0352031
137	0.0664764
137	0.0421477
137	0.0266058
137	0.0481941
137	0.208684
137	0.00528829
137	0.0167633
137	0
137	0.0373356
137	0.0235248
137	0.0475212
137	0.00212256
137	0.0269662
137	0.0175808
137	0
137	0.00789475
137	0.0411114
137	0.00613871
137	0.00345018
137	0.03125
137	0.0502986
137	0.0468293
137	0.0423006
137	0.0184742
137	0.0156892
137	0.00615617
137	0.0103933
137	0.043512
137	0.00723625
137	0.0375649
137	0.0472882
137	0.0200395
137	0.074212
137	0.0328791
137	0.026559
137	0.0271739
137	0.0746584
137	0.0185711
137	0.0420897
137	0.00169316
137	0.058032
137	0.00899252
137	0.00193234
137	0.00703529
137	0.142063
137	0.0448617
137	0.00249186
137	0.109126
137	0.0866053
137	0.0547007
137	0.0405928
137	0.00585741
137	0.0205888
137	0.00207313
137	0.0362874
137	0.0326289
137	0.00051873
137	0.0107333
137	0.0165673
137	0.134162
137	0.0698396
137	0.112701
137	0.00672171
140	0.01207
140	0.00262422
140	0.035664
140	0.0456295
140	0.0163471
140	0.0417434
140	0.0138242
140	0.0111938
140	0.0531915
140	0.00600978
140	0.0258563
140	0.0125895
140	0.0488083
140	0.00272536
140	0.0245934
140	0.0113636
140	0.00607536
140	0.0488882
140	0.0135688
140	0.0528481
140	0.0578213
140	0.00744109
140	0.0432992
140	0.00128468
140	0.0450482
140	0.00355808
140	0.0326087
140	0.0361496
140	0.0348837
140	0.011929
140	0.0368457
140	0.0219061
140	0.113826
140	0.000207152
140	0.0779733
140	0.0230267
140	0.0208452
140	0
140	0.0693461
140	0.0130692
140	0.0377019
140	0.0352712
140	0.0951188
140	0.0472152
140	0.00530505
140	0.0277917
140	0.00547401
140	0.0218663
140	0.0131561
140	0.05
140	0.063704
140	0
140	0.00115303
140	0.0174079
140	0.010682
140	0.0563073
140	0.0450744
140	0.0212415
140	0.0666667
140	0.0769916
140	0.0522962
140	0.0329473
140	0.0456721
140	0.0116543
140	0.0381936
140	0.0816345
140	0.063214
140	0.00549218
140	0.171875
140	0.059282
140	0.0309026
140	0.035163
140	0.0593869
140	0.0262709
140	0.0269486
140	0.025786
140	0.143085
140	0
140	0.0347934
140	0.0747365
140	0
140	0.0823677
140	0.145192
140	0.00630242
140	0.0608105
140	0.0180995
140	0.0299113
140	0.0401079
140	0.0855142
140	0.0155068
140	0.0197197
140	0.0735909
140	0.0229713
140	0.00902584
140	0.0439655
140	0.0701496
140	0.0275873
140	0.000691666
140	0.00470164
140	0.0525861
143	0.0554896
143	0.0173327
143	0.0430721
143	0.00569603
143	0.0785077
143	0.0459288
143	0.0558422
143	0
143	0.0241418
143	0.0146771
143	0.0635912
143	0.0390017
143	0.214696
143	0.0944966
143	0.0295591
143	0.0346332
143	0.0571986
143	0.0143191
143	0.0282262
143	0
143	0.0442366
143	0.000530901
143	0.0324264
143	0.0260888
143	0.0416667
143	0.0733749
143	0.033577
143	0.0801919
143	0.10759
143	0.0443928
143	0.19695
143	0.0390937
143	0.0554121
143	0.0271739
143	0.0286551
143	0.0242172
143	0.0126633
143	0.0636611
143	0.00946241
143	0.0425734
143	0.0413114
143	0.0875569
143	0.0206495
143	0.104806
143	0.000320115
143	0.0108459
143	0.0377648
143	0.124995
143	0.00471219
143	0.0300009
143	0.0497426
143	0.00468401
143	0.00538669
143	0.0461128
143	0.00256528
143	0.01902
143	0.00387015
143	0.0167751
143	0.0497294
143	0.0456869
143	0.223952
143	0.0795455
143	0.044151
143	0.0666667
143	0.0113727
143	0.0276415
143	0
143	0.0542204
143	0
143	0.0368768
143	0.00600054
143	0.0151858
143	0.0628671
143	0
143	0.0652174
143	0.0348837
143	0.0638298
143	0.0406575
143	0.0179453
143	0.0840012
143	0.0508401
143	0.0498289
143	0.0891985
143	0.0570652
143	0.0337006
143	0.0227918
143	0.0398539
143	0.0463389
143	0.0586444
143	0.0922256
143	0.00732817
143	0.0161518
143	0.0140621
143	0.00994646
143	0.0159715
143	0.0448718
143	0.0953255
143	0.018171
143	0.0444444
143	0
146	0.0100716
146	0.00518903
146	0
146	0.0281911
146	0.0317421
146	0.000440949
146	0.0167306
146	0.0525261
146	0.0170841
146	0.00752231
146	0.166667
146	0.049615
146	0.0111111
146	0.0170357
146	0.0316782
146	0.0168249
146	0.0422824
146	0.0608336
146	0.0217286
146	0.0332284
146	0.00555686
146	0.0390703
146	0.0589328
146	0.244565
146	0.00590192
146	0.00249138
146	0.0483073
146	0.0673212
146	0.00670712
146	0.0568182
146	0.0938486
146	0.0307717
146	0.0274849
146	0.0157447
146	0.0395104
146	0.033347
146	0.00318022
146	0.00903535
146	0.00602444
146	0.0177492
146	0.0251588
146	0.035459
146	0.0567976
146	0.00387588
146	0.013107
146	0.000771594
146	0.0543914
146	0.0435605
146	0.0454365
146	0.0513082
146	0.0100455
146	0.121366
146	0.00377693
146	0.0481795
146	0.00454082
146	0.00772727
146	0.0155623
146	0.0559116
146	0.0568182
146	0.053511
146	0.0915624
146	0.00288698
146	0.0108696
146	0.0317038
146	0.0918367
146	0.00279106
146	0.00156589
146	0.0171933
146	0.0233576
146	0.00146651
146	0.00811037
146	0.0182927
146	0.0112726
146	0.00397359
146	0.0388889
146	0.0208152
146	0.057611
146	0.0658322
146	0.0149535
146	0.0270455
146	0
146	0.0240244
146	0.15175
146	0.000544889
146	0.0495076
146	0.0405452
146	0.025442
146	0.0145049
146	0.000593813
146	0.170545
146	0.043378
146	0.239625
146	0.004641
146	0.122093
146	0.0841395
146	0.00856341
146	0.0367418
146	0.0136843
146	0.013154
146	0.0188483
149	0.0583333
149	0.0856511
149	0.0335742
149	0.0165178
149	0.014114
149	0.00539719
149	0.018851
149	0.0404612
149	0.0511364
149	0.0549158
149	0.0833333
149	0.00486126
149	0.0943678
149	0.015934
149	0.014266
149	0.101138
149	0.0230369
149	0.0317225
149	0.0295037
149	0.0223532
149	0.00179563
149	0.00749241
149	0.0422049
149	0.0271803
149	0.0142127
149	0.0382781
149	0.0146977
149	0.0713006
149	0.0221729
149	0.000261004
149	0.0337998
149	0.0152577
149	0.0343195
149	0.0523666
149	0.0333146
149	0.0238095
149	0.0717706
149	0.0451003
149	0.00836676
149	0.0669925
149	0.0299114
149	0.0198484
149	0.0130648
149	0
149	0.0214694
149	0.0421774
149	0.0693416
149	0.0795455
149	0.043905
149	0.0619614
149	0.015728
149	0.0406977
149	0.0126806
149	0.00758847
149	0.00920967
149	0.0716548
149	0.0104228
149	0.0110842
149	0.0375442
149	0.0299382
149	0.0113042
149	0.0451537
149	0.0752605
149	0.0191828
149	0.0325763
149	0.0245625
149	0.0321511
149	0.0356944
149	0.0137494
149	0.0103671
149	0.0297299
149	0.00555556
149	0.0449376
149	0.000610414
149	0.0342317
149	0
149	0.055398
149	0.0627508
149	0.00667066
149	0.11869
149	0.00376426
149	0.0111438
149	0.00725002
149	0.0126167
149	0.140035
149	0.0594456
149	0.015325
149	0.0287994
149	0.00169569
149	0.0529981
149	0.0177472
149	0.0179128
149	0.0546302
149	0.0394092
149	0.0139238
149	0.0296345
149	0.0512159
149	0.0539685
149	0.000100713
149	0.00951678
152	0.0348837
152	0.00826064
152	0.0266242
152	0.151256
152	0.0446187
152	0.0219455
152	0.0199925
152	0.0844774
152	0.00193377
152	0.0249549
152	0.0166279
152	0.0220952
152	0.00163583
152	0
152	0.000537737
152	0.000764924
152	0.0312097
152	0.0549045
152	0
152	0.0260417
152	0.00282382
152	0.117041
152	0.0409867
152	0.032791
152	0.0108696
152	0.0154344
152	0.00510204
152	0.0421646
152	0.0535678
152	0.0195742
152	0.275044
152	0.0227273
152	0.0148863
152	0
152	0.0111351
152	0.0785339
152	0.207148
152	0.02029
152	0.00801073
152	0.117256
152	0.0129939
152	0.00214948
152	6.37737e-05
152	0.0634764
152	0.0350538
152	0.0552366
152	0.0111111
152	0.0107906
152	0.000829611
152	0.0133549
152	0.0168987
152	0
152	0.0296727
152	0.00464422
152	0.0177995
152	0.0357143
152	0.0243863
152	0.0545781
152	0.014189
152	0.00763448
152	0.0811437
152	0.0644903
152	0.0590778
152	0.0293497
152	0.02143
152	0.0212325
152	0.0386746
152	0.0280685
152	0.0432425
152	0.029284
152	0.000486273
152	0.0227273
152	0.0285989
152	0.0442268
152	0.0163043
152	0.0165899
152	0
152	0.166667
152	0.0023386
152	0.0373993
152	0.0678775
152	0.0128178
152	0.0422526
152	0.0397546
152	0.00814172
152	0.0315273
152	0.0384139
152	0.0326668
152	0.0232558
152	0.0706199
152	0.0505568
152	0.0230798
152	0.0276553
152	0.00837837
152	0.006183
152	0.0384574
152	0.0151811
152	0.0130219
152	0.00572298
152	0
155	0.0152859
155	0.0258398
155	0.0466642
155	0.00980467
155	0.0101127
155	0.0345368
155	0.0827407
155	0.0182927
155	0.0191573
155	0.0669072
155	0.00388372
155	0.0248585
155	0.0459808
155	0.032967
155	0.0173185
155	0.207447
155	0.0104424
155	0.0233928
155	0.00684119
155	0.0484242
155	0.0236276
155	0.0161801
155	0.0209213
155	0.0102073
155	0
155	0.0114424
155	0.00258983
155	0.00724702
155	0.0322557
155	0.0323174
155	0.00358848
155	0.0420327
155	0.0112054
155	0.0413543
155	0.00546772
155	0.0201976
155	0.00173903
155	0.00875244
155	0.0318609
155	0.020116
155	0.0354817
155	0.0200197
155	0.041621
155	0.179348
155	7.98664e-05
155	0.0231388
155	0.00732978
155	0.0240303
155	0.00939372
155	0.0413233
155	0.250073
155	0.0795455
155	0.0178366
155	0
155	0.2
155	0.0659842
155	0.0318418
155	0.0496561
155	0.073587
155	0.0293665
155	0.0139219
155	0.0145714
155	0.0206538
155	0.0248266
155	0.029993
155	0.0362356
155	0.000668002
155	0.00676546
155	0.0179883
155	0.00359403
155	0.0189948
155	0.000824147
155	0.0548627
155	0.0229792
155	0.0028067
155	0.0320837
155	0.172445
155	0.000790022
155	0.00568182
155	0.0334946
155	0.0550097
155	0.0372322
155	0.0569297
155	0.0292401
155	0.0482521
155	0.0152202
155	0.0116506
155	0.0392516
155	0.00849377
155	0.072004
155	0.046053
155	0.179348
155	0.00517718
155	0.0742762
155	0.0102477
155	0.00175058
155	0.0265554
155	0.0183936
155	0.00257695
155	0.000430628
158	0.0383525
158	0.0455516
158	0.0814278
158	0.0242271
158	0.0097705
158	0.0142729
158	0.0638298
158	0.0123802
158	0.0345837
158	0
158	0.00932547
158	0.0466409
158	0.0387562
158	0.0507104
158	0.0542951
158	0.055298
158	0.0123085
158	0.0163043
158	0.0577307
158	0.00314145
158	0.0159574
158	0.0556326
158	0.0838978
158	0.0374651
158	0.0828852
158	0.0574488
158	0.0127857
158	0.00707654
158	0.0142657
158	0.0359558
158	0.067533
158	0.0312298
158	0.0299139
158	0.072832
158	0.0655814
158	0.0154819
158	0.0428989
158	0.0157216
158	0
158	0.0352439
158	0.0256618
158	0.1
158	0.00937246
158	0.0506415
158	0.0236687
158	0.0148099
158	0.0183875
158	0.00260395
158	0.0527627
158	0.0365346
158	0.154609
158	0.0106644
158	0.0900961
158	0.0422258
158	0.0750669
158	0.110314
158	0.0141963
158	0.0677602
158	0.0505341
158	0.165016
158	0.0102103
158	0.00955772
158	0.0652492
158	0.00747255
158	0.0218824
158	0.0427372
158	0.0357081
158	0.0155407
158	0.0438993
158	0.0166667
158	0.0428004
158	0.045877
158	0
158	0.0280201
158	0.0623486
158	0.0223065
158	0.00519198
158	0.0198258
158	0.0456559
158	0.0264672
158	0.0224448
158	0.00116362
158	0.00493108
158	0.0229168
158	0.050446
158	0.00534471
158	0.169623
158	0.0676947
158	0.049587
158	0
158	0.0443854
158	0.00960561
158	0.028708
158	0.0454545
158	0.178244
158	0.000378208
158	0.000352717
158	0.0311471
158	0.0137791
158	0.00735116
161	0.066603
161	0.0681818
161	0.0646461
161	0.0611111
161	0.0520642
161	0.00720457
161	0.0377168
161	0.00655637
161	0.000921544
161	0.00158218
161	0.0411049
161	0
161	0.0683648
161	0.0111064
161	0.00184802
161	0.00494267
161	0.0342792
161	0.00508899
161	0
161	0.0254409
161	0.00227292
161	0.0176615
161	0.0681818
161	0.0258494
161	0.0432985
161	0.0175851
161	0.0590418
161	0.0722539
161	0.0463823
161	0.00787855
161	0.00657521
161	0
161	0.0782513
161	0.0527115
161	0.0547626
161	0.0544825
161	0.00969634
161	0.0116644
161	0.0380524
161	0.00150634
161	0.0889597
161	0.0109288
161	0.00933289
161	0.0448645
161	0.000165578
161	0.0452771
161	0.0207119
161	0.00800167
161	0.0402037
161	0.00135972
161	0.0162825
161	0.00111463
161	0.019265
161	0.0425519
161	0.000630433
161	0.0321771
161	0.139579
161	0.0743726
161	0.00149062
161	0.0077907
161	0.00957372
161	0.0819163
161	0.0231381
161	0.00890585
161	0.0197128
161	0.0399684
161	0.00860351
161	0.0415841
161	0.00458629
161	0.0158259
161	0.00431959
161	0.0123105
161	0.0708499
161	0.040648
161	0.0657079
161	0.0681818
161	0.0305501
161	0.0125939
161	0.0347838
161	0.0552953
161	0.0116288
161	0.0801821
161	0.00629217
161	0.0505352
161	0.0227273
161	0.00359391
161	0.0251607
161	0.0134982
161	0.0390731
161	0.0917858
161	0.0384884
161	0.0703797
161	0.0122532
161	0.0043248
161	0.0207956
161	0.0539698
161	0.0410999
161	0.0492246
161	0
161	0.0404175
164	0.0182687
164	0.0529826
164	0.0438563
164	0.0300518
164	0.0315318
164	0.0419231
164	0.0382191
164	0.00697986
164	0.0077884
164	0.024139
164	0.00688285
164	0.0141176
164	0.0294332
164	0.0445375
164	0.0279315
164	0.0102817
164	0.0176136
164	0.041519
164	0.00729884
164	0.0314348
164	0.0158287
164	0.00568182
164	0.016773
164	0.0100885
164	0.0700012
164	0.000753825
164	0.0299151
164	0.0625419
164	0.0702304
164	0.033949
164	0
164	0.145324
164	0.0541225
164	0.0399975
164	0.0251653
164	0.00382756
164	0.244336
164	0.00421854
164	0.0327696
164	0.0299896
164	0.0418712
164	0.0444444
164	0.000453842
164	0.0368533
164	0.0815217
164	0.0678044
164	0.00649638
164	0.015819
164	0.0318869
164	0.0728314
164	0.0100768
164	0.0522143
164	0.0257933
164	0.045127
164	0.128917
164	0.0515423
164	0.05
164	0.0537217
164	0
164	0.00356586
164	0.0352734
164	0.0254296
164	0.0168859
164	0.0247753
164	0.0260079
164	0.0183501
164	0
164	0.0100207
164	0.0612392
164	0.000408206
164	0.183673
164	0.0193886
164	0.0331848
164	0
164	0.0116279
164	0.0268491
164	0
164	0.0244302
164	0.0125433
164	0.107153
164	0.0490112
164	0.00149159
164	0.0166667
164	0.0554659
164	0.0364536
164	0.00697932
164	0.0187403
164	0.0433364
164	0.0225239
164	0.0692388
164	0.0299118
164	0.0617729
164	0.0365824
164	0.0118139
164	0.0690714
164	0.0451048
164	0.2
164	0.0500548
164	0.0219663
164	0.0395266
167	0.01549
167	0.0652174
167	0
167	0.0225039
167	0
167	0.0394857
167	0.00251884
167	0.0429196
167	0.0130187
167	0.032906
167	0.014645
167	0.0112983
167	0.0051906
167	0.00225877
167	0.0216012
167	0.00195798
167	0.0263646
167	0.00342477
167	0.116378
167	0.0507914
167	0.0316159
167	0
167	0.0339809
167	0.0603345
167	0.151151
167	0.0896915
167	0.107979
167	0.0648844
167	0
167	0.179348
167	0.0410041
167	0.0454044
167	0.00111828
167	0.0508615
167	0.0314507
167	0.0817307
167	0.0969671
167	0.00523686
167	0.0393133
167	0.0104336
167	0.0108696
167	0.0383615
167	0.00704735
167	0.0364735
167	0.069265
167	0.0249942
167	0.0302169
167	0.0605496
167	0.0972464
167	0.0550172
167	0.108366
167	0.0016418
167	0.0795455
167	0.0240823
167	0.0327309
167	0.0174471
167	0.0489019
167	0.0206865
167	0.00520047
167	0.0248608
167	0.0133578
167	0.0297812
167	0.0133749
167	0.0197627
167	0.0270237
167	0.0272783
167	0.0540957
167	0.0333333
167	0.135411
167	0.0975007
167	0.00986466
167	0.0519463
167	0.0507188
167	0.151382
167	0.0252252
167	0.0374893
167	0.0421391
167	0.0687962
167	0.000322359
167	0.00150897
167	0.0397727
167	0.0833333
167	0.02648
167	0.0104703
167	0.0211804
167	0.00936126
167	0.0468547
167	0.010573
167	0.0321697
167	0.037306
167	0
167	0.0873133
167	0.0071292
167	0.0289543
167	0.00326314
167	0.0603054
167	0.0222681
167	0.0115882
167	0.0152185
167	0.0286234
170	0.0274169
170	0.0414108
170	0.015148
170	0.0554984
170	0.0188234
170	0.0329382
170	0.0489584
170	0.0358206
170	0.0447624
170	0.0196432
170	0.0590477
170	0.0446742
170	0.0013462
170	0.0505826
170	0.0659132
170	0.0131202
170	0.0212464
170	0.0174402
170	0.0157786
170	0.0467456
170	0.0187567
170	0.0550318
170	0.0277778
170	0.0681818
170	0.0303293
170	0.0297407
170	0.00546146
170	0.0172266
170	0.0181704
170	0.0294822
170	0.000888519
170	0.0262797
170	0.00332179
170	0.0250423
170	0.0510608
170	0.0340909
170	0.026727
170	0.0735257
170	0.0319042
170	0.0890804
170	0.0366475
170	0
170	0.0157464
170	0
170	0.0225962
170	0.0611956
170	0.0378489
170	0.0264145
170	0.000676936
170	0.00576582
170	0.0275219
170	0.0568301
170	0.150339
170	0.0405884
170	0.00320065
170	0.0726746
170	0.0063482
170	0.0305542
170	0.0233348
170	0.0216149
170	0.0502526
170	0.0111179
170	0.0326087
170	0.00306352
170	0.0596567
170	0.0165286
170	0.0108696
170	0.0174752
170	0.0351147
170	0.0115056
170	0
170	0
170	0.019894
170	0.0831861
170	0.0447276
170	0.0691489
170	0.0349358
170	0.0065772
170	0.0222936
170	0.00143364
170	0.0108696
170	0.0371726
170	0.0247911
170	0
170	0.0148804
170	0.0106383
170	0.0286539
170	0.0390623
170	0.0878591
170	0.0373655
170	0.0484087
170	0.0130161
170	0.030481
170	0.0463291
170	0.0207048
170	0.0018963
170	0.00186408
170	0.013457
170	0.00662612
170	0.0377013
173	0.0166224
173	0.0353352
173	0.024817
173	0.0434283
173	0.000409604
173	0.00638836
173	0.0692474
173	0.0476757
173	0.000578143
173	0.0131991
173	0.00468702
173	0.0584263
173	0.0576489
173	0.0504285
173	0.0312335
173	0.00506831
173	0.0384848
173	0.0182756
173	0.0840109
173	0.0385067
173	0.03125
173	0.0133592
173	0.00900417
173	0.00633782
173	0.0105234
173	0.00234671
173	0.0279136
173	0.0638298
173	0.0244358
173	0.00872696
173	0.05
173	0.0548423
173	0.0267284
173	0.0301604
173	0.00191205
173	0.000460939
173	0.0868794
173	0.0501134
173	0.0724524
173	0.0170811
173	0
173	0.0696305
173	0.191124
173	0.0403726
173	0.00101837
173	0.0521934
173	0.0427312
173	0.033508
173	0.0351197
173	0.0654433
173	0.00508407
173	0.0355262
173	0.00865355
173	0.0512721
173	0.0318099
173	0.01811
173	0.0346743
173	0.0104787
173	0.0377674
173	0.0168786
173	0.093013
173	0.0282819
173	0.0891727
173	0.00245593
173	0.0104471
173	0.00201837
173	0.00543478
173	0.0140231
173	0.0157393
173	0.00429119
173	0.066916
173	0.00867618
173	0.111628
173	0.046407
173	0.0029957
173	0.0318081
173	0.0347613
173	0.169668
173	0.00120458
173	0.00367324
173	0.0145494
173	0.167642
173	0.0598185
173	0.00607672
173	0.0432369
173	0.0098867
173	0.177476
173	0.0355619
173	0.0232964
173	0.0168444
173	0.00176261
173	0.0349815
173	0.00146878
173	0.0309465
173	0.0120492
173	0.0585106
173	0.0286403
173	0.00419261
173	0.000201904
173	0.042238
176	0.05
176	0.015375
176	0.0530211
176	0.0142714
176	0.0166667
176	0.0076623
176	0.0492139
176	0.0442266
176	0.0100309
176	0.000131952
176	0.0169072
176	0.0148847
176	0.00727302
176	0.000178154
176	0.0545372
176	0.0158203
176	0.0836752
176	0.0566013
176	0.000958858
176	0.0278878
176	0.00344156
176	0.0873918
176	0.0510971
176	0.000214504
176	0.0576991
176	0.0317228
176	0.00537153
176	0.0444553
176	0.0271739
176	0.0163544
176	0.122449
176	0.00314469
176	0.0569042
176	0.00816339
176	0.0356518
176	0.0256278
176	0.0230136
176	0.0239318
176	0.00703425
176	0.0106293
176	0.104651
176	0.0886465
176	0.0451102
176	0.0179992
176	0.00987951
176	0.0250151
176	0.027392
176	0.00937163
176	0.0205048
176	0.0111412
176	0.0135739
176	0.0341532
176	0.177057
176	0.0879214
176	0.0308826
176	0.0257261
176	0.0429285
176	0.0526529
176	0.017739
176	0.0271252
176	0.0450974
176	0.0170056
176	0.0141983
176	0.000338339
176	0.0190329
176	0.0198769
176	0.101286
176	0.022385
176	0.00493159
176	0.147866
176	0.00782986
176	0.0434783
176	0.00323698
176	0.0200739
176	0.000261024
176	0.0777778
176	0.164657
176	0.00162364
176	0.0189173
176	0.00593444
176	0.00277927
176	0.0393936
176	0.0123514
176	0.0351479
176	0.00383891
176	0.0738636
176	0.0429409
176	0.299573
176	0.0340909
176	0.0182458
176	0.00441578
176	0.055871
176	0.016484
176	0.024423
176	0.0854784
176	0.0478723
176	0.0782641
176	0.00450485
176	0.00425823
176	0.00198426
179	0.00210442
179	0.0161204
179	0.0249829
179	0.0116279
179	0.0612245
179	0.170455
179	0.0603079
179	0.0441666
179	0.00593031
179	0.0184434
179	0.00688036
179	0.065914
179	0.00774784
179	0.00587582
179	0.0408862
179	0.0560131
179	0.00733988
179	0.0500624
179	0.0305523
179	0
179	0.0871192
179	0
179	0.00951124
179	0.00729566
179	0.0366772
179	0.0611748
179	0.224285
179	0.0103659
179	0.123843
179	0.049497
179	0.000749278
179	0.0213471
179	0.0385859
179	0.00836212
179	0.0163043
179	0.00620235
179	0.0848626
179	0.0561882
179	0.0242677
179	0.0170936
179	0.0131804
179	0.0345408
179	0.140625
179	0.0301193
179	0.000946321
179	0.0586512
179	0.0180384
179	0.0179262
179	0.00385472
179	0.0175411
179	0.0432535
179	0.037234
179	0
179	0.0133651
179	0.0135553
179	0.0358966
179	0.0658889
179	0.0108696
179	0.00879213
179	0.0478348
179	0.0527993
179	0.0764852
179	0.00655491
179	0.0118699
179	0.0102847
179	0.0916497
179	0.0511364
179	0.00247762
179	0.0376758
179	0.0295891
179	0.0184899
179	0.0166667
179	0.00853893
179	0.0332324
179	0.157609
179	0.0638298
179	0
179	0.00380331
179	0.0431956
179	0.0614103
179	0.0383099
179	0.00239919
179	0.0606645
179	0.0250085
179	0.05
179	0.0258233
179	0.0167786
179	0.000346821
179	0.0276427
179	0.00823053
179	0.0136837
179	0.00439648
179	0.153409
179	0.0375486
179	0.0284102
179	0.102273
179	0.0712558
179	0.0239299
179	0.01106
179	0.0261508
182	0.00286809
182	0.0160331
182	0.0338426
182	0.0244361
182	0.028043
182	0.0614374
182	0.0535177
182	0.022084
182	0.028737
182	0.0303493
182	0.0220075
182	0.0175009
182	0.0557626
182	0.0771831
182	0.022668
182	0.0420688
182	0.0492524
182	0.0460783
182	0.0637059
182	0.0638298
182	0.0458703
182	0.0374798
182	0.106383
182	0.0326636
182	0.00500599
182	0.0563115
182	0.120271
182	0.0878627
182	0.0194485
182	0
182	0.0312757
182	0.05
182	0.0167281
182	0.0359746
182	0.00134576
182	0.086404
182	0.0599337
182	0.00990275
182	0.00441056
182	0.0601863
182	0.0275216
182	0.0162397
182	0.00949342
182	0.00951217
182	0.0352286
182	0.0413585
182	0.0117318
182	0.0170455
182	0.0397975
182	0.0978261
182	0.00111553
182	0.00546472
182	0.00940397
182	0.0740499
182	0.122572
182	0.00636717
182	0.0340281
182	0.00605738
182	0.0290644
182	0.00944035
182	0.0696996
182	0.0465254
182	0.0197194
182	0
182	0.0153916
182	0.037676
182	0.0123631
182	0.0319679
182	0.0870927
182	0.00434252
182	0.0107783
182	0.0434783
182	0.0391118
182	0.0738636
182	0.00154984
182	0.0554136
182	0.00338369
182	0.00141034
182	0.000798791
182	0.0853848
182	0.011869
182	0.038876
182	0.00589805
182	0.00353637
182	0.0269995
182	0.0490444
182	0.0100692
182	0.0174152
182	0.025201
182	0.0706522
182	0.00349478
182	0.0456723
182	0.0210891
182	0.0204082
182	0.0207214
182	0.0443435
182	0.0225654
182	0.0141825
182	0.111022
185	0.0346362
185	0.0165824
185	0.0125166
185	0.225248
185	0.160099
185	0.0336821
185	0.0106032
185	0.00582565
185	0.238037
185	0.0987056
185	0.00691792
185	0.0123439
185	0.0064337
185	0.00799718
185	0.00543478
185	0.00125032
185	0.00513561
185	0.0191371
185	0.000877552
185	0.04749
185	0.0164973
185	0.00611923
185	0.0368208
185	0.00118637
185	0.00919592
185	0.0217924
185	0.0517002
185	0.0294164
185	0.0323779
185	0.013032
185	0.00597332
185	0.0740021
185	0.0496568
185	0.00508778
185	0.0599514
185	0.00634587
185	0.0485469
185	0.000437171
185	8.01585e-05
185	0.0594975
185	0.0424368
185	0.00202768
185	0.0503958
185	0
185	0.0152766
185	0.0279606
185	0.0203751
185	0.0234546
185	0.0200096
185	0.0112465
185	0.0381033
185	0.0491458
185	0.119318
185	0.00930027
185	0.0962581
185	0.0187481
185	0.0371819
185	0
185	0.0140467
185	0.0431742
185	0.0268016
185	0.244565
185	0.0177144
185	0.0511707
185	0.0547666
185	0.003971
185	0.0561665
185	0.0458503
185	0.0158776
185	0.0173199
185	0.0170341
185	0.00963086
185	0.0109743
185	0.0131415
185	0.00295564
185	0.051849
185	0.00395644
185	0.0215585
185	0.00570418
185	0.0870435
185	0.0312821
185	0.166407
185	0.0199751
185	0.0157813
185	0.0044742
185	0.0468721
185	0.0139787
185	0.000116106
185	0.0520833
185	0.0174734
185	0.0204149
185	0.058421
185	0.0187725
185	0
185	0.000174473
185	0.00889114
185	0.0458961
185	0.0584284
185	0.00495785
185	0.00890432
188	0.0149605
188	0.04342
188	0.019268
188	0.0327269
188	0.00927089
188	0.0278502
188	0.002058
188	0.0121819
188	0.0178571
188	0.00242696
188	0.0825822
188	0.0470894
188	0.00924382
188	0.0681044
188	0.00472597
188	0.00766938
188	0.0638296
188	0.0107388
188	0.015625
188	0.0174737
188	0.0155046
188	0.0232578
188	0.0257351
188	0.0254406
188	0.0095827
188	0.0539668
188	0.0130506
188	0.0470871
188	0
188	0.0712736
188	0.0930233
188	0.0112039
188	0.00706469
188	0.0308456
188	0
188	0.00372687
188	0.0548766
188	0.0248933
188	0.00640659
188	0.0164898
188	0.0374058
188	0.0483705
188	0.0220622
188	0.0383755
188	0.0197978
188	0.00574392
188	0.00590359
188	0.0264047
188	0.0641605
188	0
188	0.0411775
188	0.00168751
188	0.0159326
188	0.0677083
188	0.0115555
188	0.0260886
188	0.0062123
188	0.0141706
188	0.00602216
188	0.132529
188	0.00904529
188	0.0506184
188	0.0297207
188	0.032403
188	0.0868445
188	0.0348475
188	0.0129849
188	0.073088
188	0.0154898
188	0.0568182
188	0.0318605
188	0
188	0.0846861
188	5.94945e-05
188	0.0154432
188	0.00881696
188	0.0779571
188	0.007108
188	0
188	0.00151615
188	0.0593797
188	0.0389253
188	0.0467154
188	0.0272265
188	0.0645419
188	0.00112511
188	0.022775
188	0.0266448
188	0.11413
188	0.0275714
188	0.0309477
188	0.0060461
188	0.0159795
188	0.0219228
188	0.156977
188	0
188	0.00473645
188	0.0218099
188	0.0286002
188	0.0144132
191	0.0204408
191	0.0538594
191	0.000147267
191	0.0159574
191	0.0468343
191	0.0122913
191	0.0641109
191	0.029014
191	0.00586373
191	0.255682
191	0.0438015
191	0.0213079
191	0.0148588
191	0.0161609
191	0.00939538
191	0.00504131
191	0.0217421
191	0.117637
191	0.000539341
191	0.0531915
191	0.00870944
191	0.0126165
191	0.0881503
191	0.00858597
191	0.0514979
191	0.00636315
191	0.0475144
191	0.0462896
191	0
191	0.000372337
191	0.000132708
191	0.023243
191	0.0351867
191	0.00280857
191	0.0102216
191	0.0119893
191	0.0413464
191	0.0103183
191	0.00997459
191	0.0958833
191	0.0326306
191	0.0437469
191	0.00280528
191	0.0178736
191	0.0607464
191	0.0222222
191	0.0254814
191	0.00099015
191	0.0220352
191	0.000324043
191	0.044916
191	0.326138
191	0.0172621
191	0.0117272
191	0.197916
191	0.0523256
191	0.0284091
191	0.0358846
191	0.0217391
191	0.0468417
191	0
191	0.0466452
191	0.135198
191	0.0479716
191	0
191	0.0191389
191	0
191	0.00849022
191	0.00379348
191	0.0120059
191	0.0439355
191	0.0224644
191	0.0482447
191	0.029999
191	0.0255545
191	0.0153252
191	0.15
191	0.0836788
191	0.0487618
191	0.0221401
191	0.0222069
191	0.0110524
191	0.0277102
191	0.0365819
191	0.000242376
191	0.0410516
191	0.000249669
191	0.0241434
191	0.0194474
191	0.0264676
191	0.0297706
191	0
191	0.00455677
191	0.0326087
191	0.0579229
191	0.00142694
191	0.0491759
191	0
191	0.00719496
191	0.0981533
194	0.049455
194	0.0083543
194	0.0318027
194	0.0374813
194	0.0474921
194	0.00476107
194	0.065639
194	0.00292311
194	0.0404292
194	0.0324611
194	0.0324573
194	0.0254838
194	0.0130234
194	0.0239963
194	0.00861951
194	0.00685726
194	0
194	0.0207109
194	0.0532038
194	0.0544206
194	0.0314393
194	0.0592258
194	0.0160069
194	0.0183218
194	0.0681818
194	0.00126977
194	0.00374616
194	0.175532
194	0.014227
194	0.0575135
194	0
194	0.0760729
194	0.00739869
194	0.00463544
194	0.0265505
194	0.0386783
194	0.0307145
194	0.0214657
194	0.00516724
194	0.0154324
194	0.0368249
194	0.00254083
194	0.0878347
194	0.000200503
194	0.0193115
194	0.00423767
194	0.0767191
194	0.0299062
194	0.0213775
194	0.0929686
194	0
194	0.0957447
194	0.0526468
194	0.0422347
194	0.0116328
194	0.0167228
194	0.0487569
194	0.0324155
194	0.0150342
194	0.0207682
194	0.0413758
194	0.0132676
194	0.0679494
194	0.0123997
194	0.00964271
194	0
194	0.0373592
194	0.00503533
194	0.0460098
194	0
194	0.0319149
194	0.0120355
194	0.0350681
194	0.0161524
194	0.0314009
194	0.0479685
194	0.0265957
194	0.0127801
194	0.0059948
194	0.0277778
194	0.0732996
194	0.0139075
194	0.0402835
194	0.0242773
194	0.0555556
194	0.00889585
194	0.0284576
194	0.122093
194	0.0834947
194	0
194	0.00485284
194	0.012235
194	0.0372546
194	0.00577931
194	0.00855344
194	7.67897e-05
194	0.0179126
194	0.0294594
194	0.00776681
194	0
197	0.082036
197	0.0097172
197	0.0714831
197	0.0411867
197	0.0427835
197	0.0852273
197	0.0120731
197	0.0492081
197	0.000408758
197	0.0759711
197	0.0244306
197	0.00803094
197	0.0178562
197	0.0887125
197	0.166667
197	0.0514321
197	0.0209256
197	0.000643494
197	0.0125378
197	0.0731513
197	0
197	0.0117034
197	0.0284981
197	0.0141796
197	0.0442836
197	0.0425456
197	0.0434505
197	0.0399315
197	0.0420478
197	0.0344388
197	0.00425264
197	0.00107124
197	0.005791
197	0.0645033
197	0.00976696
197	0.00845775
197	0.0229441
197	0.00626749
197	0.0390384
197	0.00404644
197	0.0407337
197	0.0425532
197	0.0295971
197	0.0441617
197	0.129069
197	0.0414895
197	0.0228288
197	0.052232
197	0.00147203
197	0.0623141
197	0.0122946
197	0.00261039
197	0.0365945
197	0.0869478
197	0.0486807
197	0.028952
197	0.0245289
197	0.0560676
197	0.00415008
197	0.0383064
197	0.0514878
197	0.0388351
197	0.062037
197	0.017634
197	0.0228118
197	0.0565163
197	0.0594071
197	0.0215071
197	0.100672
197	0.0320388
197	0.0457011
197	0.016154
197	0.00978275
197	0.0674101
197	0.00199506
197	0.0188279
197	0.035171
197	0.0957447
197	0.00710393
197	0.0545671
197	0.0514488
197	0.0449779
197	0.0222222
197	0.00223339
197	0.0412522
197	0.00871821
197	0.0187629
197	0.0123219
197	0.0428302
197	0.0159872
197	0.0280495
197	0.0380435
197	0.00143246
197	0.00592311
197	0.0338042
197	0.000916163
197	0.0356561
197	0.00230395
197	0.013822
197	0.0134438
200	0.0247998
200	0.0804716
200	0.0169887
200	0.0933124
200	0.174111
200	0.00105127
200	0.0217391
200	0.0115455
200	0.0123702
200	0.00637127
200	0.0382046
200	0
200	0.0197368
200	0.00203275
200	0.0398553
200	0.0258323
200	0.0232558
200	0.0361382
200	0.0130199
200	0.00765608
200	0.101894
200	0.00708075
200	0.0133191
200	0.0464112
200	0.023702
200	0.0370343
200	0.0616065
200	0.020477
200	0.0242874
200	0.0409053
200	0.0571331
200	0.079591
200	0.00250817
200	0.0140046
200	0
200	0.0562464
200	0.00115177
200	0.0157298
200	0.0245614
200	0.0109009
200	0.000721261
200	0.0934475
200	0.0402878
200	0.0169254
200	0.00823281
200	0.0106251
200	0.00199252
200	0.0421731
200	0.0507871
200	0.0292957
200	0.0031118
200	0.0283703
200	0.0176238
200	0.023914
200	0.0367106
200	0.0992675
200	0.0132973
200	0
200	0.0195107
200	0.00946072
200	0.0538233
200	0.0254539
200	0
200	0.0451579
200	0.0860661
200	0.00531915
200	0.0370315
200	0.0275884
200	0.0176981
200	0.0238433
200	0.0596485
200	0
200	0.0143062
200	0.1
200	0.0125963
200	0.0306122
200	0
200	0.00841942
200	0.00170964
200	0
200	0.0024525
200	0.0160814
200	0.029318
200	0.0153025
200	0.0362299
200	0.00190389
200	0.136364
200	0.0714286
200	0.0179834
200	0
200	0.0247201
200	0.0274042
200	0.0174419
200	0.043329
200	0.0253726
200	0.032944
200	0.0862492
200	0.014522
200	0.0498658
200	0.018567
