var	threshold	abdncError	methylCallError	TP	FN	FP
5	0.1	0.254562	0.0137406	1.29	0.71	8.33
5	0.15	0.255678	0.0213504	1.41	0.59	8.21
5	0.2	0.253386	0.0265912	1.47	0.53	8.15
5	0.25	0.251641	0.0404969	1.6	0.4	8.02
5	0.3	0.250881	0.0533312	1.7	0.3	7.92
5	0.35	0.250363	0.0628106	1.76	0.24	7.86
5	0.4	0.247539	0.0861435	1.89	0.11	7.73
8	0.1	0.273881	0.0165125	1.37	0.63	16.54
8	0.15	0.272807	0.0235846	1.49	0.51	16.42
8	0.2	0.271421	0.0330699	1.6	0.4	16.31
8	0.25	0.270179	0.0418285	1.68	0.32	16.23
8	0.3	0.269832	0.0512964	1.75	0.25	16.16
8	0.35	0.269104	0.0678235	1.86	0.14	16.05
8	0.4	0.268017	0.083976	1.95	0.05	15.96
11	0.1	0.291354	0.0155081	1.29	0.71	18.43
11	0.15	0.287651	0.0250636	1.46	0.54	18.26
11	0.2	0.285361	0.0365277	1.6	0.4	18.12
11	0.25	0.283964	0.0530424	1.75	0.25	17.97
11	0.3	0.282566	0.068145	1.86	0.14	17.86
11	0.35	0.281947	0.0799957	1.94	0.06	17.78
11	0.4	0.28183	0.0865993	1.98	0.02	17.74
14	0.1	0.257965	0.0135721	1.44	0.56	14.74
14	0.15	0.254184	0.0224618	1.59	0.41	14.6
14	0.2	0.252391	0.0317157	1.7	0.3	14.49
14	0.25	0.251093	0.0419036	1.8	0.2	14.39
14	0.3	0.250565	0.0472505	1.84	0.16	14.35
14	0.35	0.250369	0.0607489	1.93	0.07	14.26
14	0.4	0.250221	0.0645029	1.95	0.05	14.24
17	0.1	0.235024	0.0152213	1.48	0.52	12.45
17	0.15	0.238237	0.0235299	1.62	0.38	12.31
17	0.2	0.240015	0.0343642	1.75	0.25	12.18
17	0.25	0.239285	0.0424213	1.83	0.17	12.1
17	0.3	0.238978	0.0488263	1.88	0.12	12.05
17	0.35	0.23786	0.0547841	1.92	0.08	12.01
17	0.4	0.236828	0.0653448	1.98	0.02	11.95
20	0.1	0.261165	0.0148426	1.43	0.57	12.52
20	0.15	0.263818	0.024869	1.59	0.41	12.36
20	0.2	0.261542	0.0320989	1.68	0.32	12.27
20	0.25	0.261028	0.038452	1.74	0.26	12.21
20	0.3	0.260849	0.0490534	1.82	0.18	12.13
20	0.35	0.259452	0.0636262	1.92	0.08	12.03
20	0.4	0.25935	0.0689192	1.95	0.05	12
23	0.1	0.238024	0.0134691	1.47	0.53	10.99
23	0.15	0.240583	0.0206192	1.59	0.41	10.87
23	0.2	0.2393	0.0248194	1.64	0.36	10.82
23	0.25	0.238378	0.0333868	1.72	0.28	10.74
23	0.3	0.236345	0.0449679	1.81	0.19	10.65
23	0.35	0.235432	0.0576681	1.89	0.11	10.57
23	0.4	0.234	0.0716931	1.97	0.03	10.49
26	0.1	0.236391	0.0139415	1.48	0.52	10.41
26	0.15	0.230778	0.0238865	1.64	0.36	10.26
26	0.2	0.232348	0.0378195	1.8	0.2	10.1
26	0.25	0.230751	0.0454355	1.87	0.13	10.03
26	0.3	0.229452	0.0559524	1.95	0.05	9.95
26	0.35	0.229261	0.0590636	1.97	0.03	9.93
26	0.4	0.229137	0.0620345	1.99	0.01	9.91
29	0.1	0.228679	0.0119187	1.52	0.48	7.75
29	0.15	0.233467	0.0209562	1.65	0.35	7.62
29	0.2	0.231496	0.027745	1.73	0.27	7.54
29	0.25	0.227933	0.0350684	1.8	0.2	7.47
29	0.3	0.226563	0.0433687	1.87	0.13	7.4
29	0.35	0.2252	0.0569351	1.96	0.04	7.31
29	0.4	0.2252	0.0569351	1.96	0.04	7.31
32	0.1	0.203757	0.0143436	1.51	0.49	7.01
32	0.15	0.203552	0.0221614	1.63	0.37	6.89
32	0.2	0.211372	0.0322467	1.73	0.27	6.79
32	0.25	0.209623	0.0377946	1.79	0.21	6.73
32	0.3	0.207599	0.0471331	1.86	0.14	6.66
32	0.35	0.206476	0.0547529	1.91	0.09	6.61
32	0.4	0.205467	0.0633329	1.96	0.04	6.56
35	0.1	0.212384	0.0188512	1.45	0.55	7.29
35	0.15	0.212678	0.0270459	1.59	0.41	7.16
35	0.2	0.207086	0.0388802	1.74	0.26	7.02
35	0.25	0.204381	0.048405	1.83	0.17	6.93
35	0.3	0.202764	0.0552135	1.88	0.12	6.88
35	0.35	0.201625	0.0677667	1.96	0.04	6.8
35	0.4	0.20132	0.0711054	1.98	0.02	6.78
38	0.1	0.213988	0.0216168	1.57	0.43	5.92
38	0.15	0.210413	0.0282276	1.68	0.32	5.81
38	0.2	0.21171	0.0377372	1.78	0.22	5.72
38	0.25	0.20907	0.0450381	1.85	0.15	5.65
38	0.3	0.208029	0.0529903	1.92	0.08	5.58
38	0.35	0.207469	0.0592786	1.96	0.04	5.54
38	0.4	0.207393	0.0630108	1.98	0.02	5.52
41	0.1	0.209309	0.0150872	1.57	0.43	4.96
41	0.15	0.215204	0.0202489	1.65	0.35	4.89
41	0.2	0.219634	0.0251608	1.7	0.3	4.84
41	0.25	0.220587	0.0371165	1.81	0.19	4.73
41	0.3	0.217679	0.0500947	1.91	0.09	4.63
41	0.35	0.215982	0.0537005	1.94	0.06	4.6
41	0.4	0.215431	0.0556858	1.95	0.05	4.59
44	0.1	0.240664	0.0190286	1.42	0.58	5.71
44	0.15	0.232413	0.0249637	1.53	0.47	5.61
44	0.2	0.230915	0.0375248	1.67	0.33	5.47
44	0.25	0.222299	0.0521167	1.81	0.19	5.34
44	0.3	0.221595	0.0557015	1.84	0.16	5.31
44	0.35	0.219714	0.063326	1.89	0.11	5.26
44	0.4	0.218278	0.0711214	1.94	0.06	5.21
47	0.1	0.241558	0.0211273	1.41	0.59	4.53
47	0.15	0.237822	0.0273327	1.53	0.47	4.42
47	0.2	0.231925	0.0322383	1.59	0.41	4.38
47	0.25	0.221237	0.0464013	1.73	0.27	4.25
47	0.3	0.21689	0.0603209	1.84	0.16	4.14
47	0.35	0.213112	0.0723383	1.92	0.08	4.07
47	0.4	0.213095	0.0758284	1.94	0.06	4.05
50	0.1	0.215654	0.0205564	1.58	0.42	4.2
50	0.15	0.213418	0.0254609	1.67	0.33	4.11
50	0.2	0.207472	0.0300225	1.73	0.27	4.06
50	0.25	0.202397	0.0394405	1.82	0.18	3.98
50	0.3	0.199976	0.0458402	1.87	0.13	3.93
50	0.35	0.198481	0.0537938	1.92	0.08	3.88
50	0.4	0.194045	0.0647065	1.98	0.02	3.83
53	0.1	0.199713	0.0216217	1.58	0.42	3.8
53	0.15	0.19558	0.0264806	1.68	0.32	3.71
53	0.2	0.192578	0.0295238	1.72	0.28	3.68
53	0.25	0.184283	0.0379995	1.8	0.2	3.62
53	0.3	0.180611	0.0453756	1.86	0.14	3.57
53	0.35	0.177267	0.0576148	1.94	0.06	3.49
53	0.4	0.174128	0.0632472	1.97	0.03	3.47
56	0.1	0.21091	0.0271924	1.54	0.46	3.64
56	0.15	0.203741	0.0341458	1.68	0.32	3.51
56	0.2	0.203747	0.0391613	1.74	0.26	3.46
56	0.25	0.202159	0.0486185	1.83	0.17	3.37
56	0.3	0.199021	0.0537621	1.88	0.12	3.32
56	0.35	0.191875	0.0658566	1.96	0.04	3.25
56	0.4	0.191486	0.0677027	1.97	0.03	3.24
59	0.1	0.22507	0.0216901	1.58	0.42	3.15
59	0.15	0.216435	0.0284278	1.71	0.29	3.03
59	0.2	0.210422	0.0317581	1.75	0.25	3
59	0.25	0.212263	0.0370514	1.79	0.21	2.96
59	0.3	0.211299	0.0396102	1.81	0.19	2.94
59	0.35	0.209503	0.0490689	1.88	0.12	2.87
59	0.4	0.206494	0.0584626	1.93	0.07	2.82
62	0.1	0.226634	0.0225672	1.48	0.52	3.37
62	0.15	0.223992	0.0335484	1.65	0.35	3.21
62	0.2	0.220249	0.0370057	1.71	0.29	3.15
62	0.25	0.218616	0.0403479	1.74	0.26	3.12
62	0.3	0.212148	0.0540746	1.85	0.15	3.02
62	0.35	0.21121	0.0567153	1.87	0.13	3
62	0.4	0.207114	0.0710115	1.95	0.05	2.93
65	0.1	0.240796	0.0242065	1.53	0.47	2.57
65	0.15	0.232568	0.0288173	1.63	0.37	2.48
65	0.2	0.223137	0.0353936	1.72	0.28	2.41
65	0.25	0.22029	0.0387432	1.75	0.25	2.39
65	0.3	0.216892	0.0452347	1.8	0.2	2.35
65	0.35	0.214226	0.0529693	1.85	0.15	2.3
65	0.4	0.212656	0.0619669	1.9	0.1	2.25
68	0.1	0.211149	0.0243439	1.53	0.47	2.52
68	0.15	0.20862	0.029764	1.62	0.38	2.44
68	0.2	0.206103	0.0366247	1.71	0.29	2.36
68	0.25	0.202367	0.0392063	1.74	0.26	2.34
68	0.3	0.200523	0.0526398	1.83	0.17	2.27
68	0.35	0.193858	0.0573185	1.87	0.13	2.24
68	0.4	0.191358	0.0593048	1.88	0.12	2.24
71	0.1	0.218478	0.02772	1.51	0.49	2.13
71	0.15	0.211133	0.0344883	1.64	0.36	2.01
71	0.2	0.199579	0.0433487	1.76	0.24	1.91
71	0.25	0.197079	0.0441575	1.77	0.23	1.91
71	0.3	0.18975	0.051139	1.83	0.17	1.87
71	0.35	0.183019	0.0555779	1.86	0.14	1.86
71	0.4	0.176999	0.0660145	1.92	0.08	1.81
74	0.1	0.189427	0.0228741	1.53	0.47	1.82
74	0.15	0.177142	0.0323638	1.69	0.31	1.68
74	0.2	0.167789	0.0378233	1.77	0.23	1.6
74	0.25	0.162674	0.0416767	1.81	0.19	1.57
74	0.3	0.160582	0.0467879	1.85	0.15	1.53
74	0.35	0.157147	0.0540502	1.9	0.1	1.48
74	0.4	0.152742	0.0594069	1.93	0.07	1.46
77	0.1	0.193466	0.0251125	1.55	0.45	1.55
77	0.15	0.192627	0.0293697	1.64	0.36	1.46
77	0.2	0.194132	0.0348675	1.7	0.3	1.41
77	0.25	0.18937	0.0391029	1.74	0.26	1.38
77	0.3	0.188094	0.0414363	1.76	0.24	1.36
77	0.35	0.187092	0.0429805	1.77	0.23	1.35
77	0.4	0.182505	0.0490518	1.81	0.19	1.32
80	0.1	0.227058	0.0288717	1.48	0.52	1.52
80	0.15	0.218545	0.0357774	1.62	0.38	1.4
80	0.2	0.211259	0.0382611	1.66	0.34	1.36
80	0.25	0.207502	0.0422267	1.7	0.3	1.33
80	0.3	0.197459	0.0504476	1.77	0.23	1.29
80	0.35	0.191542	0.0598634	1.83	0.17	1.24
80	0.4	0.188574	0.0654278	1.86	0.14	1.22
83	0.1	0.23182	0.0285318	1.51	0.49	1.39
83	0.15	0.205223	0.0350622	1.64	0.36	1.29
83	0.2	0.19745	0.0381456	1.69	0.31	1.26
83	0.25	0.18617	0.0454588	1.76	0.24	1.21
83	0.3	0.185159	0.0490715	1.79	0.21	1.18
83	0.35	0.184055	0.0538821	1.82	0.18	1.15
83	0.4	0.180491	0.058676	1.85	0.15	1.13
86	0.1	0.198673	0.0287444	1.52	0.48	1.35
86	0.15	0.179142	0.0348457	1.65	0.35	1.24
86	0.2	0.168276	0.0403056	1.72	0.28	1.2
86	0.25	0.167181	0.0415178	1.73	0.27	1.19
86	0.3	0.164681	0.0425594	1.74	0.26	1.19
86	0.35	0.16128	0.0487452	1.78	0.22	1.15
86	0.4	0.157118	0.052201	1.8	0.2	1.14
89	0.1	0.179201	0.0262649	1.52	0.48	1.37
89	0.15	0.177931	0.0315377	1.61	0.39	1.29
89	0.2	0.172588	0.0357122	1.67	0.33	1.24
89	0.25	0.160899	0.0415744	1.73	0.27	1.22
89	0.3	0.152504	0.0496491	1.79	0.21	1.18
89	0.35	0.148796	0.0529833	1.81	0.19	1.17
89	0.4	0.145994	0.0566125	1.83	0.17	1.16
92	0.1	0.205022	0.0287353	1.58	0.42	1.13
92	0.15	0.187986	0.0362924	1.73	0.27	1
92	0.2	0.186619	0.0399373	1.78	0.22	0.97
92	0.25	0.185742	0.0429518	1.81	0.19	0.94
92	0.3	0.180388	0.0481084	1.85	0.15	0.91
92	0.35	0.177907	0.0510094	1.87	0.13	0.9
92	0.4	0.176426	0.0527217	1.88	0.12	0.89
95	0.1	0.195105	0.0297765	1.38	0.62	0.94
95	0.15	0.189204	0.03821	1.54	0.46	0.8
95	0.2	0.184473	0.0417659	1.59	0.41	0.75
95	0.25	0.17756	0.0493109	1.67	0.33	0.68
95	0.3	0.166275	0.0556754	1.73	0.27	0.64
95	0.35	0.160984	0.0613615	1.77	0.23	0.61
95	0.4	0.159178	0.0647669	1.79	0.21	0.59
98	0.1	0.227605	0.0277381	1.42	0.58	0.77
98	0.15	0.205531	0.0336464	1.55	0.45	0.65
98	0.2	0.199766	0.0401763	1.64	0.36	0.59
98	0.25	0.193085	0.0455965	1.69	0.31	0.56
98	0.3	0.185188	0.0507266	1.73	0.27	0.55
98	0.35	0.174322	0.0550624	1.76	0.24	0.54
98	0.4	0.171317	0.0602511	1.79	0.21	0.51
101	0.1	0.23023	0.0294383	1.44	0.56	0.78
101	0.15	0.213212	0.0354839	1.57	0.43	0.66
101	0.2	0.206844	0.0398753	1.63	0.37	0.61
101	0.25	0.199111	0.0476806	1.71	0.29	0.56
101	0.3	0.195677	0.0498828	1.73	0.27	0.55
101	0.35	0.190955	0.0546848	1.76	0.24	0.53
101	0.4	0.182248	0.0657001	1.82	0.18	0.49
104	0.1	0.216028	0.0299802	1.44	0.56	0.5
104	0.15	0.198734	0.035414	1.54	0.46	0.44
104	0.2	0.187208	0.0429789	1.64	0.36	0.35
104	0.25	0.179446	0.0502072	1.72	0.28	0.28
104	0.3	0.173555	0.0543738	1.76	0.24	0.25
104	0.35	0.157586	0.066238	1.84	0.16	0.21
104	0.4	0.152586	0.0698114	1.86	0.14	0.21
107	0.1	0.193619	0.0297763	1.32	0.68	0.69
107	0.15	0.195462	0.0416052	1.52	0.48	0.51
107	0.2	0.184174	0.0468869	1.6	0.4	0.45
107	0.25	0.180734	0.0507847	1.64	0.36	0.41
107	0.3	0.171474	0.0600593	1.72	0.28	0.34
107	0.35	0.154967	0.0723	1.8	0.2	0.32
107	0.4	0.152115	0.0776752	1.83	0.17	0.3
110	0.1	0.215957	0.0305631	1.49	0.51	0.52
110	0.15	0.193276	0.0405196	1.68	0.32	0.37
110	0.2	0.177367	0.0471315	1.78	0.22	0.28
110	0.25	0.162025	0.0555429	1.87	0.13	0.21
110	0.3	0.159525	0.0570134	1.88	0.12	0.21
110	0.35	0.153935	0.0598931	1.9	0.1	0.2
110	0.4	0.148935	0.0635551	1.92	0.08	0.2
113	0.1	0.193261	0.0298667	1.52	0.48	0.45
113	0.15	0.170334	0.039275	1.71	0.29	0.28
113	0.2	0.155846	0.0461606	1.81	0.19	0.2
113	0.25	0.15051	0.0498111	1.85	0.15	0.16
113	0.3	0.135805	0.0559517	1.9	0.1	0.14
113	0.35	0.125805	0.0587344	1.92	0.08	0.14
113	0.4	0.125805	0.0587344	1.92	0.08	0.14
116	0.1	0.170553	0.036581	1.55	0.45	0.41
116	0.15	0.147326	0.0430426	1.72	0.28	0.25
116	0.2	0.134448	0.0499429	1.82	0.18	0.16
116	0.25	0.122345	0.054981	1.87	0.13	0.12
116	0.3	0.11569	0.0585235	1.9	0.1	0.11
116	0.35	0.11319	0.0600078	1.91	0.09	0.11
116	0.4	0.112792	0.0618388	1.92	0.08	0.1
119	0.1	0.141611	0.028752	1.53	0.47	0.33
119	0.15	0.128333	0.036568	1.68	0.32	0.18
119	0.2	0.111321	0.0438544	1.78	0.22	0.11
119	0.25	0.0992875	0.0474466	1.82	0.18	0.08
119	0.3	0.0881589	0.054758	1.88	0.12	0.05
119	0.35	0.0681589	0.0606639	1.92	0.08	0.05
119	0.4	0.0619296	0.065853	1.95	0.05	0.04
122	0.1	0.158377	0.0331921	1.51	0.49	0.38
122	0.15	0.133953	0.044428	1.73	0.27	0.18
122	0.2	0.12055	0.0500663	1.81	0.19	0.12
122	0.25	0.104925	0.056011	1.88	0.12	0.08
122	0.3	0.101166	0.0584398	1.9	0.1	0.07
122	0.35	0.0901484	0.065462	1.95	0.05	0.04
122	0.4	0.0851484	0.0688254	1.97	0.03	0.04
125	0.1	0.146029	0.0284499	1.48	0.52	0.44
125	0.15	0.113337	0.0375078	1.67	0.33	0.28
125	0.2	0.0969143	0.0455411	1.78	0.22	0.19
125	0.25	0.0846743	0.0518963	1.85	0.15	0.13
125	0.3	0.0792023	0.0565639	1.89	0.11	0.09
125	0.35	0.0721663	0.0627099	1.93	0.07	0.07
125	0.4	0.0675608	0.0676416	1.96	0.04	0.05
128	0.1	0.156037	0.0299281	1.51	0.49	0.38
128	0.15	0.128385	0.0395047	1.71	0.29	0.23
128	0.2	0.110673	0.0484103	1.83	0.17	0.12
128	0.25	0.103468	0.0532631	1.88	0.12	0.07
128	0.3	0.0971579	0.0583938	1.92	0.08	0.04
128	0.35	0.0957511	0.0597908	1.93	0.07	0.03
128	0.4	0.0848704	0.0647762	1.96	0.04	0.02
131	0.1	0.132636	0.0345715	1.5	0.5	0.41
131	0.15	0.116821	0.0490051	1.74	0.26	0.19
131	0.2	0.0871865	0.057767	1.88	0.12	0.08
131	0.25	0.0787607	0.0629971	1.94	0.06	0.04
131	0.3	0.0787607	0.0629971	1.94	0.06	0.04
131	0.35	0.0668073	0.0686078	1.98	0.02	0.02
131	0.4	0.0643073	0.070299	1.99	0.01	0.02
134	0.1	0.137913	0.0293176	1.56	0.44	0.36
134	0.15	0.105463	0.0396188	1.77	0.23	0.17
134	0.2	0.0944885	0.0451179	1.86	0.14	0.08
134	0.25	0.089056	0.0478514	1.89	0.11	0.06
134	0.3	0.0845881	0.0515455	1.92	0.08	0.04
134	0.35	0.0649905	0.0590131	1.97	0.03	0.02
134	0.4	0.0618694	0.0625635	1.99	0.01	0.01
137	0.1	0.163525	0.0299253	1.57	0.43	0.36
137	0.15	0.121812	0.0426177	1.82	0.18	0.13
137	0.2	0.112762	0.0471671	1.88	0.12	0.08
137	0.25	0.0996322	0.0516717	1.92	0.08	0.07
137	0.3	0.0958124	0.0541561	1.94	0.06	0.06
137	0.35	0.0926698	0.0580846	1.97	0.03	0.03
137	0.4	0.0837506	0.0616386	1.99	0.01	0.02
140	0.1	0.13773	0.0306366	1.53	0.47	0.44
140	0.15	0.105911	0.0406088	1.75	0.25	0.23
140	0.2	0.0964415	0.0459316	1.83	0.17	0.15
140	0.25	0.0865997	0.0518799	1.89	0.11	0.11
140	0.3	0.0778799	0.0581284	1.94	0.06	0.08
140	0.35	0.0697436	0.0627193	1.97	0.03	0.06
140	0.4	0.0669251	0.0663497	1.99	0.01	0.04
143	0.1	0.12196	0.0307738	1.62	0.38	0.3
143	0.15	0.0936654	0.0386558	1.78	0.22	0.17
143	0.2	0.0810143	0.0450219	1.87	0.13	0.1
143	0.25	0.0764703	0.0489067	1.91	0.09	0.06
143	0.3	0.0712744	0.0523054	1.94	0.06	0.04
143	0.35	0.0653841	0.05677	1.97	0.03	0.03
143	0.4	0.0653841	0.05677	1.97	0.03	0.03
146	0.1	0.14019	0.0307321	1.58	0.42	0.32
146	0.15	0.11263	0.0392154	1.77	0.23	0.15
146	0.2	0.107315	0.0425824	1.82	0.18	0.1
146	0.25	0.0963162	0.0502777	1.9	0.1	0.03
146	0.3	0.0933978	0.0532492	1.92	0.08	0.02
146	0.35	0.0676251	0.0636887	1.99	0.01	0.01
146	0.4	0.0673703	0.0654075	2	0	0
149	0.1	0.132603	0.0352519	1.57	0.43	0.33
149	0.15	0.105678	0.043688	1.76	0.24	0.16
149	0.2	0.091826	0.0498993	1.85	0.15	0.09
149	0.25	0.0648601	0.061806	1.97	0.03	0.02
149	0.3	0.0635513	0.0631295	1.98	0.02	0.01
149	0.35	0.0586283	0.0644675	1.99	0.01	0
149	0.4	0.0511283	0.0658521	2	0	0
152	0.1	0.117684	0.0307468	1.78	0.22	0.21
152	0.15	0.0951179	0.0368823	1.89	0.11	0.11
152	0.2	0.0855716	0.0415158	1.96	0.04	0.05
152	0.25	0.0832962	0.0436984	1.98	0.02	0.03
152	0.3	0.0807962	0.044967	1.99	0.01	0.03
152	0.35	0.0782962	0.0464535	2	0	0.03
152	0.4	0.0782962	0.0464535	2	0	0.03
155	0.1	0.141329	0.0269645	1.58	0.42	0.35
155	0.15	0.114084	0.0372483	1.78	0.22	0.15
155	0.2	0.100358	0.0447837	1.88	0.12	0.06
155	0.25	0.0721303	0.0542011	1.97	0.03	0.03
155	0.3	0.0688307	0.0565892	1.99	0.01	0.02
155	0.35	0.0663307	0.0582321	2	0	0.02
155	0.4	0.0663307	0.0582321	2	0	0.02
158	0.1	0.121913	0.0304836	1.69	0.31	0.23
158	0.15	0.0856081	0.0389728	1.86	0.14	0.09
158	0.2	0.0591554	0.0472348	1.98	0.02	0.01
158	0.25	0.0566554	0.0483615	1.99	0.01	0.01
158	0.3	0.0556001	0.0497252	2	0	0
158	0.35	0.0556001	0.0497252	2	0	0
158	0.4	0.0556001	0.0497252	2	0	0
161	0.1	0.125437	0.0316661	1.66	0.34	0.32
161	0.15	0.104072	0.0401961	1.84	0.16	0.15
161	0.2	0.0880521	0.0489793	1.96	0.04	0.04
161	0.25	0.0862275	0.0511235	1.98	0.02	0.02
161	0.3	0.0787275	0.0523554	1.99	0.01	0.02
161	0.35	0.0787275	0.0523554	1.99	0.01	0.02
161	0.4	0.0783075	0.0542304	2	0	0.01
164	0.1	0.124745	0.0284353	1.68	0.32	0.27
164	0.15	0.101107	0.0352952	1.83	0.17	0.12
164	0.2	0.0872217	0.0408454	1.91	0.09	0.07
164	0.25	0.0818949	0.0460341	1.96	0.04	0.03
164	0.3	0.0786153	0.0489034	1.98	0.02	0.02
164	0.35	0.0709213	0.0515022	2	0	0.01
164	0.4	0.0709213	0.0515022	2	0	0.01
167	0.1	0.108377	0.0259902	1.71	0.29	0.25
167	0.15	0.0870116	0.0335233	1.85	0.15	0.12
167	0.2	0.0733654	0.0411603	1.95	0.05	0.03
167	0.25	0.0669937	0.0443396	1.98	0.02	0.02
167	0.3	0.0667288	0.0456439	1.99	0.01	0.01
167	0.35	0.0664068	0.0470725	2	0	0
167	0.4	0.0664068	0.0470725	2	0	0
170	0.1	0.11341	0.0281152	1.74	0.26	0.21
170	0.15	0.0956699	0.0347752	1.88	0.12	0.08
170	0.2	0.0867864	0.0376159	1.92	0.08	0.04
170	0.25	0.0794048	0.0425574	1.97	0.03	0.01
170	0.3	0.0715711	0.0452072	1.99	0.01	0
170	0.35	0.0690711	0.0466466	2	0	0
170	0.4	0.0690711	0.0466466	2	0	0
173	0.1	0.11028	0.027625	1.72	0.28	0.25
173	0.15	0.0846078	0.0371723	1.92	0.08	0.06
173	0.2	0.0789617	0.0404806	1.96	0.04	0.03
173	0.25	0.0714617	0.0411949	1.97	0.03	0.03
173	0.3	0.0685575	0.0439073	1.99	0.01	0.02
173	0.35	0.0683474	0.0453917	2	0	0.01
173	0.4	0.0683474	0.0453917	2	0	0.01
176	0.1	0.100962	0.026111	1.72	0.28	0.24
176	0.15	0.0808621	0.0356344	1.89	0.11	0.09
176	0.2	0.0675303	0.0405953	1.96	0.04	0.04
176	0.25	0.0655197	0.0436111	1.99	0.01	0.01
176	0.3	0.0655197	0.0436111	1.99	0.01	0.01
176	0.35	0.0648287	0.0444573	2	0	0
176	0.4	0.0648287	0.0444573	2	0	0
179	0.1	0.11421	0.0301487	1.74	0.26	0.21
179	0.15	0.0811748	0.0383098	1.92	0.08	0.06
179	0.2	0.0663191	0.0426889	1.98	0.02	0.02
179	0.25	0.0631424	0.0444505	2	0	0.01
179	0.3	0.0631424	0.0444505	2	0	0.01
179	0.35	0.0631424	0.0444505	2	0	0.01
179	0.4	0.0631424	0.0444505	2	0	0.01
182	0.1	0.0942648	0.026583	1.79	0.21	0.2
182	0.15	0.0781703	0.0337893	1.93	0.07	0.06
182	0.2	0.0627326	0.0387052	1.99	0.01	0.02
182	0.25	0.0602326	0.0397197	2	0	0.02
182	0.3	0.0602326	0.0397197	2	0	0.02
182	0.35	0.0602326	0.0397197	2	0	0.02
182	0.4	0.0602326	0.0397197	2	0	0.02
185	0.1	0.101221	0.0261939	1.78	0.22	0.19
185	0.15	0.0712192	0.0359311	1.97	0.03	0.02
185	0.2	0.0682207	0.0375457	1.99	0.01	0.01
185	0.25	0.0667992	0.0383545	2	0	0
185	0.3	0.0667992	0.0383545	2	0	0
185	0.35	0.0667992	0.0383545	2	0	0
185	0.4	0.0667992	0.0383545	2	0	0
188	0.1	0.100968	0.0276795	1.83	0.17	0.14
188	0.15	0.0861962	0.0327528	1.94	0.06	0.04
188	0.2	0.0724108	0.0363718	1.99	0.01	0.01
188	0.25	0.0714276	0.0374588	2	0	0
188	0.3	0.0714276	0.0374588	2	0	0
188	0.35	0.0714276	0.0374588	2	0	0
188	0.4	0.0714276	0.0374588	2	0	0
191	0.1	0.0934595	0.027234	1.83	0.17	0.15
191	0.15	0.0785136	0.03275	1.95	0.05	0.03
191	0.2	0.0712163	0.0361646	2	0	0
191	0.25	0.0712163	0.0361646	2	0	0
191	0.3	0.0712163	0.0361646	2	0	0
191	0.35	0.0712163	0.0361646	2	0	0
191	0.4	0.0712163	0.0361646	2	0	0
194	0.1	0.0994254	0.0236149	1.88	0.12	0.09
194	0.15	0.090798	0.0273647	1.95	0.05	0.02
194	0.2	0.0850337	0.029588	1.98	0.02	0.01
194	0.25	0.0822376	0.0315446	2	0	0
194	0.3	0.0822376	0.0315446	2	0	0
194	0.35	0.0822376	0.0315446	2	0	0
194	0.4	0.0822376	0.0315446	2	0	0
197	0.1	0.0875182	0.0246127	1.91	0.09	0.06
197	0.15	0.071574	0.0279909	1.98	0.02	0.01
197	0.2	0.069074	0.0287548	1.99	0.01	0.01
197	0.25	0.066574	0.0297842	2	0	0.01
197	0.3	0.066574	0.0297842	2	0	0.01
197	0.35	0.066574	0.0297842	2	0	0.01
197	0.4	0.066574	0.0297842	2	0	0.01
200	0.1	0.0796032	0.0172736	1.94	0.06	0.05
200	0.15	0.0741313	0.0190439	1.97	0.03	0.03
200	0.2	0.072722	0.0210516	2	0	0
200	0.25	0.072722	0.0210516	2	0	0
200	0.3	0.072722	0.0210516	2	0	0
200	0.35	0.072722	0.0210516	2	0	0
200	0.4	0.072722	0.0210516	2	0	0
203	0.1	0.111428	0.0204238	1.88	0.12	0.11
203	0.15	0.0920668	0.0263351	2	0	0
203	0.2	0.0920668	0.0263351	2	0	0
203	0.25	0.0920668	0.0263351	2	0	0
203	0.3	0.0920668	0.0263351	2	0	0
203	0.35	0.0920668	0.0263351	2	0	0
203	0.4	0.0920668	0.0263351	2	0	0
206	0.1	0.0904361	0.0183452	1.93	0.07	0.06
206	0.15	0.0767631	0.0218634	2	0	0
206	0.2	0.0767631	0.0218634	2	0	0
206	0.25	0.0767631	0.0218634	2	0	0
206	0.3	0.0767631	0.0218634	2	0	0
206	0.35	0.0767631	0.0218634	2	0	0
206	0.4	0.0767631	0.0218634	2	0	0
209	0.1	0.0704254	0.0161359	1.99	0.01	0.02
209	0.15	0.0704254	0.0161359	1.99	0.01	0.02
209	0.2	0.07008	0.0169172	2	0	0.01
209	0.25	0.07008	0.0169172	2	0	0.01
209	0.3	0.07008	0.0169172	2	0	0.01
209	0.35	0.07008	0.0169172	2	0	0.01
209	0.4	0.07008	0.0169172	2	0	0.01
212	0.1	0.0833384	0.0148144	1.96	0.04	0.02
212	0.15	0.0792068	0.0163015	1.99	0.01	0
212	0.2	0.0792068	0.0163015	1.99	0.01	0
212	0.25	0.0792068	0.0163015	1.99	0.01	0
212	0.3	0.0792068	0.0163015	1.99	0.01	0
212	0.35	0.0792068	0.0163015	1.99	0.01	0
212	0.4	0.0792068	0.0163015	1.99	0.01	0
215	0.1	0.0843771	0.0144626	1.98	0.02	0.02
215	0.15	0.0836263	0.0155407	2	0	0
215	0.2	0.0836263	0.0155407	2	0	0
215	0.25	0.0836263	0.0155407	2	0	0
215	0.3	0.0836263	0.0155407	2	0	0
215	0.35	0.0836263	0.0155407	2	0	0
215	0.4	0.0836263	0.0155407	2	0	0
218	0.1	0.0872953	0.00965388	2	0	0
218	0.15	0.0872953	0.00965388	2	0	0
218	0.2	0.0872953	0.00965388	2	0	0
218	0.25	0.0872953	0.00965388	2	0	0
218	0.3	0.0872953	0.00965388	2	0	0
218	0.35	0.0872953	0.00965388	2	0	0
218	0.4	0.0872953	0.00965388	2	0	0
221	0.1	0.092638	0.00682531	1.99	0.01	0
221	0.15	0.092638	0.00682531	1.99	0.01	0
221	0.2	0.092638	0.00682531	1.99	0.01	0
221	0.25	0.092638	0.00682531	1.99	0.01	0
221	0.3	0.092638	0.00682531	1.99	0.01	0
221	0.35	0.092638	0.00682531	1.99	0.01	0
221	0.4	0.092638	0.00682531	1.99	0.01	0
224	0.1	0.0968205	0.00486197	1.99	0.01	0
224	0.15	0.0968205	0.00486197	1.99	0.01	0
224	0.2	0.0968205	0.00486197	1.99	0.01	0
224	0.25	0.0968205	0.00486197	1.99	0.01	0
224	0.3	0.0968205	0.00486197	1.99	0.01	0
224	0.35	0.0943205	0.00655552	2	0	0
224	0.4	0.0943205	0.00655552	2	0	0
227	0.1	0.0755207	0.00171064	2	0	0
227	0.15	0.0755207	0.00171064	2	0	0
227	0.2	0.0755207	0.00171064	2	0	0
227	0.25	0.0755207	0.00171064	2	0	0
227	0.3	0.0755207	0.00171064	2	0	0
227	0.35	0.0755207	0.00171064	2	0	0
227	0.4	0.0755207	0.00171064	2	0	0
230	0.1	0.065	0	2	0	0
230	0.15	0.065	0	2	0	0
230	0.2	0.065	0	2	0	0
230	0.25	0.065	0	2	0	0
230	0.3	0.065	0	2	0	0
230	0.35	0.065	0	2	0	0
230	0.4	0.065	0	2	0	0
