var	minCostFlow
5	0.219048
5	0.0169901
5	0.16853
5	0.183235
5	0.104722
5	0.195785
5	0.00427687
5	0.250966
5	0.037014
5	0.0356104
5	0.212811
5	0.061314
5	0.0237229
5	0.235166
5	0.0871749
5	0.183301
5	0.0425678
5	0.158398
5	0.251541
5	0.244049
5	0.0345522
5	0.120505
5	0.0626569
5	0.146766
5	0.0384486
5	0.143862
5	0.193448
5	0.169728
5	0.0915107
5	0.0252858
5	0.185209
5	0.136737
5	0.211108
5	0.0147059
5	0.235112
5	0.257964
5	0.17505
5	0.194983
5	0.130502
5	0.158697
5	0.224444
5	0.13044
5	0.0494349
5	0.0645464
5	0.250745
5	0.134269
5	0
5	0.0721922
5	0.07174
5	0.148732
5	0.0531589
5	0.22811
5	0.0212005
5	0.00681146
5	0.256507
5	0.0996163
5	0
5	0.184241
5	0.0603712
5	0.104177
5	0.207255
5	0.26682
5	0.171192
5	0.182378
5	0.254701
5	0.00425432
5	0.171268
5	0.0603913
5	0.00357143
5	0.101726
5	0
5	0.107575
5	0.00097674
5	0.0338794
5	0.259441
5	0.176303
5	0.207763
5	0.0820849
5	0.0749564
5	0.238509
5	0
5	0.218896
5	0.189236
5	0.0403333
5	0.0124941
5	0.117236
5	0.141626
5	0.044854
5	0.16476
5	0.0564508
5	0.179091
5	0.0661163
5	0.125349
5	0.0250399
5	0.202642
5	0.0947018
5	0.192749
5	0.137103
5	0.212556
5	0.298875
8	0.104811
8	0.0652066
8	0.00368211
8	0.285044
8	0.0682459
8	0.100931
8	0.180604
8	0.0127364
8	0.058933
8	0.301095
8	0.0895944
8	0.18596
8	0.216434
8	0.0292802
8	0.0783662
8	0.086032
8	0.118735
8	0.0261096
8	0.0770462
8	0.118585
8	0.0701956
8	0.0805925
8	0.0216416
8	0.0392403
8	0.132737
8	0.200916
8	0.0634923
8	0.204364
8	0.0462882
8	0.0442203
8	0.0229159
8	0.220782
8	0
8	0.126804
8	0.244463
8	0.087257
8	0.166544
8	0.20758
8	0.100377
8	0
8	0.14321
8	0.189174
8	0.222502
8	0.238685
8	0.172678
8	0.210119
8	0.0514946
8	0.156219
8	0.113928
8	0.231218
8	0.116263
8	0.0318768
8	0.245784
8	0.131373
8	0.190603
8	0.105005
8	0.0537149
8	0.239962
8	0.00855567
8	0.231464
8	0.222745
8	0.115948
8	0.0191122
8	0.251179
8	0.0115385
8	0.221224
8	0.111559
8	0.0695022
8	0.0539404
8	0.0580642
8	0.0105153
8	0.172552
8	0.205565
8	0.000682979
8	0.0356356
8	0.0723749
8	0.00249812
8	0.182409
8	0.0652009
8	0.163458
8	0.222645
8	0.0316975
8	0.185191
8	0.243028
8	0.125548
8	0.259067
8	0.295672
8	0.221545
8	0.24918
8	0.242367
8	0.18274
8	0.227636
8	0.13993
8	0.278459
8	0.0153483
8	0.276956
8	0.0472743
8	0.216444
8	0.111496
8	0.0754964
11	0.250761
11	0.192208
11	0.0677215
11	0.236462
11	0.285181
11	0.267101
11	0.181878
11	0.201497
11	0.0148229
11	0.0305846
11	0.0958585
11	0.0398437
11	0.129093
11	0.119102
11	0.0362823
11	0.279243
11	0.308067
11	0
11	0.232371
11	0.138858
11	0.12418
11	0.0915851
11	0.159807
11	0.107275
11	0
11	0.0575339
11	0.0158778
11	0.119663
11	0.041707
11	0.0402779
11	0.138668
11	0.127209
11	0.017341
11	0.00139279
11	0.0509068
11	0.110367
11	0.10901
11	0.17547
11	0.142361
11	0.180425
11	0.131706
11	0.104923
11	0.0282468
11	0.125011
11	0.158187
11	0.0854494
11	0.237672
11	0.299803
11	0.235293
11	0.0615609
11	0.132824
11	0.254541
11	0.121253
11	0.242457
11	0.0542712
11	0.189327
11	0.139169
11	0.165237
11	0.237704
11	0.00858394
11	0.227248
11	0.213841
11	0.102779
11	0.257513
11	0.150581
11	0.138136
11	0.162117
11	0.104616
11	0.164852
11	0.231441
11	0.172138
11	0.166807
11	0.229678
11	0.0224652
11	0.161105
11	0.0800684
11	0.0870097
11	0.12708
11	0.132483
11	0.170611
11	0.144866
11	0.211012
11	0.121891
11	0.171889
11	0.0783526
11	0.135422
11	0.276949
11	0.237389
11	0.129042
11	0.0732071
11	0.10138
11	0.242271
11	0
11	0.0707087
11	0.214772
11	0.249968
11	0.124452
11	0.143211
11	0.061117
11	0.260668
14	0.0278221
14	0.201008
14	0.212799
14	0.0688369
14	0.0160909
14	0.091984
14	0.092998
14	0.237324
14	0.0762167
14	0.0496899
14	0.104873
14	0
14	0.116152
14	0.108764
14	0.0269523
14	0.104873
14	0.117304
14	0.147805
14	0.114942
14	0.0830356
14	0.246354
14	0.121891
14	0.0906313
14	0.0579757
14	0.0225761
14	0.0103266
14	0.163294
14	0.0428221
14	0.235403
14	0.191643
14	0.0154322
14	0.271194
14	0.0971269
14	0.0872125
14	0.227678
14	0.104495
14	0.147594
14	0.109175
14	0.127169
14	0.0222222
14	0.102487
14	0.0369832
14	0.115915
14	0.204236
14	0.0142251
14	0.116452
14	0.0832999
14	0.199463
14	0.0337464
14	0.0444729
14	0.0149504
14	0.0146674
14	0.059791
14	0.123859
14	0.149112
14	0
14	0.22646
14	0.123692
14	0.166791
14	0.0197461
14	0.244326
14	0.185104
14	0.181494
14	0.2403
14	0.138381
14	0.0431551
14	0.176345
14	0.0696954
14	0.133397
14	0.113233
14	0.0362731
14	0.284381
14	0.231964
14	0.17924
14	0.0718148
14	0.0845973
14	0.0220872
14	0.0883095
14	0.0913558
14	0.198363
14	0.0485597
14	0.0299795
14	0.113344
14	0.16681
14	0.194939
14	0
14	0
14	0.100889
14	0.0229081
14	0.12184
14	0.156763
14	0.200747
14	0.00454859
14	0.0233262
14	0.230665
14	0.22367
14	0.236757
14	0.105006
14	0.0817294
14	0.246591
17	0.0817445
17	0.101067
17	0.0832071
17	0.031317
17	0.0739787
17	0.0294727
17	0.0834309
17	0.158695
17	0.367858
17	0.0457915
17	0.100268
17	0.279325
17	0.193789
17	0.0809304
17	0.113319
17	0.146628
17	0.140468
17	0
17	0.234281
17	0.0196642
17	0.0775232
17	0.00606394
17	0
17	0.180677
17	0.0121269
17	0.0107002
17	0
17	0.196118
17	0.165597
17	0.15505
17	0.195287
17	0.0433918
17	0.232813
17	0.0769787
17	0.227469
17	0.0658517
17	0.0707896
17	0.186101
17	0.020506
17	0.0492758
17	0.0386281
17	0.107782
17	0.127197
17	0.161392
17	0.0194627
17	0.196762
17	0.153686
17	0.16828
17	0.0592004
17	0.130305
17	0.062215
17	0.0698185
17	0.0543808
17	0.0601149
17	0.182761
17	0.00707114
17	0.123677
17	0.118947
17	0.0580456
17	0.0902549
17	0.0548715
17	0.119792
17	0.0983025
17	0.161275
17	0.0155501
17	0
17	0.116028
17	0.0268338
17	0.0922521
17	0.0655053
17	0.112002
17	0.243115
17	0.0181159
17	0.0162863
17	0.0299001
17	0.000715525
17	0.234559
17	0.189414
17	0
17	0.166352
17	0.0167195
17	0.0647147
17	0.0103929
17	0.113023
17	0.0754005
17	0.137805
17	0.159845
17	0.0976243
17	0.00515863
17	0.164404
17	0.060675
17	0.171394
17	0.0202248
17	0.155453
17	0
17	0.255517
17	0.251399
17	0.157837
17	0.0241868
17	0.125302
20	0.0714648
20	0
20	0.000758542
20	0.0464591
20	0.121105
20	0.0947048
20	0.0457619
20	0.119459
20	0.202555
20	0.19652
20	0.10036
20	0.101428
20	0.183809
20	0.0146414
20	0.201088
20	0.0329583
20	0.152038
20	0.177459
20	0.184086
20	0.0618056
20	0.153064
20	0.238623
20	0.0298507
20	0.165978
20	0.129695
20	0.00724638
20	0.0341661
20	0.073841
20	0.046265
20	0.0747586
20	0.0838117
20	0.0866972
20	0.2514
20	0.202648
20	0.231049
20	0.189484
20	0.199099
20	0.0542394
20	0.00403226
20	0.213673
20	0.207351
20	0.106312
20	0.251257
20	0.0637153
20	0.0253978
20	0.109867
20	0.19357
20	0.1696
20	0.0343674
20	0.165438
20	0.00113819
20	0.21315
20	0.178234
20	0.226635
20	0.067667
20	0.107795
20	0.196922
20	0.284236
20	0.0497328
20	0.173412
20	0.157464
20	0.317506
20	0
20	0.222163
20	0.00363344
20	0.19161
20	0.00362319
20	0.252278
20	0.198011
20	0.107866
20	0.168984
20	0.131119
20	0.180541
20	0.0709511
20	0.0758869
20	0.0880161
20	0.12127
20	0.0243032
20	0.0626007
20	0.10713
20	0.00757576
20	0.235045
20	0.0988418
20	0.0512442
20	0.17112
20	0.0145362
20	0.0569945
20	0.0632
20	0.0110294
20	0.269528
20	0.281416
20	0.064896
20	0
20	0.0908366
20	0.0542272
20	0.233193
20	0.0351641
20	0.220036
20	0.244898
20	0.123066
23	0.167646
23	0.191041
23	0.0801737
23	0.228257
23	0.114997
23	0.0813031
23	0.061249
23	0.105843
23	0.0284097
23	0.0655705
23	0.242784
23	0.0869134
23	0.100759
23	0.0113883
23	0.155741
23	0.06548
23	0.186331
23	0.142458
23	0.2376
23	0.0140025
23	0.0028524
23	0.0725581
23	0.134172
23	0.172506
23	0.148653
23	0
23	0.0406981
23	0.0346066
23	0.209635
23	0.111171
23	0.082975
23	0.21764
23	0.202549
23	0.216254
23	0.119224
23	0.0237382
23	0.22818
23	0.0341002
23	0.0227154
23	0.0799103
23	0.0278227
23	0.27303
23	0.0171988
23	0.140624
23	0.182616
23	0.0125176
23	0.0994256
23	0.00694444
23	0.151435
23	0.113231
23	0.0951784
23	0.152424
23	0.260354
23	0.358906
23	0.181619
23	0.0711392
23	0.0185485
23	0.0535508
23	0.0727774
23	0.0857749
23	0.0889938
23	0.0189548
23	0.0657195
23	0.134311
23	0.116012
23	0.0309462
23	0.208609
23	0.0563339
23	0.101407
23	0.205465
23	0.268584
23	0.0832626
23	0.156367
23	0.0826167
23	0.215814
23	0.0185849
23	0.270644
23	0.240433
23	0.199024
23	0.0788324
23	0.0894334
23	0.225672
23	0
23	0.0491048
23	0.0162016
23	0.00504523
23	0.1213
23	0.100754
23	0.0586631
23	0.0238647
23	0.195347
23	0.255737
23	0.0140845
23	0.269833
23	0.0241289
23	0.0329147
23	0.0147774
23	0.199567
23	0.212813
23	0.212626
26	0.0959334
26	0.150203
26	0.0939408
26	0.0385193
26	0.070947
26	0.203902
26	0.0594893
26	0.144687
26	0.0802938
26	0.141974
26	0.135609
26	0.167029
26	0.180164
26	0.311123
26	0.21057
26	0.267369
26	0.0750813
26	0.156544
26	0.0309537
26	0.0160584
26	0.0562602
26	0.122217
26	0.112699
26	0.01287
26	0.0953368
26	0.0827259
26	0.0539481
26	0.0879042
26	0.0767283
26	0.0412162
26	0.0849879
26	0
26	0.0224799
26	0.0620776
26	0.0267651
26	0.236253
26	0.00600526
26	0.184141
26	0.224329
26	0.206116
26	0.151023
26	0.229766
26	0.154026
26	0.0478771
26	0.0728511
26	0.0994096
26	0.141689
26	0.0734997
26	0.108685
26	0.0466093
26	0.0911342
26	0
26	0.0270207
26	0.234916
26	0.00897864
26	0.172606
26	0.201591
26	0.341738
26	0.00373134
26	0.0909495
26	0.071354
26	0.0908542
26	0.0725258
26	0.156797
26	0.188113
26	0
26	0.0416667
26	0.117927
26	0.198965
26	0.188851
26	0.113506
26	0.160958
26	0.147113
26	0.175894
26	0.178157
26	0.17021
26	0.0027916
26	0.128387
26	0.0168411
26	0.0546209
26	0.121691
26	0.0945456
26	0.187686
26	0.159102
26	0.103665
26	0.0172472
26	0.208918
26	0.115922
26	0.0493009
26	0.187685
26	0.0949503
26	0.0437705
26	0.100144
26	0.0483607
26	0.236166
26	0.141639
26	0.00274847
26	0.146043
26	0.0217391
26	0.0169156
29	0.258593
29	0.0779337
29	0.345874
29	0.316406
29	0.176881
29	0.135826
29	0.147983
29	0
29	0.125898
29	0.0489187
29	0.0695538
29	0.177272
29	0.184803
29	0.100201
29	0.0254082
29	0.126492
29	0.0588162
29	0.0711861
29	0.0234545
29	0.0210165
29	0.223351
29	0.0153932
29	0
29	0.0291119
29	0.181407
29	0.115874
29	0
29	0.0345569
29	0.20479
29	0.220982
29	0
29	0.0536834
29	0.00380045
29	0.136969
29	0.0420639
29	0.00806452
29	0.0766603
29	0.279654
29	0.252663
29	0.218518
29	0.0860035
29	0.0133417
29	0.117845
29	0.0525798
29	0.0644285
29	0.028241
29	0.195283
29	0.0793759
29	0.130779
29	0.13307
29	0.0357275
29	0.0552027
29	0.0899752
29	0.225216
29	0.157387
29	0.2244
29	0.0127847
29	0.00716441
29	0.13308
29	0.205063
29	0.015873
29	0.290205
29	0.00181642
29	0.0428489
29	0.133795
29	0.0952583
29	0.0624284
29	0.0183347
29	0.0572544
29	0.00561847
29	0.234018
29	0.100169
29	0.147836
29	0.0948977
29	0.283737
29	0.00299113
29	0.0362694
29	0.0151283
29	0.0145794
29	0.0373093
29	0.040304
29	0.100595
29	0.17398
29	0.00958076
29	0.133452
29	0.118036
29	0.0235408
29	0.0763665
29	0.109223
29	0.0929951
29	0.0311943
29	0.223851
29	0.092762
29	0.201548
29	0.0259631
29	0.198535
29	0.117675
29	0.0930645
29	0.0799817
29	0.214273
32	0.0210978
32	0.179905
32	0.178324
32	0.0413156
32	0.0552671
32	0.0135636
32	0.0175323
32	0.168752
32	0.00342466
32	0.221089
32	0.0842215
32	0.19605
32	0.23912
32	0.0918667
32	0.173339
32	0.0233017
32	0.0314444
32	0.150203
32	0.13563
32	0.0586772
32	0.241231
32	0.0259631
32	0.0566796
32	0.0158709
32	0.118413
32	0.0284025
32	0.0261865
32	0.185487
32	0.115732
32	0.126404
32	0.200609
32	0
32	0.202238
32	0
32	0.0984642
32	0.293493
32	0.226138
32	0
32	0.319154
32	0.158232
32	0.0588576
32	0.181227
32	0.0213378
32	0.172876
32	0
32	0.117004
32	0.00672104
32	0.021873
32	0.0538712
32	0.0352113
32	0.120749
32	0.00362319
32	0.0536951
32	0.189374
32	0.041918
32	0.151542
32	0.0383075
32	0.0434447
32	0.114874
32	0.221242
32	0.361592
32	0.103729
32	0.204785
32	0.00968107
32	0.111949
32	0.0203224
32	0.167844
32	0.19092
32	0.083469
32	0.0591652
32	0.032731
32	0.158975
32	0.165039
32	0.214912
32	0.301356
32	0.0105634
32	0.251312
32	0
32	0.0517786
32	0.0763974
32	0.0801344
32	0.0578192
32	0.147244
32	0.0518203
32	0.173334
32	0.0537453
32	0.256935
32	0.0394293
32	0.0171533
32	0.0261194
32	0.146576
32	0.000899944
32	0.195962
32	0
32	0.279105
32	0.0113923
32	0.0707337
32	0.0406099
32	0.119797
32	0.00735294
35	0.025939
35	0.191212
35	0.243673
35	0.0665752
35	0.0274017
35	0.112371
35	0.183614
35	0.0294168
35	0.129131
35	0.202217
35	0.132569
35	0.0151941
35	0.101817
35	0.0721512
35	0.093829
35	0.0697343
35	0.16343
35	0.21327
35	0.140209
35	0.0716946
35	0.201406
35	0.0327614
35	0.0212996
35	0.00481564
35	0.0348724
35	0.0049329
35	0
35	0.0665605
35	0.146357
35	0.0279
35	0.0183769
35	0.225115
35	0.0559682
35	0.113428
35	0.129262
35	0.0758251
35	0.0087754
35	0.087466
35	0.137563
35	0.274594
35	0.0597824
35	0.216986
35	0.105365
35	0.165965
35	0.0107143
35	0.0455279
35	0.132351
35	0.139865
35	0.128235
35	0.178802
35	0.153159
35	0.0488451
35	0.0990759
35	0.0775356
35	0.224301
35	0.173313
35	0.0179981
35	0.0365455
35	0.0729724
35	0.0848559
35	0.300254
35	0.0194898
35	0.207499
35	0.11673
35	0.205999
35	0.0078125
35	0.265218
35	0.0230769
35	0.0471014
35	0.029809
35	0.164309
35	0.0429688
35	0.280363
35	0.252291
35	0.112513
35	0.170667
35	0.0694444
35	0.219854
35	0.124983
35	0.105135
35	0.0790252
35	0.122576
35	0.0751743
35	0.0616493
35	0.187134
35	0.270076
35	0
35	0.291565
35	0.187876
35	0.116352
35	0.175877
35	0.13165
35	0.186698
35	0.0420199
35	0.00450554
35	0.00859904
35	0.0213447
35	0.0319747
35	0.199682
35	0.116508
38	0.111829
38	0.193521
38	0.136555
38	0.0576635
38	0.295934
38	0.0624818
38	0.123763
38	0.249016
38	0.0366491
38	0.232223
38	0.0471014
38	0.150125
38	0.0512828
38	0.225283
38	0.03125
38	0.0855773
38	0.0815549
38	0.0381848
38	0.217985
38	0.0808824
38	0
38	0.153042
38	0.00362319
38	0.0957586
38	0.0464092
38	0.0704741
38	0.0271419
38	0.0706128
38	0.107408
38	0.151313
38	0.0791872
38	0.212134
38	0.240912
38	0.028352
38	0.185784
38	0.208139
38	0.135939
38	0.00842137
38	0.0547718
38	0.252908
38	0.136529
38	0.0860024
38	0.157077
38	0.203278
38	0.215128
38	0.0180697
38	0.0644881
38	0.0579007
38	0.0627382
38	0.015726
38	0.0206837
38	0.0765806
38	0.0183824
38	0.022512
38	0.0447242
38	0.146095
38	0.133877
38	0.0229128
38	0.0218276
38	0.0480817
38	0
38	0.0970938
38	0.106348
38	0.0728815
38	0.104577
38	0.0958051
38	0.0516832
38	0.0452438
38	0.0962976
38	0.105215
38	0.211945
38	0.183171
38	0.00854513
38	0.316351
38	0.00464643
38	0.296142
38	0.0656536
38	0.099419
38	0
38	0.143918
38	0.210304
38	0.215937
38	0.0298507
38	0.0734253
38	0.00949658
38	0.160548
38	0.121032
38	0.145724
38	0.0687341
38	0.0558677
38	0.0435342
38	0.201538
38	0.204007
38	0.0186567
38	0.200846
38	0.0677762
38	0.0818204
38	0.0359595
38	0.186324
38	0.0727479
41	0.0457746
41	0.0331354
41	0
41	0.209626
41	0.273206
41	0.155131
41	0.0047503
41	0.074126
41	0.0942649
41	0.100373
41	0.0898278
41	0.266004
41	0.0547151
41	0.0538772
41	0.120896
41	0.182029
41	0.0306911
41	0.0807692
41	0.175107
41	0.0781953
41	0.156383
41	0.0269825
41	0.019124
41	0.015739
41	0.0946391
41	0.0203197
41	0.383309
41	0.00426716
41	0.0195759
41	0.177109
41	0.149262
41	0.165415
41	0.0729485
41	0.0110294
41	0.262772
41	0.181648
41	0.0105634
41	0.00346452
41	0.126712
41	0.0534691
41	0.0114488
41	0.00582143
41	0.0929715
41	0
41	0.28556
41	0.124343
41	0.0171672
41	0.0797366
41	0.0365291
41	0.155303
41	0.00949655
41	0.153488
41	0.0629901
41	0.125552
41	0.0261285
41	0.104478
41	0.0277053
41	0.0603386
41	0.0114083
41	0.137082
41	0.210514
41	0.0911466
41	0.065462
41	0.0180915
41	0.0529397
41	0.0439808
41	0.239189
41	0.0987823
41	0.0081095
41	0.151105
41	0.116479
41	0.190299
41	0.0821204
41	0.113574
41	0.0407399
41	0.129321
41	0.0215979
41	0.158934
41	0.00961183
41	0.0689
41	0.222021
41	0.00772947
41	0.175758
41	0.117322
41	0.0570976
41	0.106329
41	0.238331
41	0.331628
41	0.0653681
41	0.0609397
41	0.231766
41	0.177407
41	0.231628
41	0.0159584
41	0.0110408
41	0.114939
41	0.0110294
41	0.133437
41	0.0754578
41	0.157616
44	0.231881
44	0.115169
44	0.0658036
44	0.0582553
44	0.0262469
44	0.0664263
44	0.00757576
44	0.182159
44	0.192768
44	0.158594
44	0.171949
44	0.208202
44	0.0784894
44	0.0192308
44	0.012153
44	0.176795
44	0.0865995
44	0.0400231
44	0.0358071
44	0.0578344
44	0.179159
44	0.00998169
44	0.13748
44	0.150714
44	0.165935
44	0.141891
44	0.0227374
44	0.221065
44	0.147358
44	0.251552
44	0.0109653
44	0.296316
44	0.0631109
44	0.118038
44	0.150272
44	0.108862
44	0.159582
44	0.113527
44	0.00592537
44	0.132698
44	0.0335821
44	0.0701012
44	0.195636
44	0.102462
44	0.210138
44	0.124612
44	0.0319976
44	0.0176748
44	0.258958
44	0.181203
44	0.0785304
44	0.106282
44	0.0691463
44	0.170149
44	0.26272
44	0.113705
44	0.22328
44	0.0596048
44	0.00562513
44	0.131994
44	0.14757
44	0.108261
44	0.177037
44	0.0199084
44	0.0434783
44	0.0890681
44	0.0143612
44	0.00356903
44	0.0877889
44	0.0193456
44	0.148995
44	0.135205
44	0.0382258
44	0.0261194
44	0.167363
44	0.00403226
44	0
44	0.162447
44	0.0692889
44	0.290557
44	0.232351
44	0.0607143
44	0.0863193
44	0.141423
44	0.30124
44	0.241298
44	0.213215
44	0.206864
44	0.139728
44	0.122494
44	0.179397
44	0.199215
44	0.211781
44	0.215157
44	0.00388123
44	0.0865433
44	0.12072
44	0.163713
44	0.178663
44	0.132795
47	0.177938
47	0.0576923
47	0.169063
47	0.242269
47	0.108584
47	0.218767
47	0.324742
47	0.0724215
47	0.0497436
47	0.0699291
47	0.205094
47	0.093732
47	0.0841747
47	0.0664099
47	0.0398551
47	0.0330877
47	0.0476239
47	0.118941
47	0.0246479
47	0.0833016
47	0.0606061
47	0.00687275
47	0.320212
47	0.0503273
47	0.00357143
47	0.256122
47	0.186217
47	0.107434
47	0.0316893
47	0.0669387
47	0.257213
47	0.185399
47	0.259578
47	0.176121
47	0.0340909
47	0.314443
47	0.0763469
47	0.164505
47	0.0355796
47	0.0671642
47	0.218245
47	0.206088
47	0.051222
47	0.103747
47	0.103638
47	0.0158975
47	0.132146
47	0.0299227
47	0.108253
47	0.081367
47	0.117332
47	0
47	0.0342061
47	0.0981011
47	0.132101
47	0.0370347
47	0.0809479
47	0.219793
47	0.193517
47	0.13534
47	0.0593891
47	0.265999
47	0.25475
47	0.132642
47	0.245363
47	0.207382
47	0.0257353
47	0.0191329
47	0.223136
47	0.153635
47	0.222073
47	0.0783582
47	0.0615385
47	0.134921
47	0.0684367
47	0.162381
47	0.115004
47	0.00378788
47	0.156838
47	0.233717
47	0.0163423
47	0.159031
47	0.178082
47	0.0741965
47	0.231306
47	0.0906889
47	0.0568992
47	0.0360647
47	0.12144
47	0.0151673
47	0.0458209
47	0.09191
47	0.0835809
47	0.0528005
47	0.06353
47	0.111309
47	0.0938813
47	0.112038
47	0.153245
47	0.249868
50	0.173972
50	0
50	0.00352113
50	0.0432898
50	0.119695
50	0.1587
50	0.0647925
50	0.0587879
50	0.0253712
50	0.0476191
50	0.0103739
50	0.23994
50	0.122943
50	0.160411
50	0.152925
50	0
50	0.0569862
50	0.248999
50	0.100501
50	0.168535
50	0.0355325
50	0.270441
50	0.0468315
50	0.271719
50	0.0422068
50	0.0518615
50	0.0296691
50	0.0285477
50	0.0385215
50	0.201619
50	0.201037
50	0
50	0.128176
50	0.222327
50	0.0215849
50	0.220676
50	0.103783
50	0.0507246
50	0.0337799
50	0.16556
50	0.051059
50	0.0324737
50	0.248137
50	0.0144973
50	0.0640112
50	0.0143974
50	0.250295
50	0.218552
50	0.20062
50	0.00525143
50	0.138619
50	0.158988
50	0.180634
50	0.134278
50	0.25307
50	0.0756996
50	0.0633222
50	0.0581314
50	0.0326087
50	0.0580445
50	0.0611121
50	0.203458
50	0.21522
50	0.126357
50	0.0234255
50	0.0159351
50	0.0258955
50	0.0795235
50	0
50	0.0964286
50	0.216255
50	0.0959704
50	0.148164
50	0.00357143
50	0.0314989
50	0.0460182
50	0.108139
50	0.0885102
50	0.119669
50	0.0844345
50	0.186855
50	0.113109
50	0.0764567
50	0.0609218
50	0.0453093
50	0.00735294
50	0.227968
50	0.0161743
50	0.0173267
50	0.0783184
50	0.0767438
50	0.0445054
50	0.108083
50	0.0028594
50	0.192037
50	0.0942136
50	0.173114
50	0.137301
50	0.0692308
50	0.0879768
53	0
53	0.0607143
53	0.239852
53	0.0880282
53	0.0286282
53	0.0263158
53	0.0785714
53	0.0475508
53	0.211489
53	0.16384
53	0.0848472
53	0.0258375
53	0.0483064
53	0.134852
53	0.0964286
53	0.00769231
53	0.142349
53	0.26915
53	0.098267
53	0.0304396
53	0.111788
53	0.255295
53	0.153842
53	0.28736
53	0.142782
53	0.20735
53	0.295364
53	0.130683
53	0.15943
53	0.16198
53	0.0764796
53	0.0909923
53	0.158651
53	0
53	0.0663962
53	0.0758474
53	0.0470256
53	0.0883831
53	0.0491316
53	0.0755874
53	0.0311615
53	0.187763
53	0.0204143
53	0.176592
53	0.0406354
53	0.0588235
53	0
53	0.0767717
53	0.126053
53	0.107435
53	0.0179105
53	0.0278136
53	0.124849
53	0.184471
53	0.0196702
53	0.18046
53	0.143554
53	0.118937
53	0.218263
53	0.0842277
53	0.115067
53	0.020395
53	0.154198
53	0.0127978
53	0.0292561
53	0.0534056
53	0.0928374
53	0.116917
53	0.0362319
53	0.0471831
53	0.0783297
53	0.173728
53	0.0931246
53	0.211274
53	0.0307636
53	0.073571
53	0.177572
53	0.00224673
53	0.0157247
53	0.10074
53	0.0505863
53	0.00587774
53	0.0152311
53	0.194675
53	0.0348419
53	0.13942
53	0.130935
53	0.109195
53	0.0151515
53	0.0590185
53	0.0866623
53	0.0391419
53	0.0833333
53	0.249106
53	0.340895
53	0.00117695
53	0.180341
53	0.164992
53	0.059514
53	0.210285
56	0.0476153
56	0.028512
56	0.0204918
56	0.0910311
56	0.170046
56	0.0954856
56	0.0647134
56	0.255041
56	0.0634
56	0.140195
56	0.0333522
56	0.0852734
56	0.173186
56	0.118393
56	0.091427
56	0.0385802
56	0.121672
56	0.148426
56	0.143163
56	0.140805
56	0.036966
56	0.16557
56	0.0626283
56	0.00746269
56	0.0386527
56	0.0725849
56	0.268233
56	0.0273973
56	0.10561
56	0.0238806
56	0.0220049
56	0.208034
56	0.0338456
56	0.119045
56	0.11194
56	0.0457534
56	0.0813984
56	0
56	0.0445092
56	0.0747739
56	0.0128233
56	0.187031
56	0.0144396
56	0.223583
56	0.112975
56	0.0814069
56	0.0729882
56	0.0789398
56	0.237179
56	0.124706
56	0.0556507
56	0.191065
56	0.191304
56	0.265026
56	0.151664
56	0.0363343
56	0.19095
56	0.130182
56	0.19156
56	0.263878
56	0.0564464
56	0.154074
56	0.229695
56	0.117909
56	0.153254
56	0.0923077
56	0.0350344
56	0.063089
56	0.243849
56	0.0829844
56	0.0285138
56	0.234832
56	0.0923616
56	0.0462603
56	0.127377
56	0.0964623
56	0.122404
56	0.130429
56	0.00352113
56	0.084457
56	0.270864
56	0.0430118
56	0.118669
56	0.0880282
56	0.025
56	0.197225
56	0.0713856
56	0.0376712
56	0.0481081
56	0.0346234
56	0.0838021
56	0.115031
56	0.109544
56	0.0912439
56	0.065462
56	0.274081
56	0.145603
56	0.147452
56	0.195236
56	0.0230292
59	0.113034
59	0.346194
59	0.300009
59	0.116071
59	0.103411
59	0.149024
59	0.0636635
59	0.0230769
59	0.00875046
59	0.046754
59	0.0191092
59	0.0150931
59	0.014036
59	0.0289855
59	0
59	0.173933
59	0.0416667
59	0.278654
59	0.0904216
59	0.140847
59	0.169684
59	0.231534
59	0.0422664
59	0.0848029
59	0.0514907
59	0.249299
59	0
59	0.0761707
59	0.291504
59	0.156557
59	0.31298
59	0.0449504
59	0.177613
59	0.0933338
59	0.0817133
59	0.231203
59	0.0855099
59	0.2055
59	0.170471
59	0.0459352
59	0.00128838
59	0.0665716
59	0.0298074
59	0.120214
59	0.123129
59	0.0451829
59	0
59	0.238643
59	0.092311
59	0.206269
59	0.0282129
59	0.0197027
59	0.117719
59	0.0844816
59	0.0732292
59	0.393571
59	0.0176617
59	0.0400488
59	0.00659254
59	0.03266
59	0.226813
59	0.0701361
59	0
59	0.10224
59	0.0230123
59	0.100928
59	0.145754
59	0.0374178
59	0.168703
59	0.177069
59	0.0683729
59	0.0771701
59	0.120968
59	0.0040029
59	0.242786
59	0.252342
59	0
59	0.0702906
59	0.0255253
59	0.0467099
59	0.109674
59	0.0204716
59	0.25037
59	0.0673913
59	0.0682897
59	0.0147059
59	0.0266174
59	0.186303
59	0.0445205
59	0.0714773
59	0.0834654
59	0.0878417
59	0.346625
59	0.0136763
59	0.0826009
59	0.107375
59	0.212831
59	0.0086938
59	0.10064
59	0.143659
62	0.0531136
62	0.015582
62	0.0314571
62	0.151096
62	0.174128
62	0.0936944
62	0.0721203
62	0.340936
62	0.0367647
62	0.153843
62	0.02893
62	0.0374633
62	0.274355
62	0.02095
62	0.134414
62	0.179566
62	0.00300668
62	0.18012
62	0.144767
62	0.246319
62	0.104201
62	0.0809859
62	0.287973
62	0.0161861
62	0.0830037
62	0.345684
62	0.0238211
62	0.0587433
62	0.0201064
62	0.0382378
62	0.132819
62	0
62	0.110965
62	0.204216
62	0.264763
62	0.137763
62	0.155191
62	0.144703
62	0.202777
62	0.0691377
62	0.104974
62	0.0907642
62	0.203045
62	0.132476
62	0
62	0.0875137
62	0.0485075
62	0.251511
62	0.0858556
62	0.0410107
62	0.200963
62	0.0440693
62	0.0307017
62	0.0835774
62	0.227085
62	0.038185
62	0.315854
62	0.233872
62	0.076969
62	0.0645886
62	0.061203
62	0.0367647
62	0.118271
62	0.0333411
62	0.169582
62	0.12007
62	0.237878
62	0.148243
62	0.0389102
62	0.0948532
62	0.0565228
62	0.180658
62	0.0241306
62	0.255926
62	0.0464893
62	0.0353098
62	0.346239
62	0.235172
62	0.292673
62	0
62	0.0222435
62	0.0298507
62	0.103846
62	0.126431
62	0.017877
62	0.206007
62	0.0402593
62	0.16355
62	0.0903616
62	0.15305
62	0.117887
62	0.080135
62	0.141921
62	0.0370278
62	0.0962302
62	0.083409
62	0.0563337
62	0.0179121
62	0.170604
62	0.0721166
65	0.147302
65	0.0891727
65	0.0183824
65	0.0423077
65	0.0900856
65	0.0880224
65	0.0155056
65	0.0357319
65	0.043951
65	0.051103
65	0.204032
65	0.14427
65	0.172238
65	0.0155243
65	0.0248423
65	0.025
65	0.139638
65	0.165812
65	0
65	0.0324297
65	0.130865
65	0.0643939
65	0.266527
65	0.0269772
65	0.0625627
65	0.0455808
65	0.011194
65	0.101479
65	0.0481751
65	0.0698529
65	0.0226974
65	0.0540091
65	0.152231
65	0.289438
65	0.062547
65	0.0158781
65	0.254384
65	0.10459
65	0.0164374
65	0.060204
65	0.112424
65	0.0732449
65	0.31399
65	0.0512312
65	0.219935
65	0.258085
65	0.0596727
65	0.115603
65	0.308586
65	0.0545198
65	0.0872358
65	0.200756
65	0.165344
65	0.0543096
65	0.160257
65	0.120346
65	0.0348292
65	0.0890162
65	0.052561
65	0.0442567
65	0.0167353
65	0.287817
65	0.332293
65	0.0954989
65	0.238452
65	0.114098
65	0.0434783
65	0.167791
65	0
65	0.0274826
65	0.0808834
65	0.0800666
65	0.165268
65	0.307361
65	0.193955
65	0.111853
65	0.346385
65	0.0107143
65	0.0500143
65	0.270834
65	0.144802
65	0.0791873
65	0.0131825
65	0.0737845
65	0.261774
65	0.0583094
65	0.0179178
65	0.0343133
65	0.0320229
65	0.0236019
65	0.270901
65	0.116197
65	0.110292
65	0.0653004
65	0.0607143
65	0.263173
65	0.164062
65	0.0507812
65	0.097303
65	0.0362319
68	0.380217
68	0.124263
68	0.0706995
68	0.182669
68	0.237444
68	0.209004
68	0.00345061
68	0.102215
68	0.0760429
68	0.042595
68	0.19318
68	0.328673
68	0.0193083
68	0.147889
68	0.0223881
68	0.054105
68	0.184097
68	0.235407
68	0.0771644
68	0.0373134
68	0.181602
68	0.117313
68	0.12911
68	0.0538446
68	0.151004
68	0.0846154
68	0.186427
68	0.0270065
68	0.180453
68	0.0299211
68	0.212856
68	0.0758815
68	0.135929
68	0.118944
68	0.116451
68	0.203878
68	0.163339
68	0.0235033
68	0.109021
68	0.0223741
68	0.0523357
68	0.0759045
68	0.0178571
68	0.148583
68	0.0157595
68	0.105072
68	0.0993151
68	0
68	0.0766024
68	0.00275008
68	0.215501
68	0.00686463
68	0.0272576
68	0.0381434
68	0.185299
68	0.117563
68	0.0783582
68	0.0724638
68	0.139804
68	0.0822843
68	0.0426472
68	0.270488
68	0.0336752
68	0.0232712
68	0.0607271
68	0.144795
68	0.0361528
68	0.0703125
68	0.240737
68	0.0930998
68	0.151434
68	0.0818132
68	0.0535714
68	0.0965339
68	0.0152855
68	0.0294834
68	0.0485086
68	0.144712
68	0.224777
68	0.417305
68	0.161725
68	0
68	0.128758
68	0.0245876
68	0.0502061
68	0.304847
68	0.0941855
68	0.261581
68	0.140402
68	0
68	0.273884
68	0.109473
68	0.0913171
68	0.0806584
68	0.068526
68	0
68	0
68	0.104163
68	0.00373134
68	0.0850964
71	0.106061
71	0.0398551
71	0.0732015
71	0.141651
71	0.0509696
71	0.0180938
71	0.0421237
71	0.260509
71	0.201113
71	0.147095
71	0.106061
71	0.11029
71	0.102972
71	0.00352113
71	0.192607
71	0.107143
71	0.0718065
71	0.0656355
71	0.0470703
71	0.0625
71	0.101787
71	0.029287
71	0.101123
71	0.0862805
71	0.123636
71	0.13273
71	0.0181159
71	0.194379
71	0.160021
71	0.0552555
71	0
71	0.154073
71	0.110714
71	0.150389
71	0.0701666
71	0.218615
71	0.144174
71	0.0892317
71	0.065079
71	0.0820757
71	0.0743318
71	0.43348
71	0.117424
71	0.0428571
71	0.0979306
71	0.0845588
71	0.0871212
71	0.0163934
71	0.377707
71	0.00452488
71	0.0899004
71	0.0531663
71	0.0351562
71	0.0416667
71	0.141546
71	0.225343
71	0.0514192
71	0.0536367
71	0.0834031
71	0.0421693
71	0.0246707
71	0.246652
71	0.152174
71	0.2203
71	0.0257353
71	0.0847609
71	0.0966835
71	0.201901
71	0.0501847
71	0.0452333
71	0.244891
71	0.207202
71	0.0368909
71	0.0179058
71	0.00367647
71	0.0466218
71	0.126754
71	0.135631
71	0
71	0.0802421
71	0.154497
71	0.0441176
71	0.0398539
71	0.0945603
71	0.0204384
71	0.252998
71	0.278423
71	0.0808402
71	0.0823342
71	0.0230037
71	0.121655
71	0.0104167
71	0.170946
71	0.110805
71	0.0502619
71	0.0966853
71	0.0575919
71	0.00521662
71	0.0368152
71	0.210182
74	0.127732
74	0.252546
74	0.143545
74	0.0444456
74	0.0539452
74	0.0606838
74	0.011194
74	0.0582451
74	0.0298547
74	0.015494
74	0.175252
74	0.22428
74	0.0892328
74	0.115652
74	0.0584084
74	0.00352113
74	0.0538462
74	0.0785432
74	0.0708955
74	0
74	0.00411809
74	0
74	0.0166681
74	0.0676935
74	0.0113636
74	0.0555212
74	0.073449
74	0.0315824
74	0.0906228
74	0
74	0
74	0.131146
74	0.0253623
74	0.0409981
74	0.131755
74	0.125707
74	0.0445497
74	0.0173905
74	0.0213368
74	0.209013
74	0.0709976
74	0.16182
74	0.121676
74	0.134341
74	0.134203
74	0.0240936
74	0.186293
74	0.163654
74	0.174648
74	0.0555556
74	0.0255443
74	0.0833853
74	0.130642
74	0.0320077
74	0.0550418
74	0.182985
74	0.10563
74	0.139706
74	0.198273
74	0.188146
74	0.046875
74	0.0884029
74	0.280193
74	0.190058
74	0.0354956
74	0.18126
74	0.175743
74	0.113636
74	0.0645162
74	0.0683284
74	0.013418
74	0.17642
74	0.0422535
74	0.0418397
74	0.0386088
74	0.099089
74	0.0105634
74	0.0468766
74	0.10539
74	0.0923077
74	0.0132184
74	0.171844
74	0.0968385
74	0.17203
74	0.125
74	0.203753
74	0.0696065
74	0.13443
74	0
74	0.0400323
74	0.133019
74	0.10611
74	0.198673
74	0.0570232
74	0.152147
74	0.140327
74	0.0217391
74	0.0145686
74	0.0506668
74	0.0811581
77	0
77	0.0130847
77	0.158935
77	0.0108696
77	0.151654
77	0.0161765
77	0.0230769
77	0.0559702
77	0.17535
77	0.0387324
77	0.0482424
77	0.366748
77	0.0301336
77	0.0902094
77	0.150779
77	0.176905
77	0.0579221
77	0.180112
77	0.0846891
77	0
77	0.0232915
77	0.0708955
77	0.0768717
77	0.0777277
77	0.0151237
77	0.133803
77	0.160318
77	0.126812
77	0.105721
77	0.00724638
77	0.16277
77	0.186315
77	0.269878
77	0.014048
77	0.205104
77	0.0254706
77	0.0832835
77	0.163907
77	0
77	0.166702
77	0.108415
77	0.0261372
77	0.0507222
77	0.0107143
77	0.100818
77	0.0343603
77	0.0236519
77	0.111256
77	0.0756515
77	0.225107
77	0.0963819
77	0.283283
77	0.0774379
77	0.0343491
77	0.144928
77	0.0310423
77	0
77	0.0406169
77	0.115071
77	0.131944
77	0.126923
77	0.0519891
77	0.136986
77	0.0575564
77	0.285171
77	0.134601
77	0.101225
77	0.166687
77	0.113636
77	0.0415378
77	0.124347
77	0.12409
77	0.0147923
77	0.0220588
77	0.0979125
77	0.237578
77	0.0303164
77	0.123236
77	0.24839
77	0.158023
77	0.00357143
77	0
77	0.181831
77	0.0579085
77	0.00848684
77	0.335137
77	0.132576
77	0.149437
77	0.0150742
77	0.046288
77	0.0192308
77	0.166418
77	0.0337869
77	0.169033
77	0.0206416
77	0.0640911
77	0.0928563
77	0.152987
77	0.221295
77	0.0551828
80	0.0404595
80	0.070235
80	0.0830583
80	0.141727
80	0.189393
80	0.18439
80	0.0308697
80	0.0584478
80	0.094616
80	0.166777
80	0.0585575
80	0.179066
80	0.055342
80	0.0368759
80	0.0550269
80	0.113281
80	0.00347222
80	0.189846
80	0.137543
80	0.0951564
80	0.164281
80	0.0138382
80	0.117526
80	0.203836
80	0.0410756
80	0.0590348
80	0.0741448
80	0.103976
80	0.0489174
80	0.0820896
80	0
80	0.181846
80	0.169473
80	0.00757576
80	0.194793
80	0.0719924
80	0.0810196
80	0.154255
80	0.173982
80	0.0148483
80	0.107692
80	0.0302674
80	0.17029
80	0.0746269
80	0.0235727
80	0.11347
80	0.0335821
80	0.309765
80	0.147147
80	0.0778561
80	0.212742
80	0.0823336
80	0.107162
80	0.0809859
80	0.165653
80	0.18944
80	0.0975632
80	0.131286
80	0.131049
80	0.0827422
80	0.0258533
80	0.0402121
80	0.0895522
80	0.0914289
80	0.0204132
80	0.0731075
80	0.0276343
80	0.0751501
80	0.0324731
80	0.141101
80	0.0215499
80	0.0469773
80	0.12838
80	0.170532
80	0.0742852
80	0.0178377
80	0.0559311
80	0.113086
80	0.0719064
80	0.307422
80	0.142632
80	0.0909949
80	0.0631725
80	0.0950704
80	0.180499
80	0.193234
80	0.208838
80	0.05
80	0.0351474
80	0.193411
80	0.101449
80	0.246086
80	0.238735
80	0.371971
80	0.0887118
80	0.0639288
80	0.0211974
80	0.0915493
80	0.0275352
80	0.132158
83	0.00977913
83	0.148551
83	0.0371197
83	0.0724638
83	0.0854211
83	0.0324934
83	0.109294
83	0.0348527
83	0.0585938
83	0.0535714
83	0.149233
83	0.0235739
83	0.0416772
83	0.078459
83	0.108103
83	0.16416
83	0.136947
83	0.102273
83	0.204122
83	0.153769
83	0.0345335
83	0.0950704
83	0.364809
83	0.0914527
83	0.0858209
83	0.0367647
83	0.297991
83	0.0170285
83	0.0474875
83	0.320314
83	0.0564415
83	0.0272344
83	0.195201
83	0.149306
83	0.110285
83	0.0464448
83	0.140676
83	0.0295141
83	0.0670611
83	0.14337
83	0.142178
83	0.0488324
83	0.0496144
83	0.0491071
83	0.152268
83	0.106326
83	0.0969075
83	0.0364749
83	0.0511962
83	0.00735294
83	0.123958
83	0.119073
83	0.0783582
83	0.0935282
83	0.0143781
83	0.0869565
83	0.208867
83	0.0613316
83	0.173145
83	0.28015
83	0.135434
83	0.0919118
83	0.0857149
83	0.0228191
83	0.0573957
83	0.0648899
83	0.206706
83	0.106086
83	0.0309215
83	0.0341077
83	0.057971
83	0.156896
83	0.0148421
83	0.0124913
83	0.226999
83	0.10763
83	0.0560064
83	0.131379
83	0.135714
83	0.114431
83	0.151476
83	0.137681
83	0.076229
83	0.130436
83	0.0684932
83	0.0857792
83	0.169118
83	0.0466026
83	0.113484
83	0.0113636
83	0.227232
83	0.174275
83	0.260888
83	0.211213
83	0.0414976
83	0.0732638
83	0.0226387
83	0.00805496
83	0.168334
83	0.140152
86	0.20292
86	0.110294
86	0.104132
86	0.0989112
86	0.113682
86	0.143833
86	0.049666
86	0.236108
86	0.330316
86	0.2605
86	0.0633961
86	0.0266495
86	0.133409
86	0.0489422
86	0.0618657
86	0.0620678
86	0.0317734
86	0.0586116
86	0.0876713
86	0.141927
86	0.14746
86	0.0367647
86	0.0879214
86	0.0765962
86	0.124791
86	0.148613
86	0.0558182
86	0.0927119
86	0.0367647
86	0.100746
86	0.0609472
86	0.0551558
86	0.022686
86	0.0671642
86	0.122814
86	0.0261194
86	0.0566204
86	0.179459
86	0.150804
86	0.0306965
86	0.132576
86	0.0528654
86	0.0509679
86	0.150902
86	0.0798262
86	0.093573
86	0.00724638
86	0.334734
86	0.0172004
86	0.0210724
86	0.0920922
86	0.155481
86	0.127045
86	0.17029
86	0.0654313
86	0.0788124
86	0.0108696
86	0.171429
86	0.1773
86	0.0574324
86	0.0827512
86	0.09375
86	0.030303
86	0.0538145
86	0.18787
86	0.25361
86	0.0220588
86	0.0417772
86	0.155396
86	0.00769231
86	0.136029
86	0.0615306
86	0.0708955
86	0.115672
86	0.0671865
86	0
86	0.118327
86	0.0176056
86	0.0950015
86	0.149061
86	0.029795
86	0.0624585
86	0.0771163
86	0.140166
86	0.13165
86	0.172647
86	0.00740536
86	0.0344455
86	0.0369839
86	0.192784
86	0.0696249
86	0.0704444
86	0.357639
86	0.0285714
86	0
86	0.0192215
86	0.0188854
86	0.111566
86	0.0891409
86	0.0806423
89	0.18722
89	0.0591293
89	0.0688406
89	0.189881
89	0.132283
89	0.137284
89	0.186163
89	0.00384615
89	0.0684438
89	0.0330882
89	0.167565
89	0.0261914
89	0.143659
89	0.0270156
89	0.181594
89	0
89	0.0265075
89	0.0615608
89	0.0821071
89	0.0919118
89	0.0551741
89	0.152174
89	0.0898281
89	0.0515593
89	0.0997536
89	0.0256873
89	0.0390306
89	0.0138709
89	0.0190699
89	0.138006
89	0.138361
89	0.0214286
89	0.0299629
89	0.134145
89	0.147696
89	0.109375
89	0.107517
89	0.0151274
89	0.161511
89	0.136345
89	0.0432493
89	0.0606061
89	0.0692308
89	0.141796
89	0
89	0.0487371
89	0.0541392
89	0.0663945
89	0.112559
89	0.161983
89	0.177452
89	0.11962
89	0.127999
89	0.0330599
89	0.043297
89	0.157349
89	0.207491
89	0.0319275
89	0.0845588
89	0.148979
89	0.112975
89	0.0424209
89	0.0522388
89	0.0220588
89	0.162129
89	0.179366
89	0.0410448
89	0.0405818
89	0.114564
89	0.0764629
89	0.0147059
89	0.0630926
89	0.0857983
89	0.0181159
89	0.0735294
89	0.0326087
89	0.120402
89	0.0897303
89	0.108971
89	0.175256
89	0.369507
89	0.13307
89	0.13137
89	0.114325
89	0.0178571
89	0.00463889
89	0.169596
89	0.0652174
89	0.0371622
89	0
89	0.0801702
89	0.0599494
89	0.127309
89	0.104037
89	0.242638
89	0.172348
89	0.0207951
89	0.19002
89	0.0807692
89	0.0572502
92	0.173661
92	0.0387828
92	0.11155
92	0.0779512
92	0.156204
92	0.114291
92	0.0461047
92	0.0881055
92	0.0810065
92	0.220105
92	0.0559692
92	0.220862
92	0.231109
92	0.117857
92	0.0522388
92	0.11
92	0.0812341
92	0.112713
92	0.141623
92	0.108663
92	0.108209
92	0.24929
92	0.0656478
92	0.0787703
92	0.0674772
92	0.0306145
92	0.0194981
92	0.0831178
92	0.0107837
92	0.0154266
92	0.0807322
92	0.119231
92	0.105952
92	0.0305957
92	0.128676
92	0.0946892
92	0
92	0.0701336
92	0.0717907
92	0.0144928
92	0.174043
92	0.0351562
92	0.0882353
92	0.133992
92	0.105777
92	0.015625
92	0.150735
92	0.0347222
92	0.128005
92	0.0228131
92	0.0108696
92	0.0531384
92	0.0514706
92	0.0470975
92	0.0277778
92	0.0747805
92	0.0661439
92	0.0721087
92	0
92	0.108457
92	0.123284
92	0.0387073
92	0.0895129
92	0.218815
92	0.0655946
92	0.0590244
92	0.0730769
92	0.0612248
92	0.175159
92	0.0793327
92	0.0140951
92	0.0120271
92	0.0950797
92	0.257487
92	0
92	0.182999
92	0.00562679
92	0.0955324
92	0.0355357
92	0.19678
92	0.0637708
92	0.0285714
92	0.0427922
92	0.1005
92	0.173538
92	0.00357143
92	0.184528
92	0.165161
92	0.108871
92	0.0987208
92	0.235951
92	0.0565229
92	0
92	0.123522
92	0.0147059
92	0.169874
92	0.141828
92	0.0320512
92	0.0950856
92	0.0719806
95	0.206029
95	0
95	0.0643939
95	0.0684663
95	0.211317
95	0.0355561
95	0.0521361
95	0.0786018
95	0.271706
95	0.0497982
95	0.104011
95	0.0546945
95	0.122384
95	0
95	0.0429688
95	0.0234375
95	0.0632339
95	0.0795455
95	0.05
95	0.160281
95	0.024653
95	0.0307692
95	0.0836149
95	0.124133
95	0.129931
95	0.181049
95	0.111669
95	0.165736
95	0.0454545
95	0.114674
95	0.053313
95	0.0548951
95	0.174342
95	0.0189394
95	0.120863
95	0.00373134
95	0.0602708
95	0.0183844
95	0.0636411
95	0.100208
95	0.0479058
95	0.169722
95	0.244512
95	0.0912698
95	0.0456117
95	0.105907
95	0.0236881
95	0.11194
95	0.0223366
95	0.185663
95	0.10168
95	0.0346154
95	0.0733333
95	0.154758
95	0.137852
95	0.0534529
95	0.043033
95	0.0384615
95	0.0944906
95	0.0391236
95	0.0785714
95	0.17461
95	0.123888
95	0.144068
95	0.0403036
95	0.0364412
95	0.015406
95	0.108361
95	0.0459029
95	0.154317
95	0.146429
95	0.0554835
95	0.278732
95	0.200876
95	0.0804309
95	0.427603
95	0.0724638
95	0.0477228
95	0.276285
95	0.117424
95	0.0633559
95	0.125252
95	0.0389188
95	0.106544
95	0.144969
95	0.0191249
95	0.0603665
95	0.139982
95	0.219822
95	0.184832
95	0.139154
95	0.165542
95	0.121083
95	0.14507
95	0.126812
95	0.0673499
95	0.0301527
95	0.172813
95	0.121429
95	0.150888
98	0.0538885
98	0.108209
98	0.149898
98	0.0348964
98	0.261334
98	0.112001
98	0.14493
98	0.163883
98	0.105149
98	0.0656945
98	0.0203535
98	0.0885069
98	0.0528169
98	0.102941
98	0.0713583
98	0.0859375
98	0.0298507
98	0.098974
98	0.1405
98	0.0759865
98	0.128571
98	0
98	0
98	0.103008
98	0.117424
98	0.134058
98	0.0230769
98	0.118973
98	0.0461094
98	0.343761
98	0.0700438
98	0.118375
98	0.030497
98	0.0311219
98	0.176197
98	0.150234
98	0.0211268
98	0.129861
98	0.113169
98	0.0261837
98	0.127313
98	0.0741973
98	0.12774
98	0.14527
98	0.0860594
98	0.0887814
98	0.140152
98	0.0271679
98	0.0860656
98	0.257463
98	0.123188
98	0.0706297
98	0.0645161
98	0.177829
98	0.075649
98	0.0185084
98	0.0506575
98	0.0299247
98	0.0720383
98	0.0460592
98	0.217737
98	0.0606061
98	0.0223187
98	0.0286422
98	0.0268037
98	0.0671224
98	0.111538
98	0.112558
98	0.138462
98	0.0367496
98	0
98	0.195321
98	0.100746
98	0.100564
98	0.0735542
98	0.071809
98	0.0595238
98	0.0238317
98	0.0891204
98	0.0708955
98	0.0351906
98	0.0439149
98	0.0856382
98	0.133907
98	0.00805539
98	0.136204
98	0.0704225
98	0
98	0.200123
98	0.0654057
98	0.112389
98	0.119173
98	0.0257353
98	0.178791
98	0.0286859
98	0.233856
98	0.1582
98	0.0265152
98	0.0324869
98	0.216718
101	0.0796243
101	0.0378788
101	0.13806
101	0.0166995
101	0.0391702
101	0.0978261
101	0.0882353
101	0.026943
101	0.0895703
101	0.152174
101	0.0381506
101	0.058228
101	0.0624583
101	0.0871333
101	0.122031
101	0.0665502
101	0.461201
101	0.1
101	0.105674
101	0.09375
101	0.0504193
101	0.101449
101	0.143939
101	0.18591
101	0.0619794
101	0.0370408
101	0.0541836
101	0.0887044
101	0.0415803
101	0.133242
101	0.0714286
101	0.434615
101	0.143062
101	0.141117
101	0.0983556
101	0.0307778
101	0.0482247
101	0.0299282
101	0.061545
101	0.0478894
101	0.0206655
101	0.0573032
101	0.0889485
101	0.17924
101	0.0215064
101	0.0562668
101	0.105895
101	0.13425
101	0.0542223
101	0.0346154
101	0.0360122
101	0.0218756
101	0.0606217
101	0.05
101	0.0719187
101	0.020339
101	0.115154
101	0.298734
101	0.0678571
101	0.0232118
101	0.301006
101	0.089212
101	0.284091
101	0.165176
101	0.016915
101	0.0801065
101	0.044791
101	0.0665908
101	0.0529975
101	0.0797101
101	0.127176
101	0.0787522
101	0.146766
101	0.0149254
101	0.0572944
101	0.0654609
101	0.0119048
101	0.131936
101	0.120396
101	0.00659692
101	0.0151512
101	0.207974
101	0.0551471
101	0.112676
101	0.163037
101	0.0572122
101	0.126715
101	0.0978261
101	0.0567798
101	0.0153055
101	0.125
101	0.0416667
101	0.0932836
101	0.144692
101	0.0727986
101	0.091516
101	0.163043
101	0.113218
101	0.0183824
101	0.0181159
104	0.115073
104	0.0323899
104	0.0285714
104	0.033163
104	0.0910766
104	0.0597015
104	0.281036
104	0.0872019
104	0.112319
104	0.119718
104	0.420833
104	0.011194
104	0.0484575
104	0.0105634
104	0.0725831
104	0.147059
104	0.0347981
104	0.0766985
104	0.0966785
104	0.147887
104	0.101561
104	0.0915493
104	0.136719
104	0.0137213
104	0.0576409
104	0.0371546
104	0.108483
104	0.0709816
104	0.0719211
104	0.0655384
104	0.0768138
104	0.100694
104	0.0947486
104	0.0594154
104	0.0464286
104	0.0607603
104	0.05456
104	0.0311359
104	0.11194
104	0.0965909
104	0.0328436
104	0.0728721
104	0.151408
104	0.0897058
104	0.107913
104	0.0846154
104	0.0529961
104	0.0464449
104	0.102833
104	0.0858209
104	0.025375
104	0
104	0.096881
104	0.0797101
104	0.134615
104	0.132576
104	0.0398551
104	0.0507246
104	0.203506
104	0.149911
104	0.102113
104	0.00547373
104	0.0625
104	0.0235862
104	0.0189238
104	0.0903505
104	0.0258081
104	0.151421
104	0.389839
104	0.0124073
104	0.0544586
104	0.0498027
104	0.0387324
104	0.184142
104	0.0220588
104	0.0942922
104	0.0662734
104	0.0364285
104	0.0339465
104	0.0234375
104	0.0437972
104	0.0153846
104	0.103536
104	0.0195312
104	0.00704225
104	0.0140845
104	0.0542816
104	0.112577
104	0.0895522
104	0.0756995
104	0.193548
104	0.0676068
104	0.0932836
104	0.0245075
104	0
104	0.0413188
104	0.0664059
104	0.0390362
104	0.144521
104	0.123188
107	0.0446601
107	0.0778528
107	0.178481
107	0.077718
107	0.119565
107	0.0296853
107	0.117508
107	0.197761
107	0.103662
107	0.0979497
107	0.151408
107	0.157711
107	0.101414
107	0.0669014
107	0.0300994
107	0.151751
107	0.080552
107	0.153985
107	0.178443
107	0.11924
107	0.0247022
107	0.0981305
107	0.0451322
107	0.265258
107	0.040661
107	0.134615
107	0.0784583
107	0.0702116
107	0.0846154
107	0.0256135
107	0.0190934
107	0.107059
107	0.0746269
107	0.0821429
107	0.112053
107	0.00714286
107	0.0738431
107	0.063945
107	0.0294983
107	0.119435
107	0.0281476
107	0.0386045
107	0.0734522
107	0.131173
107	0.003861
107	0.0797101
107	0.152955
107	0.167715
107	0.0265152
107	0.019072
107	0.161491
107	0.0291152
107	0.140891
107	0.0571429
107	0.0846354
107	0.057971
107	0.137364
107	0.0147059
107	0.0752818
107	0.0679333
107	0.0564005
107	0.192782
107	0.0421547
107	0.0795061
107	0.0992409
107	0.0484625
107	0.128788
107	0.179516
107	0.0289906
107	0.101449
107	0.0632072
107	0.143122
107	0.14661
107	0.128906
107	0.167168
107	0.130282
107	0.144348
107	0.0483664
107	0.275742
107	0
107	0.0531797
107	0.0903042
107	0.0404412
107	0.1529
107	0.0709905
107	0.0300988
107	0.141304
107	0.0841514
107	0.281111
107	0.0492424
107	0.0961538
107	0.084507
107	0.130597
107	0.10854
107	0.0466577
107	0.0742188
107	0.140447
107	0.0472238
107	0.126866
107	0.143036
110	0.0501512
110	0.0661765
110	0.0600458
110	0.0707042
110	0.168415
110	0.0292179
110	0.0225797
110	0.0559942
110	0.0250702
110	0.00902083
110	0.0279882
110	0
110	0.0543478
110	0.0699534
110	0.0560606
110	0
110	0.14123
110	0.056338
110	0.0157056
110	0.0300408
110	0.0587655
110	0.0588235
110	0.0602999
110	0.0432429
110	0.0514617
110	0.0984347
110	0.0186821
110	0.049977
110	0.0502129
110	0.0459082
110	0.126761
110	0.0669988
110	0.0985916
110	0.0857143
110	0.0506606
110	0.152698
110	0.0227273
110	0.0932836
110	0.425373
110	0.3125
110	0.137515
110	0.0670728
110	0.0326421
110	0.0470349
110	0.0699702
110	0.0153621
110	0.127746
110	0.0340909
110	0.0528169
110	0.0161123
110	0.0102742
110	0.0441176
110	0.147443
110	0.0568144
110	0.119421
110	0.0181159
110	0.0425017
110	0.329602
110	0.0454872
110	0.0107892
110	0.072604
110	0.0615675
110	0.112319
110	0.146189
110	0.108435
110	0.0955657
110	0.0422535
110	0.0220885
110	0.0046117
110	0.0115385
110	0
110	0.108891
110	0.164773
110	0.112675
110	0.125044
110	0.199364
110	0.0168857
110	0.244676
110	0.0735294
110	0.0519148
110	0.0315641
110	0.0151515
110	0.0351506
110	0.0330882
110	0.164065
110	0.143119
110	0
110	0.0581036
110	0.0871758
110	0.016
110	0.236301
110	0.108696
110	0.10577
110	0.0197047
110	0.37194
110	0.152985
110	0.0454545
110	0.0192308
110	0.0751502
110	0.327143
113	0.031213
113	0.026745
113	0.158891
113	0.144433
113	0.036192
113	0.210145
113	0.0204799
113	0.0174182
113	0.0402147
113	0.0779158
113	0.071625
113	0.0416667
113	0.00373134
113	0.109329
113	0.0509227
113	0.021579
113	0.0500682
113	0.0554042
113	0.0273625
113	0.0333723
113	0.0310676
113	0
113	0.172085
113	0.223485
113	0.064404
113	0.0291364
113	0.0265382
113	0.0571741
113	0.0528169
113	0.0731604
113	0.0882734
113	0.0293006
113	0.0160824
113	0.147887
113	0.0695074
113	0.0340397
113	0.0811961
113	0.0214286
113	0.103256
113	0.0861186
113	0.030303
113	0.0807671
113	0.116819
113	0.0639006
113	0.15942
113	0.0123732
113	0.0239953
113	0.022655
113	0.0417755
113	0.261194
113	0.0539612
113	0.0273973
113	0.0230769
113	0.0479177
113	0.0437617
113	0.0405415
113	0.0613961
113	0.095079
113	0.0521971
113	0.00958392
113	0.0104167
113	0.0858209
113	0.0181965
113	0.0230833
113	0.115063
113	0.0483051
113	0.0555556
113	0.076087
113	0.0833333
113	0.077226
113	0.147237
113	0.0871212
113	0.0153846
113	0.102836
113	0.0334944
113	0.13419
113	0.147059
113	0.0551719
113	0.0849619
113	0.0255427
113	0.0160073
113	0.0412175
113	0.0528333
113	0.0995887
113	0.0282046
113	0.132812
113	0.0246908
113	0.106405
113	0.0663601
113	0.0637783
113	0.0871052
113	0.00416448
113	0.0107143
113	0.0488798
113	0.00414357
113	0.125
113	0.0761106
113	0.019623
113	0.0410934
113	0.0333757
116	0.0424164
116	0.011194
116	0.056283
116	0.0104167
116	0.0524884
116	0.0880155
116	0.00502754
116	0.0660073
116	0.072794
116	0.0396825
116	0.0297095
116	0.0639404
116	0.116418
116	0.0801036
116	0.0865978
116	0.0785794
116	0.0350411
116	0.0585465
116	0.0331188
116	0.188462
116	0.0110294
116	0.0771465
116	0.033881
116	0.0447761
116	0.0387872
116	0.115942
116	0.184068
116	0.0378788
116	0.0478719
116	0.0383558
116	0.0636868
116	0.123135
116	0.0310797
116	0.0350119
116	0.0908472
116	0.034261
116	0.0723175
116	0.078509
116	0.0236087
116	0.0744732
116	0.0770237
116	0.100694
116	0.0386896
116	0.125039
116	0.0447721
116	0.116329
116	0.0153846
116	0.121094
116	0.0422535
116	0.0286522
116	0.0807385
116	0.00390625
116	0.124693
116	0.0194328
116	0.0411606
116	0.0861319
116	0.0831234
116	0.0706242
116	0.0398551
116	0.053733
116	0.0392548
116	0.267126
116	0.0229125
116	0.0930872
116	0.0327706
116	0.0136761
116	0.0441176
116	0.0457851
116	0.0737666
116	0.0466683
116	0.0372234
116	0.0238291
116	0.0773073
116	0.0169014
116	0.0223881
116	0.0625
116	0.118501
116	0.105125
116	0.0806452
116	0.0443395
116	0.0176056
116	0.0714656
116	0.0657631
116	0.119718
116	0.0145064
116	0.0691953
116	0.431926
116	0.0784643
116	0.0417495
116	0.0519281
116	0.137681
116	0.116415
116	0.0905797
116	0.0289597
116	0.0482424
116	0.0338445
116	0.100746
116	0.0169184
116	0.0298607
116	0.0122951
119	0.0158633
119	0.190821
119	0.0488441
119	0.121324
119	0.0149836
119	0.0400654
119	0.0509691
119	0.0964286
119	0.065896
119	0.0490263
119	0.0303634
119	0.0345585
119	0.107692
119	0.0273438
119	0.0746269
119	0.023728
119	0.0315827
119	0.0316901
119	0.02524
119	0.0126479
119	0.0453158
119	0.0176056
119	0.0106661
119	0.25
119	0.0392857
119	0.0457711
119	0.113636
119	0.0951805
119	0.0142501
119	0.015625
119	0.116549
119	0.0289855
119	0.0541295
119	0.0412473
119	0.0436508
119	0.0441298
119	0.109848
119	0
119	0.0198743
119	0.0189055
119	0.0451666
119	0.0434489
119	0.181159
119	0.0938862
119	0.00799821
119	0.23913
119	0.0117913
119	0.0583259
119	0.0746269
119	0.0838483
119	0.0142857
119	0.0440383
119	0.0429868
119	0.0150926
119	0.0419034
119	0.072559
119	0.138432
119	0
119	0.0260975
119	0.0676245
119	0.0227273
119	0.100746
119	0.0248381
119	0.0859919
119	0.0772569
119	0.045214
119	0.0430758
119	0.0858209
119	0.102941
119	0.131951
119	0.0688406
119	0.0189394
119	0.0445989
119	0.0119135
119	0.0715126
119	0.00357143
119	0.0413204
119	0.0730769
119	0.0183714
119	0.0158891
119	0.0745783
119	0.0566429
119	0.0473604
119	0.125
119	0.0453597
119	0.0255838
119	0.0483148
119	0.10164
119	0.0220588
119	0.069363
119	0.138053
119	0.0588488
119	0.0186567
119	0.0809062
119	0.0524411
119	0.0581359
119	0.101449
119	0.0791509
119	0.0346154
119	0.00570206
122	0.0163961
122	0.282779
122	0.0269656
122	0.0321429
122	0.048591
122	0.0553499
122	0.0293961
122	0.0443524
122	0.0939258
122	0.0455312
122	0.0241795
122	0.0886812
122	0.0217391
122	0.0304054
122	0.127535
122	0.0464286
122	0.0291766
122	0.0110294
122	0.0441176
122	0.05
122	0
122	0.0617104
122	0.0300926
122	0.0269005
122	0.0601481
122	0.108247
122	0.100746
122	0.0291921
122	0.0157322
122	0.0184463
122	0.143052
122	0.103846
122	0.0424973
122	0.0528867
122	0.0168663
122	0.113206
122	0.0805071
122	0.152174
122	0.0436928
122	0.0253623
122	0.10274
122	0.101449
122	0.0943004
122	0.0193716
122	0.0438325
122	0.0885034
122	0.0416667
122	0.115442
122	0.0387575
122	0.0274731
122	0.0326289
122	0.0691266
122	0.032071
122	0.0708064
122	0.0490954
122	0.0664062
122	0.0456302
122	0.0199635
122	0.0637731
122	0.0223274
122	0.129965
122	0.0394116
122	0.0485075
122	0.162879
122	0.0281248
122	0
122	0.057876
122	0
122	0.0206288
122	0.0163719
122	0.0335821
122	0.307971
122	0
122	0.0540541
122	0.0577424
122	0.0267656
122	0
122	0.0273744
122	0.0845588
122	0.0539383
122	0.0316303
122	0.0670471
122	0
122	0.116099
122	0.0564311
122	0.0321229
122	0.17029
122	0.0504594
122	0.0412858
122	0.0657312
122	0.0972044
122	0.0378934
122	0.0570005
122	0.0589747
122	0.128317
122	0.0421368
122	0.0227607
122	0.135714
122	0.0273674
122	0.0362103
125	0.122408
125	0.0351562
125	0.094782
125	0.0549206
125	0.0390625
125	0.0375196
125	0.106061
125	0.0752277
125	0.0988022
125	0.0106621
125	0.0289855
125	0.0603395
125	0
125	0.0107143
125	0.0157906
125	0.0493261
125	0
125	0.0823347
125	0.11934
125	0.0845588
125	0.0938786
125	0.0597281
125	0.00378788
125	0.0402064
125	0.0145748
125	0.0286722
125	0.0385193
125	0.0493181
125	0.0424585
125	0.0740112
125	0.171642
125	0.110294
125	0.1166
125	0.0370992
125	0.0342575
125	0.062052
125	0.0990593
125	0.0384615
125	0.0447107
125	0.0368186
125	0
125	0.0167486
125	0.00373134
125	0.0332675
125	0.0323152
125	0.0490923
125	0.0753968
125	0
125	0
125	0.0458177
125	0.106878
125	0.0188614
125	0.0709751
125	0.0416787
125	0.037881
125	0
125	0.0382856
125	0.0538821
125	0.101919
125	0.0546875
125	0.0357065
125	0.0152733
125	0.0307692
125	0.0275255
125	0.0578554
125	0.0846178
125	0.0345741
125	0.0350159
125	0.126866
125	0.196528
125	0.0367647
125	0.047619
125	0
125	0.0822709
125	0.0187695
125	0.132353
125	0.0652721
125	0.019322
125	0.0133061
125	0.0412199
125	0.0770407
125	0.137377
125	0.0795783
125	0.0582521
125	0.051541
125	0.0549333
125	0.0510462
125	0.0549616
125	0.0263441
125	0.035547
125	0.0738451
125	0.112676
125	0.0570973
125	0.0181159
125	0.0234375
125	0.0955882
125	0.0565278
125	0.0298482
125	0.028198
125	0.0957346
128	0.034026
128	0.0113636
128	0.0147413
128	0.0355278
128	0.0316901
128	0.0854351
128	0.0404412
128	0.0674742
128	0.0381944
128	0.021734
128	0.0433647
128	0.0185456
128	0.0178571
128	0.0559328
128	0.0198845
128	0.0150724
128	0.0744909
128	0.0211725
128	0.0761055
128	0.00462147
128	0.00587727
128	0.0438934
128	0.050588
128	0.0464286
128	0.0612589
128	0.0491537
128	0.140964
128	0.0147059
128	0.142308
128	0.0976777
128	0.0589801
128	0.302419
128	0.109848
128	0.0480828
128	0.0779902
128	0.278571
128	0.0480433
128	0.0820896
128	0.0623792
128	0.0590278
128	0.32385
128	0.0830224
128	0.141304
128	0.0181087
128	0.0412194
128	0.0858696
128	0.0144928
128	0.0341561
128	0.0168286
128	0.0113636
128	0.0437874
128	0.0504857
128	0.0539452
128	0.0870438
128	0.0330882
128	0.030187
128	0.0110294
128	0.0220285
128	0.0770267
128	0.0563406
128	0
128	0.030303
128	0.0525942
128	0.03125
128	0.04146
128	0.0428571
128	0.0313418
128	0.0744416
128	0.0533808
128	0.0898438
128	0.0385316
128	0.0360284
128	0.0242383
128	0.0667164
128	0.0377798
128	0.0162132
128	0.0813077
128	0.0158219
128	0.100387
128	0.0755612
128	0.0458246
128	0.0275159
128	0.046574
128	0.00519005
128	0.057841
128	0.0358591
128	0.0837202
128	0.0835751
128	0.0261194
128	0.031221
128	0.099624
128	0.109253
128	0.11194
128	0.077994
128	0.0722595
128	0.0599667
128	0.0358651
128	0.0294118
128	0.0498823
128	0.0399384
131	0.0773708
131	0.0772059
131	0.0708955
131	0.144928
131	0.0262633
131	0.0510727
131	0.0529764
131	0.146044
131	0.0424939
131	0.0710385
131	0.0606061
131	0.0800342
131	0.0247202
131	0.0728878
131	0.0516342
131	0.0668611
131	0.0730769
131	0.119681
131	0.0364765
131	0.0304054
131	0.0340007
131	0.00480403
131	0.0992647
131	0.0307569
131	0.0742926
131	0.157055
131	0.0724903
131	0.0241935
131	0.0402458
131	0.0330882
131	0.0379895
131	0.158702
131	0.0177918
131	0.0321124
131	0
131	0.0360433
131	0.0311432
131	0.0295575
131	0.0153846
131	0.0883266
131	0.0657028
131	0.0402065
131	0.151143
131	0.0413978
131	0.00385326
131	0.0265745
131	0
131	0.015873
131	0.080059
131	0.0357101
131	0.053537
131	0.0446835
131	0.0456504
131	0.0793143
131	0.0670447
131	0.0483594
131	0.0417204
131	0.0839781
131	0.0808142
131	0.0168735
131	0.011194
131	0.0456601
131	0.0288753
131	0.0453743
131	0.0419868
131	0.0602164
131	0.0285853
131	0.0673821
131	0.117424
131	0.0444079
131	0.0147988
131	0.0918383
131	0.0615385
131	0.0251988
131	0.0672186
131	0.0437769
131	0.0863586
131	0.117424
131	0.0454643
131	0.0158741
131	0.119404
131	0.0751566
131	0.0538138
131	0.0409743
131	0.265152
131	0.0307692
131	0.00694444
131	0.0560355
131	0.0673508
131	0.0433928
131	0.0158402
131	0.0595667
131	0.14216
131	0.090025
131	0.0229316
131	0.0731969
131	0.11211
131	0.0984849
131	0.0835943
131	0.0265152
134	0.00818562
134	0.105903
134	0.110714
134	0.112279
134	0.048527
134	0.0338957
134	0.0397678
134	0.00770266
134	0.0429749
134	0.140174
134	0.0551471
134	0.0496614
134	0.0779696
134	0.0110294
134	0.0229613
134	0.229839
134	0.0920343
134	0.0479589
134	0.0395186
134	0.0334292
134	0.0264951
134	0.0340909
134	0.0387814
134	0.044612
134	0.0569757
134	0.0494108
134	0.0108696
134	0.0361874
134	0
134	0.033878
134	0.011194
134	0.00766961
134	0.0758695
134	0.0588272
134	0
134	0.0192308
134	0.0331018
134	0.0626121
134	0.0295586
134	0.06102
134	0.0395051
134	0
134	0.0105634
134	0.138563
134	0.0998612
134	0.00868431
134	0.0620455
134	0.0222463
134	0.0536986
134	0.0456094
134	0.0209515
134	0.0449713
134	0.0808824
134	0.0993474
134	0.0746269
134	0.0372004
134	0.0913558
134	0.0305252
134	0.0773423
134	0.0158317
134	0.0285714
134	0.091783
134	0.0194052
134	0.0220588
134	0.0892857
134	0.0696937
134	0.0210332
134	0.077465
134	0.0156088
134	0.0153846
134	0.25
134	0.0823204
134	0.00873802
134	0.0385583
134	0.0107143
134	0.0552967
134	0.0283412
134	0.0984849
134	0.0367647
134	0.0334418
134	0.0536849
134	0.0185599
134	0.0894345
134	0.0163934
134	0.0360124
134	0.0274266
134	0.0708603
134	0
134	0.0225588
134	0.0196433
134	0.0363849
134	0.0756595
134	0.0299242
134	0.0571857
134	0.0367647
134	0.0173685
134	0.078937
134	0.0438151
134	0.0499059
134	0.00373134
137	0.0775311
137	0.0440425
137	0.073089
137	0.0922369
137	0.0382462
137	0.094465
137	0.0149196
137	0.0708746
137	0.0352353
137	0.0396825
137	0.0189394
137	0.0283245
137	0.038132
137	0.0340886
137	0.0767464
137	0.0416667
137	0.0110294
137	0.128603
137	0.10283
137	0
137	0.121429
137	0.0617007
137	0.0515607
137	0.0509054
137	0.0108696
137	0.0272752
137	0.271739
137	0.0527382
137	0.00378788
137	0.0392854
137	0.156716
137	0
137	0
137	0.0196141
137	0.0912661
137	0.0482537
137	0.0507895
137	0.0164099
137	0.0210087
137	0.0932971
137	0.0929287
137	0.015873
137	0.00362319
137	0.0320603
137	0.0192475
137	0.0869565
137	0.0113636
137	0.0233353
137	0.0302803
137	0.0362655
137	0.0805603
137	0.0261135
137	0.036347
137	0.0440253
137	0.0244513
137	0.0227273
137	0.056338
137	0.0303161
137	0.0528549
137	0.0294118
137	0.0826723
137	0.208402
137	0.0520934
137	0.0147059
137	0.0751748
137	0.0332566
137	0.0268884
137	0
137	0.0590278
137	0.0769089
137	0.0178571
137	0.0182806
137	0.0107143
137	0.0179714
137	0.0435826
137	0.123686
137	0.0204246
137	0.059027
137	0.0161692
137	0.053952
137	0.0568182
137	0.058796
137	0.105274
137	0.0566884
137	0.0636555
137	0.0298507
137	0.150797
137	0.0351562
137	0.0954443
137	0.0563458
137	0.0205234
137	0.0809859
137	0.0536855
137	0.0219914
137	0.0616297
137	0.0452675
137	0.0326087
137	0.043774
137	0.011194
137	0.0895522
140	0.0441069
140	0.0546627
140	0.0463808
140	0.0801035
140	0
140	0.0325024
140	0.158411
140	0.0333325
140	0.0329839
140	0.0344046
140	0.0932836
140	0.0752401
140	0.0739847
140	0.0074164
140	0.0501668
140	0.0115385
140	0.0421591
140	0.0168545
140	0.0665802
140	0.0828866
140	0.063013
140	0.0250211
140	0.0528995
140	0.0576943
140	0.0326087
140	0.0262805
140	0.0882353
140	0.0342026
140	0.075068
140	0.0423383
140	0.0820312
140	0.0417187
140	0.0313921
140	0.0964286
140	0.0265152
140	0.0612805
140	0.0431988
140	0.123996
140	0.00882955
140	0.0894404
140	0.0774743
140	0.0332078
140	0.0540027
140	0.0607143
140	0.011194
140	0.268739
140	0.0542331
140	0.0776155
140	0.0549363
140	0.0267479
140	0.0448114
140	0.0232465
140	0.00769231
140	0.070196
140	0.0230769
140	0.108855
140	0.016129
140	0.0765851
140	0.0588235
140	0.0625745
140	0.0350134
140	0.0803023
140	0.00392081
140	0.0107143
140	0
140	0.0322581
140	0.110227
140	0.0493481
140	0.0346824
140	0.047507
140	0
140	0.076383
140	0.0313438
140	0.119958
140	0.09375
140	0.067832
140	0.0576923
140	0.0604635
140	0.023011
140	0.0407369
140	0.0831236
140	0.0345095
140	0.090102
140	0.0705962
140	0.0148451
140	0.108003
140	0.0346691
140	0
140	0.0654273
140	0.0147391
140	0.0659722
140	0.0610675
140	0.0764663
140	0.0956177
140	0
140	0.0919118
140	0.00373134
140	0.0521732
140	0.0550645
140	0.0327198
143	0.0855349
143	0.00357143
143	0.00384615
143	0.0339637
143	0.0148695
143	0.0403686
143	0
143	0.0849616
143	0.0189297
143	0.0947711
143	0.0436182
143	0.0139641
143	0.0253113
143	0.0360365
143	0.0807692
143	0.0667221
143	0.118243
143	0.089518
143	0.0961976
143	0.0184707
143	0.098483
143	0.0303921
143	0.0416667
143	0.0492958
143	0.063615
143	0.08435
143	0.0516568
143	0.0144928
143	0.0593452
143	0.0113636
143	0.116239
143	0.0346154
143	0.0316901
143	0.0837064
143	0.0335309
143	0.0466361
143	0.0367857
143	0.00746269
143	0.0815224
143	0.0970149
143	0.0119048
143	0
143	0.0663998
143	0.0150538
143	0.103846
143	0.0705441
143	0
143	0.128571
143	0.35149
143	0
143	0.0522169
143	0.0153846
143	0.105082
143	0.0289855
143	0.0693928
143	0.0507246
143	0.036586
143	0.0257079
143	0.0462039
143	0.0147085
143	0.0534026
143	0.0115385
143	0.0258712
143	0.0679303
143	0.00929007
143	0.0434921
143	0.0264229
143	0.106061
143	0.00352113
143	0.0187002
143	0.114583
143	0.0509925
143	0.049135
143	0.0181159
143	0.0388162
143	0.0115385
143	0.0937692
143	0.0607288
143	0.056338
143	0.0219011
143	0.0153846
143	0.0056992
143	0.0365989
143	0.0410219
143	0.03168
143	0.0505455
143	0.0401885
143	0
143	0.0149254
143	0.076087
143	0.0328776
143	0
143	0.00384615
143	0.0483609
143	0.0891594
143	0.0483815
143	0.0490871
143	0.0850187
143	0.0208557
143	0.0119048
146	0.0485075
146	0.0739437
146	0.0249541
146	0.00416404
146	0.0140845
146	0
146	0.136694
146	0.0406916
146	0.0234375
146	0.0329439
146	0.101562
146	0.0666518
146	0.0317794
146	0.0289855
146	0.0430887
146	0.0772815
146	0.0146617
146	0.0358127
146	0.0650281
146	0.0927017
146	0.0269418
146	0.0830835
146	0.0808824
146	0.0657288
146	0.079872
146	0.0739117
146	0.0484766
146	0.0153846
146	0.0708955
146	0.0080508
146	0.0631812
146	0.0192308
146	0.0153846
146	0.0149002
146	0.0467147
146	0.0422287
146	0.06414
146	0.013888
146	0.0605228
146	0.0216227
146	0.0450491
146	0.0487747
146	0.0334635
146	0.0241169
146	0.0613517
146	0.264925
146	0.0105634
146	0.0354548
146	0.0298507
146	0.112676
146	0
146	0.00716798
146	0.026781
146	0.0616234
146	0.0544279
146	0.0741647
146	0.0321622
146	0.0279303
146	0.00403226
146	0.0352678
146	0.0861475
146	0
146	0.0746269
146	0.040309
146	0.0154808
146	0.0211268
146	0.087838
146	0.0882353
146	0.0454521
146	0.0677304
146	0.0665018
146	0.0959951
146	0.0164287
146	0.0241935
146	0.0359971
146	0.0747889
146	0.0403226
146	0.0518832
146	0.0324928
146	0.101449
146	0.123404
146	0.0179743
146	0.0967463
146	0.25
146	0
146	0.10226
146	0
146	0.0115385
146	0.00447886
146	0.105171
146	0.047909
146	0.0340909
146	0.049405
146	0.056038
146	0.0639387
146	0.0887097
146	0.0615987
146	0.0297997
146	0.0921476
146	0.0117188
149	0.038237
149	0.052234
149	0.00476954
149	0.0692308
149	0.0526788
149	0.0253711
149	0.0246353
149	0.0863983
149	0.0618361
149	0.0114796
149	0.0151515
149	0.0220588
149	0.0344945
149	0.0673792
149	0.0189394
149	0.0581486
149	0.0599814
149	0.0290946
149	0.0618093
149	0.0430999
149	0.0221266
149	0.110686
149	0.0184208
149	0.0298507
149	0.0549579
149	0.0330514
149	0.0289528
149	0.0984995
149	0
149	0.00455598
149	0.0386722
149	0.0619515
149	0.0118026
149	0.0569899
149	0.0772673
149	0.0506641
149	0.0928571
149	0.0660142
149	0.0970382
149	0.0480842
149	0.00917065
149	0.0628387
149	0.0383392
149	0.0688406
149	0.0336126
149	0.0576923
149	0.0422055
149	0.0675764
149	0.0205746
149	0.0328387
149	0.0421316
149	0.030783
149	0.0661765
149	0.00390625
149	0.07484
149	0.120062
149	0.0565936
149	0.0304733
149	0.0708781
149	0.0367627
149	0.0561795
149	0.262498
149	0.0203438
149	0.0379501
149	0.0451275
149	0.00746269
149	0.0792552
149	0.0474147
149	0.0440888
149	0.104247
149	0.0719697
149	0.124487
149	0.0208369
149	0
149	0.0836902
149	0.0424895
149	0.152174
149	0.0710052
149	0.084541
149	0.0119048
149	0.101195
149	0.0135778
149	0.0500087
149	0.0904645
149	0.0661765
149	0.0180547
149	0.011194
149	0.0236171
149	0.0969179
149	0.0700874
149	0.0147059
149	0.0458592
149	0.050699
149	0.0185252
149	0.0724638
149	0.0532408
149	0.284615
149	0.0369457
149	0.05
149	0.0704859
152	0.037163
152	0.00816821
152	0.111731
152	0.0983516
152	0.0568182
152	0.0422427
152	0.0107143
152	0.0699792
152	0.0217391
152	0.0249079
152	0.00421988
152	0.0783582
152	0.030303
152	0.0694173
152	0.0347675
152	0.00497783
152	0.124002
152	0.0421671
152	0.0139699
152	0.0502936
152	0.0217391
152	0.00966224
152	0.0333161
152	0.0419076
152	0.0259292
152	0.0692546
152	0.00775052
152	0.0256886
152	0.0286997
152	0.0126763
152	0.0330516
152	0.0285359
152	0.0390625
152	0.0159143
152	0.0186567
152	0.0660669
152	0.0418507
152	0.0480702
152	0.02223
152	0.0320264
152	0.0135879
152	0.0290125
152	0.0682209
152	0.0192308
152	0.114865
152	0.0485047
152	0.106256
152	0.102517
152	0.0938938
152	0.0690436
152	0.0126918
152	0.0113636
152	0
152	0.111908
152	0.00390625
152	0.0125
152	0.0750431
152	0.0452102
152	0.0606061
152	0.00748302
152	0.0533991
152	0.0364326
152	0.0578934
152	0.0352113
152	0.0599196
152	0.0859737
152	0.0692308
152	0.0538527
152	0.00769231
152	0.0120237
152	0.016969
152	0.0541044
152	0.0153307
152	0.0394162
152	0.00731766
152	0.0255227
152	0.0484683
152	0.0668299
152	0.0273438
152	0.0538602
152	0.0147059
152	0.00404544
152	0.0629577
152	0.0453211
152	0.075
152	0.0147315
152	0.0380536
152	0.0317436
152	0.0187544
152	0.0160301
152	0.0258336
152	0.011194
152	0.0494081
152	0.0107143
152	0.0170687
152	0.0410306
152	0.0307692
152	0.0632041
152	0.0160568
152	0.026624
155	0.0478096
155	0.0597015
155	0.0233254
155	0.0498361
155	0.0571429
155	0.0546057
155	0.0267411
155	0.00585012
155	0.0319614
155	0.0814677
155	0.0095407
155	0.0746269
155	0.0886532
155	0.0376311
155	0.0416667
155	0.0308219
155	0.0609556
155	0.0287883
155	0.0641151
155	0.0796854
155	0.0522555
155	0.041751
155	0.0259871
155	0.0251477
155	0.0634328
155	0.0904631
155	0.0148318
155	0.0395052
155	0.0961461
155	0.0231818
155	0.0078125
155	0.0964286
155	0.0223881
155	0.00460839
155	0.0279879
155	0.049271
155	0.0181353
155	0
155	0.0119048
155	0.0433506
155	0.0489528
155	0.0078125
155	0.00930639
155	0.0296474
155	0.0585875
155	0.166667
155	0.06
155	0.0867371
155	0.048693
155	0.0108696
155	0.0526544
155	0.0257106
155	0.0326087
155	0.0443515
155	0.0652734
155	0.0130103
155	0.0501642
155	0.0115385
155	0.00724638
155	0.0578132
155	0.0913303
155	0.0158384
155	0.0484743
155	0.0634194
155	0.164062
155	0.100101
155	0.0186739
155	0.0307883
155	0.0289127
155	0.054562
155	0.0680672
155	0.00757576
155	0.060045
155	0.0340909
155	0.0127959
155	0.0902778
155	0.00429227
155	0.0461538
155	0.0303935
155	0.0590166
155	0.0260181
155	0.047318
155	0.0716284
155	0.0148649
155	0.0108696
155	0.0387324
155	0.00714286
155	0.0755582
155	0.0227273
155	0.0211268
155	0.0586169
155	0.144578
155	0.042505
155	0.0779875
155	0
155	0.0497649
155	0.0982258
155	0.0390589
155	0.0286228
155	0.0227273
158	0.0425046
158	0.0275095
158	0.0238515
158	0.0324589
158	0.00810317
158	0.0272999
158	0.0297029
158	0.0179416
158	0.0205261
158	0.0182463
158	0.0318032
158	0.0215563
158	0.0615942
158	0.00704225
158	0.0395917
158	0.0257353
158	0.0542716
158	0.0492424
158	0.0273973
158	0.0767605
158	0
158	0.0294118
158	0.0320035
158	0.0145301
158	0.0713706
158	0.0298507
158	0.0916937
158	0.0421615
158	0.107143
158	0.0964286
158	0.0471014
158	0.00724638
158	0.0113636
158	0.0857804
158	0.043686
158	0.0279227
158	0.0572131
158	0.0554059
158	0.0780514
158	0.130597
158	0.0214286
158	0.0182323
158	0.033581
158	0.0181159
158	0.00357143
158	0.0181159
158	0.0830139
158	0.0597015
158	0.0635706
158	0.071839
158	0.0681818
158	0.00847676
158	0.0736247
158	0.0367046
158	0.0234
158	0.0383633
158	0.0151793
158	0.0710704
158	0.0289855
158	0.0316901
158	0.0706238
158	0.0363825
158	0.00373134
158	0.0421852
158	0.0476849
158	0.038894
158	0.0869565
158	0.0510083
158	0.0395324
158	0.0297146
158	0.0107143
158	0.0167918
158	0.0195804
158	0.0289807
158	0.0866248
158	0.0167315
158	0.0275297
158	0.0520344
158	0.032529
158	0.0116666
158	0.0409932
158	0.0110294
158	0.0746325
158	0.0705195
158	0.0385154
158	0.0239222
158	0.0391996
158	0.0376547
158	0.0616246
158	0.00656293
158	0.0105634
158	0.056338
158	0.027894
158	0.0714286
158	0.00756183
158	0.0375524
158	0.0302399
158	0.03973
158	0.05705
158	0.0316896
161	0.0780671
161	0.0529278
161	0.111148
161	0.0623632
161	0.0819457
161	0.0959319
161	0.112077
161	0.0569758
161	0.0343586
161	0.0142857
161	0.0737368
161	0.0183824
161	0.0581383
161	0.0522222
161	0.0428571
161	0.0549169
161	0.0351832
161	0.0398551
161	0.0817122
161	0.0188856
161	0.0223881
161	0.228261
161	0.110117
161	0.0568182
161	0.0181597
161	0.0269068
161	0.0139674
161	0.0261194
161	0.0543478
161	0.0269137
161	0.0720758
161	0.0635059
161	0
161	0.0289855
161	0.0802762
161	0.0653755
161	0.0845372
161	0.0705076
161	0.0627879
161	0.0352207
161	0.0697969
161	0.0428571
161	0.0316501
161	0.042731
161	0.0272206
161	0.0288484
161	0.03125
161	0.00684932
161	0.0317679
161	0.0681113
161	0.0110294
161	0.0434783
161	0.0950342
161	0.0158046
161	0.0151515
161	0.0548657
161	0.0498319
161	0.0413938
161	0.0107143
161	0.0440006
161	0.00396825
161	0.0038509
161	0.0249397
161	0.0359753
161	0.0298507
161	0.0524328
161	0.00565262
161	0
161	0.0296268
161	0.0918938
161	0.0393056
161	0.066302
161	0.0255783
161	0.0744828
161	0.0257353
161	0.0185329
161	0.0258753
161	0.0147059
161	0.0357143
161	0.011704
161	0.0217512
161	0.0453123
161	0.0471596
161	0.0237285
161	0.0524577
161	0.0706828
161	0.0461538
161	0.0820779
161	0.057971
161	0.0778513
161	0.0493695
161	0.00373134
161	0.0330885
161	0.00388897
161	0.0568709
161	0.03125
161	0.019451
161	0.0785384
161	0.0342632
161	0.0288058
164	0.0289478
164	0.010274
164	0.011194
164	0.0427302
164	0.0900819
164	0.0460416
164	0.0362052
164	0.0117998
164	0.0764212
164	0.0314254
164	0.0117188
164	0.0477439
164	0.056338
164	0.00797959
164	0.0267228
164	0.00879187
164	0.0352353
164	0.0147181
164	0.039117
164	0.0171233
164	0.0107143
164	0.107585
164	0.0807414
164	0.0594708
164	0
164	0.0730462
164	0.0401428
164	0.00342466
164	0.0110294
164	0.0786613
164	0.02
164	0.0785812
164	0.0392203
164	0.0351562
164	0.0837966
164	0.0554977
164	0.0481114
164	0.0441176
164	0.0688406
164	0.0460503
164	0.0594608
164	0.0139076
164	0.0261164
164	0.0615942
164	0.0599192
164	0.0105634
164	0.0242381
164	0.0442934
164	0.0571429
164	0.0305518
164	0.0454545
164	0.0537232
164	0.0269231
164	0.0222993
164	0
164	0.0202944
164	0
164	0.114052
164	0.0408982
164	0.0200173
164	0.145848
164	0.0423388
164	0.0746269
164	0.016121
164	0.0227025
164	0.0810011
164	0.0233398
164	0.0445291
164	0.0515997
164	0.0902823
164	0.0602808
164	0.0164329
164	0.0538125
164	0.051675
164	0
164	0.0314685
164	0.0182519
164	0.00769231
164	0.0422376
164	0.0688946
164	0.0471964
164	0.0117188
164	0.0661765
164	0.0329409
164	0.00357143
164	0.00534237
164	0.0765077
164	0.011194
164	0.231061
164	0.0664426
164	0.030303
164	0.0248519
164	0.0503244
164	0.0518778
164	0.0161428
164	0.017998
164	0.0507812
164	0.0203537
164	0.0271497
164	0.0218533
167	0.0314059
167	0.0128326
167	0.0423077
167	0.0362837
167	0.0567033
167	0.0375
167	0.0553356
167	0.0326087
167	0.0169719
167	0.0421409
167	0.0431784
167	0.022365
167	0.0198788
167	0.0283947
167	0.0614762
167	0.0211268
167	0.0708333
167	0.0173611
167	0.0227273
167	0.0884244
167	0.0348279
167	0.0581047
167	0.0217391
167	0.00394203
167	0.0547945
167	0.00704225
167	0.0360502
167	0.0483203
167	0.0292355
167	0.0194981
167	0.0296419
167	0.0197101
167	0.0232319
167	0.0437016
167	0.0367647
167	0.0529208
167	0.0182331
167	0.0217391
167	0.0558962
167	0.0434783
167	0.0268698
167	0.0264695
167	0.035323
167	0.0190859
167	0.0999947
167	0.0612774
167	0.0107143
167	0.0465201
167	0.0156203
167	0.0386751
167	0.0311493
167	0.0203808
167	0.0186567
167	0.051074
167	0.0515717
167	0.0244708
167	0.0387194
167	0.0291744
167	0.064887
167	0.0875187
167	0.0252687
167	0.070521
167	0.0118447
167	0.0381574
167	0.0449483
167	0
167	0.0185613
167	0.0147059
167	0.0178571
167	0.0160551
167	0.00479028
167	0.0287903
167	0.0114032
167	0
167	0.00724638
167	0.0340445
167	0.00373134
167	0.0581028
167	0.0336765
167	0.0217391
167	0.0378193
167	0.0730148
167	0.0403107
167	0.0208333
167	0.0273529
167	0.0526495
167	0.0186567
167	0.0208939
167	0.0668812
167	0.0659722
167	0.00362319
167	0.0220556
167	0.0110294
167	0.0157478
167	0.0162615
167	0.0108696
167	0.0532017
167	0.0230769
167	0.0924658
167	0.0378788
170	0.0326087
170	0
170	0.0532399
170	0.045989
170	0.0249633
170	0.0509373
170	0.0372483
170	0.00442352
170	0.0477552
170	0.0153901
170	0.146767
170	0.0261797
170	0.0359348
170	0.0230769
170	0.0448834
170	0.04444
170	0.010274
170	0.0312689
170	0.0673017
170	0.0170977
170	0.0480593
170	0.0723044
170	0.029566
170	0.0440841
170	0.067525
170	0.049817
170	0.0178571
170	0.0506381
170	0.0516767
170	0
170	0.063538
170	0.0808851
170	0.0330648
170	0.0151515
170	0.0379113
170	0.0315263
170	0.0649129
170	0.0616338
170	0.056338
170	0.0365611
170	0.0140845
170	0.0102022
170	0
170	0.00793651
170	0.212687
170	0.0158881
170	0.0442494
170	0.0270133
170	0.0230769
170	0.0193723
170	0.00434944
170	0.0477941
170	0.0194151
170	0.00735294
170	0.00522601
170	0.0451024
170	0
170	0.0192192
170	0.0461538
170	0.0149254
170	0.0871212
170	0.0193881
170	0.0178571
170	0.0855877
170	0.0102328
170	0.0145748
170	0.00706056
170	0
170	0.0609363
170	0.0397908
170	0.0315939
170	0.011194
170	0.0214286
170	0.00436972
170	0.0532043
170	0.0716794
170	0.00367647
170	0.0328935
170	0.00357143
170	0.0481971
170	0.0281254
170	0.0322712
170	0.0788068
170	0.00381285
170	0.00746269
170	0.0220069
170	0.0153018
170	0.0321682
170	0.0440036
170	0.108209
170	0.0724638
170	0.0664479
170	0.0216544
170	0.0528793
170	0.0183824
170	0.0108696
170	0.0549909
170	0.0316264
170	0.0151515
170	0.0596597
173	0.0456513
173	0.0110294
173	0.0347562
173	0.0150145
173	0.00724638
173	0.0362913
173	0
173	0
173	0.0701038
173	0.0251052
173	0.0380559
173	0.0442378
173	0.0514977
173	0.030303
173	0.0834649
173	0.052905
173	0.0410875
173	0.0262217
173	0.0217949
173	0.0428571
173	0.112023
173	0.0340948
173	0.0560546
173	0.0311897
173	0.0364662
173	0.0561703
173	0.0790967
173	0.0155905
173	0.00958895
173	0.0253623
173	0.0376035
173	0.028508
173	0.0454545
173	0.0445429
173	0.0469862
173	0.0406532
173	0.0924633
173	0.0327647
173	0.164286
173	0.00534311
173	0.0117188
173	0.0186567
173	0.0291638
173	0
173	0.00673726
173	0.0192912
173	0.0232521
173	0.0148927
173	0.0110294
173	0.0634952
173	0
173	0.0108696
173	0.00752719
173	0.0289855
173	0.0303524
173	0.101616
173	0.0282682
173	0.0432071
173	0.0110294
173	0.0069026
173	0.0227273
173	0.0551736
173	0.0215524
173	0.058168
173	0.0382572
173	0.0236637
173	0.0942004
173	0.00821665
173	0.0220489
173	0.00480987
173	0.0456942
173	0.00793651
173	0.0123954
173	0.0211969
173	0.0340909
173	0.0657013
173	0.00367647
173	0.0804128
173	0.0833333
173	0.0629961
173	0.00735294
173	0.0451021
173	0.0163346
173	0.0313147
173	0.0537123
173	0.040839
173	0.0227273
173	0.062787
173	0.0536842
173	0.0321429
173	0.0214286
173	0.064754
173	0.0166948
173	0.0180672
173	0.0208333
173	0
173	0.0277778
173	0.0262956
173	0.0233222
173	0.0349182
176	0.0288073
176	0.0192547
176	0.0416667
176	0.0462396
176	0.198799
176	0.0500739
176	0
176	0.0275501
176	0.0454545
176	0.0404071
176	0.0293072
176	0.0308444
176	0.011194
176	0.0586026
176	0.0354842
176	0.0369772
176	0.0396825
176	0
176	0.0773681
176	0.0227273
176	0.00435209
176	0
176	0.015873
176	0.0572625
176	0.0800985
176	0.0332948
176	0.0786823
176	0.0395085
176	0.0214286
176	0.0226499
176	0.083572
176	0.0330882
176	0.0342561
176	0.0040558
176	0.0481423
176	0.00396825
176	0.0410906
176	0.0292452
176	0.0464399
176	0.0378667
176	0.0768407
176	0.00367647
176	0.0881155
176	0.00649528
176	0.0274984
176	0.0580944
176	0.0115385
176	0.0493758
176	0.0600592
176	0.0181159
176	0.061466
176	0.0286885
176	0.0298507
176	0.0195398
176	0.0190184
176	0.00423489
176	0.0318234
176	0
176	0.0317683
176	0.0327598
176	0.0117188
176	0.00746269
176	0.0335821
176	0.0183582
176	0.0234116
176	0.0038893
176	0.0546875
176	0.043893
176	0.00735294
176	0.0796959
176	0.0307692
176	0.123893
176	0.045266
176	0.0307293
176	0.00362319
176	0
176	0.0419762
176	0.0223881
176	0.0147059
176	0.0545952
176	0.0357018
176	0.0729693
176	0.0211268
176	0.00373134
176	0.0268831
176	0.0294118
176	0.0110294
176	0
176	0.0410448
176	0
176	0.0301217
176	0.0649386
176	0.0321429
176	0.0568182
176	0.036048
176	0.0269231
176	0.0371862
176	0.0316901
176	0.0315691
176	0.063983
179	0.0330882
179	0.0147059
179	0.0525859
179	0.0737389
179	0.00894131
179	0.0321429
179	0.011194
179	0.0227115
179	0.0307378
179	0.0321189
179	0.0569727
179	0.0262879
179	0.061675
179	0.0335821
179	0.037613
179	0.0220779
179	0.0316901
179	0.029003
179	0.00852077
179	0.047559
179	0.0230769
179	0.0471014
179	0.0597867
179	0.0380264
179	0.0206918
179	0.0263081
179	0.0446548
179	0.0312002
179	0
179	0.0541809
179	0.0365796
179	0.0767687
179	0.00542438
179	0.0111226
179	0.132143
179	0.0665584
179	0.0340909
179	0.069294
179	0.0625
179	0.00714286
179	0.0152003
179	0.0776719
179	0.0217881
179	0.0316848
179	0.00724638
179	0.00704225
179	0.021784
179	0.0208905
179	0.0767218
179	0.0433563
179	0.0572394
179	0.0582192
179	0.0356387
179	0.00735294
179	0.0231512
179	0.0396923
179	0.0362694
179	0.0108696
179	0.0143797
179	0.0543725
179	0.0509691
179	0.0884615
179	0.0384087
179	0.0342347
179	0.10312
179	0.0308314
179	0.0285714
179	0.0584944
179	0
179	0.03852
179	0.0163422
179	0.0052354
179	0.00595782
179	0.025197
179	0.101432
179	0.0303845
179	0.025446
179	0.0263292
179	0.0122951
179	0.046891
179	0.0486004
179	0.0231238
179	0.0567469
179	0.00367647
179	0.0744948
179	0.037137
179	0.0320214
179	0.025693
179	0.0391992
179	0.0861409
179	0.0648319
179	0.00769231
179	0.00746269
179	0.011194
179	0.0313681
179	0.0579456
179	0.0213047
179	0.0108696
179	0.0155678
179	0.113971
182	0.028488
182	0.0360931
182	0.0192308
182	0.0459736
182	0.016089
182	0.0271383
182	0.0261596
182	0.0108696
182	0.0271582
182	0.0357182
182	0.0150368
182	0.0217489
182	0
182	0.158451
182	0
182	0.0431351
182	0.0237981
182	0.0368453
182	0.0464718
182	0
182	0.00373791
182	0.0339742
182	0.083047
182	0.0309568
182	0.0456775
182	0.0360565
182	0.0202703
182	0.00575976
182	0.0246479
182	0.0431228
182	0.019427
182	0.00373134
182	0.0554258
182	0.0745996
182	0.03125
182	0.0161159
182	0.00535857
182	0.0339013
182	0.0555556
182	0.0558798
182	0.0306877
182	0.0366325
182	0.0168486
182	0.00737276
182	0.0324049
182	0.0242077
182	0
182	0.0552712
182	0.0541448
182	0.0676308
182	0.00503739
182	0.0411518
182	0.0182468
182	0.00804408
182	0.0416954
182	0.0113636
182	0.0446487
182	0.0261878
182	0.058966
182	0.0253978
182	0
182	0.00768579
182	0.0279383
182	0.0351562
182	0.0162013
182	0.063265
182	0.0217391
182	0.0346154
182	0.0362319
182	0.0305823
182	0.0110294
182	0.0524216
182	0.0288475
182	0.080739
182	0.0150733
182	0
182	0.0264508
182	0.052953
182	0.0181159
182	0.0178571
182	0.0107611
182	0.0238095
182	0.0695646
182	0.106835
182	0.0181138
182	0.0179082
182	0.0166951
182	0.00367647
182	0.0236991
182	0.0202128
182	0.0885558
182	0.0269987
182	0.0105449
182	0.0612833
182	0.0153928
182	0.0446488
182	0.00385647
182	0.0441176
182	0.029568
182	0.0652174
185	0.0286902
185	0.0200078
185	0.00724638
185	0.00900019
185	0
185	0.0202598
185	0.0448419
185	0.00735294
185	0.0428706
185	0.0216157
185	0.0227273
185	0.030282
185	0.0273952
185	0.0323421
185	0.0285714
185	0.0325212
185	0.0224622
185	0.0316993
185	0.0223881
185	0.0294118
185	0.0227273
185	0.00852566
185	0
185	0.0178215
185	0.0555556
185	0.0629492
185	0.0144976
185	0.0356975
185	0.0470727
185	0.0108696
185	0.0530981
185	0.0495139
185	0.00975968
185	0.0463435
185	0.0430523
185	0.00704225
185	0.0223881
185	0.0115385
185	0.075156
185	0.0206994
185	0.0492424
185	0.0243056
185	0.0213176
185	0
185	0.0186567
185	0.0412414
185	0.0260569
185	0.0465021
185	0.00378788
185	0.0115385
185	0.028166
185	0.105634
185	0.0188166
185	0.0229296
185	0.023235
185	0.0337973
185	0.0315168
185	0.0118036
185	0.0271972
185	0.0119048
185	0.0283122
185	0.0346111
185	0.0583588
185	0.0550159
185	0.0190217
185	0.0087891
185	0.0666675
185	0.034796
185	0.0183824
185	0.0321972
185	0.0539933
185	0.0294118
185	0.0256402
185	0.0258503
185	0.0211158
185	0.0308772
185	0.0982918
185	0.0181925
185	0.0208265
185	0.0108696
185	0
185	0.0701266
185	0.0861695
185	0.0237703
185	0.00746269
185	0.059991
185	0.0318218
185	0.0186366
185	0.0543254
185	0.0285899
185	0.0667576
185	0.00922478
185	0.0262976
185	0.00811832
185	0.0530709
185	0.036625
185	0.0102981
185	0.0263962
185	0.0723781
185	0
188	0.0259309
188	0.0156136
188	0.0342094
188	0.0642857
188	0.0646977
188	0.0187103
188	0.00953009
188	0.0227273
188	0
188	0.0312792
188	0.0306489
188	0.0161983
188	0.0500525
188	0.0327297
188	0.0278592
188	0.00896825
188	0.0342466
188	0.0278226
188	0.0384615
188	0.0268903
188	0.0447206
188	0.0251305
188	0.0543478
188	0
188	0.080555
188	0.0332301
188	0.0117188
188	0.0453511
188	0.0384685
188	0.0157763
188	0.0151515
188	0.0135743
188	0.0386881
188	0.0110294
188	0.094078
188	0.0708955
188	0.105044
188	0
188	0.035929
188	0.00427214
188	0.00408946
188	0.0198779
188	0.0435613
188	0.0512278
188	0.0224414
188	0.0642857
188	0.0191643
188	0.0763229
188	0.0158652
188	0.0427081
188	0.00392517
188	0.0148944
188	0.0155793
188	0.015751
188	0.00746269
188	0.0491967
188	0.0147059
188	0.00769308
188	0.00357143
188	0.022228
188	0
188	0.0199272
188	0.0405402
188	0.0307692
188	0
188	0.0434778
188	0.0330016
188	0.0173131
188	0.0220588
188	0.130282
188	0.0277778
188	0.0224348
188	0.0272002
188	0.00724638
188	0.0186567
188	0.0340274
188	0.0253623
188	0.034031
188	0.0308146
188	0.0129393
188	0.0153846
188	0.0307692
188	0.0412137
188	0.0156228
188	0.0442502
188	0.0485075
188	0.0223881
188	0
188	0.0113636
188	0.00620362
188	0
188	0.0633241
188	0.0232757
188	0.0471014
188	0.0457047
188	0.0142857
188	0.0869882
188	0.0534275
188	0.0231625
188	0.0117188
191	0.100133
191	0.0235627
191	0.00415877
191	0.0160043
191	0.0166909
191	0.0377318
191	0.0223881
191	0.0584877
191	0.0381944
191	0.00516469
191	0.0310447
191	0.0231812
191	0.0315945
191	0.0208796
191	0.0149815
191	0.0379547
191	0.0107143
191	0.0524645
191	0.048026
191	0.0344717
191	0.00357143
191	0.0607422
191	0.0116868
191	0.0119855
191	0.0127337
191	0.0228982
191	0.0115385
191	0.0189242
191	0.0213346
191	0.00684932
191	0.0104501
191	0.0262897
191	0.0464509
191	0.0451389
191	0.0423768
191	0.0130241
191	0.00390625
191	0.0143233
191	0.0280134
191	0.0257353
191	0.0593339
191	0.0108696
191	0.0711346
191	0.0184329
191	0.0405824
191	0.0462889
191	0.0158987
191	0.00907202
191	0.0221625
191	0.0307692
191	0.0400859
191	0
191	0.0353606
191	0.0195445
191	0.0292373
191	0.0338284
191	0.0272324
191	0.0148509
191	0.0534394
191	0.0149254
191	0.0513674
191	0.0223652
191	0.0646819
191	0
191	0.0253333
191	0.0217391
191	0.00378788
191	0.0386959
191	0.0150297
191	0.0492424
191	0.0269038
191	0
191	0.0317721
191	0.0277529
191	0.0230769
191	0.0831234
191	0.0107143
191	0.0351562
191	0.0267889
191	0.030895
191	0.0278407
191	0.0246701
191	0.0271703
191	0.0235234
191	0.0181159
191	0.0634328
191	0.0200014
191	0.0458172
191	0.0101351
191	0.00714286
191	0.00352113
191	0.0140845
191	0.0319897
191	0.0264677
191	0.0223881
191	0.0455002
191	0.0573159
191	0.00757576
191	0.0441197
191	0.0333551
194	0.0326087
194	0.0205479
194	0.00757576
194	0.015625
194	0.0113636
194	0
194	0.0197228
194	0.0342466
194	0.0252368
194	0
194	0
194	0.0170148
194	0
194	0.0217391
194	0.0262686
194	0.0181159
194	0.0195278
194	0.0314399
194	0
194	0.0560233
194	0.0136986
194	0.034905
194	0.0268988
194	0
194	0.0213104
194	0.0246479
194	0.0230769
194	0.0410448
194	0.0253623
194	0.0309047
194	0.0451546
194	0.0147059
194	0.00735294
194	0.0528169
194	0
194	0.0568182
194	0
194	0.0145941
194	0
194	0.00403226
194	0.02079
194	0.00694444
194	0.0458743
194	0.0231148
194	0
194	0.00373134
194	0.025865
194	0
194	0.0373759
194	0.0469779
194	0.0680329
194	0.0307251
194	0.0585838
194	0.0702006
194	0.0184007
194	0.00567196
194	0.0108696
194	0.00362319
194	0.0287671
194	0.054215
194	0.0489642
194	0.0322142
194	0.0488781
194	0.039279
194	0.0227273
194	0.011194
194	0.0240125
194	0.0273938
194	0.00396825
194	0.0215298
194	0
194	0.0408747
194	0.0695145
194	0.0316679
194	0.0384342
194	0
194	0.0824385
194	0.00367647
194	0.0682587
194	0.0321429
194	0.0152506
194	0.0238555
194	0.0461941
194	0.0336735
194	0.0113636
194	0.00373134
194	0.0107143
194	0.0615942
194	0.0277945
194	0.0148862
194	0.00440099
194	0
194	0.0553208
194	0.00513917
194	0.0110294
194	0
194	0.037739
194	0.0110294
194	0.03133
194	0.0566876
197	0.0387863
197	0.00487874
197	0.0321429
197	0.0494322
197	0.0198413
197	0.00373134
197	0.0192857
197	0
197	0.0183824
197	0.0105634
197	0.0189394
197	0.0485075
197	0.020729
197	0.0151318
197	0.0928571
197	0.0240758
197	0
197	0.0104439
197	0
197	0.00367647
197	0.0166667
197	0.05
197	0.0195659
197	0.0195099
197	0.0381944
197	0.016112
197	0
197	0.0110415
197	0
197	0.00367647
197	0.0230637
197	0
197	0.0285293
197	0.0144928
197	0.0192367
197	0.0450381
197	0.0310064
197	0.00424349
197	0.0318921
197	0.0257758
197	0.0313121
197	0.0325462
197	0.0186567
197	0.00769231
197	0.0389295
197	0.00769231
197	0
197	0.0247481
197	0.0677757
197	0.0322502
197	0.00746269
197	0.0145361
197	0.0220588
197	0.0100972
197	0.0292193
197	0.0371607
197	0
197	0.0266881
197	0.0329953
197	0.0316158
197	0.00384057
197	0
197	0.035186
197	0.0158582
197	0.0497208
197	0.0110294
197	0.00694444
197	0.0514706
197	0.0238095
197	0.055059
197	0.00362319
197	0.0140845
197	0.0214286
197	0.0579918
197	0.0156595
197	0.0521849
197	0.0173611
197	0.0314787
197	0.031289
197	0.0147059
197	0.0625
197	0.0078125
197	0.0189394
197	0.0319099
197	0.0148033
197	0.0252052
197	0.0153846
197	0.0241935
197	0.020406
197	0.0311726
197	0
197	0.0298507
197	0.0194826
197	0.0144275
197	0.0346153
197	0
197	0.0290911
197	0.0164187
197	0.0318892
197	0
200	0.0505171
200	0.0126129
200	0.0269231
200	0
200	0.0147941
200	0.0262201
200	0.0149662
200	0.0144667
200	0.0326532
200	0.0274146
200	0.0105634
200	0.0281408
200	0.0179076
200	0.0318959
200	0.0152201
200	0.0115385
200	0
200	0
200	0.0189752
200	0.0110294
200	0.0208333
200	0.015625
200	0.00373134
200	0.0283419
200	0.0223881
200	0.02362
200	0.01899
200	0.0078125
200	0.0194531
200	0.00795482
200	0.0167106
200	0.00793651
200	0
200	0.0117188
200	0.0131895
200	0.0217391
200	0.0687338
200	0.0333633
200	0.0146026
200	0.0181609
200	0
200	0.00724638
200	0.0245535
200	0.0388568
200	0.00757576
200	0.0435397
200	0.0138816
200	0
200	0
200	0.0154905
200	0.00469318
200	0
200	0.0128205
200	0.0275253
200	0.0119048
200	0.0289855
200	0.0370621
200	0
200	0.00860965
200	0.0472765
200	0.00367647
200	0.023668
200	0
200	0.00392725
200	0.0224495
200	0.0322306
200	0.0112043
200	0.010274
200	0
200	0.0153532
200	0.0111885
200	0.0383648
200	0.0078125
200	0.0159665
200	0.00347222
200	0.00362319
200	0.0107143
200	0
200	0.0279714
200	0.0105265
200	0
200	0.0117188
200	0
200	0.0212608
200	0.0169426
200	0.0105634
200	0.0113636
200	0.0108696
200	0.00362319
200	0.0135813
200	0.0151921
200	0
200	0.076449
200	0.028984
200	0.00925106
200	0.00714286
200	0.0136507
200	0.0113636
200	0.00362319
200	0.036597
203	0
203	0.022006
203	0.0294172
203	0.0178604
203	0.0389185
203	0.0222337
203	0
203	0.00759728
203	0.0149254
203	0.00575332
203	0.0181159
203	0.00404613
203	0.0308862
203	0
203	0.00420756
203	0.0144928
203	0.0414064
203	0
203	0.0262013
203	0.0316645
203	0.034781
203	0.0159845
203	0.0265152
203	0
203	0.0622104
203	0.0150624
203	0.0468045
203	0.0234375
203	0
203	0.030447
203	0.0087528
203	0.0471717
203	0.0438458
203	0.0428319
203	0.0220588
203	0.0305778
203	0.0318946
203	0.00453334
203	0.00384615
203	0.0160858
203	0.00396205
203	0.00537418
203	0.0340909
203	0.0434783
203	0.0178571
203	0.0127172
203	0.0119464
203	0.0257353
203	0.0187144
203	0.0182251
203	0
203	0.0222109
203	0.0044794
203	0.0222389
203	0
203	0
203	0.0462738
203	0.0472094
203	0.0196981
203	0.0392293
203	0.0172373
203	0.0121453
203	0.0182752
203	0.0164456
203	0.0217604
203	0
203	0
203	0.039339
203	0.0353628
203	0
203	0.0147301
203	0.0181159
203	0.0276952
203	0.0381027
203	0.0612178
203	0.0180067
203	0.00352113
203	0.0394538
203	0.0325921
203	0.0833333
203	0.0420036
203	0.0259989
203	0.0335821
203	0.0155931
203	0.00663562
203	0.0356109
203	0.0159274
203	0.046702
203	0
203	0.0115385
203	0.011194
203	0.0319882
203	0.00538438
203	0.0195312
203	0.0189662
203	0.00985216
203	0
203	0.0377035
203	0
203	0.0149254
206	0.0214726
206	0.00765728
206	0
206	0
206	0.0220588
206	0.0138889
206	0.0234375
206	0.0156021
206	0.0234372
206	0.0045841
206	0.0183357
206	0.0273543
206	0.0217391
206	0
206	0.0168752
206	0.0118078
206	0.0107143
206	0.011194
206	0.0363392
206	0.00409836
206	0.0110134
206	0.0155687
206	0.0164929
206	0.0238095
206	0.0091871
206	0
206	0.0403154
206	0.0418674
206	0
206	0.0246479
206	0.0113636
206	0.0181159
206	0.0261194
206	0.0151515
206	0.0428571
206	0
206	0
206	0.0278022
206	0.0182366
206	0
206	0.0170296
206	0.0150167
206	0.0260997
206	0.0261194
206	0.00749727
206	0
206	0.0250643
206	0.00357143
206	0.0427841
206	0.00761015
206	0.00454789
206	0.0326087
206	0.0238095
206	0.0150531
206	0.00367647
206	0.0368914
206	0.031204
206	0
206	0.0582634
206	0
206	0.0109292
206	0.0108696
206	0.0218216
206	0.0186567
206	0.0345845
206	0.00721425
206	0.0135135
206	0.00614189
206	0.0211268
206	0.00501858
206	0.0875
206	0
206	0.0149169
206	0.0231585
206	0.0383423
206	0
206	0
206	0.0113636
206	0.00367647
206	0.0185017
206	0.050953
206	0.0106663
206	0.00433682
206	0.0246716
206	0.0217391
206	0.0253623
206	0.0488523
206	0.0110294
206	0.0320107
206	0.0110709
206	0
206	0.0183402
206	0.0113636
206	0
206	0.0234375
206	0.00934267
206	0
206	0.0250291
206	0.0161114
206	0.031224
209	0
209	0.0432364
209	0.0159034
209	0.0390625
209	0.0145035
209	0
209	0.0154841
209	0.013622
209	0.0121858
209	0.00362319
209	0.0108696
209	0.0340909
209	0.00337838
209	0.00432127
209	0.0105634
209	0.00357143
209	0.00757576
209	0.0193954
209	0
209	0
209	0.0190879
209	0.00746269
209	0.0227273
209	0
209	0.00487366
209	0.00578852
209	0
209	0.029902
209	0.0234611
209	0
209	0.00735294
209	0.0244214
209	0.0253942
209	0
209	0.00741883
209	0
209	0.005771
209	0.00403226
209	0
209	0.0165216
209	0.0193831
209	0.0133412
209	0.010178
209	0.03367
209	0.00757576
209	0.00403172
209	0.0144257
209	0.0309555
209	0.00409759
209	0.0122572
209	0.011194
209	0
209	0
209	0.0269634
209	0.0078125
209	0.0553193
209	0.01884
209	0.0434783
209	0.0148998
209	0.0220588
209	0.0329719
209	0.010274
209	0
209	0
209	0.00362319
209	0
209	0.00342466
209	0.00963117
209	0
209	0.00467156
209	0.0140961
209	0.0105634
209	0.0127769
209	0.0153846
209	0.00704225
209	0.0207328
209	0.00412241
209	0.0173611
209	0.0308574
209	0.0108696
209	0.0134791
209	0.0269231
209	0.0190753
209	0.0374016
209	0.0115385
209	0.0179771
209	0
209	0.0297272
209	0.0161955
209	0.00769231
209	0.0113636
209	0.0383408
209	0.00362319
209	0.018268
209	0.00520905
209	0.0113636
209	0
209	0
209	0.0165353
209	0.0215139
212	0.0189714
212	0
212	0.0244055
212	0.0116885
212	0.0100081
212	0
212	0.0441171
212	0.00367647
212	0.0147059
212	0.179104
212	0.0227273
212	0.0343205
212	0.0184446
212	0
212	0.00371458
212	0.00477904
212	0.0151515
212	0
212	0.018554
212	0.00448278
212	0.0402995
212	0.00590376
212	0.00639401
212	0.00378788
212	0.0144928
212	0
212	0.00763898
212	0.00467951
212	0.00347222
212	0.0260867
212	0.0117188
212	0.0113636
212	0.0257353
212	0.011194
212	0.0107143
212	0.00757576
212	0.0142857
212	0.00403226
212	0.0203984
212	0.0283593
212	0.0169437
212	0.00373134
212	0.0227273
212	0.0228049
212	0.0384895
212	0.0422179
212	0.0351562
212	0
212	0
212	0.0228977
212	0.0166667
212	0
212	0.0306624
212	0
212	0.0378343
212	0.00342466
212	0.0152942
212	0.0150511
212	0
212	0.0217391
212	0.0104277
212	0.00757576
212	0
212	0
212	0
212	0.0186567
212	0.015625
212	0
212	0.0295833
212	0.025542
212	0.00757576
212	0.00746269
212	0.0178329
212	0.0257353
212	0.0343039
212	0.0286345
212	0
212	0
212	0.011194
212	0.00390625
212	0.0169886
212	0.0236866
212	0.0153484
212	0
212	0.00374306
212	0.0107143
212	0
212	0.0266604
212	0.00448852
212	0.0118172
212	0.0116793
212	0
212	0.00384615
212	0.0149254
212	0
212	0.0150494
212	0.00373134
212	0
212	0
212	0.00367647
215	0.0140845
215	0.0133333
215	0.0351881
215	0.0124437
215	0.0254895
215	0.00390625
215	0.028169
215	0.0419068
215	0
215	0.0117877
215	0.00416923
215	0.0227422
215	0
215	0.00438562
215	0.00769231
215	0.0162721
215	0
215	0
215	0.00428468
215	0.00769231
215	0.0149254
215	0.00746269
215	0
215	0.0075875
215	0.0155949
215	0.00512165
215	0
215	0.016115
215	0.00478505
215	0
215	0.00576152
215	0
215	0.00383415
215	0.00919528
215	0
215	0
215	0.0266879
215	0.0079702
215	0.0203876
215	0.00362319
215	0.0350224
215	0.0160624
215	0.0237661
215	0.0388627
215	0.0116013
215	0.0113636
215	0.00724638
215	0.00735294
215	0.00746269
215	0
215	0.00704225
215	0.0222637
215	0.00489676
215	0.0104167
215	0
215	0.00757576
215	0
215	0.0104167
215	0.00442563
215	0
215	0.00881135
215	0.0189428
215	0.0257353
215	0.0222745
215	0.0113636
215	0.00373134
215	0.0200181
215	0.00746269
215	0
215	0.030672
215	0.00390625
215	0.00577648
215	0.0118062
215	0.00362319
215	0.0393315
215	0
215	0.0108696
215	0
215	0
215	0.00373134
215	0.0103734
215	0.00390625
215	0
215	0.0195312
215	0.010274
215	0.0142857
215	0
215	0.0113636
215	0.00724638
215	0.00917503
215	0.00362319
215	0.0230769
215	0.0652174
215	0.00418008
215	0.0219643
215	0.00372535
215	0.00357143
215	0.0368356
215	0.014352
215	0.0218131
218	0.0110294
218	0
218	0.0078125
218	0.0142857
218	0.0223881
218	0.00590697
218	0
218	0.0152844
218	0.00520218
218	0.00675458
218	0.00367647
218	0.00724638
218	0
218	0
218	0.011194
218	0
218	0
218	0
218	0.0325787
218	0
218	0.0290626
218	0.00373134
218	0.00545756
218	0
218	0.00878294
218	0.00342466
218	0.0161999
218	0
218	0.0208437
218	0.0384953
218	0
218	0.00746269
218	0
218	0.00362319
218	0
218	0
218	0.00373134
218	0.00861219
218	0.0107143
218	0
218	0.00370994
218	0
218	0
218	0
218	0.0147796
218	0.0219016
218	0.0155406
218	0.00498055
218	0.0314407
218	0.0233904
218	0.00757576
218	0
218	0
218	0.00735294
218	0
218	0
218	0
218	0.0144928
218	0.0193107
218	0
218	0.00675676
218	0.00367647
218	0.0153236
218	0
218	0.00390625
218	0.00367647
218	0.00392576
218	0
218	0.0200937
218	0.0177762
218	0.0158878
218	0.0161453
218	0
218	0
218	0.010274
218	0
218	0.0170981
218	0.00735294
218	0
218	0
218	0.00352113
218	0
218	0.0144928
218	0
218	0.020256
218	0
218	0.0133337
218	0.0110294
218	0
218	0.00735294
218	0.00767119
218	0.02344
218	0
218	0.00544168
218	0
218	0.00746269
218	0.0157389
218	0.00362319
218	0
218	0.0118478
221	0
221	0
221	0.0078125
221	0
221	0
221	0.011194
221	0
221	0.0107143
221	0.00567666
221	0
221	0.00367647
221	0.00746269
221	0.00431261
221	0
221	0.003934
221	0.00616533
221	0
221	0
221	0.0038721
221	0
221	0.00378788
221	0
221	0.00760474
221	0
221	0.00378788
221	0
221	0.0238824
221	0
221	0
221	0
221	0
221	0.0190166
221	0
221	0
221	0
221	0
221	0.0206042
221	0.00362319
221	0.0113636
221	0.0270922
221	0.00396825
221	0
221	0.00676028
221	0.0169199
221	0
221	0
221	0.00384615
221	0.00384615
221	0.0202007
221	0.0173556
221	0
221	0.00598075
221	0.00714286
221	0
221	0
221	0
221	0
221	0
221	0.161538
221	0.0104167
221	0.0108696
221	0.0104167
221	0
221	0.00352113
221	0
221	0
221	0.00362319
221	0.00777256
221	0
221	0
221	0.00548922
221	0
221	0.0170246
221	0.015873
221	0
221	0.00362319
221	0.0117188
221	0
221	0.00357143
221	0
221	0
221	0.00769231
221	0.00378118
221	0
221	0.00378788
221	0
221	0.00342466
221	0.016719
221	0
221	0.00577775
221	0
221	0.00383543
221	0.00704225
221	0
221	0
221	0.00997514
221	0.0286565
221	0.00877981
221	0
221	0.00435664
224	0
224	0
224	0
224	0
224	0
224	0
224	0.0160497
224	0
224	0.0846774
224	0.00444331
224	0
224	0.0056853
224	0
224	0.010274
224	0
224	0.0110294
224	0
224	0.00404753
224	0.00724638
224	0.00384615
224	0.00724638
224	0
224	0
224	0.00362319
224	0
224	0
224	0.0068793
224	0
224	0.0104167
224	0
224	0.00362319
224	0.00405332
224	0.00452354
224	0
224	0
224	0.00380266
224	0
224	0
224	0.0151515
224	0
224	0.00974659
224	0.00801188
224	0
224	0
224	0.00537398
224	0.00367647
224	0
224	0
224	0.00416736
224	0.00378788
224	0.00724638
224	0.00687062
224	0.00352113
224	0
224	0.00378788
224	0
224	0
224	0.0189888
224	0
224	0
224	0.00647447
224	0.0187275
224	0
224	0
224	0
224	0
224	0.00578875
224	0
224	0.00373134
224	0
224	0
224	0
224	0
224	0.0184038
224	0
224	0.00357143
224	0.0108696
224	0.00373134
224	0
224	0
224	0
224	0.00384615
224	0
224	0
224	0.0078125
224	0
224	0
224	0
224	0
224	0
224	0
224	0.00724638
224	0.0167169
224	0.0115385
224	0.0175063
224	0.00447589
224	0
224	0
224	0
224	0
227	0
227	0
227	0
227	0
227	0
227	0
227	0
227	0.0078125
227	0.00373134
227	0
227	0
227	0
227	0.00384615
227	0
227	0
227	0
227	0
227	0
227	0
227	0
227	0
227	0
227	0
227	0
227	0
227	0.0105634
227	0
227	0
227	0.00373134
227	0
227	0
227	0
227	0
227	0
227	0
227	0
227	0
227	0
227	0
227	0
227	0
227	0
227	0
227	0
227	0.00403226
227	0.00347222
227	0.00390625
227	0
227	0
227	0
227	0
227	0.00527162
227	0
227	0
227	0
227	0.00347222
227	0
227	0
227	0.00362319
227	0
227	0
227	0.00367647
227	0
227	0.00362319
227	0
227	0.00378788
227	0
227	0
227	0
227	0
227	0.00390625
227	0
227	0
227	0
227	0
227	0
227	0.00724638
227	0
227	0.00367647
227	0.00367647
227	0
227	0
227	0.00342466
227	0
227	0
227	0.00455942
227	0
227	0
227	0
227	0
227	0
227	0.00373134
227	0
227	0
227	0
227	0
227	0
227	0
227	0
227	0
230	0
230	0
230	0
230	0
230	0
230	0
230	0
230	0
230	0
230	0
230	0
230	0
230	0
230	0
230	0
230	0
230	0
230	0
230	0
230	0
230	0
230	0
230	0
230	0
230	0
230	0
230	0
230	0
230	0
230	0
230	0
230	0
230	0
230	0
230	0
230	0
230	0
230	0
230	0
230	0
230	0
230	0
230	0
230	0
230	0
230	0
230	0
230	0
230	0
230	0
230	0
230	0
230	0
230	0
230	0
230	0
230	0
230	0
230	0
230	0
230	0
230	0
230	0
230	0
230	0
230	0
230	0
230	0
230	0
230	0
230	0
230	0
230	0
230	0
230	0
230	0
230	0
230	0
230	0
230	0
230	0
230	0
230	0
230	0
230	0
230	0
230	0
230	0
230	0
230	0
230	0
230	0
230	0
230	0
230	0
230	0
230	0
230	0
230	0
230	0
