var	minCostFlow
50	0.332374
50	0.315385
50	0.316599
50	0.287773
50	0.299613
50	0.322004
50	0.230099
50	0.243416
50	0.231679
50	0.294597
50	0.294703
50	0.277466
50	0.321902
50	0.289731
50	0.22832
50	0.26017
50	0.238209
50	0.296429
50	0.296614
50	0.310284
50	0.273128
50	0.255984
50	0.246484
50	0.196417
50	0.240446
50	0.279726
50	0.30587
50	0.286141
50	0.265686
50	0.26351
50	0.268691
50	0.261132
50	0.219904
50	0.273921
50	0.274717
50	0.206585
50	0.256875
50	0.328857
50	0.22152
50	0.26317
50	0.257644
50	0.274303
50	0.317747
50	0.268097
50	0.288057
50	0.316963
50	0.308887
50	0.281984
50	0.271357
50	0.323561
50	0.266659
50	0.342402
50	0.320731
50	0.274891
50	0.270931
50	0.330227
50	0.314822
50	0.273387
50	0.273967
50	0.290153
50	0.293066
50	0.276754
50	0.265394
50	0.261523
50	0.256603
50	0.283646
50	0.285139
50	0.285156
50	0.298423
50	0.28718
50	0.304194
50	0.228683
50	0.205263
50	0.235362
50	0.254865
50	0.19189
50	0.31835
50	0.255513
50	0.293191
50	0.278272
50	0.210762
50	0.259031
50	0.28827
50	0.257712
50	0.289899
50	0.344467
50	0.292475
50	0.311479
50	0.204964
50	0.273278
50	0.249702
50	0.29847
50	0.250061
50	0.235188
50	0.284578
50	0.339187
50	0.317011
50	0.264941
50	0.247571
50	0.303419
55	0.334486
55	0.275118
55	0.303275
55	0.350681
55	0.26582
55	0.265966
55	0.243315
55	0.248888
55	0.157494
55	0.263155
55	0.328447
55	0.305133
55	0.279901
55	0.28018
55	0.260152
55	0.327128
55	0.297498
55	0.299877
55	0.29002
55	0.253069
55	0.266665
55	0.287071
55	0.29644
55	0.254914
55	0.309476
55	0.305865
55	0.252945
55	0.227747
55	0.303358
55	0.268025
55	0.274455
55	0.345494
55	0.293787
55	0.286781
55	0.299802
55	0.270541
55	0.258404
55	0.296292
55	0.317191
55	0.307883
55	0.337287
55	0.283695
55	0.248089
55	0.261669
55	0.303359
55	0.304643
55	0.33277
55	0.298671
55	0.252435
55	0.268013
55	0.320089
55	0.209033
55	0.266938
55	0.33002
55	0.28385
55	0.251817
55	0.229857
55	0.267396
55	0.209237
55	0.273169
55	0.306938
55	0.301976
55	0.278833
55	0.204293
55	0.281149
55	0.295723
55	0.301834
55	0.291204
55	0.231651
55	0.30603
55	0.305599
55	0.317641
55	0.350001
55	0.306989
55	0.309997
55	0.296421
55	0.242867
55	0.253628
55	0.294534
55	0.286473
55	0.290525
55	0.295272
55	0.312292
55	0.266246
55	0.254928
55	0.250238
55	0.281348
55	0.267728
55	0.31471
55	0.262879
55	0.312515
55	0.279946
55	0.225763
55	0.278311
55	0.2682
55	0.350029
55	0.303889
55	0.346341
55	0.288024
55	0.311769
60	0.284226
60	0.240949
60	0.307376
60	0.295126
60	0.215056
60	0.218103
60	0.377758
60	0.283484
60	0.25014
60	0.280118
60	0.317754
60	0.26913
60	0.299248
60	0.309762
60	0.307897
60	0.29549
60	0.303361
60	0.316364
60	0.258235
60	0.263149
60	0.327659
60	0.351979
60	0.285534
60	0.327419
60	0.29459
60	0.236221
60	0.26346
60	0.286842
60	0.281574
60	0.30532
60	0.277684
60	0.292049
60	0.278303
60	0.261802
60	0.267035
60	0.286594
60	0.327375
60	0.335133
60	0.255191
60	0.333961
60	0.30418
60	0.317245
60	0.292022
60	0.24342
60	0.288909
60	0.280647
60	0.345786
60	0.268992
60	0.256062
60	0.325047
60	0.22699
60	0.32427
60	0.350568
60	0.357184
60	0.286005
60	0.250196
60	0.326208
60	0.299499
60	0.291589
60	0.318711
60	0.302276
60	0.268858
60	0.318785
60	0.256367
60	0.219485
60	0.205152
60	0.278777
60	0.261142
60	0.289168
60	0.325259
60	0.284788
60	0.237297
60	0.304212
60	0.336129
60	0.254723
60	0.284252
60	0.257006
60	0.243098
60	0.282395
60	0.297308
60	0.301694
60	0.259833
60	0.291937
60	0.249468
60	0.281634
60	0.265791
60	0.249372
60	0.278549
60	0.279901
60	0.262484
60	0.286355
60	0.286619
60	0.272965
60	0.355105
60	0.295211
60	0.273072
60	0.264381
60	0.272015
60	0.213909
60	0.291732
65	0.30127
65	0.204744
65	0.216479
65	0.286446
65	0.259539
65	0.263702
65	0.325219
65	0.32362
65	0.303999
65	0.243945
65	0.259558
65	0.316538
65	0.309783
65	0.242163
65	0.281588
65	0.272231
65	0.28799
65	0.276847
65	0.232269
65	0.356966
65	0.272903
65	0.361336
65	0.245614
65	0.246995
65	0.272497
65	0.271284
65	0.342574
65	0.324705
65	0.292042
65	0.268562
65	0.288226
65	0.258335
65	0.271582
65	0.241554
65	0.261478
65	0.281508
65	0.299209
65	0.270962
65	0.308071
65	0.303481
65	0.256401
65	0.199726
65	0.25085
65	0.320798
65	0.309143
65	0.261933
65	0.243433
65	0.261684
65	0.21797
65	0.267352
65	0.302186
65	0.300239
65	0.252891
65	0.326845
65	0.294249
65	0.282585
65	0.316525
65	0.252245
65	0.243223
65	0.315945
65	0.246899
65	0.283453
65	0.289686
65	0.184118
65	0.293245
65	0.239487
65	0.241275
65	0.224373
65	0.30338
65	0.324642
65	0.289867
65	0.289373
65	0.252471
65	0.271515
65	0.187455
65	0.311656
65	0.267513
65	0.309272
65	0.267287
65	0.195307
65	0.262218
65	0.269391
65	0.278992
65	0.281662
65	0.247041
65	0.292798
65	0.311105
65	0.22412
65	0.285694
65	0.324743
65	0.249627
65	0.235398
65	0.284636
65	0.272841
65	0.200306
65	0.329873
65	0.286897
65	0.256303
65	0.319031
65	0.290506
70	0.335202
70	0.315363
70	0.265174
70	0.340598
70	0.167772
70	0.290478
70	0.281222
70	0.296222
70	0.296959
70	0.266448
70	0.261637
70	0.294206
70	0.264801
70	0.278341
70	0.184437
70	0.315841
70	0.27453
70	0.266001
70	0.245799
70	0.299107
70	0.189243
70	0.30456
70	0.21393
70	0.202278
70	0.214642
70	0.27152
70	0.287317
70	0.219727
70	0.230082
70	0.234985
70	0.259885
70	0.212119
70	0.279483
70	0.282467
70	0.213319
70	0.280893
70	0.293154
70	0.291037
70	0.275153
70	0.289331
70	0.151454
70	0.225293
70	0.260832
70	0.303279
70	0.338735
70	0.269103
70	0.250072
70	0.22669
70	0.275381
70	0.226329
70	0.237068
70	0.261936
70	0.279348
70	0.288347
70	0.304497
70	0.196276
70	0.303968
70	0.316725
70	0.259207
70	0.316632
70	0.26266
70	0.211886
70	0.285848
70	0.322917
70	0.28225
70	0.295313
70	0.193088
70	0.290899
70	0.217263
70	0.208198
70	0.231622
70	0.294573
70	0.296108
70	0.244552
70	0.323994
70	0.267449
70	0.221647
70	0.311082
70	0.34217
70	0.257225
70	0.238793
70	0.242905
70	0.277956
70	0.312372
70	0.226172
70	0.257943
70	0.255557
70	0.236997
70	0.204168
70	0.271935
70	0.302589
70	0.282387
70	0.228012
70	0.295189
70	0.283407
70	0.254046
70	0.211305
70	0.23977
70	0.334618
70	0.314899
75	0.301466
75	0.267686
75	0.303383
75	0.29979
75	0.230908
75	0.205456
75	0.286596
75	0.274443
75	0.267583
75	0.263951
75	0.271117
75	0.230491
75	0.233036
75	0.221571
75	0.276893
75	0.253816
75	0.316432
75	0.254059
75	0.253872
75	0.316594
75	0.216036
75	0.232168
75	0.30252
75	0.326308
75	0.240016
75	0.273643
75	0.227559
75	0.293361
75	0.200075
75	0.300238
75	0.303136
75	0.226834
75	0.257947
75	0.275138
75	0.261649
75	0.286241
75	0.25225
75	0.295836
75	0.20862
75	0.238948
75	0.249336
75	0.205621
75	0.26009
75	0.213102
75	0.258339
75	0.193378
75	0.284168
75	0.279391
75	0.302898
75	0.186189
75	0.295453
75	0.279477
75	0.270724
75	0.251053
75	0.296372
75	0.268593
75	0.229591
75	0.280262
75	0.266943
75	0.302385
75	0.236611
75	0.292583
75	0.289521
75	0.25448
75	0.187191
75	0.292745
75	0.204588
75	0.328714
75	0.243189
75	0.256002
75	0.281313
75	0.237241
75	0.250838
75	0.287095
75	0.286726
75	0.266063
75	0.329544
75	0.275959
75	0.26041
75	0.208925
75	0.240253
75	0.227894
75	0.235844
75	0.228587
75	0.251143
75	0.359228
75	0.21193
75	0.260641
75	0.300399
75	0.379991
75	0.2289
75	0.251577
75	0.267354
75	0.367693
75	0.23025
75	0.271625
75	0.325647
75	0.274744
75	0.298023
75	0.225007
80	0.239929
80	0.233747
80	0.272813
80	0.246037
80	0.261388
80	0.221638
80	0.309224
80	0.241795
80	0.270665
80	0.196167
80	0.218902
80	0.2923
80	0.24669
80	0.221095
80	0.231686
80	0.32166
80	0.256469
80	0.202498
80	0.262079
80	0.238698
80	0.274265
80	0.189509
80	0.248503
80	0.324896
80	0.292139
80	0.262146
80	0.262868
80	0.253736
80	0.308985
80	0.217272
80	0.283767
80	0.216446
80	0.272222
80	0.257769
80	0.253258
80	0.257599
80	0.226968
80	0.236125
80	0.344356
80	0.321819
80	0.22934
80	0.238937
80	0.28313
80	0.267442
80	0.232122
80	0.253794
80	0.223888
80	0.296579
80	0.258653
80	0.235459
80	0.238658
80	0.314726
80	0.27667
80	0.269429
80	0.28091
80	0.263387
80	0.267117
80	0.201963
80	0.246433
80	0.267156
80	0.298727
80	0.255606
80	0.232551
80	0.316258
80	0.303979
80	0.257485
80	0.257735
80	0.276722
80	0.265507
80	0.334772
80	0.269639
80	0.289729
80	0.303718
80	0.248739
80	0.309788
80	0.2625
80	0.28513
80	0.27994
80	0.294328
80	0.264602
80	0.321203
80	0.292183
80	0.296793
80	0.238941
80	0.29946
80	0.266866
80	0.279717
80	0.275478
80	0.194158
80	0.22168
80	0.252273
80	0.211474
80	0.264766
80	0.252769
80	0.225919
80	0.230524
80	0.215837
80	0.195447
80	0.268562
80	0.248054
85	0.296988
85	0.255568
85	0.251349
85	0.293556
85	0.246439
85	0.271891
85	0.276323
85	0.283661
85	0.234015
85	0.256963
85	0.223161
85	0.286098
85	0.293226
85	0.274819
85	0.274198
85	0.236356
85	0.306338
85	0.236098
85	0.215395
85	0.241917
85	0.256226
85	0.25389
85	0.260257
85	0.321622
85	0.30914
85	0.283726
85	0.282592
85	0.29803
85	0.207003
85	0.284914
85	0.236893
85	0.265771
85	0.298916
85	0.24847
85	0.290115
85	0.217531
85	0.241374
85	0.282751
85	0.22224
85	0.235906
85	0.262316
85	0.215973
85	0.232838
85	0.237603
85	0.273773
85	0.278872
85	0.207414
85	0.253099
85	0.240923
85	0.258083
85	0.234374
85	0.228213
85	0.243881
85	0.238206
85	0.43317
85	0.265387
85	0.248229
85	0.264737
85	0.237553
85	0.254748
85	0.28305
85	0.183797
85	0.261458
85	0.243051
85	0.322698
85	0.227885
85	0.34049
85	0.259581
85	0.289165
85	0.280572
85	0.283231
85	0.244955
85	0.297642
85	0.314098
85	0.24895
85	0.214121
85	0.347276
85	0.285029
85	0.235407
85	0.234772
85	0.24406
85	0.235444
85	0.226583
85	0.273654
85	0.296387
85	0.245666
85	0.296187
85	0.260933
85	0.182076
85	0.218373
85	0.274892
85	0.2662
85	0.202031
85	0.25084
85	0.27506
85	0.283623
85	0.257057
85	0.231289
85	0.25743
85	0.309738
90	0.401534
90	0.302803
90	0.260701
90	0.287643
90	0.274912
90	0.282297
90	0.284863
90	0.233903
90	0.270011
90	0.258934
90	0.28669
90	0.260394
90	0.293059
90	0.244758
90	0.284301
90	0.273771
90	0.294006
90	0.249529
90	0.291296
90	0.276537
90	0.26082
90	0.191121
90	0.244131
90	0.207793
90	0.280863
90	0.270794
90	0.296115
90	0.265864
90	0.305808
90	0.487617
90	0.26328
90	0.252237
90	0.242611
90	0.276658
90	0.286603
90	0.277789
90	0.23823
90	0.248294
90	0.286912
90	0.274864
90	0.300366
90	0.21556
90	0.265079
90	0.314513
90	0.283615
90	0.281155
90	0.254408
90	0.28101
90	0.209758
90	0.277719
90	0.267248
90	0.249868
90	0.239185
90	0.210003
90	0.275078
90	0.246965
90	0.27315
90	0.314804
90	0.295979
90	0.220397
90	0.269294
90	0.268548
90	0.249471
90	0.370355
90	0.273576
90	0.32278
90	0.235684
90	0.241297
90	0.210815
90	0.273521
90	0.249797
90	0.251465
90	0.236161
90	0.260053
90	0.355773
90	0.253727
90	0.269699
90	0.23652
90	0.272931
90	0.279519
90	0.283382
90	0.278874
90	0.31195
90	0.281009
90	0.235632
90	0.261852
90	0.28225
90	0.277994
90	0.30985
90	0.246613
90	0.201658
90	0.250517
90	0.185215
90	0.226381
90	0.276654
90	0.250863
90	0.296602
90	0.266671
90	0.23866
90	0.254218
95	0.308439
95	0.253445
95	0.221116
95	0.28959
95	0.255023
95	0.236923
95	0.252086
95	0.248965
95	0.268495
95	0.281759
95	0.289946
95	0.275409
95	0.281818
95	0.319274
95	0.23526
95	0.265878
95	0.270562
95	0.304792
95	0.335912
95	0.240512
95	0.312863
95	0.26113
95	0.256824
95	0.315098
95	0.294264
95	0.244275
95	0.292444
95	0.311794
95	0.242216
95	0.265636
95	0.266182
95	0.268285
95	0.302903
95	0.306391
95	0.277098
95	0.269766
95	0.257112
95	0.26076
95	0.300376
95	0.365986
95	0.2188
95	0.246107
95	0.29636
95	0.30793
95	0.314509
95	0.255303
95	0.29889
95	0.324382
95	0.255216
95	0.266098
95	0.218528
95	0.236681
95	0.261443
95	0.275576
95	0.270487
95	0.462568
95	0.231867
95	0.257375
95	0.296125
95	0.296164
95	0.282282
95	0.231063
95	0.244061
95	0.21556
95	0.250548
95	0.274405
95	0.266505
95	0.268944
95	0.261467
95	0.290273
95	0.248612
95	0.282152
95	0.264992
95	0.265795
95	0.249997
95	0.281802
95	0.27904
95	0.305189
95	0.275231
95	0.283895
95	0.22203
95	0.295381
95	0.303488
95	0.249363
95	0.205181
95	0.181283
95	0.306549
95	0.242856
95	0.271745
95	0.278918
95	0.266539
95	0.233604
95	0.291809
95	0.236745
95	0.302685
95	0.268804
95	0.227098
95	0.244231
95	0.329775
95	0.243035
100	0.294857
100	0.279333
100	0.312039
100	0.291768
100	0.287723
100	0.29743
100	0.302066
100	0.276945
100	0.245671
100	0.292278
100	0.294132
100	0.271565
100	0.27794
100	0.344025
100	0.304465
100	0.233717
100	0.315329
100	0.245978
100	0.342067
100	0.268574
100	0.265262
100	0.333772
100	0.197943
100	0.336496
100	0.279153
100	0.228133
100	0.231194
100	0.287578
100	0.250955
100	0.310807
100	0.248217
100	0.328603
100	0.256696
100	0.297628
100	0.323265
100	0.262532
100	0.229993
100	0.344612
100	0.271946
100	0.230598
100	0.311893
100	0.276787
100	0.279171
100	0.278871
100	0.360132
100	0.291193
100	0.251456
100	0.314534
100	0.317971
100	0.297693
100	0.25188
100	0.26613
100	0.285314
100	0.283812
100	0.266807
100	0.293439
100	0.317556
100	0.310297
100	0.209949
100	0.24021
100	0.25507
100	0.29566
100	0.442078
100	0.283169
100	0.260891
100	0.280194
100	0.299343
100	0.315391
100	0.282093
100	0.398411
100	0.255723
100	0.204087
100	0.315072
100	0.275531
100	0.335244
100	0.265181
100	0.243064
100	0.294354
100	0.254965
100	0.227485
100	0.293564
100	0.29641
100	0.29253
100	0.2756
100	0.306497
100	0.263652
100	0.250533
100	0.2545
100	0.304095
100	0.290135
100	0.291245
100	0.288194
100	0.279346
100	0.274976
100	0.317799
100	0.221964
100	0.287605
100	0.246176
100	0.263545
100	0.282101
105	0.520793
105	0.278632
105	0.266911
105	0.262599
105	0.245322
105	0.234617
105	0.285645
105	0.27825
105	0.282518
105	0.329172
105	0.278834
105	0.304161
105	0.189295
105	0.297741
105	0.252029
105	0.275072
105	0.263718
105	0.289282
105	0.241143
105	0.246511
105	0.221851
105	0.273385
105	0.246025
105	0.29632
105	0.321198
105	0.315034
105	0.234652
105	0.235542
105	0.256446
105	0.30638
105	0.313149
105	0.303214
105	0.245366
105	0.31209
105	0.244087
105	0.248266
105	0.270827
105	0.310498
105	0.315758
105	0.282207
105	0.298384
105	0.229208
105	0.279337
105	0.267535
105	0.246936
105	0.254826
105	0.327883
105	0.324018
105	0.273038
105	0.27398
105	0.279999
105	0.29132
105	0.272824
105	0.25766
105	0.246555
105	0.256199
105	0.248154
105	0.308267
105	0.283997
105	0.285222
105	0.249978
105	0.250896
105	0.281571
105	0.26999
105	0.224357
105	0.373301
105	0.220188
105	0.293429
105	0.269479
105	0.292693
105	0.270109
105	0.289877
105	0.252683
105	0.244889
105	0.282874
105	0.302073
105	0.302238
105	0.274467
105	0.256225
105	0.260478
105	0.238955
105	0.291143
105	0.267483
105	0.260743
105	0.284711
105	0.253916
105	0.337168
105	0.308813
105	0.321266
105	0.251593
105	0.282276
105	0.264654
105	0.295735
105	0.287034
105	0.259509
105	0.295197
105	0.301962
105	0.313348
105	0.269889
105	0.281915
110	0.265696
110	0.29897
110	0.290075
110	0.270723
110	0.27156
110	0.281283
110	0.309244
110	0.243962
110	0.269397
110	0.297745
110	0.299915
110	0.309303
110	0.290178
110	0.336978
110	0.277888
110	0.253259
110	0.289737
110	0.274386
110	0.27561
110	0.292083
110	0.345739
110	0.314404
110	0.295353
110	0.30584
110	0.316732
110	0.293771
110	0.288811
110	0.285552
110	0.310911
110	0.287021
110	0.234612
110	0.284066
110	0.286848
110	0.325822
110	0.286441
110	0.28372
110	0.295037
110	0.305314
110	0.288229
110	0.291431
110	0.303105
110	0.270299
110	0.302747
110	0.271529
110	0.288667
110	0.321551
110	0.242325
110	0.273873
110	0.270975
110	0.272024
110	0.332056
110	0.233776
110	0.261011
110	0.290795
110	0.281848
110	0.233306
110	0.296532
110	0.292764
110	0.255507
110	0.319096
110	0.306329
110	0.288457
110	0.302526
110	0.236542
110	0.32384
110	0.285959
110	0.26714
110	0.283197
110	0.253336
110	0.313988
110	0.272748
110	0.229141
110	0.253872
110	0.285958
110	0.289743
110	0.302666
110	0.283262
110	0.289304
110	0.279113
110	0.31195
110	0.26971
110	0.311457
110	0.302902
110	0.293561
110	0.294254
110	0.283407
110	0.289828
110	0.273323
110	0.254045
110	0.28603
110	0.298525
110	0.28749
110	0.299169
110	0.297039
110	0.259166
110	0.305487
110	0.300836
110	0.248202
110	0.284402
110	0.237822
115	0.326366
115	0.267866
115	0.277698
115	0.272744
115	0.303494
115	0.261651
115	0.323929
115	0.265857
115	0.263594
115	0.253832
115	0.337673
115	0.279394
115	0.240061
115	0.327155
115	0.240664
115	0.261152
115	0.27974
115	0.276639
115	0.259824
115	0.270218
115	0.275684
115	0.301744
115	0.271858
115	0.310429
115	0.273129
115	0.3035
115	0.239675
115	0.283734
115	0.296954
115	0.2709
115	0.294392
115	0.269211
115	0.288711
115	0.236324
115	0.294788
115	0.299744
115	0.292011
115	0.462205
115	0.317945
115	0.299404
115	0.270685
115	0.272042
115	0.212914
115	0.27487
115	0.324804
115	0.311244
115	0.2741
115	0.2806
115	0.300189
115	0.263863
115	0.259198
115	0.284844
115	0.276783
115	0.282349
115	0.310524
115	0.279494
115	0.273747
115	0.304432
115	0.259991
115	0.293493
115	0.315942
115	0.372796
115	0.315133
115	0.25718
115	0.274498
115	0.249869
115	0.288876
115	0.274871
115	0.298842
115	0.317803
115	0.26917
115	0.287229
115	0.275445
115	0.307145
115	0.321378
115	0.269839
115	0.244364
115	0.297668
115	0.288155
115	0.28089
115	0.264854
115	0.304355
115	0.254595
115	0.305768
115	0.262751
115	0.2844
115	0.308482
115	0.28371
115	0.295822
115	0.296314
115	0.267106
115	0.279331
115	0.28163
115	0.301157
115	0.294713
115	0.284812
115	0.285743
115	0.312535
115	0.290749
115	0.277061
120	0.24159
120	0.335988
120	0.338344
120	0.270886
120	0.244517
120	0.319033
120	0.319776
120	0.263715
120	0.30635
120	0.368514
120	0.309308
120	0.294686
120	0.303421
120	0.25779
120	0.324445
120	0.308521
120	0.249195
120	0.324338
120	0.285924
120	0.240607
120	0.293627
120	0.303761
120	0.303622
120	0.306049
120	0.237091
120	0.296842
120	0.339184
120	0.291392
120	0.262598
120	0.279069
120	0.269133
120	0.262981
120	0.338749
120	0.262526
120	0.304297
120	0.293365
120	0.306737
120	0.299294
120	0.274047
120	0.278571
120	0.291083
120	0.312418
120	0.284407
120	0.274212
120	0.263815
120	0.291814
120	0.308775
120	0.287702
120	0.295568
120	0.27835
120	0.300185
120	0.328484
120	0.31732
120	0.275537
120	0.329193
120	0.322154
120	0.263379
120	0.282224
120	0.29871
120	0.331429
120	0.252659
120	0.25562
120	0.278367
120	0.274394
120	0.28452
120	0.287933
120	0.293698
120	0.339075
120	0.285303
120	0.274412
120	0.280072
120	0.34178
120	0.277078
120	0.303247
120	0.275534
120	0.271787
120	0.332083
120	0.275552
120	0.311691
120	0.313426
120	0.253454
120	0.306
120	0.294497
120	0.334064
120	0.262615
120	0.28916
120	0.305364
120	0.257927
120	0.305443
120	0.319056
120	0.321933
120	0.241641
120	0.298631
120	0.295832
120	0.308799
120	0.313809
120	0.311911
120	0.324244
120	0.253825
120	0.26485
125	0.278859
125	0.267552
125	0.287302
125	0.286064
125	0.31751
125	0.317372
125	0.339662
125	0.304979
125	0.293776
125	0.350927
125	0.288442
125	0.313781
125	0.298127
125	0.29881
125	0.299369
125	0.297201
125	0.390903
125	0.284134
125	0.29913
125	0.325473
125	0.289292
125	0.29732
125	0.329768
125	0.281955
125	0.269191
125	0.279511
125	0.307855
125	0.333565
125	0.344045
125	0.341881
125	0.308428
125	0.247013
125	0.273271
125	0.338276
125	0.275389
125	0.311195
125	0.262957
125	0.312659
125	0.265782
125	0.350618
125	0.322537
125	0.248246
125	0.292756
125	0.262758
125	0.25374
125	0.291311
125	0.290067
125	0.241192
125	0.304006
125	0.294412
125	0.257553
125	0.321691
125	0.294375
125	0.237126
125	0.296522
125	0.304548
125	0.299103
125	0.298843
125	0.27627
125	0.273812
125	0.254611
125	0.299116
125	0.317153
125	0.262042
125	0.290133
125	0.265471
125	0.295198
125	0.298746
125	0.301258
125	0.274877
125	0.306613
125	0.293008
125	0.314004
125	0.355107
125	0.266039
125	0.286799
125	0.274397
125	0.322328
125	0.266664
125	0.278404
125	0.270184
125	0.30881
125	0.301363
125	0.26923
125	0.287056
125	0.309047
125	0.277196
125	0.343884
125	0.265743
125	0.275288
125	0.348612
125	0.290786
125	0.269336
125	0.315762
125	0.296109
125	0.329738
125	0.274083
125	0.281629
125	0.320587
125	0.288939
130	0.275257
130	0.353388
130	0.322235
130	0.263327
130	0.309302
130	0.285365
130	0.257958
130	0.283797
130	0.305292
130	0.266459
130	0.309379
130	0.266834
130	0.309642
130	0.303867
130	0.307843
130	0.303513
130	0.27757
130	0.308995
130	0.259621
130	0.266262
130	0.294577
130	0.343447
130	0.316815
130	0.2593
130	0.300282
130	0.30449
130	0.29405
130	0.262886
130	0.235635
130	0.273028
130	0.237909
130	0.330299
130	0.219263
130	0.268065
130	0.316548
130	0.311487
130	0.322472
130	0.2977
130	0.308496
130	0.321345
130	0.251113
130	0.255229
130	0.282144
130	0.291492
130	0.304293
130	0.309326
130	0.345551
130	0.298197
130	0.303895
130	0.327978
130	0.308027
130	0.281556
130	0.313082
130	0.37964
130	0.317614
130	0.308486
130	0.285274
130	0.284031
130	0.297548
130	0.294334
130	0.300332
130	0.262234
130	0.3095
130	0.294523
130	0.298552
130	0.260497
130	0.305739
130	0.27182
130	0.321263
130	0.213182
130	0.247834
130	0.33106
130	0.276438
130	0.310923
130	0.28805
130	0.277768
130	0.282532
130	0.273745
130	0.31609
130	0.268966
130	0.304016
130	0.311715
130	0.261955
130	0.325556
130	0.268849
130	0.274669
130	0.315994
130	0.266273
130	0.287526
130	0.312905
130	0.267092
130	0.279232
130	0.271761
130	0.326225
130	0.354143
130	0.320755
130	0.307027
130	0.266262
130	0.24117
130	0.316418
135	0.304761
135	0.280702
135	0.317952
135	0.312606
135	0.287991
135	0.279158
135	0.303933
135	0.335573
135	0.27219
135	0.275597
135	0.311769
135	0.28503
135	0.336615
135	0.273442
135	0.326658
135	0.29248
135	0.276869
135	0.323624
135	0.314412
135	0.2861
135	0.281799
135	0.304397
135	0.26842
135	0.293904
135	0.280316
135	0.321456
135	0.271224
135	0.302206
135	0.248763
135	0.269209
135	0.277186
135	0.319296
135	0.29712
135	0.288842
135	0.294863
135	0.301223
135	0.278386
135	0.297641
135	0.275811
135	0.324233
135	0.299682
135	0.277713
135	0.301445
135	0.25779
135	0.34413
135	0.270117
135	0.26649
135	0.310925
135	0.324809
135	0.284653
135	0.291731
135	0.275067
135	0.275454
135	0.266119
135	0.336719
135	0.29761
135	0.285259
135	0.318627
135	0.318817
135	0.272188
135	0.264443
135	0.284742
135	0.300898
135	0.317839
135	0.266258
135	0.302452
135	0.271623
135	0.326344
135	0.30333
135	0.273403
135	0.299575
135	0.28954
135	0.308431
135	0.280859
135	0.276409
135	0.295624
135	0.299144
135	0.300712
135	0.279708
135	0.293554
135	0.28929
135	0.2804
135	0.296445
135	0.279404
135	0.265261
135	0.267688
135	0.234381
135	0.310584
135	0.292415
135	0.331883
135	0.310518
135	0.308263
135	0.294576
135	0.308324
135	0.306151
135	0.322488
135	0.310584
135	0.313938
135	0.309601
135	0.270209
140	0.326695
140	0.29597
140	0.282986
140	0.321236
140	0.310547
140	0.29432
140	0.287262
140	0.348568
140	0.317842
140	0.270455
140	0.291692
140	0.286297
140	0.307193
140	0.299952
140	0.327422
140	0.316935
140	0.293692
140	0.315163
140	0.323184
140	0.321018
140	0.311764
140	0.319937
140	0.345169
140	0.293732
140	0.258743
140	0.286557
140	0.295111
140	0.257684
140	0.28157
140	0.301552
140	0.297267
140	0.28136
140	0.298587
140	0.32196
140	0.261334
140	0.341734
140	0.329735
140	0.281784
140	0.285847
140	0.294082
140	0.342897
140	0.292287
140	0.288413
140	0.341834
140	0.253723
140	0.314654
140	0.314874
140	0.286481
140	0.301891
140	0.277041
140	0.281998
140	0.27224
140	0.289529
140	0.355222
140	0.329598
140	0.275218
140	0.304676
140	0.242615
140	0.292696
140	0.283715
140	0.277025
140	0.329813
140	0.319828
140	0.320095
140	0.341803
140	0.290477
140	0.331628
140	0.293196
140	0.304514
140	0.305723
140	0.295645
140	0.287167
140	0.289237
140	0.279132
140	0.314674
140	0.282351
140	0.303038
140	0.266913
140	0.316783
140	0.328412
140	0.249369
140	0.351315
140	0.303158
140	0.315232
140	0.297453
140	0.322292
140	0.289393
140	0.312262
140	0.332314
140	0.264972
140	0.288191
140	0.290536
140	0.287411
140	0.258817
140	0.315063
140	0.324489
140	0.279145
140	0.318675
140	0.257227
140	0.313678
145	0.330832
145	0.294789
145	0.263282
145	0.32657
145	0.297075
145	0.269733
145	0.292053
145	0.317921
145	0.304151
145	0.281688
145	0.277256
145	0.292057
145	0.348201
145	0.284336
145	0.270768
145	0.291065
145	0.29431
145	0.333343
145	0.26765
145	0.287222
145	0.29018
145	0.313391
145	0.335339
145	0.331968
145	0.388535
145	0.244279
145	0.294728
145	0.350568
145	0.282195
145	0.323564
145	0.295573
145	0.330098
145	0.294128
145	0.303027
145	0.314158
145	0.305937
145	0.246065
145	0.292664
145	0.296832
145	0.245744
145	0.30082
145	0.286069
145	0.290342
145	0.290077
145	0.344936
145	0.288585
145	0.280941
145	0.271157
145	0.29774
145	0.340496
145	0.29894
145	0.287197
145	0.256833
145	0.276834
145	0.339192
145	0.275469
145	0.292594
145	0.408921
145	0.311666
145	0.265353
145	0.266266
145	0.286123
145	0.298887
145	0.277582
145	0.285772
145	0.332419
145	0.296053
145	0.337262
145	0.302453
145	0.260005
145	0.298765
145	0.282569
145	0.301119
145	0.298246
145	0.412934
145	0.28666
145	0.292772
145	0.321231
145	0.3361
145	0.290174
145	0.293752
145	0.258979
145	0.31746
145	0.292168
145	0.326926
145	0.33008
145	0.295011
145	0.266408
145	0.300927
145	0.37467
145	0.255324
145	0.279564
145	0.29853
145	0.331569
145	0.257033
145	0.296883
145	0.301033
145	0.281995
145	0.320332
145	0.263136
150	0.307199
150	0.286194
150	0.307655
150	0.299746
150	0.233801
150	0.384135
150	0.32191
150	0.284803
150	0.275314
150	0.320809
150	0.290502
150	0.288358
150	0.298159
150	0.320302
150	0.300912
150	0.306331
150	0.313383
150	0.283957
150	0.26444
150	0.288941
150	0.327616
150	0.297355
150	0.316543
150	0.337325
150	0.296898
150	0.328692
150	0.286468
150	0.286219
150	0.339215
150	0.317277
150	0.457273
150	0.323855
150	0.347071
150	0.270462
150	0.28833
150	0.271312
150	0.297181
150	0.36953
150	0.301282
150	0.292253
150	0.29195
150	0.278263
150	0.259756
150	0.333431
150	0.264254
150	0.362825
150	0.272048
150	0.285765
150	0.298929
150	0.312318
150	0.241925
150	0.315497
150	0.341681
150	0.323693
150	0.264689
150	0.262705
150	0.268273
150	0.258101
150	0.308009
150	0.308348
150	0.330707
150	0.267761
150	0.282937
150	0.274491
150	0.279789
150	0.319497
150	0.301192
150	0.305285
150	0.292733
150	0.433798
150	0.299029
150	0.350243
150	0.304973
150	0.238154
150	0.310269
150	0.234121
150	0.285687
150	0.283106
150	0.299078
150	0.334316
150	0.275861
150	0.283685
150	0.276627
150	0.305289
150	0.317756
150	0.319328
150	0.250293
150	0.345715
150	0.315882
150	0.272868
150	0.303763
150	0.327766
150	0.328683
150	0.287585
150	0.299781
150	0.333124
150	0.304226
150	0.36476
150	0.373027
150	0.244835
