var	threshold	abdncError	methylCallError	TP	FN	FP
50	0.1	0.205791	0.0314815	1.97	2.03	7.21
50	0.15	0.206061	0.0546226	2.61	1.39	6.61
50	0.2	0.208919	0.074864	3.08	0.92	6.18
50	0.25	0.19965	0.092156	3.52	0.48	5.82
50	0.3	0.195427	0.103163	3.76	0.24	5.64
50	0.35	0.191759	0.111078	3.9	0.1	5.52
50	0.4	0.191351	0.112739	3.92	0.08	5.5
55	0.1	0.21269	0.0381884	2.19	1.81	6.46
55	0.15	0.208825	0.0559144	2.8	1.2	5.97
55	0.2	0.202949	0.0743024	3.3	0.7	5.58
55	0.25	0.19801	0.0849612	3.61	0.39	5.33
55	0.3	0.195549	0.0944505	3.8	0.2	5.19
55	0.35	0.195194	0.0999632	3.89	0.11	5.12
55	0.4	0.193955	0.103914	3.95	0.05	5.06
60	0.1	0.206898	0.033455	2.21	1.79	6.2
60	0.15	0.211059	0.0552603	2.81	1.19	5.74
60	0.2	0.205473	0.0706005	3.26	0.74	5.4
60	0.25	0.203133	0.0832613	3.56	0.44	5.17
60	0.3	0.200876	0.0936344	3.76	0.24	5.01
60	0.35	0.198823	0.100943	3.88	0.12	4.94
60	0.4	0.198048	0.104705	3.93	0.07	4.9
65	0.1	0.205206	0.038923	2.28	1.72	5.31
65	0.15	0.194886	0.0572694	2.92	1.08	4.74
65	0.2	0.189499	0.070347	3.34	0.66	4.39
65	0.25	0.186607	0.0832438	3.65	0.35	4.14
65	0.3	0.183996	0.0926586	3.84	0.16	4.01
65	0.35	0.182762	0.099726	3.95	0.05	3.94
65	0.4	0.182467	0.100374	3.96	0.04	3.94
70	0.1	0.194468	0.0398073	2.47	1.53	5.19
70	0.15	0.195257	0.0539786	2.95	1.05	4.72
70	0.2	0.186423	0.0706638	3.41	0.59	4.34
70	0.25	0.180047	0.0805588	3.66	0.34	4.19
70	0.3	0.17807	0.0866143	3.79	0.21	4.1
70	0.35	0.176209	0.091714	3.87	0.13	4.04
70	0.4	0.175681	0.0952301	3.92	0.08	4
75	0.1	0.204109	0.0361693	2.17	1.83	5.15
75	0.15	0.199401	0.0583651	2.88	1.12	4.49
75	0.2	0.19625	0.074538	3.33	0.67	4.13
75	0.25	0.190821	0.0871277	3.67	0.33	3.83
75	0.3	0.187953	0.0952643	3.84	0.16	3.7
75	0.35	0.186437	0.0984942	3.89	0.11	3.67
75	0.4	0.184954	0.104151	3.97	0.03	3.6
80	0.1	0.176585	0.0368714	2.42	1.58	3.99
80	0.15	0.176176	0.0540644	3	1	3.48
80	0.2	0.178159	0.0654204	3.32	0.68	3.21
80	0.25	0.177149	0.0776346	3.62	0.38	2.99
80	0.3	0.175082	0.0876287	3.81	0.19	2.87
80	0.35	0.175178	0.0913658	3.88	0.12	2.83
80	0.4	0.17476	0.0963035	3.95	0.05	2.77
85	0.1	0.177597	0.0397631	2.34	1.66	4.17
85	0.15	0.18561	0.0573106	2.87	1.13	3.71
85	0.2	0.184224	0.0710599	3.25	0.75	3.4
85	0.25	0.178257	0.0812354	3.49	0.51	3.23
85	0.3	0.176784	0.0892327	3.66	0.34	3.12
85	0.35	0.173422	0.100693	3.86	0.14	2.99
85	0.4	0.172829	0.107357	3.95	0.05	2.93
90	0.1	0.164892	0.0391892	2.3	1.7	3.8
90	0.15	0.172181	0.0591209	2.92	1.08	3.24
90	0.2	0.168462	0.0756256	3.44	0.56	2.81
90	0.25	0.164109	0.0839341	3.67	0.33	2.61
90	0.3	0.162649	0.092269	3.82	0.18	2.5
90	0.35	0.162174	0.0988473	3.94	0.06	2.42
90	0.4	0.162559	0.100734	3.97	0.03	2.4
95	0.1	0.163898	0.0424432	2.18	1.82	3.62
95	0.15	0.164995	0.0627292	2.87	1.13	2.99
95	0.2	0.163686	0.0771439	3.29	0.71	2.65
95	0.25	0.161047	0.0848029	3.49	0.51	2.51
95	0.3	0.158396	0.0962939	3.74	0.26	2.34
95	0.35	0.156921	0.101307	3.84	0.16	2.25
95	0.4	0.1593	0.108786	3.93	0.07	2.19
100	0.1	0.175552	0.0407393	2.47	1.53	2.61
100	0.15	0.178899	0.0557991	3.01	0.99	2.17
100	0.2	0.17878	0.0673075	3.37	0.63	1.89
100	0.25	0.178222	0.0784016	3.6	0.4	1.71
100	0.3	0.179059	0.0878581	3.8	0.2	1.59
100	0.35	0.179302	0.0947152	3.92	0.08	1.51
100	0.4	0.179388	0.0960051	3.94	0.06	1.5
105	0.1	0.163033	0.0405254	2.24	1.76	2.55
105	0.15	0.166338	0.0577338	2.87	1.13	2.02
105	0.2	0.167454	0.0743861	3.27	0.73	1.69
105	0.25	0.16896	0.0851315	3.52	0.48	1.5
105	0.3	0.174831	0.0954293	3.73	0.27	1.39
105	0.35	0.177257	0.104518	3.88	0.12	1.33
105	0.4	0.17733	0.105007	3.89	0.11	1.32
110	0.1	0.202633	0.0415246	2.35	1.65	2.24
110	0.15	0.2149	0.0578132	2.91	1.09	1.73
110	0.2	0.223858	0.0688127	3.25	0.75	1.51
110	0.25	0.227414	0.0822677	3.53	0.47	1.37
110	0.3	0.226916	0.0924912	3.76	0.24	1.2
110	0.35	0.227933	0.0982914	3.86	0.14	1.13
110	0.4	0.227122	0.103808	3.95	0.05	1.1
115	0.1	0.264331	0.0417546	2.25	1.75	1.82
115	0.15	0.283765	0.0584287	2.85	1.15	1.34
115	0.2	0.290985	0.0719584	3.17	0.83	1.11
115	0.25	0.299902	0.0829187	3.43	0.57	0.92
115	0.3	0.299069	0.0932005	3.65	0.35	0.83
115	0.35	0.296597	0.0997792	3.76	0.24	0.77
115	0.4	0.295556	0.108394	3.87	0.13	0.73
120	0.1	0.320231	0.0424849	2.55	1.45	1.68
120	0.15	0.314681	0.056298	3.01	0.99	1.34
120	0.2	0.31674	0.0664018	3.28	0.72	1.19
120	0.25	0.318552	0.0773013	3.52	0.48	1.03
120	0.3	0.319867	0.0891497	3.76	0.24	0.85
120	0.35	0.31863	0.0938154	3.84	0.16	0.82
120	0.4	0.321586	0.0999722	3.92	0.08	0.79
125	0.1	0.284599	0.0361964	2.05	1.95	1.96
125	0.15	0.31876	0.063816	2.82	1.18	1.26
125	0.2	0.320587	0.0785863	3.26	0.74	0.93
125	0.25	0.317096	0.087997	3.51	0.49	0.76
125	0.3	0.313525	0.0979452	3.7	0.3	0.7
125	0.35	0.313137	0.104925	3.81	0.19	0.65
125	0.4	0.311358	0.112605	3.92	0.08	0.6
130	0.1	0.270066	0.044661	2.21	1.79	1.74
130	0.15	0.285531	0.0636141	2.86	1.14	1.19
130	0.2	0.288313	0.0791986	3.36	0.64	0.8
130	0.25	0.288471	0.0877109	3.58	0.42	0.62
130	0.3	0.283999	0.0970948	3.77	0.23	0.46
130	0.35	0.281415	0.103183	3.87	0.13	0.41
130	0.4	0.280009	0.105769	3.91	0.09	0.39
135	0.1	0.265822	0.0369671	2.12	1.88	1.75
135	0.15	0.268891	0.0575275	2.73	1.27	1.25
135	0.2	0.274004	0.0746425	3.1	0.9	0.91
135	0.25	0.271157	0.0888616	3.46	0.54	0.68
135	0.3	0.272429	0.102463	3.73	0.27	0.52
135	0.35	0.271061	0.108499	3.84	0.16	0.46
135	0.4	0.273908	0.113381	3.93	0.07	0.42
140	0.1	0.23739	0.0357477	2.17	1.83	1.69
140	0.15	0.249901	0.0540573	2.81	1.19	1.16
140	0.2	0.246487	0.0706901	3.26	0.74	0.8
140	0.25	0.249518	0.0848652	3.53	0.47	0.63
140	0.3	0.246162	0.0960471	3.79	0.21	0.47
140	0.35	0.248572	0.103768	3.91	0.09	0.38
140	0.4	0.247072	0.105643	3.94	0.06	0.37
145	0.1	0.217909	0.0412159	2.36	1.64	1.54
145	0.15	0.223589	0.0597603	3.01	0.99	1
145	0.2	0.221965	0.0720008	3.41	0.59	0.71
145	0.25	0.220321	0.0820278	3.63	0.37	0.53
145	0.3	0.217351	0.0913231	3.82	0.18	0.36
145	0.35	0.217891	0.0958023	3.89	0.11	0.33
145	0.4	0.220294	0.101081	3.96	0.04	0.3
150	0.1	0.235407	0.0394437	2.37	1.63	1.52
150	0.15	0.231095	0.0585048	3.01	0.99	0.99
150	0.2	0.230157	0.0723743	3.43	0.57	0.61
150	0.25	0.229374	0.082144	3.67	0.33	0.43
150	0.3	0.226668	0.0880193	3.8	0.2	0.35
150	0.35	0.230048	0.0950484	3.92	0.08	0.28
150	0.4	0.229809	0.097823	3.96	0.04	0.26
155	0.1	0.204939	0.0410607	2.56	1.44	1.32
155	0.15	0.204032	0.0562583	3.15	0.85	0.8
155	0.2	0.204329	0.0665905	3.41	0.59	0.58
155	0.25	0.202239	0.0739211	3.6	0.4	0.41
155	0.3	0.200508	0.0829888	3.77	0.23	0.26
155	0.35	0.197752	0.090329	3.89	0.11	0.17
155	0.4	0.197013	0.096218	3.98	0.02	0.13
160	0.1	0.185913	0.0396937	2.5	1.5	1.42
160	0.15	0.191218	0.0566954	3.12	0.88	0.85
160	0.2	0.190847	0.0681076	3.5	0.5	0.52
160	0.25	0.190956	0.0764102	3.7	0.3	0.37
160	0.3	0.191314	0.0866759	3.9	0.1	0.22
160	0.35	0.191518	0.0914321	3.97	0.03	0.16
160	0.4	0.191518	0.0914321	3.97	0.03	0.16
165	0.1	0.18822	0.0434599	2.46	1.54	1.42
165	0.15	0.185486	0.0580044	3.08	0.92	0.91
165	0.2	0.181818	0.0721666	3.52	0.48	0.54
165	0.25	0.18094	0.0815873	3.77	0.23	0.35
165	0.3	0.183239	0.0902933	3.94	0.06	0.22
165	0.35	0.182905	0.0934421	3.99	0.01	0.2
165	0.4	0.182166	0.0941691	4	0	0.2
170	0.1	0.17756	0.0384196	2.78	1.22	1.1
170	0.15	0.175286	0.0570303	3.48	0.52	0.47
170	0.2	0.177116	0.0649165	3.72	0.28	0.29
170	0.25	0.174166	0.0720777	3.88	0.12	0.2
170	0.3	0.173656	0.0754114	3.95	0.05	0.14
170	0.35	0.173908	0.0771575	3.98	0.02	0.12
170	0.4	0.17361	0.077602	3.99	0.01	0.12
175	0.1	0.147965	0.0431178	2.88	1.12	1.09
175	0.15	0.145716	0.0550474	3.44	0.56	0.62
175	0.2	0.150223	0.0647894	3.73	0.27	0.36
175	0.25	0.14982	0.072937	3.93	0.07	0.23
175	0.3	0.148972	0.0755539	3.99	0.01	0.18
175	0.35	0.148456	0.0761465	4	0	0.18
175	0.4	0.148456	0.0761465	4	0	0.18
180	0.1	0.144249	0.036624	2.87	1.13	1.03
180	0.15	0.142094	0.0519091	3.54	0.46	0.44
180	0.2	0.144414	0.0619474	3.85	0.15	0.19
180	0.25	0.142922	0.0656464	3.95	0.05	0.11
180	0.3	0.142852	0.0660365	3.96	0.04	0.1
180	0.35	0.142723	0.066676	3.97	0.03	0.09
180	0.4	0.142824	0.0675675	3.98	0.02	0.09
185	0.1	0.143938	0.0380905	3.05	0.95	0.92
185	0.15	0.141576	0.0494702	3.54	0.46	0.54
185	0.2	0.139727	0.0589087	3.84	0.16	0.27
185	0.25	0.13981	0.0610308	3.9	0.1	0.23
185	0.3	0.139692	0.0638515	3.95	0.05	0.18
185	0.35	0.139423	0.0644855	3.96	0.04	0.18
185	0.4	0.140725	0.0652792	3.97	0.03	0.18
190	0.1	0.143466	0.0350891	3.2	0.8	0.75
190	0.15	0.139879	0.0454794	3.65	0.35	0.36
190	0.2	0.136421	0.0524721	3.86	0.14	0.16
190	0.25	0.135814	0.055818	3.94	0.06	0.09
190	0.3	0.13612	0.0568271	3.96	0.04	0.09
190	0.35	0.136004	0.0575468	3.97	0.03	0.09
190	0.4	0.136198	0.0592258	3.99	0.01	0.09
195	0.1	0.129174	0.0335003	3.35	0.65	0.61
195	0.15	0.128471	0.0427507	3.72	0.28	0.27
195	0.2	0.128034	0.0491401	3.92	0.08	0.1
195	0.25	0.128286	0.0499407	3.94	0.06	0.08
195	0.3	0.12818	0.050466	3.95	0.05	0.08
195	0.35	0.12818	0.050466	3.95	0.05	0.08
195	0.4	0.129119	0.0522076	3.97	0.03	0.08
200	0.1	0.0981734	0.0333526	3.58	0.42	0.4
200	0.15	0.0983539	0.0394293	3.87	0.13	0.14
200	0.2	0.0986601	0.0413443	3.93	0.07	0.08
200	0.25	0.099005	0.0422631	3.95	0.05	0.07
200	0.3	0.098853	0.042689	3.96	0.04	0.06
200	0.35	0.098853	0.042689	3.96	0.04	0.06
200	0.4	0.0996676	0.0435223	3.97	0.03	0.06
205	0.1	0.108292	0.0278791	3.6	0.4	0.38
205	0.15	0.107625	0.0339979	3.86	0.14	0.13
205	0.2	0.106875	0.0360816	3.92	0.08	0.07
205	0.25	0.107951	0.0370829	3.94	0.06	0.06
205	0.3	0.107951	0.0370829	3.94	0.06	0.06
205	0.35	0.10942	0.0384121	3.96	0.04	0.06
205	0.4	0.10942	0.0384121	3.96	0.04	0.06
210	0.1	0.115427	0.0272314	3.68	0.32	0.21
210	0.15	0.115916	0.031703	3.88	0.12	0.02
210	0.2	0.116042	0.0319682	3.89	0.11	0.01
210	0.25	0.115913	0.0325052	3.9	0.1	0.01
210	0.3	0.115913	0.0325052	3.9	0.1	0.01
210	0.35	0.115866	0.0333215	3.91	0.09	0.01
210	0.4	0.116073	0.0342518	3.92	0.08	0.01
215	0.1	0.101979	0.0202783	3.94	0.06	0.03
215	0.15	0.101773	0.0208826	3.97	0.03	0
215	0.2	0.101773	0.0208826	3.97	0.03	0
215	0.25	0.101893	0.0214318	3.98	0.02	0
215	0.3	0.102944	0.0220478	3.99	0.01	0
215	0.35	0.102944	0.0220478	3.99	0.01	0
215	0.4	0.102944	0.0220478	3.99	0.01	0
220	0.1	0.0987651	0.013095	3.96	0.04	0.02
220	0.15	0.0987651	0.013095	3.96	0.04	0.02
220	0.2	0.0987651	0.013095	3.96	0.04	0.02
220	0.25	0.0985427	0.0136571	3.97	0.03	0.02
220	0.3	0.0985427	0.0136571	3.97	0.03	0.02
220	0.35	0.0992529	0.0152475	3.99	0.01	0.02
220	0.4	0.0992529	0.0152475	3.99	0.01	0.02
225	0.1	0.0985574	0.00732228	3.91	0.09	0.01
225	0.15	0.0992228	0.00782047	3.93	0.07	0.01
225	0.2	0.0992228	0.00782047	3.93	0.07	0.01
225	0.25	0.101024	0.00889385	3.95	0.05	0.01
225	0.3	0.101024	0.00889385	3.95	0.05	0.01
225	0.35	0.101166	0.00972718	3.96	0.04	0.01
225	0.4	0.101214	0.0106768	3.97	0.03	0.01
230	0.1	0.0910029	0.000166667	3.87	0.13	0
230	0.15	0.0919213	0.000765957	3.89	0.11	0
230	0.2	0.0924308	0.00174422	3.91	0.09	0
230	0.25	0.0926282	0.00280853	3.93	0.07	0
230	0.3	0.0936736	0.0042371	3.95	0.05	0
230	0.35	0.0953765	0.00585024	3.97	0.03	0
230	0.4	0.0953765	0.00585024	3.97	0.03	0
