var	minCostFlow
50	0.130222
50	0.0776259
50	0.107678
50	0.144864
50	0.108085
50	0.186115
50	0.112033
50	0.219904
50	0.0312768
50	0.374962
50	0.0873131
50	0.165364
50	0.150959
50	0.260512
50	0.23128
50	0.14716
50	0.0799457
50	0.150366
50	0.0722445
50	0.115064
50	0.266803
50	0.200721
50	0.0810084
50	0.173406
50	0.0776878
50	0.0860271
50	0.152674
50	0.263926
50	0.155691
50	0.202232
50	0.208156
50	0.0888954
50	0.202756
50	0.300272
50	0.275019
50	0.218798
50	0.206115
50	0.167636
50	0.214086
50	0.170434
50	0.116022
50	0.247159
50	0.36444
50	0.180703
50	0.120662
50	0.186754
50	0.133114
50	0.156407
50	0.119961
50	0.146514
50	0.0814856
50	0.134369
50	0.231155
50	0.132181
50	0.209639
50	0.129415
50	0.0842602
50	0.267353
50	0.164811
50	0.124363
50	0.145875
50	0.265676
50	0.223205
50	0.147307
50	0.191134
50	0.245663
50	0.182609
50	0.212918
50	0.114896
50	0.176665
50	0.243316
50	0.196517
50	0.233629
50	0.159638
50	0.234005
50	0.183138
50	0.231993
50	0.208244
50	0.145827
50	0.203548
50	0.108726
50	0.281556
50	0.0983622
50	0.0591189
50	0.12599
50	0.149648
50	0.111911
50	0.154413
50	0.661705
50	0.184775
50	0.100276
50	0.0620846
50	0.243687
50	0.0801984
50	0.184513
50	0.208824
50	0.0706642
50	0.142992
50	0.161034
50	0.284867
55	0.263697
55	0.234747
55	0.163404
55	0.141872
55	0.148895
55	0.213376
55	0.25882
55	0.262425
55	0.270072
55	0.147251
55	0.22564
55	0.0836359
55	0.140791
55	0.230434
55	0.0709754
55	0.169023
55	0.240557
55	0.16755
55	0.172619
55	0.108397
55	0.230372
55	0.153322
55	0.154644
55	0.137503
55	0.0672206
55	0.069091
55	0.119357
55	0.212016
55	0.293504
55	0.160377
55	0.255517
55	0.226974
55	0.206949
55	0.125086
55	0.0717184
55	0.15508
55	0.104319
55	0.087693
55	0.233843
55	0.138713
55	0.143932
55	0.195455
55	0.116062
55	0.176514
55	0.189293
55	0.174672
55	0.204794
55	0.0779161
55	0.228656
55	0.207027
55	0.15133
55	0.0972804
55	0.0693166
55	0.152634
55	0.0870405
55	0.110548
55	0.208418
55	0.253782
55	0.0706121
55	0.228403
55	0.0805888
55	0.122379
55	0.17855
55	0.205944
55	0.225173
55	0.155612
55	0.109926
55	0.0973987
55	0.188549
55	0.161218
55	0.290752
55	0.194449
55	0.200485
55	0.144311
55	0.146417
55	0.0820894
55	0.204262
55	0.224491
55	0.0682826
55	0.135489
55	0.254965
55	0.194061
55	0.0990136
55	0.150098
55	0.117995
55	0.123718
55	0.0608086
55	0.286701
55	0.0419522
55	0.0475212
55	0.249588
55	0.180026
55	0.13378
55	0.155428
55	0.129703
55	0.0851046
55	0.155747
55	0.0364985
55	0.236756
55	0.113266
60	0.17191
60	0.160818
60	0.109832
60	0.247962
60	0.152425
60	0.247101
60	0.0918329
60	0.196723
60	0.0845192
60	0.269787
60	0.173552
60	0.0603558
60	0.12617
60	0.169462
60	0.11581
60	0.0877322
60	0.153641
60	0.195646
60	0.232605
60	0.14855
60	0.105793
60	0.105965
60	0.115732
60	0.0890982
60	0.14212
60	0.138828
60	0.0863448
60	0.629944
60	0.134434
60	0.0963817
60	0.069556
60	0.243018
60	0.0953698
60	0.123001
60	0.177538
60	0.0991639
60	0.0851981
60	0.241898
60	0.170446
60	0.136927
60	0.0903135
60	0.161222
60	0.168641
60	0.171741
60	0.208392
60	0.187583
60	0.747941
60	0.0992203
60	0.194433
60	0.226602
60	0.0765319
60	0.240693
60	0.130372
60	0.106301
60	0.089542
60	0.242107
60	0.11032
60	0.0984553
60	0.207151
60	0.130846
60	0.183036
60	0.192549
60	0.0864162
60	0.166454
60	0.259389
60	0.121
60	0.268691
60	0.257629
60	0.256618
60	0.139008
60	0.194831
60	0.105008
60	0.04819
60	0.210077
60	0.140286
60	0.254537
60	0.136051
60	0.0791007
60	0.0620843
60	0.150621
60	0.131469
60	0.249743
60	0.222632
60	0.246078
60	0.0298862
60	0.131964
60	0.105204
60	0.107194
60	0.173595
60	0.179303
60	0.112046
60	0.116428
60	0.21033
60	0.049451
60	0.144497
60	0.204289
60	0.229392
60	0.21495
60	0.14218
60	0.0780408
65	0.350152
65	0.117087
65	0.214929
65	0.177291
65	0.157253
65	0.1851
65	0.168397
65	0.201101
65	0.079142
65	0.0906737
65	0.186378
65	0.22105
65	0.150152
65	0.146481
65	0.216202
65	0.196757
65	0.0781386
65	0.147897
65	0.0240922
65	0.15246
65	0.210853
65	0.117225
65	0.148297
65	0.0929397
65	0.242588
65	0.133277
65	0.127277
65	0.142377
65	0.174512
65	0.160355
65	0.201796
65	0.177227
65	0.143166
65	0.111101
65	0.0976593
65	0.111561
65	0.185394
65	0.127471
65	0.180106
65	0.141996
65	0.0748875
65	0.191804
65	0.172372
65	0.0976683
65	0.159346
65	0.0775936
65	0.199773
65	0.208809
65	0.16
65	0.199717
65	0.263878
65	0.121111
65	0.177906
65	0.153317
65	0.191316
65	0.0783704
65	0.149227
65	0.0718603
65	0.121129
65	0.0994333
65	0.145834
65	0.162912
65	0.185073
65	0.128338
65	0.246317
65	0.10631
65	0.155947
65	0.134791
65	0.175847
65	0.167979
65	0.21814
65	0.173833
65	0.210289
65	0.0946629
65	0.120701
65	0.100506
65	0.0266667
65	0.114786
65	0.0721499
65	0.171734
65	0.120696
65	0.106473
65	0.195345
65	0.0984989
65	0.0750071
65	0.0935322
65	0.0832639
65	0.0864037
65	0.069368
65	0.22264
65	0.135438
65	0.123655
65	0.0371748
65	0.103142
65	0.0897569
65	0.111516
65	0.0811611
65	0.0604487
65	0.195302
65	0.108263
70	0.146325
70	0.168623
70	0.11851
70	0.0789814
70	0.180752
70	0.160084
70	0.0582129
70	0.117088
70	0.208537
70	0.193611
70	0.170831
70	0.12396
70	0.228851
70	0.184227
70	0.133095
70	0.115498
70	0.116003
70	0.169686
70	0.0868758
70	0.0852806
70	0.0602478
70	0.017723
70	0.213178
70	0.179334
70	0.183365
70	0.313862
70	0.0667365
70	0.190918
70	0.112483
70	0.131215
70	0.133999
70	0.152325
70	0.175642
70	0.100882
70	0.152538
70	0.145583
70	0.0798004
70	0.0972637
70	0.109771
70	0.156951
70	0.108683
70	0.0853555
70	0.195104
70	0.0711296
70	0.223679
70	0.151929
70	0.119158
70	0.0933409
70	0.0753845
70	0.283116
70	0.187812
70	0.108589
70	0.10249
70	0.0364371
70	0.288899
70	0.0994395
70	0.0213601
70	0.16222
70	0.113506
70	0.167777
70	0.109653
70	0.0991607
70	0.185709
70	0.0580061
70	0.196992
70	0.200531
70	0.08071
70	0.113672
70	0.188584
70	0.141659
70	0.0766535
70	0.224545
70	0.0977842
70	0.150784
70	0.206627
70	0.0664977
70	0.0796465
70	0.10903
70	0.123916
70	0.256334
70	0.0790114
70	0.275551
70	0.18306
70	0.0972673
70	0.173096
70	0.151853
70	0.0874251
70	0.0917828
70	0.219337
70	0.0735861
70	0.085345
70	0.0780341
70	0.140258
70	0.160539
70	0.151653
70	0.139065
70	0.104414
70	0.186666
70	0.0685306
70	0.179123
75	0.229593
75	0.135734
75	0.201328
75	0.126153
75	0.0880181
75	0.2009
75	0.244859
75	0.138845
75	0.15329
75	0.131923
75	0.0901832
75	0.0383356
75	0.248607
75	0.233363
75	0.0524792
75	0.20119
75	0.164895
75	0.176087
75	0.0817534
75	0.126702
75	0.15151
75	0.138547
75	0.09611
75	0.195275
75	0.188161
75	0.137269
75	0.0824423
75	0.196641
75	0.0992282
75	0.213329
75	0.227375
75	0.113125
75	0.128758
75	0.153952
75	0.162208
75	0.121621
75	0.111292
75	0.152904
75	0.108862
75	0.208363
75	0.137436
75	0.169685
75	0.343952
75	0.179074
75	0.124139
75	0.164042
75	0.0839913
75	0.140173
75	0.600429
75	0.183106
75	0.262081
75	0.0548502
75	0.153769
75	0.144664
75	0.184201
75	0.153223
75	0.0616234
75	0.0907906
75	0.218957
75	0.221639
75	0.150013
75	0.226274
75	0.100468
75	0.0188666
75	0.109341
75	0.113439
75	0.269138
75	0.146651
75	0.12853
75	0.191122
75	0.0575396
75	0.109678
75	0.103975
75	0.0366618
75	0.162456
75	0.219481
75	0.0544331
75	0.0634217
75	0.228812
75	0.0844793
75	0.130481
75	0.185195
75	0.152371
75	0.139607
75	0.0692833
75	0.130893
75	0.11754
75	0.0976112
75	0.148164
75	0.214528
75	0.147793
75	0.153011
75	0.0719139
75	0.178911
75	0.123025
75	0.179701
75	0.219575
75	0.0612175
75	0.0901635
75	0.139915
80	0.124593
80	0.24908
80	0.115894
80	0.080719
80	0.108019
80	0.208429
80	0.0637401
80	0.179695
80	0.0136364
80	0.0635749
80	0.221336
80	0.125191
80	0.0781309
80	0.0853601
80	0.255484
80	0.193649
80	0.0890667
80	0.072433
80	0.0574948
80	0.0580512
80	0.176885
80	0.155083
80	0.0895076
80	0.226601
80	0.0509249
80	0.200509
80	0.146842
80	0.120678
80	0.116986
80	0.0694837
80	0.118433
80	0.145497
80	0.144538
80	0.128394
80	0.125318
80	0.0510433
80	0.159354
80	0.0511386
80	0.185632
80	0.172061
80	0.242477
80	0.124376
80	0.14537
80	0.27442
80	0.0116132
80	0.200981
80	0.0975941
80	0.139891
80	0.160996
80	0.116446
80	0.131201
80	0.166117
80	0.0996986
80	0.073716
80	0.199585
80	0.158086
80	0.0642097
80	0.167008
80	0.0455678
80	0.12919
80	0.0887143
80	0.124321
80	0.206201
80	0.104795
80	0.0498325
80	0.0855406
80	0.141282
80	0.114938
80	0.175483
80	0.100389
80	0.239577
80	0.103625
80	0.168781
80	0.126412
80	0.220273
80	0.07286
80	0.0651046
80	0.0693175
80	0.0784277
80	0.254667
80	0.0752925
80	0.0613163
80	0.0403373
80	0.0794819
80	0.151209
80	0.0829668
80	0.103333
80	0.105202
80	0.236035
80	0.0414579
80	0.200015
80	0.00978261
80	0.0984183
80	0.220221
80	0.11437
80	0.334881
80	0.0626229
80	0.264314
80	0.142469
80	0.252165
85	0.25544
85	0.0639001
85	0.148696
85	0.162237
85	0.226953
85	0.068226
85	0.128986
85	0.160102
85	0.123092
85	0.151079
85	0.086929
85	0.119101
85	0.107544
85	0.0986906
85	0.119928
85	0.0435639
85	0.0771973
85	0.188337
85	0.163473
85	0.13488
85	0.0479202
85	0.249994
85	0.227124
85	0.110602
85	0.106964
85	0.0930079
85	0.127104
85	0.0658572
85	0.0880407
85	0.187624
85	0.158106
85	0.0718307
85	0.112525
85	0.143653
85	0.265544
85	0.181881
85	0.0483136
85	0.102755
85	0.123674
85	0.177286
85	0.0629266
85	0.0526789
85	0.28366
85	0.181575
85	0.265618
85	0.254365
85	0.395942
85	0.153224
85	0.0779984
85	0.0536152
85	0.0923396
85	0.0674332
85	0.0626455
85	0.109107
85	0.131156
85	0.471097
85	0.143799
85	0.060553
85	0.106149
85	0.174705
85	0.0174412
85	0.0745174
85	0.159832
85	0.145738
85	0.149911
85	0.123821
85	0.235399
85	0.257955
85	0.165256
85	0.133829
85	0.0708397
85	0.103137
85	0.140149
85	0.19274
85	0.244505
85	0.101648
85	0.10498
85	0.126882
85	0.238733
85	0.220463
85	0.0574632
85	0.142426
85	0.131094
85	0.141721
85	0.152204
85	0.157305
85	0.101248
85	0.0801298
85	0.2565
85	0.176331
85	0.0795608
85	0.153669
85	0.144886
85	0.190871
85	0.0831809
85	0.129127
85	0.14684
85	0.133843
85	0.247472
85	0.0705284
90	0.122281
90	0.0503417
90	0.17654
90	0.0849922
90	0.106103
90	0.134619
90	0.115167
90	0.0765674
90	0.0643766
90	0.0780461
90	0.117543
90	0.0786861
90	0.186787
90	0.0598203
90	0.105946
90	0.259203
90	0.183426
90	0.0373564
90	0.118182
90	0.206261
90	0.145584
90	0.138109
90	0.151397
90	0.12764
90	0.133499
90	0.134479
90	0.085783
90	0.177134
90	0.162749
90	0.040636
90	0.106057
90	0.0647166
90	0.0999651
90	0.104256
90	0.094891
90	0.0510279
90	0.101626
90	0.0824651
90	0.106435
90	0.163622
90	0.268551
90	0.184001
90	0.151422
90	0.132222
90	0.00331789
90	0.144393
90	0.113286
90	0.181299
90	0.0670217
90	0.0172326
90	0.253524
90	0.252009
90	0.145136
90	0.124768
90	0.149975
90	0.157502
90	0.139152
90	0.326786
90	0.136162
90	0.132809
90	0.0916426
90	0.0837181
90	0.0444444
90	0.173932
90	0.160376
90	0.157333
90	0.0810804
90	0.13936
90	0.115089
90	0.13013
90	0.193453
90	0.0147727
90	0.145641
90	0.177405
90	0.125782
90	0.209495
90	0.156986
90	0.234053
90	0.12401
90	0.189869
90	0.159819
90	0.238867
90	0.144489
90	0.1657
90	0.0516205
90	0.125487
90	0.0964371
90	0.300463
90	0.178516
90	0.149654
90	0.127306
90	0.0829936
90	0.0853811
90	0.0362934
90	0.0664073
90	0.0336088
90	0.135517
90	0.185411
90	0.0558303
90	0.102772
95	0.0524258
95	0.12167
95	0.0793492
95	0.240207
95	0.1751
95	0.119812
95	0.231531
95	0.133316
95	0.201981
95	0.0893143
95	0.0925108
95	0.0770011
95	0.0879986
95	0.113639
95	0.238743
95	0.0653839
95	0.120562
95	0.242523
95	0.106753
95	0.0980838
95	0.233427
95	0.10544
95	0.165751
95	0.122477
95	0.23906
95	0.168554
95	0.107109
95	0.191182
95	0.194166
95	0.169781
95	0.16199
95	0.162924
95	0.255253
95	0.227137
95	0.196872
95	0.155399
95	0.08739
95	0.177556
95	0.0894588
95	0.245079
95	0.110535
95	0.117961
95	0.0881302
95	0.105351
95	0.057262
95	0.174867
95	0.142716
95	0.10021
95	0.0694991
95	0.140796
95	0.0236713
95	0.107228
95	0.102168
95	0.172533
95	0.0316962
95	0.179785
95	0.0813886
95	0.119494
95	0.0521371
95	0.165916
95	0.0679795
95	0.157866
95	0.148327
95	0.155779
95	0.17396
95	0.0939784
95	0.166786
95	0.114098
95	0.0726208
95	0.205279
95	0.117435
95	0.185417
95	0.140058
95	0.117376
95	0.0808311
95	0.2309
95	0.065619
95	0.21644
95	0.157415
95	0.0425319
95	0.0976965
95	0.0531915
95	0.0860162
95	0.233386
95	0.181056
95	0.07715
95	0.0547188
95	0.39051
95	0.140158
95	0.222783
95	0.243956
95	0.173856
95	0.0722917
95	0.117673
95	0.210903
95	0.0551461
95	0.118747
95	0.0844873
95	0.110408
95	0.0774468
100	0.0861645
100	0.227812
100	0.169242
100	0.0931702
100	0.0928945
100	0.0734275
100	0.0778334
100	0.0731265
100	0.20691
100	0.149122
100	0.0970679
100	0.0401325
100	0.0750623
100	0.0893104
100	0.170123
100	0.0932132
100	0.133054
100	0.110793
100	0.190729
100	0.158985
100	0.130103
100	0.192523
100	0.167406
100	0.110331
100	0.185953
100	0.0578054
100	0.103811
100	0.146085
100	0.253174
100	0.22083
100	0.119125
100	0.0637068
100	0.0773821
100	0.0855131
100	0.176595
100	0.0717482
100	0.0275535
100	0.0568445
100	0.0634783
100	0.160079
100	0.101839
100	0.202501
100	0.168049
100	0.131168
100	0.080152
100	0.120947
100	0.0833246
100	0.110592
100	0.0342118
100	0.0931169
100	0.0962594
100	0.155312
100	0.0716595
100	0.10086
100	0.0624746
100	0.115293
100	0.0982951
100	0.15163
100	0.240125
100	0.218476
100	0.0403392
100	0.0665379
100	0.0806898
100	0.123632
100	0.194958
100	0.0913739
100	0.0954813
100	0.187245
100	0.221586
100	0.181173
100	0.172607
100	0.0870844
100	0.122864
100	0.317857
100	0.0722977
100	0.260682
100	0.0937142
100	0.0542659
100	0.0679382
100	0.0610693
100	0.211868
100	0.123933
100	0.115164
100	0.125039
100	0.0966566
100	0.104416
100	0.158797
100	0.144116
100	0.12673
100	0.145163
100	0.0613218
100	0.139164
100	0.270731
100	0.167776
100	0.0414856
100	0.079331
100	0.0642272
100	0.0584492
100	0.153935
100	0.0385206
105	0.0530257
105	0.10457
105	0.0340207
105	0.0926274
105	0.0596645
105	0.138022
105	0.189308
105	0.166724
105	0.625315
105	0.111532
105	0.103056
105	0.0851098
105	0.0465639
105	0.0502099
105	0.120504
105	0.0913258
105	0.0920222
105	0.165406
105	0.100615
105	0.127129
105	0.137539
105	0.0465397
105	0.10353
105	0.102684
105	0.0854485
105	0.120152
105	0.120725
105	0.0394847
105	0.158196
105	0.146506
105	0.372688
105	0.211667
105	0.100148
105	0.157692
105	0.0550043
105	0.196692
105	0.0995006
105	0.15804
105	0.0796586
105	0.191365
105	0.0969345
105	0.0862172
105	0.127965
105	0.189443
105	0.186974
105	0.28101
105	0.180237
105	0.283016
105	0.188672
105	0.0856889
105	0.162963
105	0.0420633
105	0.0607709
105	0.134942
105	0.154197
105	0.213853
105	0.0699182
105	0.241598
105	0.18303
105	0.140077
105	0.0759886
105	0.144996
105	0.352725
105	0.0651919
105	0.110439
105	0.115391
105	0.233704
105	0.0663571
105	0.197544
105	0.0898759
105	0.159484
105	0.125824
105	0.0611343
105	0.109696
105	0.103571
105	0.225809
105	0.0718943
105	0.10408
105	0.0646569
105	0.104292
105	0.231293
105	0.205244
105	0.122376
105	0.168544
105	0.299825
105	0.109759
105	0.206444
105	0.0151809
105	0.14668
105	0.0543886
105	0.0914872
105	0.223795
105	0.101485
105	0.108104
105	0.118312
105	0.11651
105	0.105128
105	0.0466384
105	0.0982333
105	0.152069
110	0.0514428
110	0.103629
110	0.0661874
110	0.137593
110	0.0393786
110	0.223862
110	0.0788796
110	0.235489
110	0.201499
110	0.224001
110	0.133847
110	0.0904857
110	0.192764
110	0.0202027
110	0.173122
110	0.170014
110	0.164312
110	0.0172021
110	0.0634061
110	0.0406472
110	0.103054
110	0.0568048
110	0.0753613
110	0.180687
110	0.0292305
110	0.319613
110	0.0741929
110	0.0667679
110	0.115729
110	0.097396
110	0.128224
110	0.140555
110	0.0483402
110	0.0996761
110	0.0500731
110	0.273944
110	0.167654
110	0.0177611
110	0.454115
110	0.144885
110	0.10133
110	0.207938
110	0.270061
110	0.117431
110	0.25217
110	0.109624
110	0.140011
110	0.0858944
110	0.0713822
110	0.21743
110	0.106821
110	0.100881
110	0.0605927
110	0.0322917
110	0.13323
110	0.068898
110	0.0064102
110	0.113972
110	0.0422661
110	0.243752
110	0.36967
110	0.0395234
110	0.0598937
110	0.166839
110	0.11535
110	0.114414
110	0.208799
110	0.319224
110	0.0570675
110	0.142469
110	0.101042
110	0.102222
110	0.23984
110	0.100602
110	0.115856
110	0.079833
110	0.133255
110	0.166395
110	0.102085
110	0.131424
110	0.119399
110	0.420587
110	0.0993245
110	0.109716
110	0.183469
110	0.0440166
110	0.254164
110	0.24439
110	0.0622057
110	0.362039
110	0.0656491
110	0.177723
110	0.164846
110	0.0608266
110	0.16947
110	0.139213
110	0.255741
110	0.249639
110	0.064625
110	0.150255
115	0.141837
115	0.126422
115	0.203461
115	0.298305
115	0.145398
115	0.149031
115	0.335867
115	0.282231
115	0.0294418
115	0.120064
115	0.265869
115	0.244669
115	0.164222
115	0.0741369
115	0.183955
115	0.0857408
115	0.135655
115	0.377131
115	0.375283
115	0.0399711
115	0.269137
115	0.214823
115	0.209177
115	0.113438
115	0.153991
115	0.212408
115	0.138005
115	0.301113
115	0.124967
115	0.0720497
115	0.306746
115	0.0890667
115	0.10385
115	0.0765651
115	0.074211
115	0.275662
115	0.0322222
115	0.27199
115	0.0609178
115	0.1216
115	0.0681172
115	0.0287277
115	0.123685
115	0.194672
115	0.299468
115	0.111826
115	0.219085
115	0.0179906
115	0.111513
115	0.260271
115	0.0928542
115	0.0542189
115	0.0857778
115	0.0264215
115	0.35046
115	0.134491
115	0.155223
115	0.213725
115	0.474507
115	0.0495923
115	0.378741
115	0.217825
115	0.271277
115	0.117043
115	0.291708
115	0.147834
115	0.0627757
115	0.215854
115	0.15231
115	0.219913
115	0.105545
115	0.271555
115	0.159642
115	0.187055
115	0.205961
115	0.023286
115	0.0512769
115	0.266533
115	0.139013
115	0.26357
115	0.144418
115	0.142293
115	0.0642263
115	0.176555
115	0.235828
115	0.0742746
115	0.131441
115	0.100777
115	0.277124
115	0.0490308
115	0.204545
115	0.271589
115	0.0615889
115	0.255638
115	0.245313
115	0.320192
115	0.0755509
115	0.110729
115	0.166213
115	0.0662107
120	0.142369
120	0.0848268
120	0.104255
120	0.139561
120	0.125
120	0.250831
120	0.278062
120	0.172466
120	0.0894872
120	0.488943
120	0.127658
120	0.0772661
120	0.0835288
120	0.0681222
120	0.132022
120	0.0973772
120	0.0853119
120	0.118946
120	0.141688
120	0.0884548
120	0.132986
120	0.0523256
120	0.243333
120	0.31079
120	0.0998951
120	0.159794
120	0.401784
120	0.0795145
120	0.0887847
120	0.118603
120	0.0984328
120	0.122579
120	0.134082
120	0.0623173
120	0.133473
120	0.117375
120	0.413751
120	0.29269
120	0.0572917
120	0.108447
120	0.162944
120	0.201932
120	0.101232
120	0.0944168
120	0.289686
120	0.122295
120	0.147872
120	0.0788306
120	0.103178
120	0.318502
120	0.0729988
120	0.16539
120	0.0760729
120	0.19257
120	0.144377
120	0.0621292
120	0.123998
120	0.310152
120	0.0914105
120	0.130872
120	0.137565
120	0.078278
120	0.157875
120	0.0540906
120	0.191739
120	0.0886138
120	0.218406
120	0.124362
120	0.0931629
120	0.379956
120	0.0661284
120	0.206724
120	0.117568
120	0.180815
120	0.307374
120	0.128587
120	0.260874
120	0.193389
120	0.122876
120	0.0174866
120	0.341395
120	0.505459
120	0.106925
120	0.259623
120	0.306736
120	0.232387
120	0.183503
120	0.236633
120	0.146782
120	0.163305
120	0.041443
120	0.111216
120	0.0763532
120	0.458822
120	0.040627
120	0.12789
120	0.169433
120	0.0517945
120	0.367687
120	0.129348
125	0.125781
125	0.101306
125	0.0997497
125	0.15337
125	0.17232
125	0.0827143
125	0.0854886
125	0.213441
125	0.247765
125	0.371658
125	0.11339
125	0.225076
125	0.0855348
125	0.127491
125	0.24251
125	0.127376
125	0.224471
125	0.180588
125	0.0765213
125	0.0977831
125	0.118572
125	0.0939466
125	0.127285
125	0.24248
125	0.219642
125	0.17926
125	0.104011
125	0.275755
125	0.0642896
125	0.0532385
125	0.281144
125	0.0542553
125	0.10317
125	0.0863334
125	0.216048
125	0.228945
125	0.168697
125	0.192905
125	0.0838156
125	0.149835
125	0.210787
125	0.224496
125	0.0987444
125	0.293534
125	0.194809
125	0.273319
125	0.203744
125	0.296398
125	0.104707
125	0.0879008
125	0.128185
125	0.293509
125	0.298293
125	0.216291
125	0.124789
125	0.216081
125	0.075
125	0.142649
125	0.101621
125	0.103917
125	0.255742
125	0.128118
125	0.116774
125	0.08438
125	0.196734
125	0.149284
125	0.0687678
125	0.0904255
125	0.226342
125	0.0719857
125	0.0839647
125	0.112575
125	0.237028
125	0.259268
125	0.144215
125	0.133644
125	0.140602
125	0.0625879
125	0.195539
125	0.223003
125	0.129308
125	0.307514
125	0.0311111
125	0.0695652
125	0.180805
125	0.147862
125	0.104144
125	0.0509874
125	0.176565
125	0.0739679
125	0.163448
125	0.127701
125	0.219339
125	0.260075
125	0.0985699
125	0.105844
125	0.0982274
125	0.1625
125	0.0895043
125	0.232964
130	0.0972842
130	0.339857
130	0.127608
130	0.156387
130	0.183354
130	0.201462
130	0.179669
130	0.126453
130	0.181725
130	0.0891565
130	0.0332439
130	0.132549
130	0.110418
130	0.13402
130	0.0777656
130	0.150399
130	0.0247435
130	0.2349
130	0.0595325
130	0.131735
130	0.0918562
130	0.122248
130	0.0565046
130	0.0997854
130	0.310953
130	0.0870544
130	0.110643
130	0.100952
130	0.132769
130	0.0727635
130	0.0392065
130	0.209533
130	0.28649
130	0.367785
130	0.122268
130	0.268818
130	0.0940911
130	0.169878
130	0.201847
130	0.0744204
130	0.342787
130	0.052994
130	0.111951
130	0.0907704
130	0.122767
130	0.120597
130	0.139698
130	0.125678
130	0.143614
130	0.0510645
130	0.118742
130	0.157054
130	0.0955363
130	0.199881
130	0.0830404
130	0.191485
130	0.101795
130	0.272052
130	0.132191
130	0.247771
130	0.102221
130	0.115886
130	0.111513
130	0.232292
130	0.177551
130	0.17317
130	0.154773
130	0.228464
130	0.113333
130	0.0998946
130	0.335328
130	0.164052
130	0.0491933
130	0.136407
130	0.170781
130	0.126159
130	0.0814745
130	0.0674834
130	0.171698
130	0.015848
130	0.123189
130	0.155941
130	0.239719
130	0.179689
130	0.201922
130	0.120207
130	0.110205
130	0.135948
130	0.057457
130	0.270144
130	0.153056
130	0.200001
130	0.218503
130	0.0322222
130	0.061553
130	0.116776
130	0.0630952
130	0.154242
130	0.0829256
130	0.125586
135	0.0528329
135	0.0581855
135	0.05
135	0.1
135	0.130243
135	0.232492
135	0.250022
135	0.155
135	0.146796
135	0.110918
135	0.153472
135	0.0952093
135	0.0931662
135	0.177041
135	0.0910627
135	0.191646
135	0.147154
135	0.167365
135	0.0891082
135	0.21347
135	0.189125
135	0.0108696
135	0.0414601
135	0.229346
135	0.153914
135	0.187589
135	0.214506
135	0.20089
135	0.298498
135	0.0912987
135	0.0578227
135	0.149816
135	0.16072
135	0.178412
135	0.19975
135	0.0732523
135	0.163993
135	0.191352
135	0.0598567
135	0.190531
135	0.069755
135	0.043587
135	0.178332
135	0.0809668
135	0.100035
135	0.0278655
135	0.0898325
135	0.150062
135	0.232121
135	0.272939
135	0.538481
135	0.0670825
135	0.255716
135	0.21741
135	0.151517
135	0.082465
135	0.124274
135	0.22646
135	0.1706
135	0.0950815
135	0.306813
135	0.191708
135	0.0608752
135	0.0470682
135	0.0808129
135	0.124149
135	0.140946
135	0.154378
135	0.0797244
135	0.324585
135	0.199844
135	0.0990276
135	0.0773876
135	0.108553
135	0.158627
135	0.133
135	0.136779
135	0.29418
135	0.205033
135	0.0548612
135	0.0779088
135	0.068587
135	0.377835
135	0.364825
135	0.26723
135	0.275105
135	0.225366
135	0.353696
135	0.206807
135	0.0769729
135	0.0454588
135	0.125686
135	0.222868
135	0.105209
135	0.329827
135	0.18337
135	0.0375615
135	0.120524
135	0.171814
135	0.0832944
140	0.15249
140	0.21641
140	0.162868
140	0.156207
140	0.251231
140	0.0966043
140	0.202623
140	0.108922
140	0.0861396
140	0.00815668
140	0.103333
140	0.057643
140	0.040895
140	0.0865034
140	0.129589
140	0.183696
140	0.0940301
140	0.12624
140	0.122002
140	0.126034
140	0.153407
140	0.092692
140	0.0998173
140	0.189287
140	0.442338
140	0.14344
140	0.109379
140	0.113157
140	0.18576
140	0.200758
140	0.0417873
140	0.134713
140	0.0297768
140	0.0978902
140	0.115535
140	0.169445
140	0.0314247
140	0.0913166
140	0.133954
140	0.172907
140	0.110337
140	0.081526
140	0.063521
140	0.0438024
140	0.113523
140	0.12355
140	0.0650124
140	0.0622192
140	0.187373
140	0.108791
140	0.0754051
140	0.192168
140	0.0584112
140	0.0452467
140	0.13133
140	0.05
140	0.100648
140	0.0233993
140	0.341868
140	0.147777
140	0.154742
140	0.1469
140	0.233872
140	0.0432837
140	0.157175
140	0.103789
140	0.1403
140	0.120248
140	0.130029
140	0.0766417
140	0.169188
140	0.103708
140	0.17898
140	0.222975
140	0.122788
140	0.0380637
140	0.219605
140	0.22626
140	0.0659145
140	0.0675007
140	0.257465
140	0.0793478
140	0.203312
140	0.144753
140	0.0272727
140	0.210326
140	0.133782
140	0.0853795
140	0.288479
140	0.211913
140	0.0276349
140	0.0715746
140	0.407437
140	0.408132
140	0.101857
140	0.337583
140	0.106439
140	0.235791
140	0.135309
140	0.0595979
145	0.231934
145	0.05287
145	0.0929623
145	0.109341
145	0.255297
145	0.129221
145	0.0844289
145	0.202949
145	0.152496
145	0.0526866
145	0.298507
145	0.0360181
145	0.0887444
145	0.216802
145	0.12073
145	0.121195
145	0.043617
145	0.0528651
145	0.0745745
145	0.196995
145	0.134325
145	0.17671
145	0.145113
145	0.175107
145	0.224352
145	0.0929299
145	0.130017
145	0.139483
145	0.266556
145	0.0766223
145	0.0892538
145	0.0912788
145	0.107165
145	0.140175
145	0.136402
145	0.0506806
145	0.0722131
145	0.0720243
145	0.141576
145	0.158074
145	0.172763
145	0.172836
145	0.0366667
145	0.0295911
145	0.0914894
145	0.121267
145	0.16598
145	0.0638698
145	0.133699
145	0.113639
145	0.181029
145	0.175351
145	0.0755854
145	0.232034
145	0.118015
145	0.1298
145	0.112275
145	0.0937281
145	0.10137
145	0.207292
145	0.142225
145	0.0574916
145	0.507815
145	0.116578
145	0.105583
145	0.0684783
145	0.0972832
145	0.107057
145	0.077761
145	0.106189
145	0.132232
145	0.0931837
145	0.0774716
145	0.261555
145	0.148004
145	0.0325581
145	0.0931207
145	0.235823
145	0.137882
145	0.0552322
145	0.0828851
145	0.0200772
145	0.0982407
145	0.134288
145	0.0733124
145	0.109947
145	0.0462346
145	0.0679742
145	0.146781
145	0.0584753
145	0.0335512
145	0.0674348
145	0.300728
145	0.166842
145	0.155009
145	0.150871
145	0.139435
145	0.118287
145	0.0845519
145	0.0735881
150	0.114257
150	0.0769595
150	0.187614
150	0.164635
150	0.165415
150	0.0274069
150	0.0627091
150	0.106237
150	0.150872
150	0.156209
150	0.053788
150	0.166573
150	0.192478
150	0.195118
150	0.178007
150	0.103314
150	0.0352932
150	0.0496638
150	0
150	0.107686
150	0.0938455
150	0.146442
150	0.0380538
150	0.129148
150	0.117068
150	0.116721
150	0.00894332
150	0.0473619
150	0.140177
150	0.195243
150	0.025
150	0.101682
150	0.164448
150	0.0655841
150	0.117436
150	0.0702114
150	0.13824
150	0.110161
150	0.0771328
150	0.126156
150	0.133996
150	0.177848
150	0.137579
150	0.125116
150	0.106306
150	0.0982493
150	0.306416
150	0.0733246
150	0.0488026
150	0.142127
150	0.0988324
150	0.133982
150	0.0991912
150	0.100078
150	0.0724865
150	0.240922
150	0.0808146
150	0.0641311
150	0.0853901
150	0.0897727
150	0.150114
150	0.117341
150	0.0471364
150	0.0422898
150	0.142315
150	0.03
150	0.0494868
150	0.0525607
150	0.0921424
150	0.0644718
150	0.137281
150	0.146002
150	0.183878
150	0.0242577
150	0.261984
150	0.120386
150	0.0338202
150	0.134186
150	0.0426022
150	0.100202
150	0.0375
150	0.116728
150	0.0933416
150	0.112412
150	0.139643
150	0.115978
150	0.199127
150	0.118683
150	0.190229
150	0.0956336
150	0.0906977
150	0.163288
150	0.0703266
150	0.130435
150	0.310969
150	0.164127
150	0.107139
150	0.0995251
150	0.106093
150	0.173669
155	0.05875
155	0.177304
155	0.233544
155	0.137331
155	0.139966
155	0.137071
155	0.0106383
155	0.0664712
155	0.133684
155	0.100784
155	0.12956
155	0.0961005
155	0.0954697
155	0.151433
155	0.147707
155	0.0942429
155	0.0580199
155	0.0658266
155	0.0357143
155	0.056197
155	0.103354
155	0.0797878
155	0.0911019
155	0.0412014
155	0.0773924
155	0.141016
155	0.114975
155	0.275495
155	0.223915
155	0.0772916
155	0.16021
155	0.0324275
155	0.121179
155	0.103993
155	0.130363
155	0.0430997
155	0.154333
155	0.0653343
155	0.152626
155	0.120235
155	0.119276
155	0.148376
155	0.0514597
155	0.14881
155	0.0602866
155	0.134533
155	0.0968855
155	0.0724511
155	0.138902
155	0.0379267
155	0.093898
155	0.163995
155	0.0170455
155	0.129264
155	0.0650499
155	0.136596
155	0.0444771
155	0.0690425
155	0.0317867
155	0.0255556
155	0.0455956
155	0.163167
155	0.0884912
155	0.0865642
155	0.0211111
155	0.039265
155	0.147368
155	0.219686
155	0.0721743
155	0.151955
155	0.0684629
155	0.0275965
155	0.0937675
155	0.0357713
155	0.142357
155	0.122288
155	0.365123
155	0.0707265
155	0.269856
155	0.150639
155	0.0597682
155	0.167191
155	0.127767
155	0.174468
155	0.145198
155	0.0986888
155	0.0596072
155	0.0939778
155	0.138831
155	0.0543547
155	0.0970426
155	0.110516
155	0.108539
155	0.0749205
155	0.238564
155	0.150243
155	0.153571
155	0.254267
155	0.0875
155	0.0302421
160	0.154451
160	0.2171
160	0.0335248
160	0.080293
160	0.149198
160	0.189721
160	0.0567559
160	0.187538
160	0.134867
160	0.0834746
160	0.0629366
160	0.067451
160	0.204545
160	0.0748515
160	0.147317
160	0.0836009
160	0.0835968
160	0.133485
160	0.125174
160	0.0662287
160	0.0418175
160	0.165345
160	0.0699317
160	0.11874
160	0.0980483
160	0.138133
160	0.0521739
160	0.129945
160	0.0895366
160	0.0521739
160	0.128187
160	0.194622
160	0.101168
160	0.0778852
160	0.0643295
160	0.0484333
160	0.0457447
160	0.100328
160	0.0487788
160	0.025
160	0.0276802
160	0.0998546
160	0.0435512
160	0.0816327
160	0.0379644
160	0.158061
160	0.132507
160	0.15285
160	0.114091
160	0.150545
160	0.0838888
160	0.0457987
160	0.0900713
160	0.079677
160	0.0961934
160	0.181749
160	0.146285
160	0.301987
160	0.0365791
160	0.103126
160	0.0469689
160	0.122247
160	0.161022
160	0.085637
160	0.0801544
160	0.110679
160	0.051814
160	0.0343054
160	0.114721
160	0.115442
160	0.10931
160	0.0686638
160	0.104503
160	0.0692887
160	0.0901354
160	0.0619719
160	0.118843
160	0.0103877
160	0.037682
160	0.0815271
160	0.0612592
160	0.0973941
160	0.192723
160	0.242834
160	0.112698
160	0.106729
160	0.101432
160	0.315273
160	0.114404
160	0.0702053
160	0.119625
160	0.0684839
160	0.223565
160	0.0937947
160	0.0796511
160	0.0405661
160	0.221391
160	0.0754258
160	0.0742194
160	0.0076087
165	0.0767184
165	0.184602
165	0.16178
165	0.18069
165	0.0506855
165	0.0873677
165	0.057874
165	0.0540053
165	0.11834
165	0.0996404
165	0.118284
165	0.156383
165	0.246709
165	0.0723272
165	0.0673887
165	0.0816602
165	0.100904
165	0.0470985
165	0.185398
165	0.100186
165	0.135337
165	0.0858783
165	0.0403396
165	0.220144
165	0.098804
165	0.0367828
165	0.0137352
165	0.0758137
165	0.062924
165	0.119142
165	0.0863636
165	0.148829
165	0.106219
165	0.0386366
165	0.217449
165	0.0722222
165	0.117363
165	0.109369
165	0.0641989
165	0.0425394
165	0.0995399
165	0.097395
165	0.075
165	0.0769074
165	0.0430961
165	0.0816574
165	0.197183
165	0.124728
165	0.0830306
165	0.298923
165	0.0693226
165	0.180531
165	0.0475729
165	0.252715
165	0.176664
165	0.0851369
165	0.0806526
165	0.122031
165	0.0978496
165	0.0829784
165	0.222892
165	0.126598
165	0.116892
165	0.0814775
165	0.065227
165	0.117679
165	0.0963498
165	0.0682222
165	0.0158537
165	0.0621951
165	0.0477273
165	0.0325581
165	0.0776721
165	0.138667
165	0.0757076
165	0.0554806
165	0.0894401
165	0.104514
165	0.182301
165	0.29755
165	0.030881
165	0.140015
165	0.161238
165	0.188056
165	0.116624
165	0.127916
165	0.0925131
165	0.0877661
165	0.0544619
165	0.077599
165	0.135271
165	0.0411111
165	0.0709637
165	0.0441628
165	0.0613673
165	0.0896715
165	0.0815983
165	0.165517
165	0.0963761
165	0.188099
170	0.0455839
170	0.154714
170	0.0730223
170	0.0808073
170	0.115024
170	0.0732959
170	0.0908611
170	0.0229003
170	0.183564
170	0.139098
170	0.0188889
170	0.10804
170	0.0311111
170	0.044186
170	0.110973
170	0.0573449
170	0.0566667
170	0.115235
170	0.100599
170	0.242658
170	0.145238
170	0.0449337
170	0.0461538
170	0.11339
170	0.128755
170	0.080268
170	0.189244
170	0.0636665
170	0.0636621
170	0.111445
170	0.0569464
170	0.0661314
170	0.0628594
170	0.0377812
170	0.0436769
170	0.0299166
170	0.0363464
170	0.0625959
170	0.130275
170	0.0838078
170	0.0339123
170	0.155074
170	0.0576737
170	0.0789359
170	0.0402439
170	0.0451171
170	0.0412284
170	0.0988105
170	0.0749744
170	0.256928
170	0.0811108
170	0.122607
170	0.0382979
170	0.0719692
170	0.0606589
170	0.0703376
170	0.0782179
170	0.0335777
170	0.0428323
170	0.189543
170	0.0564803
170	0.0931595
170	0.0829834
170	0.0348454
170	0.117849
170	0.0313953
170	0.0840783
170	0.124841
170	0.109634
170	0.0783216
170	0.0866667
170	0.193543
170	0.0181818
170	0.0577778
170	0.0817648
170	0.0463345
170	0.0478723
170	0.0726982
170	0.0333333
170	0.0755967
170	0.199591
170	0.120405
170	0.128371
170	0.0298644
170	0.180413
170	0.106823
170	0.0718082
170	0.0426602
170	0.0445086
170	0.0747117
170	0.0669222
170	0.121024
170	0.079813
170	0.0614343
170	0.08037
170	0.0507843
170	0.096508
170	0.0575809
170	0.0287234
170	0.0288508
175	0.0643087
175	0.0587106
175	0.0829221
175	0.0750156
175	0.0990585
175	0.0546512
175	0.0861702
175	0.0651955
175	0.0739721
175	0.07784
175	0.0198769
175	0.195051
175	0.16254
175	0.0858442
175	0.0797908
175	0.123033
175	0.270078
175	0.0517634
175	0.0727857
175	0.088248
175	0.0837061
175	0.0583883
175	0.037234
175	0.0948689
175	0.0367634
175	0.1063
175	0.127996
175	0.0657858
175	0.0679437
175	0.0375221
175	0.167089
175	0.106501
175	0.077907
175	0.0452536
175	0.0894416
175	0.0559573
175	0.0283333
175	0.117689
175	0.0343154
175	0.0597826
175	0.0848247
175	0.0703892
175	0.0363855
175	0.0329228
175	0.0634801
175	0.0702362
175	0.0228582
175	0.0627711
175	0.0582805
175	0.045701
175	0.0949409
175	0.0605556
175	0.12612
175	0.0972244
175	0.0849219
175	0.0581071
175	0.0192772
175	0.13871
175	0.0979167
175	0.0344834
175	0.0490923
175	0.0646934
175	0.0389223
175	0.0670467
175	0.0605846
175	0.0259006
175	0.065416
175	0.10213
175	0.101423
175	0.0950557
175	0.0383455
175	0.0372585
175	0.105882
175	0.152089
175	0.103568
175	0.0139535
175	0.0797135
175	0.16215
175	0.194071
175	0.0566142
175	0.0745202
175	0.131478
175	0.00957447
175	0.0983358
175	0.0432855
175	0.0316901
175	0.0928407
175	0.0333333
175	0.0829545
175	0.157715
175	0.0515076
175	0.0564869
175	0.0423913
175	0.232587
175	0.186108
175	0.0777664
175	0.098064
175	0.065596
175	0.200017
175	0.0505612
180	0.00340909
180	0.225878
180	0.0223404
180	0.127302
180	0.0520833
180	0.0418258
180	0.0759146
180	0.0518205
180	0.0423752
180	0.0297998
180	0.0900852
180	0.0684303
180	0.0586545
180	0.105907
180	0.0505667
180	0.102273
180	0.0899473
180	0.0397437
180	0.0487581
180	0.0675945
180	0.0801449
180	0.0520479
180	0.0551567
180	0.0303091
180	0.02
180	0.101082
180	0.0819251
180	0.0819087
180	0.153955
180	0.0403197
180	0.0158361
180	0.0989919
180	0.0474901
180	0.0401339
180	0.0261437
180	0.0257423
180	0.0524773
180	0.102657
180	0.0865006
180	0.0988157
180	0.130785
180	0.131765
180	0.086057
180	0.0285316
180	0.0487508
180	0.0439623
180	0.0930196
180	0.0330925
180	0.0968155
180	0.0866449
180	0.0910614
180	0.0592944
180	0.0509881
180	0.0698427
180	0.170538
180	0.00833333
180	0.0518939
180	0.0262796
180	0.0566345
180	0.046554
180	0.0875062
180	0.0436053
180	0.0446809
180	0.0888562
180	0.0662791
180	0.0339115
180	0.0113636
180	0.101193
180	0.111817
180	0.0516257
180	0.0561228
180	0.091252
180	0.0873241
180	0.085868
180	0.0315217
180	0.150212
180	0.124103
180	0.0193613
180	0.0628714
180	0.0400796
180	0.0643693
180	0.0915203
180	0.0317568
180	0.0724812
180	0.0461833
180	0.0305214
180	0.0383292
180	0.117892
180	0.130474
180	0.0904432
180	0.0445822
180	0.107528
180	0.0679928
180	0.139593
180	0.0622222
180	0.182799
180	0.0788889
180	0.0736264
180	0.0792809
180	0.11424
185	0.0661063
185	0.0586343
185	0.0461853
185	0.0878926
185	0.0417939
185	0.0988636
185	0.0552977
185	0.0508075
185	0.0727448
185	0.0304295
185	0.0579879
185	0.00516529
185	0.0682011
185	0.0267442
185	0.0457712
185	0.0254782
185	0.0178571
185	0.0301007
185	0.0962402
185	0.143928
185	0.130851
185	0.05
185	0.0177778
185	0.0366681
185	0.0784727
185	0.131352
185	0.0618448
185	0.127532
185	0.0277948
185	0.0669576
185	0.058224
185	0.0680403
185	0.0678071
185	0.112527
185	0.0987119
185	0.0978047
185	0.0468061
185	0.0497887
185	0.121937
185	0.0134447
185	0.123296
185	0.0625465
185	0.0802289
185	0.117259
185	0.11634
185	0.0481006
185	0.0928879
185	0.0951399
185	0.0385701
185	0.100342
185	0.0616574
185	0.0638379
185	0.0507149
185	0.134451
185	0.0516246
185	0.103815
185	0.0624992
185	0.0272983
185	0.0252195
185	0.0750748
185	0.0720822
185	0.136849
185	0.131017
185	0.0667592
185	0.112026
185	0.0560606
185	0.0914962
185	0.0531915
185	0.0542328
185	0.102651
185	0.0477778
185	0.0913071
185	0.0714391
185	0.129055
185	0.0864748
185	0.0410063
185	0.115435
185	0.0415419
185	0.0720187
185	0.138235
185	0.0861184
185	0.0539696
185	0.0408825
185	0.0556818
185	0.0906126
185	0.0638107
185	0.0684783
185	0.0429684
185	0.0367585
185	0.027907
185	0.123649
185	0.0497843
185	0.0191489
185	0.0228261
185	0.0277778
185	0.0428571
185	0.042036
185	0.0593527
185	0.0102273
185	0.129542
190	0.0413043
190	0.0627868
190	0.0223859
190	0.0392863
190	0.0319149
190	0.0946435
190	0.0549627
190	0.0642567
190	0.017029
190	0.0557676
190	0.0830817
190	0.0177778
190	0.0487727
190	0.0460946
190	0.026087
190	0.0723489
190	0.0310617
190	0.0180121
190	0.0299544
190	0.100088
190	0.127925
190	0.101474
190	0.112951
190	0.0697957
190	0.0305247
190	0.10815
190	0.0411093
190	0.0128192
190	0.0239583
190	0.0159091
190	0.0442425
190	0.0406028
190	0.108537
190	0.152516
190	0.0511628
190	0.0558231
190	0.0632825
190	0.0751551
190	0.0690463
190	0.0201742
190	0.0576726
190	0.0607545
190	0.11254
190	0.0311678
190	0.0871059
190	0.0718385
190	0.0819116
190	0.0652068
190	0.00652174
190	0.0298738
190	0.0388112
190	0.138943
190	0.0568177
190	0.147134
190	0
190	0.0154277
190	0.174011
190	0.01
190	0.121105
190	0.0633057
190	0.0329787
190	0.115032
190	0.0518202
190	0.0166667
190	0.0860357
190	0.0195652
190	0.0432679
190	0.0589576
190	0.0614552
190	0.153572
190	0.0818611
190	0.0220833
190	0.0918891
190	0.0577856
190	0.0801777
190	0.0180489
190	0.064008
190	0.0908699
190	0.0827538
190	0.0291803
190	0.067725
190	0.05788
190	0.0367032
190	0.0532684
190	0.0690503
190	0.0223635
190	0.109265
190	0.0440813
190	0.0308315
190	0.0931328
190	0.0358696
190	0.0430233
190	0.0740716
190	0.037386
190	0.0801131
190	0.132936
190	0.0381615
190	0.0885621
190	0.0586957
190	0.0377011
195	0.00681818
195	0.0244444
195	0.0136523
195	0.0726204
195	0.0617602
195	0.0322212
195	0.00697674
195	0.0791288
195	0.028504
195	0.0212766
195	0.060493
195	0.101064
195	0.0228898
195	0.0353907
195	0.0487886
195	0.0532101
195	0.0672215
195	0.0879314
195	0.1125
195	0.0148936
195	0.0574622
195	0.0313953
195	0.0377031
195	0.0108602
195	0.110156
195	0.0467927
195	0.0810335
195	0.0459428
195	0.0449656
195	0.0307285
195	0.0420996
195	0.0943711
195	0.0874122
195	0.0559548
195	0.042999
195	0.0416762
195	0.113955
195	0.0482556
195	0.0748575
195	0.0206451
195	0.0788889
195	0.00795455
195	0.0842765
195	0.100835
195	0.0594196
195	0.0695652
195	0.080013
195	0.0342009
195	0.0170213
195	0.015625
195	0.0687002
195	0.0599924
195	0.0171531
195	0.0850954
195	0.0405472
195	0.0363636
195	0.0673935
195	0.0356565
195	0.0319945
195	0.0437093
195	0.0345258
195	0.0382559
195	0.029334
195	0.0101565
195	0.0647038
195	0.0510415
195	0.0642698
195	0.0436486
195	0.0808266
195	0.0855346
195	0.0304375
195	0.0340011
195	0.0586676
195	0.148534
195	0.0452515
195	0.119369
195	0.084886
195	0.0769994
195	0.0332804
195	0.037234
195	0.0397727
195	0.0406827
195	0.0815616
195	0.0163338
195	0.024375
195	0.0529145
195	0.051445
195	0.0182009
195	0.0471368
195	0.035906
195	0.0762685
195	0.0337873
195	0.0971882
195	0.0209302
195	0.0215155
195	0.103061
195	0.0519707
195	0.022619
195	0.0805145
195	0.0879067
200	0.101267
200	0.0653346
200	0.0240029
200	0.0470505
200	0.0326087
200	0.00348837
200	0.0293873
200	0.0466775
200	0.0395242
200	0.069785
200	0.0197018
200	0.0301862
200	0.0897798
200	0.100101
200	0.063679
200	0.0945652
200	0.0192384
200	0.0533603
200	0.0624026
200	0.0409091
200	0.0609646
200	0.0275987
200	0.0274076
200	0.0117016
200	0.0367596
200	0.057271
200	0.0216473
200	0
200	0.00663007
200	0.0436083
200	0.00978261
200	0.0660252
200	0.00625
200	0.0579049
200	0.0558903
200	0.0580746
200	0.0292979
200	0.0245584
200	0.033696
200	0.0451802
200	0.0377386
200	0.0272727
200	0.026676
200	0.0560747
200	0.0536402
200	0.102083
200	0.0401808
200	0.0271739
200	0.0219452
200	0.048725
200	0.0434409
200	0.114795
200	0.0616943
200	0.0525617
200	0.0129234
200	0.0219859
200	0.00625
200	0.0282828
200	0.055494
200	0.0666599
200	0.0306818
200	0.0556063
200	0.0733333
200	0.0296287
200	0.0333991
200	0.0545372
200	0.0147325
200	0.0371993
200	0.0280022
200	0.0709304
200	0.0992753
200	0.03125
200	0.0285014
200	0.0162
200	0.0510417
200	0.0511691
200	0.0280678
200	0.028563
200	0.0111111
200	0
200	0.0564322
200	0.0797344
200	0.0445652
200	0.0668586
200	0.0735824
200	0.0580679
200	0.0299442
200	0.0807844
200	0.0666734
200	0.0419335
200	0.0354714
200	0.0641288
200	0
200	0.0255319
200	0
200	0.00795455
200	0.0238285
200	0.0603043
200	0.0340909
200	0.053912
205	0.0607343
205	0.00681818
205	0.0686928
205	0.0206936
205	0.0609447
205	0.0166412
205	0.0121951
205	0.0941364
205	0.00319149
205	0.0209302
205	0.00638298
205	0.0582548
205	0.0832026
205	0.0775473
205	0.021875
205	0.041216
205	0.02
205	0.025
205	0.03
205	0.0315685
205	0.025197
205	0.0278187
205	0.0138298
205	0.0238102
205	0.058623
205	0.0333333
205	0.0133333
205	0.0463435
205	0.105646
205	0.065101
205	0.0449314
205	0.0652174
205	0.035924
205	0.0682805
205	0.0135417
205	0.0134381
205	0.0113203
205	0.0344241
205	0.00612245
205	0.0241667
205	0.0366852
205	0.036366
205	0.0236371
205	0.0598348
205	0.0301926
205	0.0506667
205	0.00681818
205	0.0292645
205	0.111957
205	0.0420052
205	0.179881
205	0.0739909
205	0.0247047
205	0.0251867
205	0.022875
205	0.0906175
205	0.0445252
205	0.0743265
205	0.0405972
205	0.0501196
205	0.0317833
205	0.0233345
205	0.00978261
205	0.0281777
205	0.0205589
205	0.0641986
205	0.0209574
205	0.0480448
205	0.0317451
205	0.0107143
205	0.0364916
205	0.0444444
205	0.0147727
205	0.0459665
205	0.04
205	0.026024
205	0.0284873
205	0.0556818
205	0.0470818
205	0.00319149
205	0.00326087
205	0.0801739
205	0.0400237
205	0.0697674
205	0
205	0.0402174
205	0.0202804
205	0.0928977
205	0.0405022
205	0.0347249
205	0.0181818
205	0.0635574
205	0.0186855
205	0.0380435
205	0.0244444
205	0.0375862
205	0.0228708
205	0.0138469
205	0.00666667
205	0.0318988
210	0.00831221
210	0.0647812
210	0
210	0.0294368
210	0.0438406
210	0.0527533
210	0.00612245
210	0.0211694
210	0.0450649
210	0.0236424
210	0.0290195
210	0.0542597
210	0.0371434
210	0.0138298
210	0.0516818
210	0.0166667
210	0.0113117
210	0.026087
210	0.0410333
210	0.0316388
210	0.0255405
210	0.0217391
210	0.0444444
210	0.00767485
210	0.015625
210	0.0523691
210	0.0620986
210	0.0298192
210	0.0344914
210	0.0621224
210	0.0479182
210	0.0758236
210	0.0217391
210	0.0472306
210	0.0209302
210	0.116181
210	0.129097
210	0.0297627
210	0.0532904
210	0.0108736
210	0.0319149
210	0.0163849
210	0.025627
210	0.0319149
210	0.0363636
210	0.0365006
210	0.0481263
210	0.0413302
210	0.0455238
210	0.0510106
210	0.0163273
210	0.0793492
210	0.0238609
210	0.00429994
210	0.0366667
210	0.0191489
210	0.0441894
210	0.0510132
210	0.0576569
210	0.0386364
210	0.0204082
210	0.0449912
210	0.022093
210	0.0298232
210	0.0578652
210	0.01
210	0.0138298
210	0.0363636
210	0.0147727
210	0.0266673
210	0.0268275
210	0.0116279
210	0.0505331
210	0.0227273
210	0.00326087
210	0.0913043
210	0
210	0.0286142
210	0.0107495
210	0.023913
210	0.0489796
210	0.0211585
210	0.055814
210	0.0814945
210	0.0185487
210	0.0440237
210	0.0295159
210	0.0642857
210	0.104682
210	0.0407989
210	0
210	0.025
210	0.020109
210	0
210	0.00333333
210	0.0343886
210	0.13263
210	0.0491516
210	0.0267442
210	0.0880952
215	0.0255814
215	0.031689
215	0
215	0.026072
215	0.0155997
215	0.0205993
215	0
215	0
215	0.0245755
215	0.0136364
215	0.0317244
215	0.00638298
215	0.0362773
215	0.0363314
215	0.00340909
215	0.0439987
215	0.0316789
215	0.0107143
215	0.00333333
215	0.00681818
215	0.0372693
215	0
215	0.01
215	0
215	0
215	0.0104651
215	0.05563
215	0.0111111
215	0.0261668
215	0.026087
215	0.0095052
215	0.0742884
215	0.0374559
215	0.0296528
215	0.00326087
215	0.00714286
215	0.0173913
215	0.0294756
215	0.0295719
215	0.009375
215	0.0497957
215	0.00729167
215	0.00674876
215	0.00918367
215	0.0249985
215	0.0133333
215	0.00978261
215	0.00333333
215	0.0289907
215	0
215	0.00365081
215	0.0380652
215	0.0153706
215	0.0500441
215	0.0176082
215	0.0311042
215	0.0104167
215	0.00744681
215	0.0233767
215	0.0173913
215	0.034375
215	0.00681818
215	0.0190933
215	0.0251111
215	0.00365854
215	0.0442521
215	0.0294192
215	0.0133076
215	0.0112017
215	0.0188859
215	0.0417977
215	0.00638298
215	0.0147727
215	0.0560127
215	0.0171702
215	0.0418236
215	0.0276821
215	0.00681818
215	0.00319149
215	0.00681818
215	0.00357143
215	0.0244905
215	0.0392846
215	0.0169929
215	0
215	0.0199584
215	0.0473448
215	0.0314879
215	0.0363109
215	0
215	0.0650787
215	0.0141304
215	0.00697674
215	0.0261364
215	0.0423778
215	0.00848214
215	0.0163043
215	0.090431
215	0.009375
215	0.0668425
220	0
220	0.008512
220	0.00340909
220	0
220	0.0105498
220	0.0076087
220	0.0156634
220	0.0410771
220	0.00326087
220	0.0430233
220	0.048913
220	0
220	0.00697674
220	0.0697674
220	0
220	0.0290598
220	0.00625
220	0.02746
220	0.0210438
220	0
220	0.0395622
220	0.003125
220	0
220	0
220	0.00359983
220	0.00664084
220	0.0324513
220	0.003125
220	0.0288474
220	0
220	0.00333333
220	0.0188231
220	0.0107143
220	0.0225733
220	0.0125
220	0.0296512
220	0.0201964
220	0.0113636
220	0.013526
220	0.0199646
220	0.0324828
220	0.0265629
220	0.0352273
220	0
220	0.0069932
220	0.0264296
220	0.0148148
220	0
220	0.0277072
220	0.0290522
220	0.0135584
220	0.00638298
220	0.0216312
220	0.0194924
220	0.0198305
220	0.0217766
220	0.055814
220	0.00652174
220	0
220	0.0337897
220	0.00348837
220	0
220	0
220	0.00326087
220	0
220	0.0222222
220	0
220	0
220	0.00989369
220	0.0240224
220	0.0214806
220	0
220	0.00850242
220	0.0203863
220	0.00813953
220	0
220	0.0142307
220	0.0238691
220	0.012766
220	0.00548115
220	0.015654
220	0.00319149
220	0.00738616
220	0.0108696
220	0
220	0.00625
220	0.00930608
220	0
220	0.00720949
220	0.0198337
220	0.00714286
220	0
220	0.0138298
220	0.0254856
220	0.00639067
220	0.0191171
220	0.00681818
220	0.00697674
220	0
220	0.0132653
225	0.0190607
225	0.00333333
225	0
225	0
225	0.00625
225	0.00389199
225	0
225	0.0861702
225	0
225	0
225	0.0405315
225	0.021421
225	0.00795455
225	0.0223404
225	0.0302457
225	0
225	0.00813953
225	0.00978261
225	0.0363462
225	0.05
225	0.00340909
225	0
225	0.0116279
225	0.00993638
225	0.00625
225	0
225	0.0183221
225	0.00716426
225	0.00340909
225	0.00625
225	0.072093
225	0
225	0
225	0.0314115
225	0
225	0
225	0
225	0
225	0
225	0.0109055
225	0.00764967
225	0.00319149
225	0
225	0.00836875
225	0
225	0.00883965
225	0.00729167
225	0.0247738
225	0.00777778
225	0.00978261
225	0
225	0.003
225	0.0306818
225	0
225	0.0731707
225	0
225	0
225	0
225	0
225	0.00348837
225	0.00681818
225	0.00348837
225	0
225	0.00934089
225	0.0105169
225	0.00367376
225	0
225	0
225	0
225	0
225	0
225	0
225	0
225	0.00426548
225	0.00340909
225	0
225	0.0227273
225	0
225	0.0134473
225	0.00666667
225	0.00795455
225	0.0144444
225	0.00714286
225	0.00333333
225	0.0145833
225	0.0110249
225	0
225	0.00306122
225	0
225	0.0111111
225	0.0304348
225	0.00731707
225	0.0202782
225	0.0151369
225	0.0625
225	0.012848
225	0
225	0.00652174
225	0.023242
225	0.0100903
230	0
230	0
230	0
230	0
230	0
230	0
230	0
230	0
230	0
230	0
230	0
230	0
230	0
230	0
230	0.0428571
230	0
230	0
230	0
230	0.0293478
230	0.02
230	0
230	0.0511364
230	0
230	0.0326087
230	0
230	0
230	0
230	0
230	0
230	0.0428571
230	0
230	0
230	0
230	0
230	0.0456522
230	0
230	0
230	0
230	0.104348
230	0
230	0
230	0
230	0
230	0
230	0
230	0
230	0
230	0
230	0
230	0
230	0
230	0
230	0
230	0
230	0.03125
230	0
230	0
230	0
230	0
230	0
230	0.01
230	0
230	0
230	0
230	0
230	0
230	0
230	0.0734043
230	0
230	0
230	0
230	0
230	0
230	0
230	0
230	0
230	0
230	0
230	0
230	0
230	0
230	0.0732558
230	0
230	0
230	0
230	0
230	0
230	0.0159574
230	0.0293478
230	0
230	0
230	0
230	0
230	0
230	0
230	0
230	0
230	0
230	0
230	0
