var	minCostFlow
5	0.49547
5	0.422642
5	0.445412
5	0.453936
5	0.502892
5	0.656812
5	0.392757
5	0.492752
5	0.517569
5	0.455552
5	0.690732
5	0.471711
5	0.648615
5	0.42
5	0.43317
5	0.470409
5	0.619255
5	0.495976
5	0.45823
5	0.401251
5	0.486729
5	0.471066
5	0.466832
5	0.624181
5	0.43725
5	0.490244
5	0.527753
5	0.625689
5	0.507335
5	0.342289
5	0.439832
5	0.663981
5	0.61364
5	0.341979
5	0.358549
5	0.571223
5	0.527773
5	0.352353
5	0.405946
5	0.303053
5	0.463251
5	0.549579
5	0.268414
5	0.424212
5	0.510845
5	0.584674
5	0.362879
5	0.595705
5	0.541682
5	0.687156
5	0.65095
5	0.712987
5	0.405606
5	0.572058
5	0.339328
5	0.522152
5	0.658244
5	0.459087
5	0.516571
5	0.354088
5	0.314379
5	0.464521
5	0.338874
5	0.482927
5	0.494542
5	0.420923
5	0.437763
5	0.677878
5	0.451003
5	0.418798
5	0.39834
5	0.435708
5	0.441821
5	0.678638
5	0.67026
5	0.723087
5	0.397972
5	0.506071
5	0.533813
5	0.73497
5	0.463163
5	0.580628
5	0.331681
5	0.646488
5	0.462547
5	0.426554
5	0.408503
5	0.526191
5	0.657645
5	0.5575
5	0.325149
5	0.171925
5	0.612472
5	0.379571
5	0.233195
5	0.741801
5	0.502866
5	0.349374
5	0.6851
5	0.440478
8	0.408196
8	0.245064
8	0.205691
8	0.322413
8	0.482295
8	0.42216
8	0.214448
8	0.309362
8	0.29349
8	0.441013
8	0.469416
8	0.359589
8	0.358287
8	0.399987
8	0.343358
8	0.386576
8	0.19994
8	0.430139
8	0.343323
8	0.278445
8	0.251202
8	0.386162
8	0.271982
8	0.225439
8	0.367651
8	0.39868
8	0.379223
8	0.34149
8	0.216577
8	0.287284
8	0.352996
8	0.248447
8	0.370549
8	0.249917
8	0.35001
8	0.168251
8	0.194925
8	0.458417
8	0.472708
8	0.226961
8	0.334289
8	0.479538
8	0.157993
8	0.245437
8	0.280871
8	0.364444
8	0.490773
8	0.243444
8	0.291413
8	0.363436
8	0.327377
8	0.34258
8	0.394215
8	0.339542
8	0.301818
8	0.29633
8	0.227434
8	0.315874
8	0.55803
8	0.196808
8	0.351602
8	0.371197
8	0.2135
8	0.368413
8	0.307488
8	0.249844
8	0.342215
8	0.250747
8	0.363832
8	0.219529
8	0.354116
8	0.2263
8	0.475736
8	0.419339
8	0.261037
8	0.292566
8	0.310427
8	0.329007
8	0.199881
8	0.314158
8	0.328684
8	0.359465
8	0.295671
8	0.305949
8	0.288021
8	0.25305
8	0.417837
8	0.370511
8	0.360527
8	0.395372
8	0.420176
8	0.247445
8	0.320909
8	0.535776
8	0.427995
8	0.409087
8	0.209898
8	0.232096
8	0.335077
8	0.314358
11	0.318891
11	0.267957
11	0.324552
11	0.273354
11	0.240362
11	0.318468
11	0.331714
11	0.418322
11	0.361642
11	0.223902
11	0.379186
11	0.219054
11	0.167289
11	0.232087
11	0.2314
11	0.319426
11	0.226651
11	0.346131
11	0.266203
11	0.22555
11	0.361971
11	0.316376
11	0.456504
11	0.267141
11	0.22081
11	0.343128
11	0.325854
11	0.273344
11	0.315867
11	0.194631
11	0.247169
11	0.231764
11	0.215736
11	0.342566
11	0.277119
11	0.144974
11	0.167622
11	0.216246
11	0.200699
11	0.303217
11	0.218129
11	0.143656
11	0.346298
11	0.343952
11	0.157347
11	0.335307
11	0.335152
11	0.179715
11	0.201787
11	0.158401
11	0.36416
11	0.168425
11	0.27856
11	0.288816
11	0.21611
11	0.229144
11	0.166936
11	0.254344
11	0.253156
11	0.228296
11	0.24837
11	0.346531
11	0.3017
11	0.234644
11	0.241983
11	0.416817
11	0.328628
11	0.2162
11	0.339762
11	0.354818
11	0.189783
11	0.330748
11	0.34864
11	0.194893
11	0.158142
11	0.307597
11	0.166429
11	0.350044
11	0.193488
11	0.240726
11	0.285731
11	0.299011
11	0.110998
11	0.19763
11	0.255026
11	0.220411
11	0.162118
11	0.243457
11	0.317632
11	0.2869
11	0.40405
11	0.334857
11	0.204261
11	0.195654
11	0.227327
11	0.26005
11	0.247218
11	0.255627
11	0.310651
11	0.358725
14	0.244933
14	0.140819
14	0.16223
14	0.26907
14	0.167471
14	0.212127
14	0.273554
14	0.203604
14	0.136538
14	0.170713
14	0.216004
14	0.203419
14	0.26361
14	0.17929
14	0.200541
14	0.174639
14	0.291533
14	0.272292
14	0.222027
14	0.304965
14	0.305712
14	0.222101
14	0.186192
14	0.243013
14	0.257089
14	0.19613
14	0.186844
14	0.17136
14	0.357978
14	0.128151
14	0.21199
14	0.200686
14	0.319205
14	0.237638
14	0.241174
14	0.222765
14	0.275949
14	0.202103
14	0.275957
14	0.235001
14	0.286675
14	0.195401
14	0.172384
14	0.225453
14	0.252335
14	0.286986
14	0.242464
14	0.234537
14	0.23978
14	0.287848
14	0.210155
14	0.218885
14	0.158431
14	0.255013
14	0.259049
14	0.227284
14	0.199051
14	0.203568
14	0.274241
14	0.168928
14	0.412524
14	0.215316
14	0.129253
14	0.212984
14	0.277643
14	0.339759
14	0.251973
14	0.28354
14	0.196572
14	0.273114
14	0.108065
14	0.294213
14	0.342874
14	0.117424
14	0.317462
14	0.170498
14	0.195162
14	0.252708
14	0.205158
14	0.199641
14	0.277869
14	0.199488
14	0.182088
14	0.273446
14	0.134686
14	0.213093
14	0.190128
14	0.229342
14	0.320713
14	0.262844
14	0.197071
14	0.233235
14	0.219655
14	0.390125
14	0.236249
14	0.247811
14	0.133292
14	0.18103
14	0.249672
14	0.242382
17	0.226467
17	0.23265
17	0.110786
17	0.252039
17	0.228057
17	0.222148
17	0.263995
17	0.239792
17	0.228375
17	0.279009
17	0.20695
17	0.183005
17	0.265124
17	0.269187
17	0.239986
17	0.309214
17	0.258912
17	0.276921
17	0.101841
17	0.170521
17	0.240745
17	0.389029
17	0.175211
17	0.205289
17	0.224105
17	0.200132
17	0.294851
17	0.232775
17	0.204413
17	0.252406
17	0.232202
17	0.274899
17	0.329418
17	0.232031
17	0.295361
17	0.172335
17	0.232303
17	0.243755
17	0.229324
17	0.342037
17	0.241152
17	0.197466
17	0.149649
17	0.312618
17	0.21451
17	0.209161
17	0.271714
17	0.122824
17	0.272646
17	0.233865
17	0.224163
17	0.213846
17	0.156188
17	0.0934918
17	0.14159
17	0.250561
17	0.289214
17	0.200388
17	0.234422
17	0.248699
17	0.246499
17	0.239237
17	0.182754
17	0.237878
17	0.205035
17	0.26815
17	0.212692
17	0.204036
17	0.241209
17	0.184135
17	0.303022
17	0.314459
17	0.219244
17	0.198676
17	0.216342
17	0.183939
17	0.205059
17	0.11256
17	0.234445
17	0.261821
17	0.260081
17	0.20893
17	0.263722
17	0.188169
17	0.21927
17	0.241124
17	0.22621
17	0.158602
17	0.190069
17	0.348897
17	0.192926
17	0.255406
17	0.314784
17	0.241714
17	0.260109
17	0.135547
17	0.201798
17	0.281092
17	0.318475
17	0.239088
20	0.272492
20	0.239402
20	0.227434
20	0.199055
20	0.285784
20	0.211246
20	0.248393
20	0.254529
20	0.223646
20	0.182021
20	0.110024
20	0.144303
20	0.200321
20	0.150541
20	0.227947
20	0.267467
20	0.233912
20	0.160047
20	0.165099
20	0.20831
20	0.258663
20	0.3273
20	0.228634
20	0.273913
20	0.253145
20	0.236137
20	0.250699
20	0.281067
20	0.173871
20	0.252651
20	0.273621
20	0.19175
20	0.271357
20	0.235733
20	0.221366
20	0.270953
20	0.156227
20	0.198005
20	0.273992
20	0.196915
20	0.222999
20	0.285079
20	0.190833
20	0.166374
20	0.167581
20	0.257808
20	0.161747
20	0.122739
20	0.252989
20	0.136068
20	0.212544
20	0.24117
20	0.199658
20	0.226868
20	0.250857
20	0.21517
20	0.23744
20	0.194754
20	0.217535
20	0.277997
20	0.219177
20	0.243761
20	0.20704
20	0.277976
20	0.346066
20	0.188559
20	0.228796
20	0.164532
20	0.244255
20	0.255593
20	0.242919
20	0.228329
20	0.201665
20	0.198264
20	0.204712
20	0.255624
20	0.185783
20	0.0863364
20	0.270222
20	0.182247
20	0.244427
20	0.272007
20	0.325478
20	0.209347
20	0.142983
20	0.208326
20	0.235226
20	0.245061
20	0.150266
20	0.199278
20	0.261781
20	0.188629
20	0.146599
20	0.187428
20	0.164445
20	0.169491
20	0.17982
20	0.244274
20	0.201907
20	0.217879
23	0.176239
23	0.246539
23	0.276615
23	0.163443
23	0.180605
23	0.233332
23	0.179005
23	0.290365
23	0.27434
23	0.22568
23	0.132674
23	0.210025
23	0.239019
23	0.244054
23	0.288177
23	0.205619
23	0.149164
23	0.250321
23	0.249629
23	0.259133
23	0.255193
23	0.215053
23	0.18382
23	0.178621
23	0.197101
23	0.17987
23	0.25729
23	0.19488
23	0.213188
23	0.261307
23	0.254224
23	0.244214
23	0.174564
23	0.221264
23	0.201985
23	0.337457
23	0.271465
23	0.217988
23	0.243841
23	0.190329
23	0.199645
23	0.312985
23	0.270662
23	0.186953
23	0.142247
23	0.224264
23	0.207585
23	0.232061
23	0.199558
23	0.205856
23	0.313893
23	0.226609
23	0.31878
23	0.297345
23	0.157728
23	0.154079
23	0.231548
23	0.280573
23	0.248896
23	0.255602
23	0.152227
23	0.246553
23	0.136651
23	0.183813
23	0.278886
23	0.281233
23	0.240118
23	0.224547
23	0.166939
23	0.182157
23	0.223785
23	0.253168
23	0.25514
23	0.266809
23	0.224737
23	0.228133
23	0.299103
23	0.147551
23	0.18256
23	0.17549
23	0.254408
23	0.211619
23	0.314895
23	0.251396
23	0.249354
23	0.247696
23	0.332818
23	0.229077
23	0.0962029
23	0.199561
23	0.168013
23	0.190435
23	0.289525
23	0.184798
23	0.201895
23	0.244489
23	0.187891
23	0.0772759
23	0.229541
23	0.262711
26	0.107837
26	0.230437
26	0.212755
26	0.206707
26	0.201458
26	0.207482
26	0.208456
26	0.24105
26	0.199069
26	0.188604
26	0.26688
26	0.147771
26	0.236635
26	0.186917
26	0.200046
26	0.237856
26	0.276285
26	0.380464
26	0.285729
26	0.256895
26	0.235044
26	0.194775
26	0.217556
26	0.1756
26	0.21216
26	0.255826
26	0.244735
26	0.241029
26	0.182659
26	0.248179
26	0.286079
26	0.246352
26	0.13549
26	0.200708
26	0.248983
26	0.185866
26	0.293278
26	0.219359
26	0.234285
26	0.212525
26	0.252698
26	0.155966
26	0.234602
26	0.173287
26	0.189397
26	0.321259
26	0.215529
26	0.309153
26	0.224306
26	0.218742
26	0.283594
26	0.157698
26	0.118093
26	0.242316
26	0.216536
26	0.26903
26	0.168772
26	0.253549
26	0.217896
26	0.195099
26	0.292676
26	0.154826
26	0.216797
26	0.197244
26	0.175917
26	0.132028
26	0.242833
26	0.229965
26	0.247593
26	0.294342
26	0.250591
26	0.195311
26	0.219794
26	0.217854
26	0.287926
26	0.196028
26	0.227809
26	0.222141
26	0.31256
26	0.215748
26	0.158171
26	0.138451
26	0.253402
26	0.266648
26	0.260714
26	0.244181
26	0.213098
26	0.13034
26	0.209274
26	0.283941
26	0.154419
26	0.232115
26	0.200752
26	0.191316
26	0.216612
26	0.203735
26	0.226946
26	0.207695
26	0.170365
26	0.211497
29	0.237915
29	0.163533
29	0.144573
29	0.178489
29	0.188857
29	0.186358
29	0.257649
29	0.298643
29	0.230398
29	0.244672
29	0.196695
29	0.197806
29	0.22728
29	0.220466
29	0.258344
29	0.223877
29	0.209257
29	0.223794
29	0.278326
29	0.245875
29	0.243061
29	0.206476
29	0.238631
29	0.151749
29	0.230609
29	0.151669
29	0.225154
29	0.196671
29	0.232538
29	0.194004
29	0.26219
29	0.147666
29	0.196454
29	0.15665
29	0.189054
29	0.168465
29	0.210326
29	0.262062
29	0.126462
29	0.208956
29	0.198335
29	0.282278
29	0.117596
29	0.151593
29	0.2584
29	0.215004
29	0.224627
29	0.269292
29	0.0960853
29	0.165577
29	0.233412
29	0.278295
29	0.253019
29	0.225494
29	0.245732
29	0.169503
29	0.168262
29	0.199538
29	0.122375
29	0.209915
29	0.246695
29	0.148254
29	0.134402
29	0.160783
29	0.258973
29	0.138753
29	0.195214
29	0.258029
29	0.246248
29	0.248627
29	0.239442
29	0.196701
29	0.167549
29	0.118508
29	0.198329
29	0.176757
29	0.178352
29	0.245933
29	0.291318
29	0.273592
29	0.205272
29	0.199569
29	0.156778
29	0.196289
29	0.134993
29	0.299468
29	0.268533
29	0.26621
29	0.276035
29	0.223971
29	0.184129
29	0.103504
29	0.184461
29	0.25125
29	0.322728
29	0.128261
29	0.199621
29	0.179616
29	0.248341
29	0.248097
32	0.197242
32	0.181257
32	0.217529
32	0.18363
32	0.224585
32	0.257579
32	0.262303
32	0.264568
32	0.211431
32	0.256454
32	0.204318
32	0.205407
32	0.156498
32	0.163762
32	0.0882302
32	0.245752
32	0.194604
32	0.251484
32	0.163463
32	0.13173
32	0.230699
32	0.140312
32	0.230262
32	0.165114
32	0.261178
32	0.2285
32	0.267598
32	0.246171
32	0.19546
32	0.118802
32	0.195583
32	0.156675
32	0.126046
32	0.233447
32	0.0940407
32	0.217605
32	0.253484
32	0.217254
32	0.271652
32	0.213285
32	0.2538
32	0.28003
32	0.213509
32	0.15287
32	0.21641
32	0.113405
32	0.219059
32	0.211555
32	0.222458
32	0.183166
32	0.166889
32	0.230799
32	0.198452
32	0.207736
32	0.21679
32	0.201718
32	0.274688
32	0.280166
32	0.171338
32	0.305744
32	0.295016
32	0.28391
32	0.190758
32	0.171565
32	0.157202
32	0.209227
32	0.203134
32	0.276466
32	0.202062
32	0.227427
32	0.236549
32	0.287372
32	0.170667
32	0.213382
32	0.250052
32	0.188041
32	0.252708
32	0.152853
32	0.226798
32	0.197891
32	0.183348
32	0.171036
32	0.247039
32	0.153114
32	0.20643
32	0.171961
32	0.26161
32	0.0932868
32	0.238983
32	0.200828
32	0.216585
32	0.211109
32	0.293606
32	0.196114
32	0.202871
32	0.190091
32	0.1803
32	0.135294
32	0.161636
32	0.153214
35	0.173218
35	0.216412
35	0.234462
35	0.2661
35	0.143966
35	0.325904
35	0.195416
35	0.219005
35	0.178664
35	0.147868
35	0.18896
35	0.123929
35	0.163772
35	0.232137
35	0.220135
35	0.244042
35	0.202016
35	0.272597
35	0.255797
35	0.204781
35	0.285333
35	0.1246
35	0.220629
35	0.271115
35	0.242188
35	0.238091
35	0.255703
35	0.251959
35	0.187281
35	0.228378
35	0.185272
35	0.121087
35	0.168987
35	0.256597
35	0.191875
35	0.112667
35	0.223242
35	0.217776
35	0.220802
35	0.213386
35	0.24285
35	0.231938
35	0.169673
35	0.263265
35	0.249053
35	0.240418
35	0.145898
35	0.177937
35	0.203813
35	0.231523
35	0.108092
35	0.232493
35	0.240315
35	0.198369
35	0.237014
35	0.256047
35	0.218412
35	0.183411
35	0.195684
35	0.247352
35	0.218959
35	0.222655
35	0.186379
35	0.163129
35	0.137603
35	0.132214
35	0.201661
35	0.147221
35	0.218503
35	0.231228
35	0.120274
35	0.174438
35	0.257691
35	0.160336
35	0.218377
35	0.146212
35	0.186046
35	0.141737
35	0.187819
35	0.178316
35	0.254271
35	0.224102
35	0.203209
35	0.313506
35	0.224351
35	0.273083
35	0.230443
35	0.205631
35	0.199524
35	0.102711
35	0.242091
35	0.225856
35	0.19693
35	0.185308
35	0.202538
35	0.0971481
35	0.24917
35	0.155943
35	0.251952
35	0.240243
38	0.18739
38	0.0904642
38	0.208732
38	0.176435
38	0.273154
38	0.12815
38	0.190518
38	0.159387
38	0.136889
38	0.24322
38	0.21784
38	0.350409
38	0.174479
38	0.262007
38	0.252868
38	0.227905
38	0.227391
38	0.263611
38	0.240967
38	0.213668
38	0.204509
38	0.148341
38	0.305433
38	0.209388
38	0.149288
38	0.249532
38	0.197278
38	0.226256
38	0.242703
38	0.194475
38	0.178729
38	0.184335
38	0.257143
38	0.194279
38	0.179063
38	0.197906
38	0.124125
38	0.210812
38	0.211116
38	0.162476
38	0.23582
38	0.139838
38	0.185305
38	0.202958
38	0.190447
38	0.173241
38	0.269916
38	0.116804
38	0.21263
38	0.249874
38	0.236987
38	0.262927
38	0.132351
38	0.203212
38	0.246769
38	0.157078
38	0.201136
38	0.275103
38	0.184417
38	0.219961
38	0.1583
38	0.249509
38	0.244048
38	0.164352
38	0.159606
38	0.181394
38	0.254378
38	0.193678
38	0.224166
38	0.205167
38	0.161704
38	0.216526
38	0.221424
38	0.256072
38	0.203977
38	0.096409
38	0.116065
38	0.197893
38	0.27798
38	0.197665
38	0.167013
38	0.202783
38	0.157967
38	0.242418
38	0.235868
38	0.205785
38	0.173151
38	0.207185
38	0.206918
38	0.165559
38	0.158372
38	0.187846
38	0.238579
38	0.2253
38	0.150178
38	0.19679
38	0.209099
38	0.268688
38	0.26294
38	0.176221
41	0.28499
41	0.225077
41	0.225087
41	0.106308
41	0.243385
41	0.248799
41	0.192318
41	0.187134
41	0.272554
41	0.200053
41	0.248232
41	0.274752
41	0.191167
41	0.218512
41	0.114914
41	0.13463
41	0.195828
41	0.277151
41	0.249484
41	0.243077
41	0.237815
41	0.252279
41	0.239033
41	0.165316
41	0.189419
41	0.223911
41	0.164256
41	0.290274
41	0.113771
41	0.19245
41	0.204555
41	0.298828
41	0.133526
41	0.22532
41	0.138125
41	0.160755
41	0.323828
41	0.116927
41	0.252798
41	0.208491
41	0.156576
41	0.229351
41	0.265791
41	0.161102
41	0.203424
41	0.26267
41	0.143698
41	0.161062
41	0.255301
41	0.13565
41	0.215423
41	0.168936
41	0.193881
41	0.273014
41	0.22347
41	0.229941
41	0.114068
41	0.156249
41	0.28844
41	0.132069
41	0.204933
41	0.17912
41	0.228685
41	0.283981
41	0.224912
41	0.183402
41	0.210415
41	0.113976
41	0.228836
41	0.197211
41	0.180464
41	0.148717
41	0.157811
41	0.239865
41	0.190853
41	0.200453
41	0.18327
41	0.155476
41	0.164059
41	0.190887
41	0.256473
41	0.17512
41	0.159874
41	0.174267
41	0.25788
41	0.196578
41	0.164311
41	0.228188
41	0.214499
41	0.199897
41	0.183837
41	0.2153
41	0.140953
41	0.176352
41	0.153513
41	0.170256
41	0.103663
41	0.27471
41	0.235192
41	0.150344
44	0.275509
44	0.188079
44	0.166059
44	0.235792
44	0.137914
44	0.169699
44	0.117008
44	0.284568
44	0.181348
44	0.149626
44	0.233241
44	0.201026
44	0.160629
44	0.218288
44	0.227816
44	0.218244
44	0.225511
44	0.235695
44	0.249039
44	0.286081
44	0.143907
44	0.163066
44	0.128124
44	0.159757
44	0.183114
44	0.179679
44	0.188489
44	0.201727
44	0.131031
44	0.283673
44	0.203089
44	0.20442
44	0.227735
44	0.247476
44	0.204544
44	0.281081
44	0.24388
44	0.207677
44	0.236345
44	0.136947
44	0.168116
44	0.126407
44	0.16264
44	0.159109
44	0.313039
44	0.282918
44	0.174602
44	0.136659
44	0.0766739
44	0.185537
44	0.241769
44	0.157211
44	0.212385
44	0.220548
44	0.151792
44	0.12275
44	0.165252
44	0.122744
44	0.167811
44	0.125961
44	0.144334
44	0.196395
44	0.181384
44	0.30402
44	0.274712
44	0.202736
44	0.193781
44	0.246685
44	0.209028
44	0.225029
44	0.12973
44	0.24143
44	0.239383
44	0.119534
44	0.188145
44	0.204109
44	0.17491
44	0.215432
44	0.218666
44	0.147982
44	0.0763599
44	0.12823
44	0.194289
44	0.153841
44	0.210454
44	0.233086
44	0.241894
44	0.21634
44	0.215027
44	0.105325
44	0.158204
44	0.218777
44	0.227677
44	0.225657
44	0.0887579
44	0.216828
44	0.153786
44	0.218308
44	0.107044
44	0.219608
47	0.201015
47	0.250501
47	0.288728
47	0.206987
47	0.286721
47	0.18834
47	0.268294
47	0.175013
47	0.132444
47	0.161533
47	0.243608
47	0.191343
47	0.176418
47	0.154068
47	0.220511
47	0.17125
47	0.141726
47	0.232921
47	0.143597
47	0.22674
47	0.227702
47	0.267488
47	0.167852
47	0.292697
47	0.211289
47	0.155875
47	0.244973
47	0.210892
47	0.242854
47	0.237453
47	0.22401
47	0.194402
47	0.27635
47	0.156555
47	0.194169
47	0.134254
47	0.181237
47	0.181271
47	0.265027
47	0.146655
47	0.147921
47	0.149427
47	0.206348
47	0.267542
47	0.170701
47	0.234863
47	0.151813
47	0.179951
47	0.192075
47	0.228785
47	0.131745
47	0.267068
47	0.134518
47	0.146373
47	0.202989
47	0.122455
47	0.214708
47	0.285215
47	0.248188
47	0.185299
47	0.0990083
47	0.13607
47	0.31511
47	0.21362
47	0.220994
47	0.0895993
47	0.142988
47	0.226948
47	0.207056
47	0.270383
47	0.113673
47	0.194631
47	0.228121
47	0.227654
47	0.256943
47	0.193135
47	0.167348
47	0.242716
47	0.238201
47	0.248471
47	0.198589
47	0.246805
47	0.225272
47	0.212199
47	0.206495
47	0.312981
47	0.224079
47	0.115912
47	0.236491
47	0.178895
47	0.208689
47	0.188422
47	0.19622
47	0.213898
47	0.176961
47	0.226769
47	0.27799
47	0.264884
47	0.215039
47	0.156924
50	0.148447
50	0.209729
50	0.227503
50	0.207854
50	0.220207
50	0.193103
50	0.174571
50	0.11047
50	0.272017
50	0.2188
50	0.166832
50	0.243985
50	0.246749
50	0.245449
50	0.100919
50	0.170023
50	0.259634
50	0.182094
50	0.218489
50	0.213658
50	0.221204
50	0.177761
50	0.200468
50	0.210875
50	0.224559
50	0.242179
50	0.246232
50	0.244861
50	0.191046
50	0.249087
50	0.220876
50	0.139746
50	0.203781
50	0.212669
50	0.201572
50	0.262011
50	0.160835
50	0.183205
50	0.254277
50	0.149852
50	0.140228
50	0.177143
50	0.0991333
50	0.274
50	0.236065
50	0.168055
50	0.12426
50	0.211284
50	0.180755
50	0.162192
50	0.249209
50	0.292441
50	0.226284
50	0.198211
50	0.230089
50	0.181249
50	0.180875
50	0.17254
50	0.170421
50	0.24454
50	0.176422
50	0.211188
50	0.134601
50	0.211778
50	0.209311
50	0.144595
50	0.171853
50	0.222985
50	0.22506
50	0.198379
50	0.209567
50	0.135812
50	0.216097
50	0.226356
50	0.199423
50	0.188369
50	0.199793
50	0.0939389
50	0.133737
50	0.24646
50	0.207799
50	0.28065
50	0.191982
50	0.0930659
50	0.156476
50	0.220446
50	0.175397
50	0.233233
50	0.124852
50	0.2861
50	0.209646
50	0.202859
50	0.133485
50	0.223735
50	0.23087
50	0.174289
50	0.154953
50	0.202515
50	0.15896
50	0.22052
53	0.183651
53	0.194154
53	0.188188
53	0.155503
53	0.171641
53	0.1787
53	0.167743
53	0.179824
53	0.187748
53	0.16024
53	0.283002
53	0.179864
53	0.16942
53	0.202215
53	0.248261
53	0.142565
53	0.168538
53	0.28618
53	0.24966
53	0.201751
53	0.19704
53	0.223667
53	0.295952
53	0.271216
53	0.232068
53	0.266334
53	0.182812
53	0.286707
53	0.122618
53	0.113701
53	0.173102
53	0.19812
53	0.188028
53	0.187588
53	0.239866
53	0.21398
53	0.161193
53	0.18265
53	0.188923
53	0.264202
53	0.214162
53	0.200437
53	0.167528
53	0.158158
53	0.222063
53	0.170738
53	0.218795
53	0.231391
53	0.0975499
53	0.145089
53	0.191994
53	0.247898
53	0.174116
53	0.235744
53	0.2236
53	0.149259
53	0.226063
53	0.123108
53	0.151364
53	0.17277
53	0.206518
53	0.157675
53	0.226732
53	0.161155
53	0.210844
53	0.183161
53	0.209237
53	0.207336
53	0.17965
53	0.216694
53	0.216288
53	0.184375
53	0.272095
53	0.227089
53	0.222423
53	0.177319
53	0.259304
53	0.20507
53	0.203987
53	0.249516
53	0.277736
53	0.187651
53	0.19379
53	0.14418
53	0.296868
53	0.120883
53	0.189816
53	0.268615
53	0.142411
53	0.139042
53	0.186361
53	0.177095
53	0.222772
53	0.224762
53	0.214368
53	0.147597
53	0.197517
53	0.214274
53	0.19048
53	0.171361
56	0.256382
56	0.161064
56	0.239982
56	0.142054
56	0.257219
56	0.161964
56	0.173456
56	0.173071
56	0.113552
56	0.181677
56	0.211838
56	0.196119
56	0.201166
56	0.0977798
56	0.172901
56	0.269782
56	0.252926
56	0.265824
56	0.158326
56	0.164404
56	0.183854
56	0.164424
56	0.291202
56	0.151726
56	0.167204
56	0.201432
56	0.24714
56	0.147612
56	0.258676
56	0.223934
56	0.27255
56	0.205253
56	0.15629
56	0.30075
56	0.238658
56	0.201323
56	0.263135
56	0.0910134
56	0.214051
56	0.240579
56	0.100985
56	0.278126
56	0.239503
56	0.240783
56	0.250439
56	0.158317
56	0.246289
56	0.123782
56	0.155182
56	0.150567
56	0.150659
56	0.227539
56	0.251659
56	0.174541
56	0.176919
56	0.188531
56	0.220771
56	0.206229
56	0.173468
56	0.216005
56	0.145511
56	0.20806
56	0.258768
56	0.255176
56	0.142027
56	0.191522
56	0.214447
56	0.23285
56	0.203822
56	0.151093
56	0.272137
56	0.133073
56	0.208872
56	0.205199
56	0.17975
56	0.169466
56	0.167353
56	0.163224
56	0.242627
56	0.158322
56	0.234891
56	0.181539
56	0.212304
56	0.0778576
56	0.133031
56	0.131283
56	0.138899
56	0.0945217
56	0.187418
56	0.144528
56	0.219295
56	0.176374
56	0.225481
56	0.208071
56	0.223722
56	0.187591
56	0.140058
56	0.196725
56	0.236215
56	0.251944
59	0.183811
59	0.184987
59	0.213002
59	0.201539
59	0.260948
59	0.172388
59	0.175293
59	0.180174
59	0.23206
59	0.21019
59	0.100289
59	0.253694
59	0.185373
59	0.139962
59	0.235812
59	0.201986
59	0.173583
59	0.142408
59	0.288333
59	0.163728
59	0.204239
59	0.190861
59	0.155882
59	0.266778
59	0.110768
59	0.166503
59	0.159948
59	0.0913538
59	0.228073
59	0.25176
59	0.207422
59	0.217545
59	0.146098
59	0.179382
59	0.209131
59	0.226914
59	0.148471
59	0.142353
59	0.165737
59	0.154688
59	0.194622
59	0.0887422
59	0.180096
59	0.222481
59	0.247653
59	0.240719
59	0.189697
59	0.215363
59	0.235647
59	0.167532
59	0.216691
59	0.201548
59	0.15759
59	0.175677
59	0.250344
59	0.242802
59	0.101488
59	0.141754
59	0.207735
59	0.205145
59	0.23324
59	0.165165
59	0.194392
59	0.243912
59	0.264607
59	0.208463
59	0.100221
59	0.211035
59	0.223452
59	0.166638
59	0.197429
59	0.226635
59	0.220197
59	0.205168
59	0.224254
59	0.217347
59	0.17133
59	0.201397
59	0.235537
59	0.239389
59	0.25551
59	0.111937
59	0.1875
59	0.208624
59	0.224284
59	0.205548
59	0.217177
59	0.242854
59	0.20555
59	0.157426
59	0.17253
59	0.165878
59	0.246252
59	0.233147
59	0.286759
59	0.190148
59	0.195068
59	0.243318
59	0.208484
59	0.192436
62	0.18759
62	0.219374
62	0.137937
62	0.198317
62	0.247657
62	0.204927
62	0.161862
62	0.11178
62	0.231157
62	0.0954524
62	0.18808
62	0.149683
62	0.13554
62	0.136834
62	0.163371
62	0.21555
62	0.233138
62	0.183236
62	0.225552
62	0.213726
62	0.189818
62	0.195453
62	0.198295
62	0.146341
62	0.280488
62	0.142359
62	0.128394
62	0.220437
62	0.021782
62	0.160933
62	0.212889
62	0.19817
62	0.231165
62	0.227322
62	0.235948
62	0.229656
62	0.190117
62	0.143574
62	0.217768
62	0.181798
62	0.177999
62	0.183998
62	0.101297
62	0.249339
62	0.199322
62	0.0903073
62	0.230383
62	0.193479
62	0.205209
62	0.220917
62	0.125617
62	0.152728
62	0.252934
62	0.182455
62	0.143476
62	0.181581
62	0.256442
62	0.157773
62	0.171074
62	0.193168
62	0.120737
62	0.138877
62	0.196016
62	0.198854
62	0.172291
62	0.228782
62	0.178113
62	0.190762
62	0.132328
62	0.233275
62	0.165658
62	0.204805
62	0.191
62	0.178425
62	0.256992
62	0.202953
62	0.218288
62	0.206789
62	0.223916
62	0.153944
62	0.169019
62	0.23166
62	0.187651
62	0.251697
62	0.199009
62	0.194509
62	0.207989
62	0.17932
62	0.284014
62	0.187727
62	0.152632
62	0.239162
62	0.17165
62	0.137052
62	0.150924
62	0.156735
62	0.266355
62	0.132781
62	0.0980939
62	0.200667
65	0.252221
65	0.233575
65	0.121279
65	0.124988
65	0.207299
65	0.132089
65	0.10554
65	0.131958
65	0.248586
65	0.11532
65	0.157084
65	0.238606
65	0.25625
65	0.157433
65	0.196903
65	0.0547518
65	0.193977
65	0.197113
65	0.214636
65	0.139976
65	0.145059
65	0.197926
65	0.147107
65	0.22291
65	0.296576
65	0.152786
65	0.243791
65	0.2153
65	0.138864
65	0.140618
65	0.190673
65	0.286724
65	0.174301
65	0.247675
65	0.193868
65	0.190257
65	0.214603
65	0.230915
65	0.184795
65	0.198717
65	0.192401
65	0.143497
65	0.121592
65	0.102886
65	0.233564
65	0.250271
65	0.17498
65	0.173391
65	0.167859
65	0.261909
65	0.241267
65	0.148097
65	0.222766
65	0.17163
65	0.207732
65	0.251441
65	0.243149
65	0.24302
65	0.149495
65	0.198183
65	0.25738
65	0.191978
65	0.184912
65	0.178301
65	0.260054
65	0.242363
65	0.229766
65	0.173317
65	0.235142
65	0.149805
65	0.157927
65	0.154136
65	0.219963
65	0.190546
65	0.145604
65	0.201247
65	0.20827
65	0.167537
65	0.152438
65	0.129758
65	0.109943
65	0.115223
65	0.272377
65	0.196898
65	0.170103
65	0.10505
65	0.174524
65	0.188094
65	0.164173
65	0.176227
65	0.21341
65	0.146664
65	0.226351
65	0.223612
65	0.253737
65	0.0864341
65	0.201122
65	0.200009
65	0.114314
65	0.134352
68	0.239943
68	0.161607
68	0.277065
68	0.190631
68	0.193407
68	0.230335
68	0.211141
68	0.222771
68	0.144688
68	0.158636
68	0.22006
68	0.161686
68	0.188979
68	0.14776
68	0.129187
68	0.172094
68	0.17072
68	0.1355
68	0.201078
68	0.149528
68	0.110963
68	0.174126
68	0.198096
68	0.256331
68	0.29494
68	0.246526
68	0.176941
68	0.279915
68	0.258458
68	0.216487
68	0.228275
68	0.175793
68	0.198389
68	0.1943
68	0.226605
68	0.207295
68	0.269605
68	0.272485
68	0.138168
68	0.180111
68	0.195209
68	0.245403
68	0.16127
68	0.25521
68	0.153752
68	0.235527
68	0.197115
68	0.177411
68	0.192759
68	0.232814
68	0.210011
68	0.190227
68	0.210729
68	0.194234
68	0.202161
68	0.160655
68	0.188191
68	0.229691
68	0.305544
68	0.163221
68	0.152583
68	0.170698
68	0.175429
68	0.151522
68	0.219895
68	0.194892
68	0.227875
68	0.262759
68	0.20125
68	0.168905
68	0.183384
68	0.144435
68	0.163382
68	0.156349
68	0.20859
68	0.206718
68	0.167931
68	0.165846
68	0.11488
68	0.126338
68	0.113281
68	0.238452
68	0.144711
68	0.186916
68	0.179793
68	0.196001
68	0.111729
68	0.220461
68	0.164201
68	0.203175
68	0.248082
68	0.149619
68	0.23316
68	0.154037
68	0.139457
68	0.201554
68	0.172719
68	0.19606
68	0.141467
68	0.179793
71	0.224601
71	0.181811
71	0.248721
71	0.208353
71	0.22169
71	0.152214
71	0.226925
71	0.19041
71	0.130783
71	0.191506
71	0.228421
71	0.142966
71	0.231919
71	0.203872
71	0.184126
71	0.164579
71	0.229596
71	0.145544
71	0.242528
71	0.105796
71	0.175761
71	0.144329
71	0.181847
71	0.0963627
71	0.219838
71	0.217178
71	0.153572
71	0.153591
71	0.222601
71	0.0544555
71	0.16086
71	0.221362
71	0.207641
71	0.208023
71	0.161956
71	0.270904
71	0.116252
71	0.0939628
71	0.166339
71	0.168231
71	0.20433
71	0.205085
71	0.177879
71	0.201288
71	0.138347
71	0.177175
71	0.21891
71	0.140175
71	0.153691
71	0.192599
71	0.185237
71	0.210054
71	0.206993
71	0.222921
71	0.232591
71	0.156923
71	0.226322
71	0.17382
71	0.159868
71	0.189315
71	0.209066
71	0.131413
71	0.199005
71	0.241533
71	0.160662
71	0.228114
71	0.119903
71	0.172791
71	0.192453
71	0.18322
71	0.204912
71	0.182457
71	0.260451
71	0.19985
71	0.233964
71	0.19045
71	0.251672
71	0.223138
71	0.246844
71	0.165923
71	0.138865
71	0.19969
71	0.202693
71	0.191113
71	0.239231
71	0.182439
71	0.154579
71	0.225414
71	0.239713
71	0.263191
71	0.22936
71	0.212031
71	0.21981
71	0.153799
71	0.223285
71	0.169139
71	0.207808
71	0.173433
71	0.179725
71	0.188094
74	0.162155
74	0.182334
74	0.217731
74	0.213656
74	0.185064
74	0.274802
74	0.170783
74	0.175321
74	0.266604
74	0.142532
74	0.206335
74	0.157377
74	0.218204
74	0.173006
74	0.253767
74	0.202008
74	0.148333
74	0.202805
74	0.175747
74	0.110812
74	0.209112
74	0.101312
74	0.175018
74	0.182413
74	0.212122
74	0.152925
74	0.212884
74	0.169215
74	0.181878
74	0.160979
74	0.160572
74	0.156261
74	0.178282
74	0.194353
74	0.189211
74	0.169629
74	0.138221
74	0.177709
74	0.201545
74	0.208881
74	0.194423
74	0.207823
74	0.170608
74	0.1699
74	0.189147
74	0.15473
74	0.170642
74	0.250199
74	0.283793
74	0.20401
74	0.172575
74	0.269784
74	0.0946399
74	0.165854
74	0.218239
74	0.265102
74	0.183419
74	0.243865
74	0.230981
74	0.152621
74	0.214206
74	0.175195
74	0.189169
74	0.281891
74	0.225126
74	0.2439
74	0.224673
74	0.221663
74	0.194935
74	0.194911
74	0.105937
74	0.184752
74	0.170887
74	0.203033
74	0.167416
74	0.166056
74	0.204614
74	0.113592
74	0.203765
74	0.249784
74	0.177824
74	0.252657
74	0.126961
74	0.278769
74	0.172652
74	0.200844
74	0.130761
74	0.174544
74	0.157106
74	0.18848
74	0.191739
74	0.168462
74	0.177883
74	0.252026
74	0.271361
74	0.261012
74	0.264241
74	0.149407
74	0.0738172
74	0.168835
77	0.172039
77	0.105602
77	0.154263
77	0.222547
77	0.201806
77	0.171959
77	0.192617
77	0.228222
77	0.197047
77	0.190674
77	0.21407
77	0.2373
77	0.220696
77	0.186158
77	0.206659
77	0.206524
77	0.240578
77	0.159216
77	0.164908
77	0.157083
77	0.182952
77	0.207819
77	0.204267
77	0.191518
77	0.206509
77	0.177251
77	0.18175
77	0.211737
77	0.311982
77	0.240567
77	0.210274
77	0.172537
77	0.166866
77	0.241105
77	0.288317
77	0.194841
77	0.171486
77	0.20526
77	0.151766
77	0.111495
77	0.181286
77	0.182569
77	0.148678
77	0.128428
77	0.158772
77	0.13479
77	0.171204
77	0.13871
77	0.101397
77	0.167936
77	0.167564
77	0.161421
77	0.17545
77	0.142992
77	0.191119
77	0.221199
77	0.143873
77	0.206312
77	0.171198
77	0.177452
77	0.223897
77	0.221485
77	0.186836
77	0.174639
77	0.25343
77	0.199751
77	0.185968
77	0.162661
77	0.190751
77	0.18566
77	0.169691
77	0.183306
77	0.151765
77	0.209921
77	0.167743
77	0.251864
77	0.192079
77	0.168947
77	0.120256
77	0.132364
77	0.122167
77	0.108145
77	0.212915
77	0.188247
77	0.243096
77	0.157073
77	0.247336
77	0.0794394
77	0.179265
77	0.157606
77	0.171843
77	0.266637
77	0.142696
77	0.167672
77	0.170772
77	0.184123
77	0.174594
77	0.152872
77	0.202939
77	0.167226
80	0.197111
80	0.165181
80	0.133043
80	0.284785
80	0.236574
80	0.140427
80	0.180427
80	0.168079
80	0.135463
80	0.122226
80	0.268454
80	0.237644
80	0.0852162
80	0.154954
80	0.198802
80	0.140937
80	0.184984
80	0.171839
80	0.114939
80	0.257162
80	0.178498
80	0.216701
80	0.173323
80	0.159678
80	0.210509
80	0.178644
80	0.165039
80	0.147922
80	0.19568
80	0.185193
80	0.199332
80	0.15651
80	0.284382
80	0.182158
80	0.163846
80	0.207247
80	0.140009
80	0.142093
80	0.191072
80	0.20425
80	0.157453
80	0.127903
80	0.105282
80	0.166045
80	0.160245
80	0.115727
80	0.309525
80	0.180614
80	0.107397
80	0.181759
80	0.279384
80	0.242945
80	0.171928
80	0.147252
80	0.18761
80	0.242565
80	0.103669
80	0.223497
80	0.161646
80	0.226262
80	0.221709
80	0.159933
80	0.211322
80	0.103312
80	0.156206
80	0.170332
80	0.132619
80	0.110911
80	0.150443
80	0.125326
80	0.24547
80	0.177608
80	0.168527
80	0.286512
80	0.220127
80	0.231593
80	0.146742
80	0.159675
80	0.098528
80	0.132349
80	0.259457
80	0.25415
80	0.202239
80	0.180081
80	0.152799
80	0.348876
80	0.250661
80	0.206508
80	0.266824
80	0.210009
80	0.281711
80	0.165152
80	0.242017
80	0.124618
80	0.146689
80	0.176012
80	0.16919
80	0.119593
80	0.166847
80	0.154001
83	0.0869638
83	0.173963
83	0.105696
83	0.261926
83	0.13652
83	0.182289
83	0.198199
83	0.224582
83	0.113997
83	0.19595
83	0.210837
83	0.208504
83	0.221322
83	0.213957
83	0.0868057
83	0.201467
83	0.140443
83	0.175094
83	0.161451
83	0.240273
83	0.19744
83	0.208594
83	0.250008
83	0.261054
83	0.173534
83	0.154864
83	0.170345
83	0.207535
83	0.10201
83	0.214505
83	0.185898
83	0.247542
83	0.141305
83	0.141171
83	0.194182
83	0.208141
83	0.218867
83	0.205892
83	0.113154
83	0.120179
83	0.205816
83	0.161949
83	0.27979
83	0.180314
83	0.140681
83	0.122475
83	0.158163
83	0.159356
83	0.140777
83	0.190984
83	0.144814
83	0.20144
83	0.176814
83	0.164154
83	0.0602811
83	0.148145
83	0.143897
83	0.208614
83	0.178701
83	0.165142
83	0.248916
83	0.102409
83	0.244525
83	0.242618
83	0.158899
83	0.160375
83	0.207876
83	0.16027
83	0.185972
83	0.22562
83	0.0958337
83	0.172036
83	0.202364
83	0.2411
83	0.226573
83	0.12744
83	0.20066
83	0.175397
83	0.113658
83	0.161785
83	0.168068
83	0.176872
83	0.146449
83	0.184099
83	0.178508
83	0.195473
83	0.236828
83	0.22071
83	0.254662
83	0.135784
83	0.176566
83	0.123211
83	0.163251
83	0.156371
83	0.241991
83	0.230004
83	0.133093
83	0.122469
83	0.190571
83	0.158459
86	0.0811224
86	0.146324
86	0.15543
86	0.171915
86	0.196009
86	0.163679
86	0.175707
86	0.257087
86	0.228686
86	0.229356
86	0.162869
86	0.231132
86	0.189349
86	0.268941
86	0.15242
86	0.218387
86	0.15935
86	0.210522
86	0.116398
86	0.177181
86	0.21612
86	0.179654
86	0.111129
86	0.169143
86	0.147216
86	0.157119
86	0.136613
86	0.227514
86	0.174555
86	0.188756
86	0.175194
86	0.198161
86	0.171069
86	0.220851
86	0.216987
86	0.207994
86	0.164291
86	0.149885
86	0.14305
86	0.281814
86	0.195702
86	0.216442
86	0.0990604
86	0.132924
86	0.241066
86	0.208271
86	0.195296
86	0.171278
86	0.171629
86	0.224231
86	0.209576
86	0.12641
86	0.18948
86	0.153863
86	0.248259
86	0.233605
86	0.207417
86	0.205173
86	0.1333
86	0.155016
86	0.175771
86	0.230849
86	0.163297
86	0.15782
86	0.250383
86	0.190651
86	0.13843
86	0.228862
86	0.128021
86	0.107856
86	0.122457
86	0.186036
86	0.192599
86	0.24765
86	0.246964
86	0.240026
86	0.2155
86	0.233207
86	0.131973
86	0.222991
86	0.226584
86	0.195951
86	0.22983
86	0.151759
86	0.225035
86	0.232774
86	0.243628
86	0.16301
86	0.229014
86	0.151404
86	0.148947
86	0.191683
86	0.155069
86	0.159158
86	0.251866
86	0.279654
86	0.103825
86	0.152192
86	0.18582
86	0.234273
89	0.1412
89	0.102961
89	0.218657
89	0.176147
89	0.108039
89	0.204011
89	0.174419
89	0.0903656
89	0.190377
89	0.18272
89	0.164833
89	0.100694
89	0.17737
89	0.171502
89	0.223434
89	0.24898
89	0.259684
89	0.177087
89	0.208268
89	0.216779
89	0.125067
89	0.161636
89	0.112733
89	0.162314
89	0.154843
89	0.171474
89	0.202469
89	0.257635
89	0.154402
89	0.247555
89	0.179617
89	0.124761
89	0.246447
89	0.0995425
89	0.245158
89	0.30688
89	0.120718
89	0.149264
89	0.176546
89	0.174536
89	0.24881
89	0.12084
89	0.129313
89	0.150733
89	0.23611
89	0.173855
89	0.226824
89	0.155173
89	0.126171
89	0.221307
89	0.219965
89	0.268608
89	0.190076
89	0.190617
89	0.197261
89	0.144474
89	0.200515
89	0.143742
89	0.192885
89	0.160236
89	0.0691671
89	0.185982
89	0.196646
89	0.144687
89	0.134515
89	0.151988
89	0.19585
89	0.075792
89	0.104345
89	0.263434
89	0.210798
89	0.163634
89	0.17802
89	0.215155
89	0.152085
89	0.17193
89	0.183599
89	0.193162
89	0.154225
89	0.221113
89	0.228368
89	0.186299
89	0.191201
89	0.213631
89	0.197815
89	0.212476
89	0.181973
89	0.225687
89	0.145135
89	0.128211
89	0.189744
89	0.216686
89	0.199628
89	0.252569
89	0.155443
89	0.228133
89	0.19132
89	0.133897
89	0.15592
89	0.130559
92	0.241021
92	0.152894
92	0.184636
92	0.193831
92	0.2169
92	0.132995
92	0.161654
92	0.361013
92	0.159755
92	0.216713
92	0.123083
92	0.172761
92	0.18847
92	0.166685
92	0.2652
92	0.0930454
92	0.160655
92	0.171677
92	0.149814
92	0.136108
92	0.128025
92	0.110344
92	0.254697
92	0.185247
92	0.190409
92	0.156703
92	0.170175
92	0.210959
92	0.187416
92	0.142975
92	0.150915
92	0.190704
92	0.199214
92	0.171607
92	0.134467
92	0.149711
92	0.107481
92	0.236078
92	0.204583
92	0.209298
92	0.209014
92	0.197573
92	0.151174
92	0.182878
92	0.140272
92	0.19764
92	0.162159
92	0.112034
92	0.21909
92	0.247319
92	0.189619
92	0.185239
92	0.158457
92	0.160205
92	0.154301
92	0.162913
92	0.205128
92	0.184211
92	0.237012
92	0.181667
92	0.182617
92	0.125068
92	0.170886
92	0.206211
92	0.176062
92	0.240665
92	0.186706
92	0.138439
92	0.173154
92	0.167863
92	0.244172
92	0.155404
92	0.196717
92	0.20533
92	0.204444
92	0.210065
92	0.162843
92	0.140605
92	0.142388
92	0.159099
92	0.20865
92	0.173133
92	0.134327
92	0.102895
92	0.274486
92	0.164231
92	0.286454
92	0.0926535
92	0.137668
92	0.184035
92	0.12229
92	0.165542
92	0.165577
92	0.201828
92	0.132021
92	0.271334
92	0.109349
92	0.198633
92	0.128141
92	0.191571
95	0.207772
95	0.133231
95	0.151952
95	0.167801
95	0.206079
95	0.119195
95	0.092533
95	0.197053
95	0.213866
95	0.147412
95	0.186636
95	0.267298
95	0.125784
95	0.191219
95	0.153018
95	0.163621
95	0.190001
95	0.120596
95	0.141251
95	0.214237
95	0.247971
95	0.216546
95	0.135108
95	0.164698
95	0.222052
95	0.14931
95	0.185966
95	0.19162
95	0.131907
95	0.161991
95	0.127381
95	0.145014
95	0.192342
95	0.199845
95	0.202537
95	0.15549
95	0.189018
95	0.151456
95	0.182746
95	0.193951
95	0.196166
95	0.155916
95	0.265323
95	0.285641
95	0.148624
95	0.154117
95	0.210433
95	0.263941
95	0.239216
95	0.100457
95	0.158008
95	0.231169
95	0.14746
95	0.146041
95	0.10828
95	0.180374
95	0.14334
95	0.164976
95	0.237627
95	0.1977
95	0.181498
95	0.206936
95	0.0860502
95	0.105019
95	0.220178
95	0.156638
95	0.251616
95	0.265165
95	0.178608
95	0.0956226
95	0.173262
95	0.158611
95	0.136419
95	0.180471
95	0.221176
95	0.17365
95	0.250786
95	0.270521
95	0.138334
95	0.160432
95	0.175527
95	0.174036
95	0.12645
95	0.224036
95	0.156898
95	0.198156
95	0.242412
95	0.179553
95	0.104061
95	0.11216
95	0.250313
95	0.189415
95	0.205183
95	0.135998
95	0.285609
95	0.0910393
95	0.231438
95	0.190494
95	0.194135
95	0.218206
98	0.132005
98	0.206571
98	0.286557
98	0.0772151
98	0.0810172
98	0.144577
98	0.141901
98	0.0822671
98	0.239914
98	0.187246
98	0.171657
98	0.174737
98	0.202456
98	0.167859
98	0.206776
98	0.239017
98	0.227975
98	0.124468
98	0.175944
98	0.182881
98	0.13959
98	0.187932
98	0.209066
98	0.223193
98	0.152378
98	0.191892
98	0.303875
98	0.179982
98	0.192187
98	0.199933
98	0.136569
98	0.129193
98	0.175267
98	0.127742
98	0.164757
98	0.145516
98	0.160602
98	0.0831558
98	0.142862
98	0.16651
98	0.167672
98	0.216269
98	0.142028
98	0.134554
98	0.145196
98	0.19795
98	0.188431
98	0.215763
98	0.220186
98	0.205414
98	0.171074
98	0.171424
98	0.181197
98	0.157585
98	0.106644
98	0.134299
98	0.142968
98	0.199725
98	0.187827
98	0.17051
98	0.200865
98	0.0975003
98	0.170065
98	0.0976642
98	0.114283
98	0.207905
98	0.109188
98	0.228467
98	0.248349
98	0.188914
98	0.183845
98	0.153194
98	0.212496
98	0.157556
98	0.157151
98	0.29618
98	0.159937
98	0.195276
98	0.182677
98	0.207161
98	0.152452
98	0.126165
98	0.23245
98	0.21724
98	0.125066
98	0.221377
98	0.133018
98	0.186112
98	0.155424
98	0.170945
98	0.22394
98	0.177447
98	0.115491
98	0.173207
98	0.229885
98	0.241072
98	0.176097
98	0.254333
98	0.126857
98	0.221258
101	0.216698
101	0.172619
101	0.0433643
101	0.140657
101	0.215759
101	0.0783947
101	0.162777
101	0.155468
101	0.26774
101	0.147212
101	0.234714
101	0.251585
101	0.109364
101	0.179874
101	0.189626
101	0.199023
101	0.186883
101	0.216808
101	0.113346
101	0.141347
101	0.140502
101	0.195484
101	0.214043
101	0.134802
101	0.182793
101	0.224915
101	0.238972
101	0.130096
101	0.156888
101	0.200431
101	0.165095
101	0.170156
101	0.0866632
101	0.111018
101	0.126213
101	0.223791
101	0.135013
101	0.279178
101	0.130411
101	0.206645
101	0.111322
101	0.186848
101	0.131203
101	0.138907
101	0.0940806
101	0.102086
101	0.175357
101	0.266415
101	0.12673
101	0.15549
101	0.152165
101	0.198348
101	0.135891
101	0.152638
101	0.206211
101	0.170476
101	0.141634
101	0.178314
101	0.13028
101	0.114859
101	0.225248
101	0.218117
101	0.133592
101	0.196029
101	0.13684
101	0.216532
101	0.144315
101	0.128977
101	0.136192
101	0.19247
101	0.165344
101	0.245171
101	0.196241
101	0.142794
101	0.142821
101	0.143019
101	0.146302
101	0.177181
101	0.116324
101	0.193282
101	0.0584789
101	0.17639
101	0.172816
101	0.206356
101	0.148839
101	0.209205
101	0.222636
101	0.143429
101	0.150266
101	0.141714
101	0.154104
101	0.122369
101	0.125881
101	0.16668
101	0.222052
101	0.219482
101	0.172361
101	0.21175
101	0.155718
101	0.204086
104	0.189924
104	0.165398
104	0.217625
104	0.0424224
104	0.181499
104	0.169605
104	0.18284
104	0.155392
104	0.127607
104	0.148177
104	0.187288
104	0.16696
104	0.152917
104	0.232214
104	0.164316
104	0.246755
104	0.188975
104	0.164986
104	0.183763
104	0.150471
104	0.185808
104	0.180893
104	0.214279
104	0.169432
104	0.202604
104	0.243308
104	0.225135
104	0.0927476
104	0.176149
104	0.100962
104	0.141294
104	0.21919
104	0.106271
104	0.213084
104	0.144577
104	0.173739
104	0.210961
104	0.195609
104	0.169514
104	0.17408
104	0.133334
104	0.195107
104	0.157407
104	0.18096
104	0.195717
104	0.169245
104	0.0867
104	0.207759
104	0.226529
104	0.162015
104	0.212673
104	0.147856
104	0.228151
104	0.256577
104	0.154959
104	0.204743
104	0.153792
104	0.226864
104	0.20376
104	0.0698699
104	0.168269
104	0.133295
104	0.129237
104	0.213962
104	0.171864
104	0.133762
104	0.132976
104	0.179661
104	0.220317
104	0.191273
104	0.27169
104	0.160434
104	0.114107
104	0.192649
104	0.136234
104	0.191762
104	0.143895
104	0.122528
104	0.23992
104	0.15678
104	0.249224
104	0.174643
104	0.142284
104	0.0816376
104	0.153558
104	0.123825
104	0.177925
104	0.138192
104	0.162882
104	0.0841501
104	0.154976
104	0.138063
104	0.202826
104	0.150671
104	0.1693
104	0.15077
104	0.105737
104	0.236508
104	0.131799
104	0.297849
107	0.196448
107	0.275874
107	0.141339
107	0.142162
107	0.204648
107	0.18398
107	0.107253
107	0.203343
107	0.0796788
107	0.147008
107	0.166367
107	0.0953173
107	0.241156
107	0.165321
107	0.184649
107	0.21065
107	0.195413
107	0.241079
107	0.217213
107	0.188501
107	0.148458
107	0.202453
107	0.174578
107	0.166162
107	0.128033
107	0.173691
107	0.0955515
107	0.170935
107	0.196778
107	0.194138
107	0.147496
107	0.158497
107	0.103395
107	0.150498
107	0.146488
107	0.181765
107	0.149955
107	0.227615
107	0.177778
107	0.170456
107	0.197204
107	0.138243
107	0.140262
107	0.224983
107	0.187521
107	0.180484
107	0.252147
107	0.116771
107	0.209541
107	0.164458
107	0.166304
107	0.111424
107	0.119526
107	0.125707
107	0.225748
107	0.225722
107	0.133293
107	0.232802
107	0.20981
107	0.181683
107	0.168664
107	0.293391
107	0.190606
107	0.10643
107	0.199609
107	0.249919
107	0.220212
107	0.189239
107	0.171865
107	0.260005
107	0.173041
107	0.178495
107	0.107479
107	0.156488
107	0.125149
107	0.11728
107	0.133744
107	0.13672
107	0.100588
107	0.18497
107	0.180074
107	0.186266
107	0.112908
107	0.199885
107	0.246466
107	0.195927
107	0.168257
107	0.192827
107	0.230392
107	0.260706
107	0.165446
107	0.16419
107	0.238489
107	0.190973
107	0.187704
107	0.163056
107	0.115261
107	0.13547
107	0.201283
107	0.192366
110	0.209452
110	0.153453
110	0.213791
110	0.206153
110	0.132702
110	0.212793
110	0.193812
110	0.25225
110	0.16471
110	0.190917
110	0.180746
110	0.0874394
110	0.136199
110	0.195179
110	0.110446
110	0.258874
110	0.100519
110	0.195882
110	0.205706
110	0.180305
110	0.185596
110	0.191171
110	0.124626
110	0.130024
110	0.195857
110	0.191754
110	0.0796517
110	0.117349
110	0.134909
110	0.144456
110	0.159304
110	0.146913
110	0.120841
110	0.115146
110	0.14682
110	0.235141
110	0.226162
110	0.163639
110	0.122974
110	0.106367
110	0.176266
110	0.150762
110	0.159172
110	0.152153
110	0.194231
110	0.15239
110	0.226658
110	0.158917
110	0.132689
110	0.205295
110	0.184914
110	0.161466
110	0.259979
110	0.185865
110	0.223139
110	0.277943
110	0.216767
110	0.240276
110	0.166801
110	0.116309
110	0.137106
110	0.13051
110	0.217091
110	0.204334
110	0.240939
110	0.144991
110	0.22106
110	0.197649
110	0.193928
110	0.200461
110	0.0990835
110	0.139574
110	0.231438
110	0.159505
110	0.13824
110	0.229215
110	0.173521
110	0.13125
110	0.126198
110	0.187628
110	0.192952
110	0.182151
110	0.1301
110	0.189663
110	0.172998
110	0.115375
110	0.182825
110	0.0806324
110	0.167167
110	0.159952
110	0.195337
110	0.201009
110	0.26
110	0.137495
110	0.187712
110	0.160616
110	0.13082
110	0.190726
110	0.201485
110	0.21491
113	0.150733
113	0.182111
113	0.211325
113	0.122038
113	0.189789
113	0.174925
113	0.146651
113	0.16018
113	0.264645
113	0.236641
113	0.182441
113	0.254997
113	0.195473
113	0.164225
113	0.146681
113	0.21387
113	0.243666
113	0.148807
113	0.145854
113	0.144492
113	0.227813
113	0.187696
113	0.168003
113	0.193714
113	0.118658
113	0.244712
113	0.137067
113	0.164067
113	0.139942
113	0.153262
113	0.176597
113	0.243786
113	0.164689
113	0.185082
113	0.149345
113	0.168492
113	0.2446
113	0.203409
113	0.154745
113	0.132694
113	0.0808204
113	0.22607
113	0.24439
113	0.140553
113	0.191166
113	0.282607
113	0.120353
113	0.166221
113	0.147665
113	0.185436
113	0.177977
113	0.137381
113	0.173689
113	0.279937
113	0.178658
113	0.174892
113	0.159424
113	0.12001
113	0.174307
113	0.138169
113	0.197666
113	0.151837
113	0.167175
113	0.187185
113	0.204108
113	0.0930933
113	0.139343
113	0.120297
113	0.123312
113	0.167303
113	0.246694
113	0.121252
113	0.199574
113	0.0889104
113	0.220118
113	0.220156
113	0.154356
113	0.174375
113	0.155408
113	0.112139
113	0.148924
113	0.245847
113	0.0950798
113	0.229219
113	0.212344
113	0.230175
113	0.151103
113	0.194954
113	0.136762
113	0.158978
113	0.152612
113	0.226065
113	0.19451
113	0.21311
113	0.195482
113	0.0890443
113	0.126243
113	0.172393
113	0.0947611
113	0.176366
116	0.235712
116	0.142373
116	0.169593
116	0.152271
116	0.203821
116	0.103507
116	0.161385
116	0.120207
116	0.0959192
116	0.213969
116	0.129968
116	0.143754
116	0.156542
116	0.112095
116	0.153701
116	0.129435
116	0.238594
116	0.212951
116	0.188483
116	0.240048
116	0.144612
116	0.173896
116	0.130221
116	0.121582
116	0.254118
116	0.298548
116	0.114244
116	0.134783
116	0.162878
116	0.293388
116	0.155757
116	0.217834
116	0.215279
116	0.162052
116	0.14674
116	0.12939
116	0.211256
116	0.17506
116	0.208243
116	0.150867
116	0.25094
116	0.136961
116	0.153317
116	0.152224
116	0.170232
116	0.262277
116	0.16751
116	0.159049
116	0.210131
116	0.210998
116	0.177641
116	0.196719
116	0.105465
116	0.146542
116	0.141006
116	0.0997447
116	0.171321
116	0.10929
116	0.110679
116	0.141391
116	0.160535
116	0.28821
116	0.115911
116	0.216307
116	0.171747
116	0.136209
116	0.141223
116	0.164042
116	0.129347
116	0.175019
116	0.178917
116	0.233238
116	0.235811
116	0.123103
116	0.15353
116	0.297078
116	0.100877
116	0.195773
116	0.232605
116	0.112101
116	0.18178
116	0.16228
116	0.226241
116	0.15374
116	0.212225
116	0.176201
116	0.0865389
116	0.1435
116	0.133828
116	0.168109
116	0.172295
116	0.148733
116	0.296106
116	0.104441
116	0.155304
116	0.0673459
116	0.122215
116	0.167128
116	0.238416
116	0.087262
119	0.155349
119	0.22473
119	0.166508
119	0.134362
119	0.10492
119	0.185816
119	0.225876
119	0.166405
119	0.103134
119	0.0825823
119	0.164775
119	0.196787
119	0.135839
119	0.143537
119	0.148862
119	0.173775
119	0.120905
119	0.205522
119	0.217333
119	0.154922
119	0.182922
119	0.144643
119	0.204315
119	0.125345
119	0.196697
119	0.1895
119	0.180313
119	0.151127
119	0.255463
119	0.237717
119	0.282622
119	0.16744
119	0.168088
119	0.111379
119	0.158637
119	0.166956
119	0.223441
119	0.189967
119	0.147019
119	0.205074
119	0.147776
119	0.16668
119	0.190588
119	0.0872556
119	0.221999
119	0.227751
119	0.100862
119	0.148556
119	0.171236
119	0.172244
119	0.126083
119	0.19903
119	0.228071
119	0.118987
119	0.260236
119	0.181427
119	0.0811792
119	0.209676
119	0.0900936
119	0.209866
119	0.203423
119	0.122567
119	0.101671
119	0.260449
119	0.173128
119	0.101267
119	0.195874
119	0.150411
119	0.0594424
119	0.166055
119	0.11099
119	0.242768
119	0.206959
119	0.155129
119	0.124153
119	0.17337
119	0.164351
119	0.130954
119	0.222465
119	0.238954
119	0.146297
119	0.190523
119	0.246651
119	0.166881
119	0.0893009
119	0.127427
119	0.086064
119	0.132976
119	0.164897
119	0.208711
119	0.0736495
119	0.204534
119	0.18897
119	0.171193
119	0.121824
119	0.136864
119	0.118941
119	0.122262
119	0.234286
119	0.147131
