var	minCostFlow
5	0.602064
5	0.425147
5	0.634046
5	0.369426
5	0.620446
5	0.746908
5	0.61654
5	0.683197
5	0.565661
5	0.54502
5	0.498101
5	0.691804
5	0.584613
5	0.639181
5	0.583373
5	0.608124
5	0.333066
5	0.631012
5	0.699892
5	0.539355
5	0.658072
5	0.634494
5	0.544058
5	0.630795
5	0.543658
5	0.562097
5	0.533519
5	0.695907
5	0.452404
5	0.527725
5	0.53662
5	0.625334
5	0.519172
5	0.619463
5	0.559586
5	0.586469
5	0.631571
5	0.629859
5	0.675092
5	0.616976
5	0.685598
5	0.486704
5	0.499296
5	0.6123
5	0.552005
5	0.516165
5	0.611093
5	0.725693
5	0.68693
5	0.459976
5	0.474748
5	0.734007
5	0.683273
5	0.564676
5	0.638303
5	0.653679
5	0.697732
5	0.595602
5	0.449934
5	0.634756
5	0.689664
5	0.685346
5	0.452439
5	0.630023
5	0.665935
5	0.552847
5	0.564681
5	0.54764
5	0.600215
5	0.666771
5	0.5076
5	0.493545
5	0.717629
5	0.518069
5	0.606143
5	0.687354
5	0.537139
5	0.578559
5	0.649752
5	0.571227
5	0.732744
5	0.553708
5	0.625547
5	0.580916
5	0.479264
5	0.522349
5	0.655876
5	0.65686
5	0.515546
5	0.652648
5	0.594938
5	0.648495
5	0.657464
5	0.639282
5	0.522772
5	0.672401
5	0.592465
5	0.637187
5	0.677534
5	0.37278
8	0.399824
8	0.411257
8	0.393333
8	0.393747
8	0.529769
8	0.489458
8	0.456839
8	0.504331
8	0.504761
8	0.518198
8	0.305306
8	0.360029
8	0.371645
8	0.531023
8	0.412234
8	0.354034
8	0.482733
8	0.535483
8	0.287793
8	0.359329
8	0.284928
8	0.368663
8	0.334471
8	0.324301
8	0.420558
8	0.398373
8	0.432221
8	0.294859
8	0.432189
8	0.366212
8	0.387827
8	0.412002
8	0.455083
8	0.534606
8	0.397896
8	0.280025
8	0.400859
8	0.286722
8	0.421609
8	0.388395
8	0.350107
8	0.557934
8	0.268254
8	0.324743
8	0.518845
8	0.286749
8	0.395782
8	0.406034
8	0.366522
8	0.339305
8	0.338664
8	0.469921
8	0.334512
8	0.348622
8	0.47576
8	0.356565
8	0.426816
8	0.453389
8	0.403977
8	0.30771
8	0.425582
8	0.386791
8	0.626333
8	0.355791
8	0.39859
8	0.3691
8	0.398573
8	0.550461
8	0.443315
8	0.44445
8	0.441416
8	0.525849
8	0.550833
8	0.369991
8	0.367083
8	0.320713
8	0.388579
8	0.270019
8	0.518571
8	0.194643
8	0.336645
8	0.309194
8	0.478909
8	0.47649
8	0.329269
8	0.354269
8	0.496421
8	0.566951
8	0.254786
8	0.453733
8	0.466226
8	0.277407
8	0.428401
8	0.554567
8	0.311196
8	0.487521
8	0.417224
8	0.372801
8	0.437987
8	0.471422
11	0.288413
11	0.30249
11	0.354253
11	0.317511
11	0.37123
11	0.310544
11	0.386087
11	0.265071
11	0.337228
11	0.366837
11	0.364991
11	0.44372
11	0.292212
11	0.312535
11	0.330563
11	0.339762
11	0.281261
11	0.368769
11	0.366113
11	0.292312
11	0.403095
11	0.292867
11	0.2847
11	0.335781
11	0.246963
11	0.368067
11	0.510406
11	0.322027
11	0.450221
11	0.325913
11	0.32161
11	0.300088
11	0.328917
11	0.258171
11	0.407231
11	0.299689
11	0.358376
11	0.341789
11	0.318613
11	0.305237
11	0.21154
11	0.312611
11	0.315022
11	0.314786
11	0.371158
11	0.307108
11	0.288033
11	0.252797
11	0.318772
11	0.377504
11	0.342031
11	0.32397
11	0.275549
11	0.329564
11	0.371528
11	0.222069
11	0.388553
11	0.267796
11	0.4235
11	0.336756
11	0.369353
11	0.3248
11	0.322111
11	0.251587
11	0.274223
11	0.379951
11	0.22964
11	0.266394
11	0.313201
11	0.228353
11	0.285271
11	0.27966
11	0.242566
11	0.350355
11	0.27617
11	0.385774
11	0.442817
11	0.265883
11	0.447749
11	0.297009
11	0.312355
11	0.506602
11	0.322747
11	0.348309
11	0.403282
11	0.291162
11	0.319813
11	0.514056
11	0.269724
11	0.383674
11	0.358165
11	0.337478
11	0.362388
11	0.270224
11	0.307962
11	0.297611
11	0.435918
11	0.27353
11	0.269177
11	0.258595
14	0.234745
14	0.271057
14	0.392121
14	0.322051
14	0.27698
14	0.330143
14	0.3347
14	0.334228
14	0.297051
14	0.277722
14	0.278263
14	0.266421
14	0.284593
14	0.298955
14	0.271988
14	0.265394
14	0.239445
14	0.300904
14	0.371564
14	0.21017
14	0.307005
14	0.293096
14	0.279437
14	0.281596
14	0.318158
14	0.353028
14	0.366039
14	0.27851
14	0.445532
14	0.259577
14	0.35025
14	0.255497
14	0.435053
14	0.378088
14	0.363894
14	0.29055
14	0.334394
14	0.314835
14	0.257158
14	0.349279
14	0.27167
14	0.281232
14	0.372953
14	0.249115
14	0.225583
14	0.305708
14	0.238419
14	0.261679
14	0.249886
14	0.316588
14	0.432735
14	0.285641
14	0.286829
14	0.230798
14	0.384434
14	0.339985
14	0.298105
14	0.307024
14	0.356919
14	0.246588
14	0.290782
14	0.285892
14	0.282755
14	0.244407
14	0.275711
14	0.27964
14	0.311175
14	0.308671
14	0.310241
14	0.241587
14	0.257998
14	0.234248
14	0.242857
14	0.297426
14	0.286069
14	0.324252
14	0.316451
14	0.197575
14	0.269354
14	0.24905
14	0.311998
14	0.323213
14	0.355946
14	0.443436
14	0.225351
14	0.301884
14	0.28904
14	0.308922
14	0.375979
14	0.26917
14	0.229294
14	0.296359
14	0.321484
14	0.277644
14	0.303989
14	0.27689
14	0.308856
14	0.422725
14	0.265001
14	0.358678
17	0.264194
17	0.267488
17	0.247713
17	0.305557
17	0.314336
17	0.272712
17	0.271286
17	0.303199
17	0.232113
17	0.272209
17	0.249583
17	0.256503
17	0.361257
17	0.275683
17	0.294266
17	0.262866
17	0.212684
17	0.248104
17	0.263826
17	0.323924
17	0.275814
17	0.294448
17	0.237577
17	0.275969
17	0.27055
17	0.256298
17	0.296171
17	0.286326
17	0.173016
17	0.290209
17	0.302929
17	0.277202
17	0.264574
17	0.24341
17	0.32516
17	0.297092
17	0.21925
17	0.337816
17	0.310477
17	0.240694
17	0.355933
17	0.277636
17	0.34356
17	0.317911
17	0.283409
17	0.249365
17	0.325265
17	0.31514
17	0.327395
17	0.320679
17	0.278084
17	0.320173
17	0.290847
17	0.28668
17	0.246521
17	0.262093
17	0.265984
17	0.328027
17	0.234304
17	0.33485
17	0.34827
17	0.311304
17	0.326543
17	0.308921
17	0.279443
17	0.416347
17	0.33098
17	0.291407
17	0.347981
17	0.218611
17	0.30062
17	0.260219
17	0.238786
17	0.244607
17	0.322145
17	0.336739
17	0.306319
17	0.298346
17	0.307846
17	0.248375
17	0.284578
17	0.280932
17	0.303325
17	0.286865
17	0.308872
17	0.338556
17	0.262515
17	0.278443
17	0.207341
17	0.281616
17	0.244986
17	0.259087
17	0.240173
17	0.214881
17	0.264492
17	0.307978
17	0.302108
17	0.29211
17	0.269839
17	0.329849
20	0.275229
20	0.188513
20	0.308124
20	0.27646
20	0.26473
20	0.290942
20	0.267347
20	0.247855
20	0.22595
20	0.271462
20	0.270375
20	0.321027
20	0.271227
20	0.292443
20	0.238755
20	0.236711
20	0.266593
20	0.309748
20	0.305881
20	0.318804
20	0.231085
20	0.270134
20	0.237377
20	0.271834
20	0.25672
20	0.269396
20	0.238388
20	0.276851
20	0.264392
20	0.232604
20	0.286028
20	0.26257
20	0.313821
20	0.240341
20	0.263284
20	0.273567
20	0.294743
20	0.24692
20	0.329895
20	0.308051
20	0.294159
20	0.253262
20	0.305264
20	0.26891
20	0.234049
20	0.290383
20	0.253306
20	0.27185
20	0.287021
20	0.251522
20	0.267253
20	0.284252
20	0.346593
20	0.28602
20	0.271019
20	0.233349
20	0.234431
20	0.303527
20	0.228963
20	0.23272
20	0.280077
20	0.2284
20	0.262967
20	0.248069
20	0.267979
20	0.221314
20	0.268829
20	0.279966
20	0.299908
20	0.264835
20	0.29656
20	0.257288
20	0.289536
20	0.271858
20	0.297279
20	0.290153
20	0.244858
20	0.279056
20	0.298315
20	0.248758
20	0.217394
20	0.286136
20	0.275805
20	0.279268
20	0.217392
20	0.287808
20	0.252057
20	0.260445
20	0.260265
20	0.272207
20	0.19706
20	0.269371
20	0.336953
20	0.24108
20	0.253954
20	0.262216
20	0.301472
20	0.275607
20	0.277575
20	0.29564
23	0.264576
23	0.230485
23	0.23203
23	0.266352
23	0.278713
23	0.311582
23	0.253774
23	0.245547
23	0.272807
23	0.287592
23	0.30133
23	0.289548
23	0.272123
23	0.227171
23	0.29482
23	0.237916
23	0.291421
23	0.222085
23	0.255646
23	0.31067
23	0.267481
23	0.249998
23	0.264703
23	0.272692
23	0.30829
23	0.314272
23	0.219189
23	0.319301
23	0.288967
23	0.267411
23	0.275432
23	0.268987
23	0.248189
23	0.263337
23	0.369693
23	0.236103
23	0.256166
23	0.226729
23	0.289494
23	0.228568
23	0.255685
23	0.217207
23	0.267838
23	0.294963
23	0.271971
23	0.325866
23	0.249257
23	0.320017
23	0.25613
23	0.297461
23	0.309182
23	0.27938
23	0.298482
23	0.239394
23	0.279187
23	0.268808
23	0.276381
23	0.212529
23	0.283822
23	0.291239
23	0.274828
23	0.237441
23	0.243213
23	0.273081
23	0.275034
23	0.286183
23	0.269081
23	0.31933
23	0.28018
23	0.239252
23	0.280695
23	0.235581
23	0.28926
23	0.319199
23	0.328888
23	0.276403
23	0.358904
23	0.271429
23	0.287628
23	0.29104
23	0.271878
23	0.310255
23	0.300188
23	0.240734
23	0.293671
23	0.258802
23	0.207627
23	0.24134
23	0.276172
23	0.293081
23	0.245744
23	0.227004
23	0.265298
23	0.234771
23	0.28538
23	0.287123
23	0.335346
23	0.258768
23	0.261396
23	0.251642
26	0.275305
26	0.283321
26	0.229216
26	0.256095
26	0.273037
26	0.215693
26	0.250762
26	0.270861
26	0.200454
26	0.313384
26	0.272164
26	0.306581
26	0.29734
26	0.256309
26	0.248616
26	0.265404
26	0.259959
26	0.212715
26	0.259251
26	0.295484
26	0.277711
26	0.269273
26	0.295547
26	0.267706
26	0.227685
26	0.296414
26	0.219141
26	0.276706
26	0.277729
26	0.231082
26	0.251375
26	0.318534
26	0.261424
26	0.328761
26	0.238242
26	0.27808
26	0.260495
26	0.294784
26	0.273868
26	0.264548
26	0.263217
26	0.30142
26	0.224429
26	0.287168
26	0.278281
26	0.29268
26	0.274962
26	0.281234
26	0.264689
26	0.202864
26	0.249388
26	0.25998
26	0.234239
26	0.243584
26	0.282964
26	0.267058
26	0.254412
26	0.336175
26	0.243067
26	0.262092
26	0.184785
26	0.293257
26	0.228115
26	0.243255
26	0.271583
26	0.230862
26	0.244675
26	0.290037
26	0.250358
26	0.273503
26	0.266875
26	0.272469
26	0.187851
26	0.278868
26	0.226648
26	0.275688
26	0.26873
26	0.278108
26	0.259601
26	0.153484
26	0.26964
26	0.28576
26	0.275616
26	0.272695
26	0.27218
26	0.296547
26	0.329174
26	0.238867
26	0.249903
26	0.266435
26	0.258284
26	0.288452
26	0.259923
26	0.294983
26	0.262104
26	0.260323
26	0.222182
26	0.284509
26	0.278362
26	0.241177
29	0.250206
29	0.276557
29	0.291592
29	0.248498
29	0.251504
29	0.303045
29	0.246476
29	0.281247
29	0.241336
29	0.298629
29	0.232753
29	0.259476
29	0.305277
29	0.272442
29	0.228605
29	0.280746
29	0.268118
29	0.241245
29	0.281222
29	0.274081
29	0.247046
29	0.249801
29	0.20651
29	0.310174
29	0.237118
29	0.300859
29	0.240861
29	0.2732
29	0.196432
29	0.28573
29	0.269321
29	0.215511
29	0.238474
29	0.268754
29	0.276326
29	0.257643
29	0.256907
29	0.296176
29	0.223244
29	0.255152
29	0.251998
29	0.280509
29	0.243352
29	0.289239
29	0.305853
29	0.249695
29	0.287815
29	0.208256
29	0.256455
29	0.313502
29	0.316772
29	0.250788
29	0.242403
29	0.289504
29	0.264504
29	0.281612
29	0.287326
29	0.296234
29	0.262969
29	0.218228
29	0.252119
29	0.269696
29	0.250024
29	0.281222
29	0.266927
29	0.242297
29	0.282763
29	0.316933
29	0.277661
29	0.193867
29	0.239587
29	0.264944
29	0.265464
29	0.281074
29	0.250742
29	0.238934
29	0.235551
29	0.201067
29	0.291791
29	0.282295
29	0.283361
29	0.213375
29	0.281012
29	0.231841
29	0.288984
29	0.261678
29	0.231128
29	0.265602
29	0.176864
29	0.244117
29	0.249938
29	0.270661
29	0.294119
29	0.279194
29	0.233585
29	0.253495
29	0.297537
29	0.26152
29	0.228503
29	0.226701
32	0.252075
32	0.262082
32	0.26283
32	0.292861
32	0.22995
32	0.284841
32	0.209011
32	0.270083
32	0.272674
32	0.223954
32	0.232603
32	0.242382
32	0.262878
32	0.305568
32	0.259757
32	0.238274
32	0.247193
32	0.237065
32	0.327758
32	0.295387
32	0.283103
32	0.30266
32	0.224577
32	0.266281
32	0.288062
32	0.274419
32	0.278904
32	0.260916
32	0.26429
32	0.243495
32	0.228958
32	0.289885
32	0.273803
32	0.271457
32	0.31864
32	0.252258
32	0.22689
32	0.273207
32	0.285401
32	0.258884
32	0.248581
32	0.277523
32	0.278429
32	0.240113
32	0.252573
32	0.282306
32	0.273603
32	0.266638
32	0.251679
32	0.281572
32	0.3487
32	0.244627
32	0.279471
32	0.255227
32	0.240476
32	0.265401
32	0.254885
32	0.232038
32	0.23373
32	0.302162
32	0.282096
32	0.265082
32	0.277548
32	0.263831
32	0.261756
32	0.289917
32	0.271202
32	0.285446
32	0.302408
32	0.314011
32	0.222408
32	0.234279
32	0.304817
32	0.252092
32	0.298991
32	0.222456
32	0.252217
32	0.257828
32	0.294151
32	0.296593
32	0.27286
32	0.227097
32	0.254657
32	0.30499
32	0.299835
32	0.267187
32	0.262059
32	0.280922
32	0.29539
32	0.222523
32	0.260926
32	0.258856
32	0.231197
32	0.24744
32	0.260748
32	0.258095
32	0.27414
32	0.19471
32	0.247106
32	0.253415
35	0.226397
35	0.276357
35	0.202484
35	0.257473
35	0.27781
35	0.324143
35	0.22568
35	0.312947
35	0.274328
35	0.240368
35	0.293583
35	0.222175
35	0.287557
35	0.230102
35	0.205207
35	0.305609
35	0.274737
35	0.209731
35	0.256437
35	0.227664
35	0.261926
35	0.256123
35	0.228718
35	0.281755
35	0.250728
35	0.251981
35	0.273759
35	0.271485
35	0.241111
35	0.278347
35	0.278642
35	0.251825
35	0.253883
35	0.2274
35	0.284133
35	0.257761
35	0.223651
35	0.228462
35	0.248288
35	0.198089
35	0.229169
35	0.26089
35	0.239625
35	0.236813
35	0.267217
35	0.286775
35	0.272712
35	0.237443
35	0.271766
35	0.244152
35	0.233628
35	0.218095
35	0.273114
35	0.272397
35	0.261466
35	0.324478
35	0.261017
35	0.295542
35	0.242319
35	0.271442
35	0.270417
35	0.283962
35	0.284928
35	0.245997
35	0.274805
35	0.256144
35	0.268999
35	0.242772
35	0.266496
35	0.259301
35	0.253469
35	0.225052
35	0.255989
35	0.251905
35	0.297625
35	0.221722
35	0.223738
35	0.256508
35	0.30352
35	0.235397
35	0.286427
35	0.224908
35	0.252538
35	0.23259
35	0.258304
35	0.216342
35	0.264109
35	0.199935
35	0.260302
35	0.286158
35	0.258715
35	0.27551
35	0.280243
35	0.273166
35	0.234103
35	0.301296
35	0.291195
35	0.310007
35	0.261532
35	0.238713
38	0.247397
38	0.288384
38	0.265332
38	0.282821
38	0.251596
38	0.258538
38	0.252583
38	0.293195
38	0.221456
38	0.241413
38	0.235663
38	0.276022
38	0.258231
38	0.211175
38	0.211032
38	0.200908
38	0.267782
38	0.226334
38	0.283789
38	0.259766
38	0.277852
38	0.279014
38	0.235061
38	0.25862
38	0.236734
38	0.217719
38	0.2636
38	0.282958
38	0.270341
38	0.252542
38	0.238359
38	0.245653
38	0.291434
38	0.257191
38	0.193279
38	0.261836
38	0.233245
38	0.256433
38	0.270496
38	0.252092
38	0.256002
38	0.296041
38	0.215364
38	0.278156
38	0.281316
38	0.269514
38	0.252804
38	0.282686
38	0.245744
38	0.234133
38	0.228508
38	0.268707
38	0.278656
38	0.284963
38	0.279151
38	0.251798
38	0.243486
38	0.279863
38	0.281035
38	0.219167
38	0.189297
38	0.2372
38	0.231616
38	0.251988
38	0.271928
38	0.295759
38	0.245003
38	0.23469
38	0.316272
38	0.284193
38	0.218887
38	0.25612
38	0.269682
38	0.275749
38	0.219146
38	0.250272
38	0.255784
38	0.270923
38	0.281581
38	0.229516
38	0.291773
38	0.22252
38	0.250615
38	0.203962
38	0.198806
38	0.309297
38	0.251746
38	0.223456
38	0.314727
38	0.23136
38	0.215141
38	0.295429
38	0.215418
38	0.217917
38	0.269571
38	0.224896
38	0.251828
38	0.269901
38	0.273124
38	0.237427
41	0.233353
41	0.286166
41	0.220578
41	0.263721
41	0.295702
41	0.236215
41	0.257041
41	0.297229
41	0.267952
41	0.249907
41	0.267164
41	0.274265
41	0.233111
41	0.289877
41	0.227099
41	0.269661
41	0.288159
41	0.227916
41	0.261923
41	0.215535
41	0.208719
41	0.248664
41	0.251142
41	0.238348
41	0.281437
41	0.23112
41	0.288828
41	0.211447
41	0.238257
41	0.273505
41	0.247148
41	0.242531
41	0.249816
41	0.274963
41	0.22822
41	0.281999
41	0.272434
41	0.251486
41	0.27719
41	0.310759
41	0.268519
41	0.272531
41	0.283733
41	0.278129
41	0.217326
41	0.266884
41	0.22523
41	0.249561
41	0.247517
41	0.233801
41	0.285055
41	0.255395
41	0.308485
41	0.25916
41	0.237352
41	0.247836
41	0.268219
41	0.288224
41	0.23579
41	0.267082
41	0.216548
41	0.297826
41	0.246365
41	0.221597
41	0.266029
41	0.235947
41	0.264722
41	0.271537
41	0.264804
41	0.290162
41	0.230862
41	0.222907
41	0.232543
41	0.209541
41	0.227417
41	0.265189
41	0.218167
41	0.232625
41	0.277043
41	0.27891
41	0.226741
41	0.237
41	0.215544
41	0.280008
41	0.242883
41	0.205712
41	0.276447
41	0.252028
41	0.212561
41	0.219488
41	0.275123
41	0.283091
41	0.175601
41	0.207066
41	0.246723
41	0.222104
41	0.234635
41	0.268612
41	0.250951
41	0.28528
44	0.241639
44	0.228388
44	0.245157
44	0.254119
44	0.276273
44	0.27498
44	0.276089
44	0.274232
44	0.278272
44	0.262008
44	0.265024
44	0.23053
44	0.180438
44	0.288345
44	0.281436
44	0.255133
44	0.260349
44	0.274148
44	0.231151
44	0.260762
44	0.279964
44	0.235566
44	0.236949
44	0.28662
44	0.204872
44	0.265694
44	0.23856
44	0.247509
44	0.241849
44	0.250986
44	0.258501
44	0.259072
44	0.289904
44	0.23311
44	0.238221
44	0.233158
44	0.198593
44	0.273552
44	0.231952
44	0.238691
44	0.255548
44	0.206755
44	0.280104
44	0.266228
44	0.285813
44	0.233468
44	0.271597
44	0.250174
44	0.221172
44	0.280831
44	0.207366
44	0.271348
44	0.260818
44	0.236092
44	0.275343
44	0.221526
44	0.276058
44	0.264013
44	0.303517
44	0.262276
44	0.243997
44	0.197023
44	0.246966
44	0.227894
44	0.230108
44	0.30506
44	0.22223
44	0.233968
44	0.222627
44	0.279206
44	0.271191
44	0.251962
44	0.236417
44	0.229008
44	0.218226
44	0.289494
44	0.254044
44	0.266075
44	0.221228
44	0.246514
44	0.250256
44	0.195469
44	0.224921
44	0.243875
44	0.244843
44	0.299347
44	0.285045
44	0.286468
44	0.22319
44	0.237445
44	0.236033
44	0.259394
44	0.19621
44	0.256335
44	0.28413
44	0.300657
44	0.233758
44	0.260143
44	0.270881
44	0.273532
47	0.247012
47	0.301077
47	0.188255
47	0.223913
47	0.21442
47	0.276391
47	0.235602
47	0.227323
47	0.257259
47	0.216987
47	0.2687
47	0.250899
47	0.24108
47	0.245188
47	0.229206
47	0.286498
47	0.236852
47	0.2353
47	0.253963
47	0.250155
47	0.329735
47	0.297228
47	0.251915
47	0.241181
47	0.234228
47	0.227745
47	0.244189
47	0.303882
47	0.248051
47	0.216826
47	0.200801
47	0.28579
47	0.261175
47	0.261032
47	0.283124
47	0.252204
47	0.203755
47	0.234442
47	0.247944
47	0.215066
47	0.233035
47	0.260984
47	0.1979
47	0.22919
47	0.268268
47	0.25015
47	0.250926
47	0.187472
47	0.249474
47	0.263963
47	0.28709
47	0.259132
47	0.257561
47	0.272414
47	0.282176
47	0.285265
47	0.255434
47	0.294118
47	0.282628
47	0.230897
47	0.202495
47	0.220422
47	0.195373
47	0.280813
47	0.226585
47	0.258883
47	0.219065
47	0.249139
47	0.266355
47	0.298598
47	0.251626
47	0.295575
47	0.229762
47	0.280315
47	0.250486
47	0.271905
47	0.273284
47	0.244369
47	0.258714
47	0.244647
47	0.251931
47	0.30278
47	0.287935
47	0.224569
47	0.227374
47	0.28802
47	0.259347
47	0.253405
47	0.25865
47	0.241671
47	0.250569
47	0.309698
47	0.264489
47	0.183996
47	0.216589
47	0.221045
47	0.231382
47	0.250315
47	0.234989
47	0.254738
50	0.272735
50	0.285191
50	0.198924
50	0.194211
50	0.201677
50	0.243727
50	0.248876
50	0.273518
50	0.245773
50	0.222857
50	0.222419
50	0.297975
50	0.236301
50	0.218258
50	0.259522
50	0.250934
50	0.305806
50	0.309285
50	0.231207
50	0.231764
50	0.258221
50	0.253189
50	0.220217
50	0.297195
50	0.234356
50	0.235768
50	0.257706
50	0.235324
50	0.26758
50	0.249623
50	0.224721
50	0.272148
50	0.226166
50	0.26376
50	0.246541
50	0.247874
50	0.238562
50	0.21625
50	0.29364
50	0.262337
50	0.262364
50	0.197395
50	0.234643
50	0.290813
50	0.270645
50	0.24359
50	0.222802
50	0.26893
50	0.230492
50	0.244656
50	0.328109
50	0.224745
50	0.270265
50	0.249312
50	0.256191
50	0.274208
50	0.285983
50	0.255207
50	0.264009
50	0.279196
50	0.217691
50	0.254999
50	0.207978
50	0.259138
50	0.26333
50	0.259989
50	0.262103
50	0.247814
50	0.280454
50	0.288722
50	0.238351
50	0.265385
50	0.233
50	0.250759
50	0.287368
50	0.271592
50	0.302746
50	0.262451
50	0.253185
50	0.267871
50	0.242793
50	0.276099
50	0.237952
50	0.258814
50	0.227171
50	0.255529
50	0.251333
50	0.259949
50	0.283275
50	0.192924
50	0.217022
50	0.30153
50	0.22152
50	0.247468
50	0.200179
50	0.234357
50	0.261398
50	0.239639
50	0.235946
50	0.202851
53	0.265672
53	0.229333
53	0.229385
53	0.220469
53	0.184925
53	0.282558
53	0.22944
53	0.266319
53	0.256234
53	0.242269
53	0.261725
53	0.244768
53	0.234306
53	0.228018
53	0.223322
53	0.21791
53	0.260209
53	0.210195
53	0.235205
53	0.261833
53	0.248068
53	0.227238
53	0.198813
53	0.259806
53	0.242116
53	0.324806
53	0.232477
53	0.205087
53	0.240212
53	0.241565
53	0.246071
53	0.248836
53	0.238078
53	0.225732
53	0.230377
53	0.178971
53	0.245633
53	0.270395
53	0.293638
53	0.249782
53	0.267695
53	0.258107
53	0.237894
53	0.262602
53	0.204464
53	0.287677
53	0.268632
53	0.276869
53	0.269589
53	0.239352
53	0.298005
53	0.269258
53	0.262211
53	0.240741
53	0.253747
53	0.253755
53	0.251183
53	0.242016
53	0.208403
53	0.242457
53	0.249232
53	0.265774
53	0.199632
53	0.237191
53	0.243053
53	0.187767
53	0.201418
53	0.283653
53	0.230886
53	0.263786
53	0.202787
53	0.30896
53	0.255885
53	0.237635
53	0.258615
53	0.265361
53	0.287273
53	0.266576
53	0.264155
53	0.244073
53	0.227775
53	0.218363
53	0.193771
53	0.224571
53	0.273391
53	0.253878
53	0.206726
53	0.268985
53	0.274608
53	0.280565
53	0.249765
53	0.297402
53	0.230964
53	0.236607
53	0.225286
53	0.273519
53	0.217403
53	0.224847
53	0.246407
53	0.223707
56	0.244222
56	0.275248
56	0.276757
56	0.215847
56	0.250113
56	0.277182
56	0.26467
56	0.236919
56	0.239593
56	0.23737
56	0.218816
56	0.243605
56	0.254284
56	0.280291
56	0.270296
56	0.213148
56	0.237594
56	0.232337
56	0.236633
56	0.205454
56	0.265779
56	0.265194
56	0.28477
56	0.205227
56	0.238782
56	0.20778
56	0.235664
56	0.227384
56	0.279478
56	0.255057
56	0.24209
56	0.255374
56	0.205535
56	0.289268
56	0.270142
56	0.224412
56	0.26975
56	0.185274
56	0.247126
56	0.212171
56	0.247597
56	0.264595
56	0.226443
56	0.229381
56	0.225834
56	0.246672
56	0.284938
56	0.289255
56	0.292965
56	0.272684
56	0.251071
56	0.234105
56	0.312377
56	0.236387
56	0.197471
56	0.248765
56	0.259806
56	0.239106
56	0.254779
56	0.236967
56	0.265698
56	0.260951
56	0.28628
56	0.262321
56	0.257845
56	0.238595
56	0.212993
56	0.210641
56	0.294261
56	0.249889
56	0.257138
56	0.248968
56	0.247825
56	0.250239
56	0.223323
56	0.230835
56	0.276441
56	0.25459
56	0.30099
56	0.250124
56	0.23135
56	0.237828
56	0.242117
56	0.22936
56	0.252625
56	0.268258
56	0.25646
56	0.237713
56	0.256503
56	0.280544
56	0.215226
56	0.254697
56	0.18347
56	0.246403
56	0.245903
56	0.270386
56	0.251116
56	0.255592
56	0.282039
56	0.250667
59	0.261091
59	0.237926
59	0.229651
59	0.234289
59	0.286991
59	0.2384
59	0.248374
59	0.223651
59	0.24631
59	0.296818
59	0.262632
59	0.242598
59	0.258425
59	0.243676
59	0.256901
59	0.216394
59	0.217948
59	0.241936
59	0.272776
59	0.221024
59	0.244007
59	0.218257
59	0.275013
59	0.269779
59	0.275976
59	0.267879
59	0.232928
59	0.233644
59	0.255622
59	0.217652
59	0.228529
59	0.290088
59	0.217805
59	0.25555
59	0.293425
59	0.269521
59	0.280564
59	0.249278
59	0.223226
59	0.261704
59	0.261899
59	0.277848
59	0.265397
59	0.266191
59	0.249965
59	0.25644
59	0.203691
59	0.236063
59	0.257569
59	0.272359
59	0.202659
59	0.281254
59	0.279735
59	0.235162
59	0.230597
59	0.239517
59	0.246061
59	0.279624
59	0.229736
59	0.214774
59	0.275449
59	0.247104
59	0.241189
59	0.261279
59	0.214605
59	0.253272
59	0.251495
59	0.250104
59	0.246775
59	0.262181
59	0.277356
59	0.239688
59	0.250123
59	0.279229
59	0.269778
59	0.247285
59	0.249009
59	0.243457
59	0.268682
59	0.268327
59	0.27487
59	0.273652
59	0.260518
59	0.22073
59	0.234727
59	0.214801
59	0.218332
59	0.248154
59	0.222218
59	0.267433
59	0.236571
59	0.243141
59	0.221502
59	0.21219
59	0.215683
59	0.26565
59	0.212811
59	0.204873
59	0.262173
59	0.232528
62	0.242375
62	0.282711
62	0.262363
62	0.235706
62	0.202173
62	0.304152
62	0.260982
62	0.282226
62	0.24406
62	0.286358
62	0.257501
62	0.299513
62	0.292893
62	0.224503
62	0.223477
62	0.281677
62	0.236777
62	0.230401
62	0.219746
62	0.276798
62	0.269221
62	0.223109
62	0.319199
62	0.237168
62	0.219809
62	0.286916
62	0.26897
62	0.261362
62	0.246635
62	0.220691
62	0.256046
62	0.237006
62	0.231029
62	0.251256
62	0.252192
62	0.220451
62	0.234235
62	0.258785
62	0.239227
62	0.293196
62	0.246106
62	0.292709
62	0.254811
62	0.226659
62	0.236791
62	0.224227
62	0.246265
62	0.207876
62	0.2468
62	0.243825
62	0.223117
62	0.191358
62	0.272999
62	0.222086
62	0.224111
62	0.256019
62	0.245405
62	0.256399
62	0.251228
62	0.264249
62	0.269207
62	0.238621
62	0.25404
62	0.299436
62	0.216075
62	0.218176
62	0.228848
62	0.228011
62	0.244101
62	0.233944
62	0.22405
62	0.261491
62	0.258842
62	0.269528
62	0.260614
62	0.213887
62	0.253108
62	0.283682
62	0.273165
62	0.244771
62	0.252322
62	0.241961
62	0.252112
62	0.271961
62	0.258978
62	0.277285
62	0.286648
62	0.238087
62	0.25686
62	0.2607
62	0.276324
62	0.276758
62	0.260767
62	0.236825
62	0.257514
62	0.244945
62	0.264676
62	0.268519
62	0.250562
62	0.232842
65	0.204435
65	0.220733
65	0.211432
65	0.230979
65	0.241057
65	0.260877
65	0.232809
65	0.255977
65	0.251796
65	0.243673
65	0.269111
65	0.240007
65	0.277326
65	0.298168
65	0.29771
65	0.273359
65	0.253131
65	0.218593
65	0.243561
65	0.229903
65	0.252235
65	0.236377
65	0.262052
65	0.235857
65	0.335635
65	0.215562
65	0.249654
65	0.26498
65	0.246168
65	0.221283
65	0.276504
65	0.252722
65	0.261576
65	0.224177
65	0.268813
65	0.239929
65	0.208483
65	0.18384
65	0.258312
65	0.235763
65	0.274289
65	0.214506
65	0.26801
65	0.277399
65	0.262053
65	0.22445
65	0.258122
65	0.23803
65	0.287311
65	0.280241
65	0.275814
65	0.218682
65	0.241413
65	0.239551
65	0.297167
65	0.295529
65	0.236209
65	0.242876
65	0.226824
65	0.296289
65	0.226445
65	0.269317
65	0.254025
65	0.243198
65	0.21089
65	0.174625
65	0.242647
65	0.26308
65	0.257261
65	0.221603
65	0.254021
65	0.291854
65	0.255649
65	0.244663
65	0.235602
65	0.265602
65	0.221694
65	0.210547
65	0.25594
65	0.22468
65	0.245108
65	0.229145
65	0.220748
65	0.297369
65	0.252617
65	0.25845
65	0.247845
65	0.242797
65	0.256498
65	0.229022
65	0.263359
65	0.263841
65	0.207631
65	0.233776
65	0.245559
65	0.276726
65	0.211314
65	0.208637
65	0.283665
65	0.270415
68	0.260135
68	0.230259
68	0.277229
68	0.260335
68	0.263705
68	0.273539
68	0.264953
68	0.232966
68	0.240754
68	0.282055
68	0.224952
68	0.257326
68	0.247908
68	0.23396
68	0.252765
68	0.193859
68	0.242611
68	0.203978
68	0.280573
68	0.177358
68	0.237855
68	0.272695
68	0.230443
68	0.265889
68	0.237084
68	0.235783
68	0.24911
68	0.268517
68	0.228066
68	0.269246
68	0.249152
68	0.257299
68	0.277106
68	0.229518
68	0.252921
68	0.228294
68	0.286413
68	0.274817
68	0.218569
68	0.27105
68	0.240811
68	0.243825
68	0.258492
68	0.234881
68	0.243671
68	0.262011
68	0.273821
68	0.266961
68	0.228298
68	0.25165
68	0.236421
68	0.239889
68	0.275871
68	0.258058
68	0.269429
68	0.260241
68	0.247339
68	0.263808
68	0.269171
68	0.233359
68	0.271197
68	0.228113
68	0.23831
68	0.283428
68	0.260685
68	0.273815
68	0.250357
68	0.302974
68	0.260376
68	0.222211
68	0.257259
68	0.231224
68	0.232108
68	0.255235
68	0.263597
68	0.255377
68	0.246672
68	0.262866
68	0.228095
68	0.24057
68	0.264706
68	0.307554
68	0.266493
68	0.219379
68	0.235703
68	0.252478
68	0.171077
68	0.279499
68	0.260912
68	0.19729
68	0.243503
68	0.264445
68	0.245778
68	0.199106
68	0.211698
68	0.269085
68	0.243817
68	0.283962
68	0.27091
68	0.238403
71	0.253639
71	0.227612
71	0.273903
71	0.237417
71	0.212649
71	0.254958
71	0.273941
71	0.26051
71	0.227189
71	0.244831
71	0.292459
71	0.247122
71	0.243103
71	0.203466
71	0.236059
71	0.231196
71	0.277879
71	0.197784
71	0.242022
71	0.233706
71	0.228938
71	0.258976
71	0.250132
71	0.267762
71	0.272856
71	0.254481
71	0.232256
71	0.252344
71	0.237796
71	0.263319
71	0.241885
71	0.24324
71	0.240128
71	0.231851
71	0.248883
71	0.227667
71	0.266851
71	0.246182
71	0.24487
71	0.267
71	0.263632
71	0.242121
71	0.228095
71	0.201561
71	0.240844
71	0.231137
71	0.259021
71	0.212866
71	0.237864
71	0.245748
71	0.281672
71	0.254955
71	0.239368
71	0.2597
71	0.305042
71	0.300522
71	0.274818
71	0.229257
71	0.237801
71	0.256934
71	0.224526
71	0.211703
71	0.275683
71	0.238081
71	0.226294
71	0.204325
71	0.265369
71	0.240543
71	0.209445
71	0.239298
71	0.262187
71	0.262231
71	0.234201
71	0.195415
71	0.27908
71	0.279558
71	0.245698
71	0.188342
71	0.282009
71	0.258931
71	0.273517
71	0.269515
71	0.265785
71	0.189771
71	0.229983
71	0.270461
71	0.247118
71	0.255296
71	0.266647
71	0.271287
71	0.219303
71	0.236404
71	0.24848
71	0.192426
71	0.233923
71	0.297881
71	0.269247
71	0.217237
71	0.324567
71	0.293702
74	0.26215
74	0.264238
74	0.251993
74	0.228271
74	0.224702
74	0.23724
74	0.230833
74	0.227451
74	0.204856
74	0.199244
74	0.235666
74	0.217762
74	0.251182
74	0.234973
74	0.226485
74	0.227691
74	0.253579
74	0.255183
74	0.223305
74	0.26745
74	0.269735
74	0.235753
74	0.25932
74	0.231419
74	0.277906
74	0.273303
74	0.217363
74	0.225234
74	0.275471
74	0.215041
74	0.227356
74	0.218318
74	0.277652
74	0.209197
74	0.237476
74	0.289058
74	0.210951
74	0.182555
74	0.222274
74	0.265459
74	0.255008
74	0.245365
74	0.28248
74	0.223912
74	0.218835
74	0.276881
74	0.229156
74	0.281429
74	0.255901
74	0.244133
74	0.241147
74	0.226591
74	0.276522
74	0.223295
74	0.203889
74	0.232662
74	0.2687
74	0.252615
74	0.237533
74	0.241677
74	0.237976
74	0.225819
74	0.20652
74	0.206589
74	0.293373
74	0.299429
74	0.230711
74	0.225236
74	0.193642
74	0.248788
74	0.247876
74	0.253272
74	0.246984
74	0.241765
74	0.222416
74	0.207654
74	0.24164
74	0.220373
74	0.268142
74	0.255042
74	0.248937
74	0.250686
74	0.252201
74	0.224871
74	0.250176
74	0.243557
74	0.256947
74	0.261728
74	0.275416
74	0.2439
74	0.224811
74	0.224757
74	0.223631
74	0.231145
74	0.236772
74	0.281375
74	0.206427
74	0.229574
74	0.249408
74	0.210892
77	0.260334
77	0.23558
77	0.269623
77	0.25465
77	0.266115
77	0.212795
77	0.242568
77	0.25451
77	0.217199
77	0.160689
77	0.248399
77	0.235736
77	0.220736
77	0.247463
77	0.247736
77	0.266053
77	0.25751
77	0.272381
77	0.251604
77	0.201199
77	0.243613
77	0.270585
77	0.222887
77	0.224885
77	0.184426
77	0.25638
77	0.190492
77	0.246564
77	0.261223
77	0.229472
77	0.232694
77	0.246426
77	0.238981
77	0.217127
77	0.229026
77	0.240648
77	0.26748
77	0.244214
77	0.248135
77	0.268841
77	0.252904
77	0.236004
77	0.195329
77	0.249393
77	0.243149
77	0.232118
77	0.202201
77	0.283488
77	0.286372
77	0.269058
77	0.247632
77	0.206348
77	0.197728
77	0.230942
77	0.256013
77	0.251838
77	0.184126
77	0.273926
77	0.261018
77	0.241667
77	0.285831
77	0.249847
77	0.250767
77	0.244498
77	0.278764
77	0.272659
77	0.253546
77	0.280302
77	0.253662
77	0.214053
77	0.201148
77	0.230106
77	0.225339
77	0.213548
77	0.252279
77	0.263113
77	0.242294
77	0.215152
77	0.219543
77	0.228625
77	0.272862
77	0.224931
77	0.228399
77	0.270242
77	0.274167
77	0.222694
77	0.248392
77	0.222435
77	0.28208
77	0.282981
77	0.273767
77	0.230884
77	0.265394
77	0.24561
77	0.270275
77	0.276388
77	0.242914
77	0.237317
77	0.202443
77	0.262201
80	0.243285
80	0.246924
80	0.234709
80	0.259549
80	0.212635
80	0.282689
80	0.216447
80	0.234057
80	0.279546
80	0.229
80	0.189834
80	0.26714
80	0.235766
80	0.229863
80	0.255795
80	0.274756
80	0.227426
80	0.230798
80	0.267498
80	0.238897
80	0.247697
80	0.236876
80	0.230081
80	0.245694
80	0.261264
80	0.255927
80	0.212554
80	0.254916
80	0.251048
80	0.240195
80	0.293757
80	0.232128
80	0.27433
80	0.255417
80	0.247307
80	0.2565
80	0.267089
80	0.238979
80	0.28287
80	0.274736
80	0.208423
80	0.26734
80	0.282501
80	0.27705
80	0.23009
80	0.186872
80	0.255357
80	0.229649
80	0.257757
80	0.292485
80	0.273846
80	0.195287
80	0.276531
80	0.249825
80	0.239199
80	0.259515
80	0.237927
80	0.229066
80	0.22734
80	0.263519
80	0.265151
80	0.25598
80	0.241416
80	0.227934
80	0.240063
80	0.21529
80	0.238446
80	0.260241
80	0.228789
80	0.258268
80	0.284029
80	0.235652
80	0.248678
80	0.236658
80	0.24821
80	0.252347
80	0.249854
80	0.219604
80	0.212286
80	0.239914
80	0.261126
80	0.244168
80	0.256203
80	0.247771
80	0.254279
80	0.26252
80	0.232656
80	0.241192
80	0.22674
80	0.264062
80	0.250636
80	0.276235
80	0.218104
80	0.221269
80	0.206349
80	0.212012
80	0.27388
80	0.19982
80	0.283799
80	0.223427
83	0.264105
83	0.280582
83	0.230552
83	0.267628
83	0.190419
83	0.248365
83	0.268132
83	0.277952
83	0.248264
83	0.235969
83	0.252854
83	0.252779
83	0.275352
83	0.203244
83	0.212285
83	0.200665
83	0.242587
83	0.247748
83	0.249299
83	0.203627
83	0.191079
83	0.217627
83	0.237758
83	0.248851
83	0.252915
83	0.234817
83	0.278961
83	0.193821
83	0.278711
83	0.209251
83	0.168986
83	0.234388
83	0.218666
83	0.239916
83	0.292829
83	0.213745
83	0.236953
83	0.257824
83	0.288371
83	0.269639
83	0.217836
83	0.206567
83	0.229476
83	0.216927
83	0.237817
83	0.25577
83	0.252686
83	0.256733
83	0.262735
83	0.280372
83	0.255251
83	0.205683
83	0.243007
83	0.220263
83	0.250097
83	0.238818
83	0.244456
83	0.245607
83	0.234265
83	0.263049
83	0.305725
83	0.255426
83	0.266427
83	0.2282
83	0.260209
83	0.273759
83	0.260877
83	0.254942
83	0.203557
83	0.206581
83	0.234496
83	0.241963
83	0.239856
83	0.250728
83	0.239642
83	0.234944
83	0.260657
83	0.200748
83	0.239452
83	0.236455
83	0.231041
83	0.267404
83	0.219826
83	0.212797
83	0.270932
83	0.213426
83	0.239827
83	0.253848
83	0.230981
83	0.235431
83	0.241433
83	0.230475
83	0.231076
83	0.216638
83	0.251005
83	0.218687
83	0.264312
83	0.247238
83	0.211267
83	0.264812
86	0.23409
86	0.215579
86	0.273012
86	0.234878
86	0.226296
86	0.223631
86	0.220058
86	0.201037
86	0.225406
86	0.201806
86	0.243069
86	0.224006
86	0.24665
86	0.226858
86	0.195254
86	0.23859
86	0.231384
86	0.204529
86	0.245118
86	0.243528
86	0.212735
86	0.266359
86	0.248205
86	0.202238
86	0.267379
86	0.209891
86	0.230699
86	0.218611
86	0.24382
86	0.26367
86	0.225827
86	0.27171
86	0.198183
86	0.251409
86	0.244631
86	0.229726
86	0.228985
86	0.228399
86	0.22884
86	0.226552
86	0.232853
86	0.206117
86	0.264092
86	0.265968
86	0.247471
86	0.220025
86	0.239122
86	0.281382
86	0.254775
86	0.243939
86	0.220255
86	0.237187
86	0.267051
86	0.239326
86	0.252939
86	0.219773
86	0.211175
86	0.249862
86	0.221222
86	0.26272
86	0.228021
86	0.265442
86	0.2776
86	0.19454
86	0.257823
86	0.197371
86	0.20658
86	0.212944
86	0.161174
86	0.253903
86	0.261573
86	0.252592
86	0.258104
86	0.266971
86	0.245659
86	0.232771
86	0.254269
86	0.221791
86	0.238236
86	0.268649
86	0.218132
86	0.201466
86	0.24407
86	0.270915
86	0.198931
86	0.257047
86	0.229499
86	0.240735
86	0.293889
86	0.288807
86	0.250219
86	0.249736
86	0.238448
86	0.246707
86	0.286351
86	0.288499
86	0.247622
86	0.248014
86	0.271543
86	0.222507
89	0.234943
89	0.237633
89	0.225256
89	0.216957
89	0.252021
89	0.265671
89	0.240034
89	0.26854
89	0.299022
89	0.243998
89	0.251809
89	0.222862
89	0.222851
89	0.249411
89	0.263215
89	0.214505
89	0.22515
89	0.258676
89	0.251414
89	0.314049
89	0.219523
89	0.251256
89	0.237196
89	0.214258
89	0.235891
89	0.221043
89	0.23859
89	0.235377
89	0.267098
89	0.224795
89	0.220001
89	0.222606
89	0.269327
89	0.207886
89	0.240358
89	0.187352
89	0.203591
89	0.225232
89	0.238639
89	0.254611
89	0.22545
89	0.243176
89	0.230038
89	0.21349
89	0.146277
89	0.229792
89	0.217352
89	0.254193
89	0.202326
89	0.230697
89	0.263388
89	0.250599
89	0.269832
89	0.254619
89	0.279458
89	0.266675
89	0.219798
89	0.223675
89	0.247014
89	0.244966
89	0.26545
89	0.224903
89	0.211934
89	0.254446
89	0.214123
89	0.218673
89	0.243085
89	0.214448
89	0.274127
89	0.200756
89	0.232714
89	0.236932
89	0.245186
89	0.287182
89	0.236074
89	0.21325
89	0.212952
89	0.223344
89	0.25474
89	0.253251
89	0.228034
89	0.25039
89	0.223821
89	0.211347
89	0.173382
89	0.23628
89	0.241642
89	0.243777
89	0.266073
89	0.251852
89	0.23114
89	0.198142
89	0.208256
89	0.204477
89	0.212296
89	0.215768
89	0.247159
89	0.15905
89	0.249727
89	0.206077
92	0.267411
92	0.186093
92	0.203968
92	0.213197
92	0.191218
92	0.254457
92	0.232989
92	0.184612
92	0.29685
92	0.227723
92	0.263268
92	0.229096
92	0.217991
92	0.251624
92	0.276131
92	0.236467
92	0.274688
92	0.217758
92	0.242487
92	0.217071
92	0.230201
92	0.265199
92	0.254622
92	0.275441
92	0.264148
92	0.231735
92	0.221635
92	0.272058
92	0.212875
92	0.254714
92	0.259793
92	0.195015
92	0.245003
92	0.252415
92	0.20977
92	0.258177
92	0.294319
92	0.250114
92	0.262258
92	0.217479
92	0.242213
92	0.264473
92	0.244696
92	0.254938
92	0.231291
92	0.283823
92	0.209475
92	0.248027
92	0.274108
92	0.237089
92	0.207518
92	0.234285
92	0.177566
92	0.29815
92	0.264042
92	0.237272
92	0.233248
92	0.182651
92	0.264667
92	0.209253
92	0.282621
92	0.220451
92	0.27112
92	0.212688
92	0.216786
92	0.232426
92	0.261605
92	0.218629
92	0.227771
92	0.230756
92	0.243299
92	0.293198
92	0.242246
92	0.264768
92	0.257685
92	0.209363
92	0.210827
92	0.243532
92	0.278887
92	0.21856
92	0.236631
92	0.195231
92	0.292726
92	0.262982
92	0.215936
92	0.228269
92	0.273315
92	0.242797
92	0.234871
92	0.257405
92	0.257586
92	0.163774
92	0.214195
92	0.223887
92	0.200798
92	0.224802
92	0.244341
92	0.231131
92	0.212879
92	0.236373
95	0.227876
95	0.271934
95	0.268458
95	0.223317
95	0.218382
95	0.241096
95	0.20668
95	0.21069
95	0.240908
95	0.248262
95	0.250353
95	0.275871
95	0.239442
95	0.283196
95	0.200191
95	0.241492
95	0.282328
95	0.215062
95	0.238046
95	0.244275
95	0.238731
95	0.229711
95	0.233236
95	0.204671
95	0.250779
95	0.246547
95	0.276622
95	0.240302
95	0.289653
95	0.238428
95	0.22418
95	0.260174
95	0.253425
95	0.211779
95	0.238724
95	0.209371
95	0.237645
95	0.246194
95	0.272164
95	0.20196
95	0.247362
95	0.246235
95	0.236965
95	0.232966
95	0.192726
95	0.231301
95	0.22885
95	0.260533
95	0.231412
95	0.253329
95	0.245401
95	0.2453
95	0.232741
95	0.249611
95	0.264843
95	0.242707
95	0.267682
95	0.150559
95	0.240909
95	0.216909
95	0.227565
95	0.233528
95	0.225436
95	0.268261
95	0.238137
95	0.24278
95	0.247564
95	0.236648
95	0.246167
95	0.265852
95	0.26011
95	0.194597
95	0.171624
95	0.264843
95	0.279083
95	0.21992
95	0.245704
95	0.290466
95	0.244527
95	0.25667
95	0.212927
95	0.223925
95	0.236537
95	0.26377
95	0.247215
95	0.24948
95	0.230652
95	0.265739
95	0.215371
95	0.216432
95	0.259811
95	0.239116
95	0.258757
95	0.279279
95	0.235912
95	0.205629
95	0.254307
95	0.215562
95	0.239913
95	0.190813
98	0.252415
98	0.261127
98	0.2323
98	0.231231
98	0.245199
98	0.285667
98	0.203865
98	0.241921
98	0.255648
98	0.225597
98	0.210935
98	0.203532
98	0.265687
98	0.238414
98	0.232253
98	0.235984
98	0.223414
98	0.251694
98	0.201061
98	0.179618
98	0.251151
98	0.223146
98	0.220659
98	0.240537
98	0.203894
98	0.218018
98	0.208831
98	0.24283
98	0.213444
98	0.261534
98	0.264262
98	0.247206
98	0.261411
98	0.250233
98	0.250284
98	0.223513
98	0.227595
98	0.181636
98	0.245854
98	0.241823
98	0.253102
98	0.238773
98	0.227619
98	0.226985
98	0.199104
98	0.266266
98	0.219177
98	0.232184
98	0.253446
98	0.219828
98	0.270488
98	0.227194
98	0.232389
98	0.250765
98	0.240392
98	0.224498
98	0.265656
98	0.224907
98	0.250011
98	0.236665
98	0.275136
98	0.224979
98	0.29768
98	0.231191
98	0.218685
98	0.254269
98	0.22109
98	0.235889
98	0.228905
98	0.277093
98	0.187326
98	0.251128
98	0.246472
98	0.252591
98	0.235539
98	0.257145
98	0.222442
98	0.213073
98	0.207225
98	0.27168
98	0.245179
98	0.2896
98	0.247023
98	0.248904
98	0.23908
98	0.207528
98	0.273962
98	0.229551
98	0.272841
98	0.232953
98	0.280564
98	0.237516
98	0.248498
98	0.20288
98	0.24423
98	0.176208
98	0.255525
98	0.198248
98	0.20205
98	0.260341
101	0.221806
101	0.278676
101	0.272545
101	0.261518
101	0.234032
101	0.22362
101	0.23697
101	0.266282
101	0.24448
101	0.257861
101	0.192867
101	0.207269
101	0.255836
101	0.236241
101	0.228368
101	0.253985
101	0.251777
101	0.203806
101	0.244454
101	0.25789
101	0.239141
101	0.222544
101	0.227059
101	0.2543
101	0.265914
101	0.232937
101	0.236171
101	0.24391
101	0.233704
101	0.283086
101	0.228037
101	0.269127
101	0.243469
101	0.248508
101	0.255749
101	0.241569
101	0.259339
101	0.292352
101	0.238103
101	0.284786
101	0.260071
101	0.283646
101	0.258671
101	0.204926
101	0.238145
101	0.18514
101	0.224104
101	0.195876
101	0.269375
101	0.195139
101	0.136438
101	0.225345
101	0.179311
101	0.23877
101	0.229027
101	0.22983
101	0.213009
101	0.268716
101	0.250378
101	0.257162
101	0.232853
101	0.199982
101	0.217599
101	0.238761
101	0.197223
101	0.192312
101	0.278739
101	0.222858
101	0.201112
101	0.201117
101	0.229949
101	0.252441
101	0.216688
101	0.22575
101	0.206933
101	0.193206
101	0.238782
101	0.240753
101	0.245802
101	0.218447
101	0.242032
101	0.228487
101	0.262629
101	0.247529
101	0.209569
101	0.240489
101	0.23608
101	0.263128
101	0.247741
101	0.249501
101	0.289954
101	0.246964
101	0.23406
101	0.201987
101	0.237254
101	0.242481
101	0.279197
101	0.237342
101	0.240551
101	0.280558
104	0.224802
104	0.259677
104	0.25896
104	0.232026
104	0.257672
104	0.238535
104	0.252155
104	0.221679
104	0.227342
104	0.203165
104	0.232817
104	0.218997
104	0.210259
104	0.266685
104	0.197402
104	0.257707
104	0.216273
104	0.216839
104	0.209034
104	0.260463
104	0.215375
104	0.227045
104	0.240459
104	0.220652
104	0.22991
104	0.248642
104	0.265693
104	0.262366
104	0.23083
104	0.239713
104	0.242563
104	0.242726
104	0.236036
104	0.219404
104	0.226332
104	0.245564
104	0.277905
104	0.256909
104	0.246492
104	0.231969
104	0.277646
104	0.268656
104	0.263452
104	0.238774
104	0.251142
104	0.270439
104	0.235195
104	0.23614
104	0.177829
104	0.292546
104	0.234481
104	0.246124
104	0.255568
104	0.253964
104	0.230201
104	0.24584
104	0.260679
104	0.244442
104	0.198062
104	0.199305
104	0.227064
104	0.292728
104	0.263383
104	0.226649
104	0.277444
104	0.2272
104	0.222793
104	0.212277
104	0.206573
104	0.262651
104	0.182615
104	0.236685
104	0.293134
104	0.200516
104	0.16597
104	0.233756
104	0.231648
104	0.22461
104	0.261725
104	0.20604
104	0.206686
104	0.182947
104	0.253362
104	0.234546
104	0.224903
104	0.272009
104	0.244518
104	0.255195
104	0.175728
104	0.276497
104	0.271291
104	0.224776
104	0.229522
104	0.254981
104	0.241738
104	0.197242
104	0.207864
104	0.277127
104	0.24064
104	0.226656
107	0.232278
107	0.231226
107	0.229109
107	0.256995
107	0.252261
107	0.206598
107	0.233352
107	0.187901
107	0.278964
107	0.174098
107	0.179686
107	0.193023
107	0.252119
107	0.256697
107	0.272299
107	0.292835
107	0.206448
107	0.227085
107	0.274555
107	0.275319
107	0.240974
107	0.225601
107	0.273824
107	0.270146
107	0.224867
107	0.238935
107	0.235358
107	0.255199
107	0.272348
107	0.26097
107	0.172539
107	0.253837
107	0.240191
107	0.232415
107	0.247253
107	0.246814
107	0.223758
107	0.209424
107	0.229041
107	0.202909
107	0.237626
107	0.260841
107	0.265667
107	0.275368
107	0.255425
107	0.208066
107	0.278346
107	0.249089
107	0.226857
107	0.227535
107	0.223752
107	0.196209
107	0.24032
107	0.229688
107	0.21217
107	0.245311
107	0.222382
107	0.230036
107	0.271003
107	0.238933
107	0.183279
107	0.261769
107	0.198699
107	0.261923
107	0.211693
107	0.220952
107	0.188815
107	0.247105
107	0.182728
107	0.227918
107	0.207652
107	0.258846
107	0.249288
107	0.235944
107	0.221536
107	0.177691
107	0.238261
107	0.259421
107	0.248596
107	0.249083
107	0.219457
107	0.20663
107	0.243495
107	0.224373
107	0.227914
107	0.209809
107	0.226184
107	0.224743
107	0.222515
107	0.252169
107	0.269922
107	0.246962
107	0.252052
107	0.243183
107	0.254171
107	0.232826
107	0.22693
107	0.200946
107	0.266912
107	0.205399
110	0.223927
110	0.258456
110	0.238137
110	0.232494
110	0.250728
110	0.22426
110	0.195407
110	0.244717
110	0.268523
110	0.217771
110	0.244162
110	0.233679
110	0.252178
110	0.277871
110	0.20891
110	0.237836
110	0.191364
110	0.251375
110	0.203721
110	0.287163
110	0.259811
110	0.288263
110	0.222909
110	0.205779
110	0.237978
110	0.234559
110	0.214398
110	0.209454
110	0.186424
110	0.227063
110	0.269982
110	0.275577
110	0.301986
110	0.215059
110	0.2739
110	0.224484
110	0.219333
110	0.221068
110	0.255204
110	0.22647
110	0.27746
110	0.244622
110	0.211879
110	0.236978
110	0.256794
110	0.253238
110	0.218699
110	0.189173
110	0.222842
110	0.178918
110	0.234959
110	0.209349
110	0.245827
110	0.276003
110	0.23079
110	0.244802
110	0.237885
110	0.259616
110	0.226194
110	0.238587
110	0.193549
110	0.28814
110	0.304364
110	0.258945
110	0.257335
110	0.231201
110	0.237178
110	0.246437
110	0.252437
110	0.2403
110	0.200672
110	0.250932
110	0.262677
110	0.243142
110	0.250787
110	0.252256
110	0.231535
110	0.236177
110	0.204552
110	0.263257
110	0.193854
110	0.206299
110	0.231702
110	0.260797
110	0.217621
110	0.236948
110	0.222812
110	0.188433
110	0.221541
110	0.266691
110	0.241328
110	0.276509
110	0.27949
110	0.236253
110	0.250915
110	0.236205
110	0.203402
110	0.260489
110	0.217412
110	0.200026
113	0.218197
113	0.254607
113	0.230622
113	0.217971
113	0.253355
113	0.199998
113	0.191696
113	0.238058
113	0.242171
113	0.244425
113	0.249177
113	0.25787
113	0.264941
113	0.221665
113	0.23348
113	0.187385
113	0.231819
113	0.265312
113	0.276489
113	0.208846
113	0.240894
113	0.232014
113	0.220718
113	0.260963
113	0.254617
113	0.224525
113	0.196877
113	0.219573
113	0.269583
113	0.220838
113	0.199704
113	0.243982
113	0.230233
113	0.22376
113	0.204582
113	0.251007
113	0.238047
113	0.277945
113	0.255721
113	0.203177
113	0.293964
113	0.241641
113	0.226659
113	0.189498
113	0.230252
113	0.230356
113	0.270423
113	0.206984
113	0.245318
113	0.234902
113	0.200737
113	0.270114
113	0.285662
113	0.273506
113	0.28956
113	0.247294
113	0.223618
113	0.248481
113	0.206401
113	0.218488
113	0.190628
113	0.275275
113	0.270655
113	0.216718
113	0.26965
113	0.204152
113	0.236477
113	0.262994
113	0.240485
113	0.264627
113	0.230234
113	0.215788
113	0.229402
113	0.23352
113	0.205775
113	0.223644
113	0.231737
113	0.266724
113	0.27924
113	0.243207
113	0.272295
113	0.275114
113	0.224542
113	0.172736
113	0.216068
113	0.258619
113	0.233811
113	0.246812
113	0.220514
113	0.229415
113	0.22879
113	0.230123
113	0.187219
113	0.264773
113	0.250532
113	0.238191
113	0.257112
113	0.241138
113	0.257804
113	0.242729
116	0.212186
116	0.221019
116	0.215871
116	0.253099
116	0.284184
116	0.236305
116	0.248254
116	0.259621
116	0.228543
116	0.200854
116	0.198258
116	0.224028
116	0.272408
116	0.243032
116	0.235474
116	0.277889
116	0.249621
116	0.187093
116	0.237254
116	0.260687
116	0.240738
116	0.242257
116	0.291316
116	0.219552
116	0.277002
116	0.237681
116	0.258732
116	0.225601
116	0.230984
116	0.214258
116	0.234074
116	0.269425
116	0.234304
116	0.232803
116	0.215331
116	0.154051
116	0.23
116	0.244144
116	0.248925
116	0.235564
116	0.258036
116	0.244671
116	0.241903
116	0.221702
116	0.219281
116	0.255378
116	0.199341
116	0.201579
116	0.213328
116	0.2202
116	0.25244
116	0.255643
116	0.26255
116	0.20167
116	0.241096
116	0.239484
116	0.223989
116	0.218433
116	0.246614
116	0.254764
116	0.246322
116	0.209981
116	0.162251
116	0.221497
116	0.257339
116	0.258141
116	0.26966
116	0.22769
116	0.221946
116	0.231483
116	0.235914
116	0.215152
116	0.254193
116	0.206198
116	0.214172
116	0.222468
116	0.252138
116	0.27154
116	0.220085
116	0.222715
116	0.257344
116	0.260273
116	0.28204
116	0.23852
116	0.192973
116	0.188883
116	0.264014
116	0.208005
116	0.172007
116	0.251694
116	0.238598
116	0.232047
116	0.237014
116	0.238669
116	0.243526
116	0.230089
116	0.178111
116	0.198777
116	0.219404
116	0.258767
119	0.209903
119	0.237327
119	0.246851
119	0.247089
119	0.214022
119	0.236561
119	0.198073
119	0.185655
119	0.23308
119	0.255488
119	0.247803
119	0.231301
119	0.250684
119	0.227032
119	0.212993
119	0.226508
119	0.215364
119	0.246727
119	0.25722
119	0.235734
119	0.221991
119	0.186266
119	0.247813
119	0.1966
119	0.203138
119	0.202559
119	0.243799
119	0.241496
119	0.242968
119	0.235913
119	0.215817
119	0.204153
119	0.216439
119	0.23252
119	0.232555
119	0.215151
119	0.238285
119	0.195451
119	0.238013
119	0.165258
119	0.243367
119	0.24321
119	0.221097
119	0.273176
119	0.210598
119	0.21652
119	0.259446
119	0.17573
119	0.202076
119	0.257541
119	0.237062
119	0.229435
119	0.237429
119	0.209868
119	0.192654
119	0.252364
119	0.233989
119	0.233002
119	0.264031
119	0.223503
119	0.236677
119	0.263581
119	0.219702
119	0.246208
119	0.194623
119	0.185257
119	0.222858
119	0.20417
119	0.209222
119	0.244878
119	0.201152
119	0.232939
119	0.197314
119	0.255225
119	0.21274
119	0.221553
119	0.244748
119	0.231455
119	0.232586
119	0.228483
119	0.253443
119	0.215536
119	0.235983
119	0.230934
119	0.254328
119	0.257263
119	0.205345
119	0.272414
119	0.239361
119	0.258398
119	0.266856
119	0.225203
119	0.259179
119	0.241455
119	0.214474
119	0.259537
119	0.249217
119	0.250545
119	0.219896
119	0.250941
