10	107
9	0.1
8	0.1
7	0.1
6	0.1
5	0.1
4	0.1
3	0.1
2	0.1
1	0.1
0	0.1
116	0.00170025
115	0.00186045
114	0.0018693
113	0.00192959
112	0.00194478
111	0.00217514
110	0.00226192
109	0.00234361
108	0.00239474
107	0.0024165
106	0.00242209
105	0.00245735
104	0.00252716
103	0.00253214
102	0.00253813
101	0.00256137
100	0.00257795
99	0.00261297
98	0.00268055
97	0.00286727
96	0.00292017
95	0.00303222
94	0.00306926
93	0.00313587
92	0.00336216
91	0.00336377
90	0.00336703
89	0.00340302
88	0.00341057
87	0.00357277
86	0.0036033
85	0.0036954
84	0.00371133
83	0.003755
82	0.00387924
81	0.00388283
80	0.00391065
79	0.00403891
78	0.00404197
77	0.00407503
76	0.00419486
75	0.00431478
74	0.0045108
73	0.00464295
72	0.00483502
71	0.00484062
70	0.004885
69	0.00494003
68	0.00500842
67	0.00504632
66	0.00505857
65	0.00518389
64	0.0052944
63	0.00536573
62	0.00541621
61	0.00567917
60	0.00580005
59	0.00587233
58	0.00608827
57	0.00610619
56	0.00623194
55	0.00633185
54	0.00637923
53	0.00707023
52	0.0072713
51	0.00727189
50	0.00738898
49	0.00772966
48	0.00773348
47	0.0077562
46	0.00784014
45	0.00789618
44	0.00818595
43	0.00822737
42	0.00832672
41	0.00850519
40	0.00862126
39	0.00868607
38	0.00875709
37	0.00877053
36	0.00917831
35	0.00926824
34	0.00944448
33	0.00952186
32	0.0104904
31	0.0105559
30	0.0108228
29	0.0108706
28	0.011038
27	0.0113615
26	0.0114143
25	0.0119916
24	0.0121995
23	0.0137897
22	0.0159863
21	0.0160999
20	0.0163224
19	0.021201
18	0.0294004
17	0.0335709
16	0.0351284
15	0.0411606
14	0.0423279
13	0.0428755
12	0.0524587
11	0.0609786
10	0.0645737
200	9	116	1
200	9	115	1
200	9	114	1
200	9	113	1
200	9	112	1
200	9	111	1
200	9	110	1
200	9	109	1
200	9	108	1
200	9	107	1
200	9	106	1
200	9	105	1
200	9	104	1
200	9	103	1
200	9	102	1
200	9	101	1
200	9	100	1
200	9	99	1
200	9	98	1
200	9	97	1
200	9	96	1
200	9	95	1
200	9	94	1
200	9	93	1
200	9	92	1
200	9	91	1
200	9	90	1
200	9	89	1
200	9	88	1
200	9	87	1
200	9	86	1
200	9	85	1
200	9	84	1
200	9	83	1
200	9	82	1
200	9	81	1
200	9	80	1
200	9	79	1
200	9	78	1
200	9	77	1
200	9	76	1
200	9	75	1
200	9	74	1
200	9	73	1
200	9	72	1
200	9	71	1
200	9	70	1
200	9	69	1
200	9	68	1
200	9	67	1
200	9	66	1
200	9	65	1
200	9	64	1
200	9	63	1
200	9	62	1
200	9	61	1
200	9	60	1
200	9	59	1
200	9	58	1
200	9	57	1
200	9	56	1
200	9	55	1
200	9	54	1
200	9	53	1
200	9	52	1
200	9	51	1
200	9	50	1
200	9	49	1
200	9	48	1
200	9	47	1
200	9	46	1
200	9	45	1
200	9	44	1
200	9	43	1
200	9	42	1
200	9	41	1
200	9	40	1
200	9	39	1
200	9	38	1
200	9	37	1
200	9	36	1
200	9	35	1
200	9	34	1
200	9	33	1
200	9	32	1
200	9	31	1
200	9	30	1
200	9	29	1
200	9	28	1
200	9	27	1
200	9	26	1
200	9	25	1
200	9	24	1
200	9	23	1
200	9	22	1
200	9	21	1
200	9	20	1
200	9	19	1
200	9	18	1
200	9	17	1
200	9	16	1
200	9	15	1
200	9	14	1
200	9	13	1
200	9	12	1
200	9	11	1
200	9	10	0.492308
200	8	116	1
200	8	115	1
200	8	114	1
200	8	113	1
200	8	112	1
200	8	111	1
200	8	110	1
200	8	109	1
200	8	108	1
200	8	107	1
200	8	106	1
200	8	105	1
200	8	104	1
200	8	103	1
200	8	102	1
200	8	101	1
200	8	100	1
200	8	99	1
200	8	98	1
200	8	97	1
200	8	96	1
200	8	95	1
200	8	94	1
200	8	93	1
200	8	92	1
200	8	91	1
200	8	90	1
200	8	89	1
200	8	88	1
200	8	87	1
200	8	86	1
200	8	85	1
200	8	84	1
200	8	83	1
200	8	82	1
200	8	81	1
200	8	80	1
200	8	79	1
200	8	78	1
200	8	77	1
200	8	76	1
200	8	75	1
200	8	74	1
200	8	73	1
200	8	72	1
200	8	71	1
200	8	70	1
200	8	69	1
200	8	68	1
200	8	67	1
200	8	66	1
200	8	65	1
200	8	64	1
200	8	63	1
200	8	62	1
200	8	61	1
200	8	60	1
200	8	59	1
200	8	58	1
200	8	57	1
200	8	56	1
200	8	55	1
200	8	54	1
200	8	53	1
200	8	52	1
200	8	51	1
200	8	50	1
200	8	49	1
200	8	48	1
200	8	47	1
200	8	46	1
200	8	45	1
200	8	44	1
200	8	43	1
200	8	42	1
200	8	41	1
200	8	40	1
200	8	39	1
200	8	38	1
200	8	37	1
200	8	36	1
200	8	35	1
200	8	34	1
200	8	33	1
200	8	32	1
200	8	31	1
200	8	30	1
200	8	29	1
200	8	28	1
200	8	27	1
200	8	26	1
200	8	25	1
200	8	24	1
200	8	23	1
200	8	22	1
200	8	21	1
200	8	20	1
200	8	19	1
200	8	18	1
200	8	17	1
200	8	16	1
200	8	15	1
200	8	14	1
200	8	13	1
200	8	12	1
200	8	11	1
200	8	10	0.553846
200	7	116	1
200	7	115	1
200	7	114	1
200	7	113	1
200	7	112	1
200	7	111	1
200	7	110	1
200	7	109	1
200	7	108	1
200	7	107	1
200	7	106	1
200	7	105	1
200	7	104	1
200	7	103	1
200	7	102	1
200	7	101	1
200	7	100	1
200	7	99	1
200	7	98	1
200	7	97	1
200	7	96	1
200	7	95	1
200	7	94	1
200	7	93	1
200	7	92	1
200	7	91	1
200	7	90	1
200	7	89	1
200	7	88	1
200	7	87	1
200	7	86	1
200	7	85	1
200	7	84	1
200	7	83	1
200	7	82	1
200	7	81	1
200	7	80	1
200	7	79	1
200	7	78	1
200	7	77	1
200	7	76	1
200	7	75	1
200	7	74	1
200	7	73	1
200	7	72	1
200	7	71	1
200	7	70	1
200	7	69	1
200	7	68	1
200	7	67	1
200	7	66	1
200	7	65	1
200	7	64	1
200	7	63	1
200	7	62	1
200	7	61	1
200	7	60	1
200	7	59	1
200	7	58	1
200	7	57	1
200	7	56	1
200	7	55	1
200	7	54	1
200	7	53	1
200	7	52	1
200	7	51	1
200	7	50	1
200	7	49	1
200	7	48	1
200	7	47	1
200	7	46	1
200	7	45	1
200	7	44	1
200	7	43	1
200	7	42	1
200	7	41	1
200	7	40	1
200	7	39	1
200	7	38	1
200	7	37	1
200	7	36	1
200	7	35	1
200	7	34	1
200	7	33	1
200	7	32	1
200	7	31	1
200	7	30	1
200	7	29	1
200	7	28	1
200	7	27	1
200	7	26	1
200	7	25	1
200	7	24	1
200	7	23	1
200	7	22	1
200	7	21	1
200	7	20	1
200	7	19	1
200	7	18	1
200	7	17	1
200	7	16	1
200	7	15	1
200	7	14	1
200	7	13	1
200	7	12	1
200	7	11	1
200	7	10	0.538462
200	6	116	1
200	6	115	1
200	6	114	1
200	6	113	1
200	6	112	1
200	6	111	1
200	6	110	1
200	6	109	1
200	6	108	1
200	6	107	1
200	6	106	1
200	6	105	1
200	6	104	1
200	6	103	1
200	6	102	1
200	6	101	1
200	6	100	1
200	6	99	1
200	6	98	1
200	6	97	1
200	6	96	1
200	6	95	1
200	6	94	1
200	6	93	1
200	6	92	1
200	6	91	1
200	6	90	1
200	6	89	1
200	6	88	1
200	6	87	1
200	6	86	1
200	6	85	1
200	6	84	1
200	6	83	1
200	6	82	1
200	6	81	1
200	6	80	1
200	6	79	1
200	6	78	1
200	6	77	1
200	6	76	1
200	6	75	1
200	6	74	1
200	6	73	1
200	6	72	1
200	6	71	1
200	6	70	1
200	6	69	1
200	6	68	1
200	6	67	1
200	6	66	1
200	6	65	1
200	6	64	1
200	6	63	1
200	6	62	1
200	6	61	1
200	6	60	1
200	6	59	1
200	6	58	1
200	6	57	1
200	6	56	1
200	6	55	1
200	6	54	1
200	6	53	1
200	6	52	1
200	6	51	1
200	6	50	1
200	6	49	1
200	6	48	1
200	6	47	1
200	6	46	1
200	6	45	1
200	6	44	1
200	6	43	1
200	6	42	1
200	6	41	1
200	6	40	1
200	6	39	1
200	6	38	1
200	6	37	1
200	6	36	1
200	6	35	1
200	6	34	1
200	6	33	1
200	6	32	1
200	6	31	1
200	6	30	1
200	6	29	1
200	6	28	1
200	6	27	1
200	6	26	1
200	6	25	1
200	6	24	1
200	6	23	1
200	6	22	1
200	6	21	1
200	6	20	1
200	6	19	1
200	6	18	1
200	6	17	1
200	6	16	1
200	6	15	1
200	6	14	1
200	6	13	1
200	6	12	1
200	6	11	1
200	6	10	0.0153846
200	5	116	1
200	5	115	1
200	5	114	1
200	5	113	1
200	5	112	1
200	5	111	1
200	5	110	1
200	5	109	1
200	5	108	1
200	5	107	1
200	5	106	1
200	5	105	1
200	5	104	1
200	5	103	1
200	5	102	1
200	5	101	1
200	5	100	1
200	5	99	1
200	5	98	1
200	5	97	1
200	5	96	1
200	5	95	1
200	5	94	1
200	5	93	1
200	5	92	1
200	5	91	1
200	5	90	1
200	5	89	1
200	5	88	1
200	5	87	1
200	5	86	1
200	5	85	1
200	5	84	1
200	5	83	1
200	5	82	1
200	5	81	1
200	5	80	1
200	5	79	1
200	5	78	1
200	5	77	1
200	5	76	1
200	5	75	1
200	5	74	1
200	5	73	1
200	5	72	1
200	5	71	1
200	5	70	1
200	5	69	1
200	5	68	1
200	5	67	1
200	5	66	1
200	5	65	1
200	5	64	1
200	5	63	1
200	5	62	1
200	5	61	1
200	5	60	1
200	5	59	1
200	5	58	1
200	5	57	1
200	5	56	1
200	5	55	1
200	5	54	1
200	5	53	1
200	5	52	1
200	5	51	1
200	5	50	1
200	5	49	1
200	5	48	1
200	5	47	1
200	5	46	1
200	5	45	1
200	5	44	1
200	5	43	1
200	5	42	1
200	5	41	1
200	5	40	1
200	5	39	1
200	5	38	1
200	5	37	1
200	5	36	1
200	5	35	1
200	5	34	1
200	5	33	1
200	5	32	1
200	5	31	1
200	5	30	1
200	5	29	1
200	5	28	1
200	5	27	1
200	5	26	1
200	5	25	1
200	5	24	1
200	5	23	1
200	5	22	1
200	5	21	1
200	5	20	1
200	5	19	1
200	5	18	1
200	5	17	1
200	5	16	1
200	5	15	1
200	5	14	1
200	5	13	1
200	5	12	1
200	5	11	1
200	5	10	0.430769
200	4	116	1
200	4	115	1
200	4	114	1
200	4	113	1
200	4	112	1
200	4	111	1
200	4	110	1
200	4	109	1
200	4	108	1
200	4	107	1
200	4	106	1
200	4	105	1
200	4	104	1
200	4	103	1
200	4	102	1
200	4	101	1
200	4	100	1
200	4	99	1
200	4	98	1
200	4	97	1
200	4	96	1
200	4	95	1
200	4	94	1
200	4	93	1
200	4	92	1
200	4	91	1
200	4	90	1
200	4	89	1
200	4	88	1
200	4	87	1
200	4	86	1
200	4	85	1
200	4	84	1
200	4	83	1
200	4	82	1
200	4	81	1
200	4	80	1
200	4	79	1
200	4	78	1
200	4	77	1
200	4	76	1
200	4	75	1
200	4	74	1
200	4	73	1
200	4	72	1
200	4	71	1
200	4	70	1
200	4	69	1
200	4	68	1
200	4	67	1
200	4	66	1
200	4	65	1
200	4	64	1
200	4	63	1
200	4	62	1
200	4	61	1
200	4	60	1
200	4	59	1
200	4	58	1
200	4	57	1
200	4	56	1
200	4	55	1
200	4	54	1
200	4	53	1
200	4	52	1
200	4	51	1
200	4	50	1
200	4	49	1
200	4	48	1
200	4	47	1
200	4	46	1
200	4	45	1
200	4	44	1
200	4	43	1
200	4	42	1
200	4	41	1
200	4	40	1
200	4	39	1
200	4	38	1
200	4	37	1
200	4	36	1
200	4	35	1
200	4	34	1
200	4	33	1
200	4	32	1
200	4	31	1
200	4	30	1
200	4	29	1
200	4	28	1
200	4	27	1
200	4	26	1
200	4	25	1
200	4	24	1
200	4	23	1
200	4	22	1
200	4	21	1
200	4	20	1
200	4	19	1
200	4	18	1
200	4	17	1
200	4	16	1
200	4	15	1
200	4	14	1
200	4	13	1
200	4	12	1
200	4	11	1
200	4	10	0.553846
200	3	116	1
200	3	115	1
200	3	114	1
200	3	113	1
200	3	112	1
200	3	111	1
200	3	110	1
200	3	109	1
200	3	108	1
200	3	107	1
200	3	106	1
200	3	105	1
200	3	104	1
200	3	103	1
200	3	102	1
200	3	101	1
200	3	100	1
200	3	99	1
200	3	98	1
200	3	97	1
200	3	96	1
200	3	95	1
200	3	94	1
200	3	93	1
200	3	92	1
200	3	91	1
200	3	90	1
200	3	89	1
200	3	88	1
200	3	87	1
200	3	86	1
200	3	85	1
200	3	84	1
200	3	83	1
200	3	82	1
200	3	81	1
200	3	80	1
200	3	79	1
200	3	78	1
200	3	77	1
200	3	76	1
200	3	75	1
200	3	74	1
200	3	73	1
200	3	72	1
200	3	71	1
200	3	70	1
200	3	69	1
200	3	68	1
200	3	67	1
200	3	66	1
200	3	65	1
200	3	64	1
200	3	63	1
200	3	62	1
200	3	61	1
200	3	60	1
200	3	59	1
200	3	58	1
200	3	57	1
200	3	56	1
200	3	55	1
200	3	54	1
200	3	53	1
200	3	52	1
200	3	51	1
200	3	50	1
200	3	49	1
200	3	48	1
200	3	47	1
200	3	46	1
200	3	45	1
200	3	44	1
200	3	43	1
200	3	42	1
200	3	41	1
200	3	40	1
200	3	39	1
200	3	38	1
200	3	37	1
200	3	36	1
200	3	35	1
200	3	34	1
200	3	33	1
200	3	32	1
200	3	31	1
200	3	30	1
200	3	29	1
200	3	28	1
200	3	27	1
200	3	26	1
200	3	25	1
200	3	24	1
200	3	23	1
200	3	22	1
200	3	21	1
200	3	20	1
200	3	19	1
200	3	18	1
200	3	17	1
200	3	16	1
200	3	15	1
200	3	14	1
200	3	13	1
200	3	12	1
200	3	11	1
200	3	10	0.646154
200	2	116	1
200	2	115	1
200	2	114	1
200	2	113	1
200	2	112	1
200	2	111	1
200	2	110	1
200	2	109	1
200	2	108	1
200	2	107	1
200	2	106	1
200	2	105	1
200	2	104	1
200	2	103	1
200	2	102	1
200	2	101	1
200	2	100	1
200	2	99	1
200	2	98	1
200	2	97	1
200	2	96	1
200	2	95	1
200	2	94	1
200	2	93	1
200	2	92	1
200	2	91	1
200	2	90	1
200	2	89	1
200	2	88	1
200	2	87	1
200	2	86	1
200	2	85	1
200	2	84	1
200	2	83	1
200	2	82	1
200	2	81	1
200	2	80	1
200	2	79	1
200	2	78	1
200	2	77	1
200	2	76	1
200	2	75	1
200	2	74	1
200	2	73	1
200	2	72	1
200	2	71	1
200	2	70	1
200	2	69	1
200	2	68	1
200	2	67	1
200	2	66	1
200	2	65	1
200	2	64	1
200	2	63	1
200	2	62	1
200	2	61	1
200	2	60	1
200	2	59	1
200	2	58	1
200	2	57	1
200	2	56	1
200	2	55	1
200	2	54	1
200	2	53	1
200	2	52	1
200	2	51	1
200	2	50	1
200	2	49	1
200	2	48	1
200	2	47	1
200	2	46	1
200	2	45	1
200	2	44	1
200	2	43	1
200	2	42	1
200	2	41	1
200	2	40	1
200	2	39	1
200	2	38	1
200	2	37	1
200	2	36	1
200	2	35	1
200	2	34	1
200	2	33	1
200	2	32	1
200	2	31	1
200	2	30	1
200	2	29	1
200	2	28	1
200	2	27	1
200	2	26	1
200	2	25	1
200	2	24	1
200	2	23	1
200	2	22	1
200	2	21	1
200	2	20	1
200	2	19	1
200	2	18	1
200	2	17	1
200	2	16	1
200	2	15	1
200	2	14	1
200	2	13	1
200	2	12	1
200	2	11	1
200	2	10	0.615385
200	1	116	1
200	1	115	1
200	1	114	1
200	1	113	1
200	1	112	1
200	1	111	1
200	1	110	1
200	1	109	1
200	1	108	1
200	1	107	1
200	1	106	1
200	1	105	1
200	1	104	1
200	1	103	1
200	1	102	1
200	1	101	1
200	1	100	1
200	1	99	1
200	1	98	1
200	1	97	1
200	1	96	1
200	1	95	1
200	1	94	1
200	1	93	1
200	1	92	1
200	1	91	1
200	1	90	1
200	1	89	1
200	1	88	1
200	1	87	1
200	1	86	1
200	1	85	1
200	1	84	1
200	1	83	1
200	1	82	1
200	1	81	1
200	1	80	1
200	1	79	1
200	1	78	1
200	1	77	1
200	1	76	1
200	1	75	1
200	1	74	1
200	1	73	1
200	1	72	1
200	1	71	1
200	1	70	1
200	1	69	1
200	1	68	1
200	1	67	1
200	1	66	1
200	1	65	1
200	1	64	1
200	1	63	1
200	1	62	1
200	1	61	1
200	1	60	1
200	1	59	1
200	1	58	1
200	1	57	1
200	1	56	1
200	1	55	1
200	1	54	1
200	1	53	1
200	1	52	1
200	1	51	1
200	1	50	1
200	1	49	1
200	1	48	1
200	1	47	1
200	1	46	1
200	1	45	1
200	1	44	1
200	1	43	1
200	1	42	1
200	1	41	1
200	1	40	1
200	1	39	1
200	1	38	1
200	1	37	1
200	1	36	1
200	1	35	1
200	1	34	1
200	1	33	1
200	1	32	1
200	1	31	1
200	1	30	1
200	1	29	1
200	1	28	1
200	1	27	1
200	1	26	1
200	1	25	1
200	1	24	1
200	1	23	1
200	1	22	1
200	1	21	1
200	1	20	1
200	1	19	1
200	1	18	1
200	1	17	1
200	1	16	1
200	1	15	1
200	1	14	1
200	1	13	1
200	1	12	1
200	1	11	1
200	1	10	0.446154
200	0	116	1
200	0	115	1
200	0	114	1
200	0	113	1
200	0	112	1
200	0	111	1
200	0	110	1
200	0	109	1
200	0	108	1
200	0	107	1
200	0	106	1
200	0	105	1
200	0	104	1
200	0	103	1
200	0	102	1
200	0	101	1
200	0	100	1
200	0	99	1
200	0	98	1
200	0	97	1
200	0	96	1
200	0	95	1
200	0	94	1
200	0	93	1
200	0	92	1
200	0	91	1
200	0	90	1
200	0	89	1
200	0	88	1
200	0	87	1
200	0	86	1
200	0	85	1
200	0	84	1
200	0	83	1
200	0	82	1
200	0	81	1
200	0	80	1
200	0	79	1
200	0	78	1
200	0	77	1
200	0	76	1
200	0	75	1
200	0	74	1
200	0	73	1
200	0	72	1
200	0	71	1
200	0	70	1
200	0	69	1
200	0	68	1
200	0	67	1
200	0	66	1
200	0	65	1
200	0	64	1
200	0	63	1
200	0	62	1
200	0	61	1
200	0	60	1
200	0	59	1
200	0	58	1
200	0	57	1
200	0	56	1
200	0	55	1
200	0	54	1
200	0	53	1
200	0	52	1
200	0	51	1
200	0	50	1
200	0	49	1
200	0	48	1
200	0	47	1
200	0	46	1
200	0	45	1
200	0	44	1
200	0	43	1
200	0	42	1
200	0	41	1
200	0	40	1
200	0	39	1
200	0	38	1
200	0	37	1
200	0	36	1
200	0	35	1
200	0	34	1
200	0	33	1
200	0	32	1
200	0	31	1
200	0	30	1
200	0	29	1
200	0	28	1
200	0	27	1
200	0	26	1
200	0	25	1
200	0	24	1
200	0	23	1
200	0	22	1
200	0	21	1
200	0	20	1
200	0	19	1
200	0	18	1
200	0	17	1
200	0	16	1
200	0	15	1
200	0	14	1
200	0	13	1
200	0	12	1
200	0	11	1
200	0	10	0.476923
