var	threshold	abdncError	methylCallError	TP	FN	FP
5	0.1	0.760139	0.0261	0.99	1.01	7.5
5	0.2	0.73624	0.033	1.07	0.93	7.42
5	0.3	0.573973	0.0804	1.5	0.5	6.99
5	0.4	0.469679	0.13415	1.84	0.16	6.65
5	0.5	0.425238	0.1638	1.99	0.01	6.5
5	0.6	0.421522	0.1662	2	0	6.49
5	0.7	0.421522	0.1662	2	0	6.49
5	0.8	0.421522	0.1662	2	0	6.49
5	0.9	0.421522	0.1662	2	0	6.49
5	1	0.421522	0.1662	2	0	6.49
25	0.1	0.777015	0.0179	0.98	1.02	19.26
25	0.2	0.695385	0.0383	1.25	0.75	18.99
25	0.3	0.544265	0.0997	1.8	0.2	18.44
25	0.4	0.492469	0.1269	1.98	0.02	18.26
25	0.5	0.490802	0.12845	1.99	0.01	18.25
25	0.6	0.490802	0.12845	1.99	0.01	18.25
25	0.7	0.490802	0.12845	1.99	0.01	18.25
25	0.8	0.490802	0.12845	1.99	0.01	18.25
25	0.9	0.490802	0.12845	1.99	0.01	18.25
25	1	0.488893	0.13335	2	0	18.24
45	0.1	0.76851	0.0185	1	1	17.55
45	0.2	0.654654	0.04515	1.35	0.65	17.2
45	0.3	0.491955	0.103	1.88	0.12	16.67
45	0.4	0.457557	0.12135	2	0	16.55
45	0.5	0.457557	0.12135	2	0	16.55
45	0.6	0.457557	0.12135	2	0	16.55
45	0.7	0.457557	0.12135	2	0	16.55
45	0.8	0.457557	0.12135	2	0	16.55
45	0.9	0.457557	0.12135	2	0	16.55
45	1	0.457557	0.12135	2	0	16.55
65	0.1	0.76967	0.0206	1	1	17.09
65	0.2	0.683044	0.03985	1.27	0.73	16.82
65	0.3	0.517246	0.09595	1.78	0.22	16.31
65	0.4	0.449362	0.12615	1.98	0.02	16.11
65	0.5	0.442524	0.13025	2	0	16.09
65	0.6	0.442524	0.13025	2	0	16.09
65	0.7	0.442524	0.13025	2	0	16.09
65	0.8	0.442524	0.13025	2	0	16.09
65	0.9	0.442524	0.13025	2	0	16.09
65	1	0.442524	0.13025	2	0	16.09
85	0.1	0.767938	0.0221	1	1	16.33
85	0.2	0.652285	0.0471	1.35	0.65	15.98
85	0.3	0.48815	0.0976	1.83	0.17	15.5
85	0.4	0.444895	0.1192	1.98	0.02	15.35
85	0.5	0.440366	0.1213	1.99	0.01	15.34
85	0.6	0.440366	0.1213	1.99	0.01	15.34
85	0.7	0.440366	0.1213	1.99	0.01	15.34
85	0.8	0.437881	0.125089	2	0	15.33
85	0.9	0.437881	0.125089	2	0	15.33
85	1	0.437881	0.125089	2	0	15.33
105	0.1	0.759774	0.0206	1	1	16.2
105	0.2	0.630645	0.04925	1.37	0.63	15.83
105	0.3	0.462991	0.0986	1.84	0.16	15.36
105	0.4	0.419562	0.1216	2	0	15.2
105	0.5	0.419562	0.1216	2	0	15.2
105	0.6	0.419562	0.1216	2	0	15.2
105	0.7	0.419562	0.1216	2	0	15.2
105	0.8	0.419562	0.1216	2	0	15.2
105	0.9	0.419562	0.1216	2	0	15.2
105	1	0.419562	0.1216	2	0	15.2
125	0.1	0.767757	0.02285	1.02	0.98	16.13
125	0.2	0.655518	0.0489	1.37	0.63	15.78
125	0.3	0.505209	0.0999	1.86	0.14	15.29
125	0.4	0.47012	0.1164	1.97	0.03	15.18
125	0.5	0.468104	0.1183	1.98	0.02	15.17
125	0.6	0.468104	0.1183	1.98	0.02	15.17
125	0.7	0.468104	0.1183	1.98	0.02	15.17
125	0.8	0.464931	0.12195	1.99	0.01	15.16
125	0.9	0.464931	0.12195	1.99	0.01	15.16
125	1	0.462499	0.12665	2	0	15.15
145	0.1	0.766498	0.0245	1.02	0.98	15.86
145	0.2	0.709632	0.03805	1.22	0.78	15.66
145	0.3	0.495356	0.10585	1.86	0.14	15.02
145	0.4	0.454046	0.126	1.99	0.01	14.89
145	0.5	0.451189	0.12765	2	0	14.88
145	0.6	0.451189	0.12765	2	0	14.88
145	0.7	0.451189	0.12765	2	0	14.88
145	0.8	0.451189	0.12765	2	0	14.88
145	0.9	0.451189	0.12765	2	0	14.88
145	1	0.451189	0.12765	2	0	14.88
165	0.1	0.761074	0.0202	1.02	0.98	15.58
165	0.2	0.627599	0.04875	1.4	0.6	15.2
165	0.3	0.472136	0.10015	1.88	0.12	14.72
165	0.4	0.439712	0.11755	1.99	0.01	14.61
165	0.5	0.436367	0.11935	2	0	14.6
165	0.6	0.436367	0.11935	2	0	14.6
165	0.7	0.436367	0.11935	2	0	14.6
165	0.8	0.436367	0.11935	2	0	14.6
165	0.9	0.436367	0.11935	2	0	14.6
165	1	0.436367	0.11935	2	0	14.6
185	0.1	0.761719	0.0223	1.04	0.96	15.46
185	0.2	0.653655	0.04635	1.4	0.6	15.1
185	0.3	0.499452	0.09695	1.87	0.13	14.63
185	0.4	0.465657	0.1131	1.98	0.02	14.52
185	0.5	0.465657	0.1131	1.98	0.02	14.52
185	0.6	0.465657	0.1131	1.98	0.02	14.52
185	0.7	0.465657	0.1131	1.98	0.02	14.52
185	0.8	0.462948	0.1168	1.99	0.01	14.51
185	0.9	0.462948	0.1168	1.99	0.01	14.51
185	1	0.460075	0.1213	2	0	14.5
205	0.1	0.770327	0.01895	1.01	0.99	15.38
205	0.2	0.654303	0.04765	1.41	0.59	14.98
205	0.3	0.50214	0.09825	1.9	0.1	14.49
205	0.4	0.474619	0.1109	1.98	0.02	14.41
205	0.5	0.474619	0.1109	1.98	0.02	14.41
205	0.6	0.474619	0.1109	1.98	0.02	14.41
205	0.7	0.474619	0.1109	1.98	0.02	14.41
205	0.8	0.474619	0.1109	1.98	0.02	14.41
205	0.9	0.474619	0.1109	1.98	0.02	14.41
205	1	0.469309	0.120096	2	0	14.39
225	0.1	0.776611	0.0212	0.99	1.01	15.95
225	0.2	0.644407	0.04975	1.38	0.62	15.56
225	0.3	0.48112	0.10395	1.88	0.12	15.06
225	0.4	0.445087	0.1192	1.98	0.02	14.96
225	0.5	0.445087	0.1192	1.98	0.02	14.96
225	0.6	0.445087	0.1192	1.98	0.02	14.96
225	0.7	0.445087	0.1192	1.98	0.02	14.96
225	0.8	0.440968	0.123	1.99	0.01	14.95
225	0.9	0.440968	0.123	1.99	0.01	14.95
225	1	0.43841	0.1277	2	0	14.94
245	0.1	0.761164	0.01995	1.02	0.98	15.71
245	0.2	0.625957	0.0555	1.5	0.5	15.23
245	0.3	0.503031	0.099	1.91	0.09	14.82
245	0.4	0.474233	0.109	1.99	0.01	14.74
245	0.5	0.474233	0.109	1.99	0.01	14.74
245	0.6	0.474233	0.109	1.99	0.01	14.74
245	0.7	0.471465	0.1125	2	0	14.73
245	0.8	0.471465	0.1125	2	0	14.73
245	0.9	0.471465	0.1125	2	0	14.73
245	1	0.471465	0.1125	2	0	14.73
265	0.1	0.76745	0.02005	1.01	0.99	15.47
265	0.2	0.649324	0.0478	1.4	0.6	15.08
265	0.3	0.489886	0.09945	1.89	0.11	14.59
265	0.4	0.455412	0.11425	1.99	0.01	14.5
265	0.5	0.455412	0.11425	1.99	0.01	14.5
265	0.6	0.455412	0.11425	1.99	0.01	14.5
265	0.7	0.455412	0.11425	1.99	0.01	14.5
265	0.8	0.452316	0.118	2	0	14.49
265	0.9	0.452316	0.118	2	0	14.49
265	1	0.452316	0.118	2	0	14.49
285	0.1	0.765448	0.01885	0.99	1.01	15.46
285	0.2	0.616459	0.0531	1.47	0.53	14.98
285	0.3	0.480628	0.10035	1.91	0.09	14.54
285	0.4	0.464932	0.10995	1.97	0.03	14.48
285	0.5	0.461391	0.11135	1.98	0.02	14.47
285	0.6	0.461391	0.11135	1.98	0.02	14.47
285	0.7	0.461391	0.11135	1.98	0.02	14.47
285	0.8	0.458299	0.115037	1.99	0.01	14.46
285	0.9	0.455625	0.118979	2	0	14.45
285	1	0.455625	0.118979	2	0	14.45
305	0.1	0.764983	0.01675	1.01	0.99	15.27
305	0.2	0.60006	0.05505	1.55	0.45	14.73
305	0.3	0.494336	0.0905	1.88	0.12	14.41
305	0.4	0.472625	0.10115	1.95	0.05	14.34
305	0.5	0.472625	0.10115	1.95	0.05	14.34
305	0.6	0.465834	0.10605	1.97	0.03	14.32
305	0.7	0.463253	0.10925	1.98	0.02	14.31
305	0.8	0.460647	0.11265	1.99	0.01	14.3
305	0.9	0.458392	0.116692	2	0	14.29
305	1	0.458392	0.116692	2	0	14.29
325	0.1	0.763052	0.02015	1.03	0.97	15.33
325	0.2	0.618314	0.0566	1.53	0.47	14.83
325	0.3	0.498552	0.09925	1.93	0.07	14.43
325	0.4	0.479536	0.11015	2	0	14.36
325	0.5	0.479536	0.11015	2	0	14.36
325	0.6	0.479536	0.11015	2	0	14.36
325	0.7	0.479536	0.11015	2	0	14.36
325	0.8	0.479536	0.11015	2	0	14.36
325	0.9	0.479536	0.11015	2	0	14.36
325	1	0.479536	0.11015	2	0	14.36
345	0.1	0.76581	0.02115	1.01	0.99	15.23
345	0.2	0.633252	0.0512	1.44	0.56	14.8
345	0.3	0.488862	0.102	1.92	0.08	14.32
345	0.4	0.468124	0.11295	1.99	0.01	14.25
345	0.5	0.468124	0.11295	1.99	0.01	14.25
345	0.6	0.465639	0.1156	2	0	14.24
345	0.7	0.465639	0.1156	2	0	14.24
345	0.8	0.465639	0.1156	2	0	14.24
345	0.9	0.465639	0.1156	2	0	14.24
345	1	0.465639	0.1156	2	0	14.24
365	0.1	0.774874	0.01725	1	1	15.35
365	0.2	0.618936	0.05175	1.51	0.49	14.84
365	0.3	0.490923	0.0974	1.91	0.09	14.44
365	0.4	0.464507	0.1084	1.99	0.01	14.36
365	0.5	0.461693	0.1106	2	0	14.35
365	0.6	0.461693	0.1106	2	0	14.35
365	0.7	0.461693	0.1106	2	0	14.35
365	0.8	0.461693	0.1106	2	0	14.35
365	0.9	0.461693	0.1106	2	0	14.35
365	1	0.461693	0.1106	2	0	14.35
385	0.1	0.76247	0.0232	1.07	0.93	15.32
385	0.2	0.649935	0.04905	1.45	0.55	14.94
385	0.3	0.51567	0.0974	1.89	0.11	14.5
385	0.4	0.481521	0.11205	1.99	0.01	14.4
385	0.5	0.481521	0.11205	1.99	0.01	14.4
385	0.6	0.481521	0.11205	1.99	0.01	14.4
385	0.7	0.481521	0.11205	1.99	0.01	14.4
385	0.8	0.481521	0.11205	1.99	0.01	14.4
385	0.9	0.478848	0.116095	2	0	14.39
385	1	0.478848	0.116095	2	0	14.39
405	0.1	0.765635	0.0217	1.03	0.97	15.2
405	0.2	0.603865	0.0597	1.57	0.43	14.66
405	0.3	0.494848	0.0974	1.93	0.07	14.3
405	0.4	0.472179	0.10795	2	0	14.23
405	0.5	0.472179	0.10795	2	0	14.23
405	0.6	0.472179	0.10795	2	0	14.23
405	0.7	0.472179	0.10795	2	0	14.23
405	0.8	0.472179	0.10795	2	0	14.23
405	0.9	0.472179	0.10795	2	0	14.23
405	1	0.472179	0.10795	2	0	14.23
425	0.1	0.764894	0.02605	1.04	0.96	14.63
425	0.2	0.627361	0.05695	1.48	0.52	14.19
425	0.3	0.473247	0.10405	1.93	0.07	13.74
425	0.4	0.458344	0.11095	1.98	0.02	13.69
425	0.5	0.458344	0.11095	1.98	0.02	13.69
425	0.6	0.450118	0.1162	2	0	13.67
425	0.7	0.450118	0.1162	2	0	13.67
425	0.8	0.450118	0.1162	2	0	13.67
425	0.9	0.450118	0.1162	2	0	13.67
425	1	0.450118	0.1162	2	0	13.67
445	0.1	0.757048	0.02205	1.05	0.95	14.69
445	0.2	0.599054	0.0564	1.55	0.45	14.19
445	0.3	0.478099	0.09125	1.89	0.11	13.85
445	0.4	0.451748	0.10395	1.98	0.02	13.76
445	0.5	0.451748	0.10395	1.98	0.02	13.76
445	0.6	0.446623	0.1089	2	0	13.74
445	0.7	0.446623	0.1089	2	0	13.74
445	0.8	0.446623	0.1089	2	0	13.74
445	0.9	0.446623	0.1089	2	0	13.74
445	1	0.446623	0.1089	2	0	13.74
465	0.1	0.777904	0.02035	0.97	1.03	14.75
465	0.2	0.613533	0.059	1.52	0.48	14.2
465	0.3	0.475117	0.1031	1.94	0.06	13.78
465	0.4	0.465373	0.10785	1.97	0.03	13.75
465	0.5	0.460561	0.1097	1.98	0.02	13.74
465	0.6	0.460561	0.1097	1.98	0.02	13.74
465	0.7	0.460561	0.1097	1.98	0.02	13.74
465	0.8	0.460561	0.1097	1.98	0.02	13.74
465	0.9	0.460561	0.1097	1.98	0.02	13.74
465	1	0.453859	0.117696	2	0	13.72
485	0.1	0.769519	0.02395	1.06	0.94	15.02
485	0.2	0.652477	0.05175	1.48	0.52	14.6
485	0.3	0.512412	0.10065	1.93	0.07	14.15
485	0.4	0.502257	0.10565	1.96	0.04	14.12
485	0.5	0.502257	0.10565	1.96	0.04	14.12
485	0.6	0.49766	0.114	1.98	0.02	14.1
485	0.7	0.494831	0.11435	1.99	0.01	14.09
485	0.8	0.494831	0.11435	1.99	0.01	14.09
485	0.9	0.491611	0.118291	2	0	14.08
485	1	0.491611	0.118291	2	0	14.08
