5	1	2	0
5	0	13	0.304348
5	1	2	0.0285714
5	0	6	0.0142857
5	1	2	0.0821918
5	0	11	0.369863
5	1	2	0
5	0	4	0.0422535
5	1	2	0
5	0	4	0.289855
5	1	2	0.0142857
5	0	6	0.185714
5	1	3	0.057971
5	0	4	0.202899
5	1	2	0
5	0	8	0.0714286
5	1	2	0
5	0	13	0.102941
5	1	2	0
5	0	5	0.166667
5	1	2	0
5	0	10	0.271429
5	1	2	0
5	0	12	0.2
5	1	3	0.0151515
5	0	6	0.287879
5	1	2	0.057971
5	0	9	0.318841
5	1	2	0.0298507
5	0	9	0.298507
5	1	2	0
5	0	12	0.130435
5	1	2	0.0694444
5	0	10	0.263889
5	1	2	0
5	0	3	0
5	1	2	0.0289855
5	0	6	0.101449
5	1	2	0
5	0	6	0.246154
5	1	2	0.0434783
5	0	7	0.463768
5	1	2	0
5	0	4	0
5	1	2	0
5	0	5	0.4
5	1	2	0
5	0	5	0.0441176
5	1	2	0
5	0	4	0.304348
5	1	2	0.0454545
5	0	7	0.454545
5	1	2	0
5	0	11	0.0714286
5	1	2	0.0147059
5	0	8	0.161765
5	1	2	0
5	0	5	0.0428571
5	1	2	0
5	0	9	0.128571
5	1	3	0
5	0	4	0.031746
5	1	2	0.0547945
5	0	8	0.315068
5	1	4	0.0144928
5	0	16	0.231884
5	1	2	0
5	0	7	0.132353
5	1	2	0
5	0	8	0.111111
5	1	2	0.0153846
5	0	11	0.153846
5	1	2	0.03125
5	0	9	0.140625
5	1	2	0
5	0	15	0.219178
5	1	2	0
5	0	5	0.28125
5	1	3	0.0136986
5	0	4	0.178082
5	1	2	0.0615385
5	0	11	0.446154
5	1	3	0
5	0	8	0.432836
5	1	2	0.031746
5	0	14	0.492063
5	1	2	0
5	0	4	0.0447761
5	1	2	0.0724638
5	0	6	0.391304
5	1	9	0
5	0	2	0.0597015
5	1	2	0
5	0	10	0.115942
5	1	2	0
5	0	9	0.216216
5	1	2	0
5	0	3	0.0441176
5	1	2	0.0483871
5	0	9	0.322581
5	1	3	0.0149254
5	0	4	0.223881
5	1	2	0.0136986
5	0	11	0.260274
5	1	5	0
5	0	8	0.0416667
5	1	2	0
5	0	12	0.166667
5	1	2	0
5	0	9	0.235294
5	1	4	0.0322581
5	0	14	0.33871
5	1	2	0
5	0	12	0.228571
5	1	2	0
5	0	4	0.25
5	1	2	0
5	0	3	0.0571429
5	1	2	0.0307692
5	0	12	0.261538
5	1	2	0
5	0	12	0.370968
5	1	2	0
5	0	8	0.402985
5	1	2	0.0149254
5	0	12	0.373134
5	1	2	0
5	0	6	0.0294118
5	1	2	0.0405405
5	0	24	0.22973
5	1	2	0
5	0	3	0.0597015
5	1	2	0
5	0	8	0.121212
5	1	2	0
5	0	7	0.382353
5	1	5	0.0882353
5	0	8	0.117647
5	1	3	0.0461538
5	0	14	0.353846
5	1	2	0
5	0	8	0.28125
5	1	2	0.0882353
5	0	13	0.352941
5	1	2	0.0294118
5	0	12	0.441176
5	1	2	0
5	0	7	0.348485
5	1	2	0
5	0	12	0.42623
5	1	3	0
5	0	10	0.117647
5	1	2	0
5	0	5	0.253521
5	1	3	0.0909091
5	0	10	0.363636
5	1	2	0.0151515
5	0	8	0.272727
5	1	2	0.0447761
5	0	4	0.119403
5	1	2	0.028169
5	0	8	0.309859
5	1	2	0
5	0	6	0.367647
5	1	2	0.0151515
5	0	4	0.348485
5	1	2	0.030303
5	0	10	0.318182
5	1	5	0
5	0	3	0.0724638
5	1	2	0
5	0	6	0.0606061
5	1	2	0.0441176
5	0	5	0.220588
5	1	2	0.0285714
5	0	12	0.4
5	1	2	0.0298507
5	0	3	0.0447761
5	1	2	0.0153846
5	0	13	0.476923
5	1	2	0
5	0	7	0.0405405
5	1	2	0
5	0	4	0.0645161
5	1	2	0.0294118
5	0	13	0.264706
5	1	-1	1.001
5	0	-1	1.001
5	1	2	0.0461538
5	0	9	0.246154
5	1	2	0.0140845
5	0	9	0.323944
5	1	2	0
5	0	12	0.375
5	1	2	0
5	0	6	0.121212
5	1	2	0
5	0	4	0
5	1	3	0.0714286
5	0	7	0.214286
8	1	2	0.0447761
8	0	6	0.19403
8	1	2	0.0147059
8	0	12	0.102941
8	1	2	0
8	0	26	0.402985
8	1	2	0
8	0	5	0.384615
8	1	2	0
8	0	11	0.217391
8	1	2	0
8	0	24	0.114286
8	1	2	0
8	0	9	0.185714
8	1	2	0
8	0	14	0.304348
8	1	2	0.0684932
8	0	14	0.410959
8	1	2	0
8	0	4	0.323529
8	1	2	0
8	0	11	0.161765
8	1	4	0.0277778
8	0	11	0.222222
8	1	2	0.0147059
8	0	8	0.0294118
8	1	2	0.084507
8	0	5	0.323944
8	1	2	0.016129
8	0	29	0.274194
8	1	2	0
8	0	3	0.0410959
8	1	2	0
8	0	11	0.0724638
8	1	2	0.0140845
8	0	6	0.028169
8	1	3	0.0597015
8	0	23	0.343284
8	1	3	1
8	0	2	0.939394
8	1	2	0
8	0	4	0.136364
8	1	2	0
8	0	19	0.191781
8	1	2	0
8	0	11	0.234375
8	1	3	0
8	0	12	0.19697
8	1	2	0.0454545
8	0	7	0.212121
8	1	2	0
8	0	11	0.0151515
8	1	2	0.015625
8	0	18	0.453125
8	1	2	0.0289855
8	0	8	0.0434783
8	1	2	0.0149254
8	0	3	0.0149254
8	1	2	0
8	0	3	0.056338
8	1	4	0.028169
8	0	11	0.183099
8	1	2	0
8	0	2	0.177419
8	1	2	0
8	0	27	0.323077
8	1	2	0.0441176
8	0	3	0.0147059
8	1	2	0.0434783
8	0	12	0.15942
8	1	2	0
8	0	8	0.0923077
8	1	2	0
8	0	4	0.125
8	1	2	0.0454545
8	0	5	0.0909091
8	1	2	0
8	0	3	0.0149254
8	1	2	0
8	0	13	0.09375
8	1	2	0
8	0	3	0
8	1	2	0.0724638
8	0	19	0.289855
8	1	2	0
8	0	27	0.246154
8	1	2	0.016129
8	0	22	0.209677
8	1	2	0.0285714
8	0	13	0.157143
8	1	2	0
8	0	8	0.0724638
8	1	2	0
8	0	9	0.15493
8	1	2	0.0147059
8	0	17	0.455882
8	1	3	0.0447761
8	0	7	0.343284
8	1	2	0
8	0	16	0.348485
8	1	2	0
8	0	21	0.411765
8	1	9	0.0144928
8	0	12	0.057971
8	1	2	0
8	0	3	0.191176
8	1	2	0.0144928
8	0	15	0.101449
8	1	2	0
8	0	5	0.235294
8	1	2	0
8	0	4	0.268657
8	1	2	0.0434783
8	0	11	0.202899
8	1	2	0.0769231
8	0	22	0.169231
8	1	2	0.0142857
8	0	4	0.0428571
8	1	2	0
8	0	9	0.0151515
8	1	2	0.0422535
8	0	14	0.211268
8	1	2	0
8	0	12	0.132353
8	1	2	0.0571429
8	0	5	0.257143
8	1	2	0
8	0	19	0.151515
8	1	2	0
8	0	5	0.294118
8	1	2	0
8	0	10	0.343284
8	1	2	0
8	0	9	0.0757576
8	1	2	0
8	0	31	0.3125
8	1	2	0
8	0	5	0.216216
8	1	2	0.0307692
8	0	10	0.353846
8	1	2	0
8	0	3	0
8	1	2	0
8	0	12	0.0547945
8	1	2	0
8	0	5	0
8	1	2	0
8	0	24	0.362319
8	1	2	0
8	0	6	0.132353
8	1	2	0
8	0	3	0
8	1	2	0.0434783
8	0	14	0.15942
8	1	2	0
8	0	4	0.0757576
8	1	2	0
8	0	4	0.283582
8	1	2	0
8	0	12	0.171429
8	1	2	0
8	0	3	0.171429
8	1	2	0
8	0	3	0.208333
8	1	2	0
8	0	17	0.272727
8	1	2	0
8	0	2	0.125
8	1	2	0
8	0	12	0.0428571
8	1	2	0.015873
8	0	6	0.0793651
8	1	2	0
8	0	11	0.163934
8	1	2	0
8	0	20	0.0909091
8	1	2	0
8	0	10	0.0704225
8	1	2	0
8	0	31	0.30303
8	1	2	0
8	0	6	0.185714
8	1	2	0.106061
8	0	7	0.257576
8	1	2	0.0434783
8	0	12	0.275362
8	1	6	0.0149254
8	0	3	0.134328
8	1	2	0
8	0	12	0.390625
8	1	2	0
8	0	3	0
8	1	2	0.0588235
8	0	28	0.308824
8	1	2	0
8	0	7	0.0428571
8	1	2	0
8	0	4	0.0147059
8	1	4	0.0597015
8	0	20	0.298507
11	1	2	0
11	0	4	0.0285714
11	1	2	0
11	0	7	0.228571
11	1	2	0
11	0	3	0.144928
11	1	2	0
11	0	22	0.140845
11	1	2	0.0147059
11	0	16	0.264706
11	1	2	0
11	0	5	0.25
11	1	4	0.0149254
11	0	3	0.0149254
11	1	2	0
11	0	5	0.0704225
11	1	2	0
11	0	12	0.184615
11	1	2	0.0149254
11	0	19	0.19403
11	1	2	0
11	0	5	0.174603
11	1	2	0
11	0	4	0.0144928
11	1	2	0
11	0	6	0.0806452
11	1	2	0
11	0	10	0.106061
11	1	2	0
11	0	9	0.0298507
11	1	2	0.0151515
11	0	29	0.19697
11	1	2	0
11	0	6	0.298507
11	1	2	0
11	0	6	0.119403
11	1	2	0
11	0	3	0.0895522
11	1	3	1
11	0	2	0.909091
11	1	2	0.0153846
11	0	33	0.230769
11	1	2	0.0144928
11	0	5	0.0724638
11	1	2	0
11	0	11	0.03125
11	1	2	0
11	0	5	0.25
11	1	2	0
11	0	3	0.132353
11	1	2	0.0909091
11	0	8	0.30303
11	1	9	0
11	0	6	0.0724638
11	1	2	0
11	0	5	0.130435
11	1	2	0
11	0	14	0.0909091
11	1	2	0
11	0	10	0.253521
11	1	2	0
11	0	34	0.378788
11	1	2	0
11	0	3	0
11	1	2	0
11	0	23	0.318841
11	1	2	0
11	0	3	0
11	1	2	0.0138889
11	0	24	0.305556
11	1	2	0.0138889
11	0	20	0.486111
11	1	2	0.0151515
11	0	11	0.136364
11	1	2	0.0147059
11	0	8	0.220588
11	1	2	0
11	0	3	0.0149254
11	1	2	0.0149254
11	0	17	0.358209
11	1	2	0
11	0	15	0.253731
11	1	2	0.0149254
11	0	4	0.104478
11	1	2	0
11	0	5	0
11	1	2	0
11	0	8	0.030303
11	1	3	0
11	0	5	0.078125
11	1	2	0
11	0	11	0.296875
11	1	2	0
11	0	7	0.056338
11	1	2	0
11	0	9	0.328571
11	1	2	0
11	0	5	0.0461538
11	1	2	0
11	0	3	0
11	1	2	0
11	0	9	0.173913
11	1	2	0
11	0	19	0.125
11	1	2	0
11	0	2	0.0447761
