var	minCostFlow
80	0.0748905
80	0.0276597
80	0.031975
80	0.0317628
80	0.234375
80	0.199766
80	0.0440365
80	0.0646797
80	0.0406828
80	0.0239914
80	0.22902
80	0.197761
80	0.123134
80	0.0882353
80	0.277778
80	0.149161
80	0.122674
80	0.0860197
80	0.0488473
80	0.0466968
80	0.0751419
80	0.120948
80	0.385239
80	0.164762
80	0.218318
80	0.0331271
80	0.134907
80	0.0746805
80	0.17771
80	0.159491
80	0.317164
80	0.0711401
80	0.0559775
80	0.125414
80	0.0860671
80	0.0168919
80	1
80	0.0343637
80	0.390512
80	0.0692308
80	0.314394
80	0.0430988
80	0.0430662
80	0.123146
80	0.0675273
80	0.346429
80	0.111055
80	0.197538
80	0.0372733
80	0.0592499
80	0.191176
80	0.0899758
80	0.061319
80	0.224638
80	0.121324
80	0.00884119
80	0.110512
80	0.109644
80	0.153003
80	0.094697
80	0.0639542
80	0.326087
80	0.0156907
80	0.0466974
80	0.00474517
80	0.186295
80	0.306179
80	0.0805456
80	0.116335
80	0.0658183
80	0.0375479
80	0.121118
80	0.0705943
80	0.0227273
80	0.0233622
80	0.0217391
80	0
80	0.11824
80	0.147059
80	0.0458538
80	0.12687
80	0.110877
80	0.102251
80	0.363754
80	0.299242
80	0.0698083
80	0.0412767
80	0.120061
80	0.00558704
80	0.184663
80	1
80	0.0695296
80	0.0882353
80	0.138889
80	0.0105634
80	0.0971788
80	0.0382278
80	0.0297584
80	0.0176056
80	0.0253391
85	0.112046
85	0.0335903
85	0.22032
85	0.0530303
85	0.272388
85	0.0764292
85	0.291402
85	0.075498
85	0.0554768
85	0.180769
85	0.0021848
85	0.140915
85	0.237774
85	0.00373134
85	0.151904
85	0.025119
85	0.117998
85	0.0348465
85	0.0992647
85	0.0257221
85	0.0182311
85	0.0685993
85	0.0499266
85	0.0803376
85	0.0962002
85	0.0662285
85	0.111486
85	0.0693126
85	0.0221633
85	0.0684114
85	0.331976
85	0.0395054
85	0.115905
85	0.0998596
85	0.0752738
85	0.12768
85	0.076087
85	0.0928753
85	0.0892857
85	0.115834
85	0.474618
85	0.022267
85	0.0657757
85	0.0555556
85	0.097967
85	0.0442961
85	0.067954
85	0.00357143
85	0.144029
85	0.185516
85	0.117052
85	0.0353301
85	0.0608019
85	0.0611007
85	0.0988168
85	0.0802953
85	0.00595413
85	0.078792
85	0.0591636
85	0.00604883
85	0.0859313
85	0.153846
85	0.278571
85	0.0245725
85	0.11684
85	0.161765
85	0.0751919
85	0
85	0.193662
85	0.0850069
85	0.120738
85	0.127448
85	0.0482125
85	0.052653
85	0.0401629
85	0.0400853
85	0.0514594
85	0.0795455
85	0.0452638
85	0.529732
85	0.0947904
85	0.0311408
85	0.0700139
85	0.0107143
85	0.0641816
85	1
85	0.0903373
85	0.0158268
85	0.271739
85	0.203846
85	0.11317
85	0.0735453
85	0.329337
85	0.0517688
85	0.0298507
85	0.0568182
85	0.157692
85	0.0335821
85	0.0639159
85	0.121378
90	0.113971
90	0.0170485
90	0.0196646
90	0.164179
90	0.0615385
90	0.0641791
90	0.434133
90	0.0668861
90	0.0395884
90	0.0673551
90	0.108457
90	0.116768
90	0.0779857
90	0.0698529
90	0.0651672
90	0.0833
90	0.164179
90	0.0155557
90	0.0997303
90	0.0987504
90	0.0437152
90	0.00892301
90	0.0381944
90	0.0230769
90	0.0333852
90	0.0154234
90	0.020686
90	0.187683
90	0.061576
90	0.0842918
90	0.0324885
90	0.0581981
90	0.114685
90	0.126807
90	0.267857
90	0.0526255
90	0.0178571
90	0.138063
90	0.138352
90	0.0346154
90	0.163043
90	0.0433275
90	0
90	0.0580934
90	0.112775
90	0.203143
90	0.0490832
90	0.360294
90	0.0996407
90	0.142927
90	0.0203859
90	0.0694444
90	0.0741751
90	0.0436924
90	0.154666
90	0.00546258
90	0.0494812
90	0.0964286
90	0.161684
90	1
90	0.0396825
90	0.389232
90	0.0894413
90	0.0865841
90	0.327206
90	0.0679449
90	0.127483
90	0.00912527
90	0.208123
90	0.229614
90	0.0548594
90	0.0380049
90	0.0162809
90	0.18662
90	0.140891
90	0.0227602
90	0.0346979
90	0.102307
90	0.0772349
90	0.127505
90	0.186736
90	0.0108696
90	0.0392802
90	0.0599522
90	1
90	0.518663
90	0.0287525
90	0.299208
90	0.133807
90	0.0708437
90	0.459067
90	0.0441176
90	0.0851197
90	0.0244506
90	0.18662
90	0.0925149
90	0.0299452
90	0.0943662
90	0.00373134
90	0.0117055
95	0.40067
95	0.101045
95	0.139537
95	1
95	0.453125
95	0.029294
95	0.373351
95	0.0633648
95	0.0509387
95	0.142189
95	0.16943
95	0.0699925
95	0.0706905
95	0.027759
95	0.390595
95	0.0357143
95	0.0147728
95	0.0912162
95	0.0505075
95	0.109241
95	0.0812109
95	0.016129
95	1
95	0.00704225
95	0.145862
95	0.00378788
95	0.0378788
95	0.0282511
95	0.0656654
95	0.205455
95	0.0809859
95	0.1875
95	0.0660305
95	0.00405381
95	0.0551689
95	0.0194581
95	0.0743079
95	0
95	0.0198327
95	0.0367647
95	0.102327
95	0.0146134
95	0.0162207
95	0.0685484
95	0.202899
95	0.554835
95	0.0854329
95	0.00838434
95	0.0171206
95	0.00746269
95	0.0789038
95	0.0166041
95	0.257463
95	0.0568182
95	0.149756
95	0.22156
95	0.106618
95	0.0290405
95	0.0735059
95	0.0697378
95	0.117857
95	0.0305968
95	0.148102
95	0.0316672
95	0.0447761
95	0.280435
95	0.0307692
95	0.140238
95	0.0151597
95	0
95	0.0646797
95	0.0625
95	0.0625
95	0.0240091
95	0.321919
95	0.133291
95	0.016241
95	0.0450468
95	0.144162
95	0.0236133
95	0.172295
95	0.0330882
95	0.0319795
95	0.119403
95	0.0291071
95	0.0774615
95	0.0718034
95	0.101883
95	0.0533529
95	0.204556
95	0.0420806
95	0.0620737
95	0.169398
95	0.13577
95	0.0151515
95	0.149705
95	0.0107796
95	0.0757576
95	0.0308413
95	0.0867523
100	0.0588235
100	0.47167
100	0.145833
100	0.591682
100	0.282509
100	0.204682
100	0.159621
100	0.0388556
100	0.0246479
100	0.38759
100	0.0235714
100	0.407833
100	0.0871558
100	0.0410207
100	0.157276
100	0.0447761
100	0.242857
100	0.0729167
100	0.146614
100	0.01307
100	0.0364985
100	0.0461538
100	0.0562233
100	0.130597
100	0.0659806
100	0.0871396
100	0.058189
100	0.0433521
100	0.0542228
100	0.0326087
100	0.033683
100	0.454148
100	0.166667
100	0.0442152
100	0.170972
100	0.0355385
100	0.0167869
100	0.0922657
100	0.0678571
100	0.0305526
100	0.091126
100	0.0719697
100	0.00458055
100	0.188441
100	0.0237383
100	0.517857
100	0.00105889
100	1
100	0.0303202
100	0.0948052
100	0.126594
100	0.0341389
100	0.153103
100	0.0848807
100	0.491469
100	0.103835
100	0.0351562
100	0.315693
100	0.0359244
100	0.0347309
100	0.104388
100	0.0159533
100	0.0905797
100	0.273489
100	0.0791254
100	0.158451
100	0.172979
100	0.195274
100	0.494215
100	0.0551471
100	0.601212
100	0.0420275
100	0.0694444
100	0.064836
100	0.209302
100	0.0565733
100	0.0674899
100	0.0253431
100	0.0336283
100	0.515526
100	0.154773
100	0.0110294
100	0.0502165
100	0.0315862
100	0.0115678
100	0.170639
100	0.17803
100	0.375256
100	0.0169927
100	0.0522388
100	0.177216
100	0.0678904
100	0.318711
100	0.0598592
100	0.0444254
100	0.0895522
100	0.0143162
100	0.163301
100	0.309405
100	0.454915
105	0.49893
105	0.0592215
105	0.0438517
105	0.150381
105	0.0399524
105	0.0518926
105	0.0155577
105	0.0648665
105	0.076087
105	0.0700993
105	0.0984848
105	0.0582192
105	0.0658257
105	0.110619
105	0.376866
105	0.313311
105	0.424714
105	0.0140845
105	0.0871212
105	0.117076
105	0.377356
105	0.0454545
105	0.0636765
105	0.136796
105	0.0538653
105	0.0198413
105	0.0049601
105	0.0325648
105	0.0226075
105	0.0499051
105	0.242958
105	0.270186
105	0.00704225
105	0.0971688
105	0.375848
105	0.508305
105	0.0442118
105	0.0336208
105	0.058141
105	0.0459514
105	0.022681
105	0.0634328
105	0.0129849
105	0.0203402
105	0.380638
105	0.0597015
105	0.435447
105	0.0335821
105	0.207692
105	0.133309
105	0.343017
105	0.26479
105	0.0939144
105	0.0365466
105	0.071855
105	0.038695
105	0.430174
105	0.156412
105	0.0594234
105	0.107692
105	0.517731
105	0.162166
105	0.0504782
105	0.234817
105	0.03249
105	0.488523
105	0.0434783
105	0.0808769
105	0.085049
105	0.0571863
105	0.0434783
105	0.0450849
105	0.0149802
105	0.0451887
105	0.0932602
105	0.0609047
105	0.0151515
105	0.199336
105	0.0751174
105	0.186029
105	0
105	0.0594177
105	0.0524801
105	0.115304
105	0.177675
105	0.123188
105	0.286232
105	0.03749
105	0.223485
105	0.0782197
105	0.191804
105	0.0713256
105	0.178571
105	0.109222
105	0.0407515
105	0.0395038
105	1
105	0.0394019
105	0.0575027
105	0.0859375
110	0.0746269
110	0.258065
110	0.0798701
110	0.117647
110	0.110499
110	0.056479
110	0.0585113
110	0.11052
110	0.0456633
110	0.108696
110	0.139941
110	0.126923
110	0.0545452
110	0.294521
110	0.0952406
110	0.419312
110	0.338935
110	1
110	0.121622
110	0.310714
110	0.0524417
110	0.0477941
110	0.0380356
110	0.461114
110	0.546278
110	0.109848
110	0.078033
110	0.0642574
110	0.0567579
110	0.169359
110	0.163934
110	0.0164335
110	0.0661765
110	0.126866
110	0.0404462
110	0.0180851
110	0.0456513
110	0.0291058
110	0.0648569
110	0.072028
110	0.485189
110	0.141304
110	0.0583722
110	0.0259516
110	0.0718145
110	0.0735294
110	0.0630725
110	0.136719
110	0.00357143
110	0.0347222
110	0.0166745
110	0.0529587
110	0.409091
110	0.417732
110	0.4243
110	0.0655931
110	0.369403
110	0.063674
110	0.0551471
110	0.0227273
110	0.0768528
110	0.0477274
110	0.386719
110	0.0214286
110	0.0625
110	0.0190747
110	0
110	0.0473577
110	0.164417
110	0.306338
110	0.0596687
110	0.0457317
110	0.0460798
110	0.201493
110	0.158457
110	0.115942
110	0.0732615
110	0.0958928
110	0.180556
110	0.0443881
110	0.0214286
110	0.127451
110	0.0164926
110	0.289286
110	0.0108696
110	0.0136122
110	0.286232
110	0.0809051
110	0.630923
110	0.164233
110	0.0612718
110	0.0693506
110	0.38822
110	0.0574331
110	0.0755855
110	0.198298
110	0.0475712
110	0.0783759
110	0.0559687
110	0.131608
115	0.0148878
115	0.0420494
115	0.297945
115	0.0924831
115	0.0855654
115	0.459629
115	0.109963
115	0.04596
115	0.0957677
115	0.427439
115	0.043943
115	0.0282345
115	0.0401652
115	0.0406208
115	0.0390554
115	0.0871212
115	0.0472433
115	0.0579439
115	0
115	0.00367647
115	0.448529
115	0.0469771
115	0.0416667
115	0.106023
115	0.108564
115	0.305556
115	0.0337185
115	0.0882353
115	0.00953625
115	0.0506225
115	0.0198294
115	0.0671115
115	0.025693
115	0.142361
115	0.0242776
115	0.447533
115	0.30303
115	0.420455
115	0.0750415
115	0.0657618
115	0.0538898
115	0.0932836
115	0.0551471
115	0.224638
115	0.0413806
115	0.0613807
115	0.0450334
115	0.0935266
115	0.0220588
115	0.0443803
115	0.0632472
115	0.0638492
115	0.141791
115	0.117511
115	0
115	0.0231457
115	0.106618
115	0.0197228
115	0.0390676
115	0.0328909
115	0.0653847
115	0.00465364
115	1
115	0.553118
115	0.0482163
115	0.0454545
115	0.0597015
115	0.234169
115	0.0783582
115	0.461327
115	0.10882
115	0.0512968
115	0.0851562
115	0.0393273
115	0.114203
115	0.0392857
115	0.0217532
115	0.392615
115	0.054228
115	1
115	0.0234509
115	0.117424
115	0.0253623
115	0.0442243
115	0.069871
115	0.0656513
115	0.0137615
115	0.00724638
115	0.140171
115	0.0273601
115	0.0402644
115	0.0432773
115	0.0681818
115	1
115	0.200704
115	0.0162144
115	0.0289855
115	0.408406
115	0.0678693
115	0.0632002
120	1
120	0.0554458
120	0.0193511
120	0.0173611
120	0.0436508
120	0.0260417
120	1
120	0.0209858
120	0.106061
120	0.0294307
120	0.0207529
120	0.00428846
120	0.0691018
120	0.0265523
120	0.090111
120	0.0336735
120	0.0140845
120	0.045297
120	1
120	0.0181159
120	0.0598592
120	0.347826
120	0.0529272
120	0.0520667
120	0.0384615
120	0.00378788
120	0.0156875
120	0
120	0
120	0.0380068
120	0.0181159
120	0.0157323
120	0.0126167
120	0.0247239
120	0.0492958
120	0.0452896
120	0.00367647
120	0.085
120	0.0487468
120	0.0433883
120	0.0272389
120	0.13806
120	0.0753968
120	0.0219807
120	0.206349
120	0.136364
120	0.0178571
120	0.0434608
120	0.0692844
120	0.0627023
120	0.0295013
120	0.086991
120	0.0672329
120	0.0657143
120	0.0595652
120	0.0132953
120	0.0714124
120	0.0443258
120	0.0235641
120	0.0768973
120	0.1875
120	0.0211884
120	0.0221108
120	0.022764
120	0.0335821
120	0.0569307
120	0.0446712
120	0.00735294
120	0.0513631
120	0.0581077
120	0.0548986
120	0.0315657
120	0.0152406
120	0.0447761
120	0.102367
120	0.0618957
120	0.0537762
120	0.0373134
120	0.0269231
120	0.0558824
120	0.0779741
120	0.0317599
120	0.121094
120	0.0279353
120	0.0230769
120	0.0091621
120	0.0508496
120	0.00724638
120	0.310484
120	0.0417184
120	0.227951
120	0.0239362
120	0.0595863
120	0.0571429
120	0.0589663
120	0.268562
120	0.0876715
120	0.0730792
120	0.0157034
120	0.0329673
125	0.00746269
125	0.106382
125	0.0384615
125	0.0776515
125	0.0425352
125	0.112578
125	0.0255319
125	0.0141267
125	0.0533699
125	0.110225
125	0.0457683
125	0.0919118
125	0.0157774
125	0.0646032
125	0.111486
125	0.092501
125	0.010274
125	0.0298921
125	0.0640425
125	0.0187694
125	0.0224902
125	0.0577373
125	0.0280711
125	0.253623
125	0.0774648
125	0.0920969
125	0.0246479
125	0.0147059
125	0.0142165
125	0.0576663
125	0.0471014
125	0.0752241
125	0.0240655
125	0.112274
125	0.0749444
125	0.135246
125	0.0240461
125	0.0340909
125	0.0605634
125	0.0316901
125	0.0144595
125	0.0400929
125	0.0713711
125	0.130264
125	0.0124533
125	0.00474554
125	0.0492424
125	0.0256944
125	0.00704225
125	0.0777058
125	0.0651209
125	0.278571
125	0.0400305
125	0.0422535
125	0.0787671
125	0.0247013
125	0.0361433
125	0.0340831
125	0.0222697
125	0.0842419
125	0.0918552
125	0.0435378
125	0.00793651
125	0.0637497
125	1
125	0.0154486
125	0.0703625
125	0.0387668
125	0.0511001
125	0.0664983
125	0.0471561
125	0.0481366
125	0.0491088
125	0.0257804
125	0.113999
125	0.103497
125	0.0390625
125	0.0179118
125	0.00735294
125	0.120924
125	0.0462022
125	0.0535714
125	0.0821429
125	0.0413732
125	0.0229953
125	0.0804498
125	0.0148473
125	0.0653846
125	0.0948054
125	0.0199299
125	0.0530303
125	0.0544367
125	0.0113636
125	0
125	0.0575866
125	0.0601434
125	0.0387137
125	0.0578788
125	0.0348229
125	0.0820312
130	0.00829045
130	0.261905
130	0.0078125
130	0.0142857
130	0.0295738
130	0.0178629
130	0.00765429
130	0.00746269
130	0.0257313
130	0.0477941
130	0.0357143
130	0.0719953
130	0.0508043
130	0.0176224
130	0.0376254
130	0.0480172
130	0.0179649
130	1
130	0.0470764
130	0.0265152
130	0
130	0.0447761
130	0.00724638
130	0.00503716
130	0.0144928
130	0.0516072
130	0.228261
130	0.0477941
130	0.088218
130	0.0171875
130	0.0551963
130	0.0993324
130	0.0649085
130	0.0393018
130	0.238971
130	1
130	0.209559
130	0.0226076
130	0.0692308
130	0.0398551
130	0.149254
130	0.0178571
130	0.00480792
130	0
130	0.0487537
130	0.00378788
130	0.0880952
130	0.0689484
130	0.0264045
130	0.0642857
130	0.365672
130	0.00352113
130	0.0715389
130	0.0798611
130	0.0612699
130	0.221831
130	0.0771104
130	0.059034
130	0.0356248
130	0.0291126
130	0.0222303
130	0.0389918
130	0.3125
130	0.0904485
130	0.0158706
130	0.0121972
130	0.0370047
130	0.0394215
130	0.0346636
130	0.158088
130	0.0119515
130	0.0531309
130	0.272388
130	0.0302861
130	0.0298877
130	0.0533126
130	0.105368
130	0.0376838
130	0.0392857
130	0.0485142
130	0.0170588
130	0.0273173
130	0.0362319
130	0.0574675
130	0.0237008
130	0.0571429
130	0.0850304
130	0.0357143
130	0.0633803
130	0.141615
130	0.0437143
130	0.035117
130	0.0146002
130	0.0555556
130	0.101099
130	0.0488446
130	0.0214286
130	0.0302997
130	0
130	0.0482609
135	0.0409161
135	0.0451389
135	0.0494403
135	0.0282258
135	0.00612581
135	0.132353
135	1
135	0.0408986
135	0.0347153
135	0.0845588
135	0.027378
135	0
135	0.0473335
135	0.0262422
135	0.0579378
135	0.0118203
135	0.0310263
135	0.0597015
135	0.170455
135	0.0357893
135	0.0238597
135	0.038268
135	0.0546613
135	0.0287642
135	0.0370699
135	0.0688406
135	0.0895721
135	0.0488927
135	0.0231616
135	0.221774
135	0.0119902
135	0.0841925
135	0.0117071
135	0.056516
135	0.0978459
135	0.0993262
135	0.045031
135	0.0183824
135	0.00362319
135	0.164769
135	0.00866317
135	0.0782494
135	0.0140869
135	0.024395
135	0.0078125
135	0.0797125
135	0.0261194
135	0.0417677
135	0.113281
135	0.0854632
135	0.0491614
135	1
135	0.026872
135	0.0184859
135	0.0564516
135	0.0194869
135	0.0765261
135	0.0434783
135	0.0486218
135	0.0147059
135	0.0418287
135	0.0420455
135	0.0606061
135	0.0568182
135	0.285714
135	0.0295746
135	0.0294118
135	0.0411765
135	0.0296703
135	0.0311684
135	0.0304502
135	0.0223881
135	0.152174
135	0.112718
135	0
135	0.148088
135	0.0475493
135	0.0293287
135	0.0265152
135	0.113825
135	0.05
135	0.271429
135	0.09375
135	0.0110294
135	0
135	0.0341556
135	0.0698225
135	0.0473581
135	0.0210526
135	0.0313287
135	0.0730769
135	0.0078125
135	0.042739
135	0.0813783
135	0.0243056
135	0
135	0.0291438
135	0.0716264
135	0.0261467
135	0.0278159
140	0.134556
140	0.0328694
140	0.0737705
140	0.0437095
140	0.0847049
140	0.007996
140	0.0454545
140	0
140	0.0183806
140	0.171875
140	0.0904371
140	0.0769602
140	0.00390625
140	0.0630767
140	0.0972906
140	0.26087
140	0.00588512
140	0.0846354
140	0.0556011
140	0.0810906
140	0.0389395
140	0.265152
140	0.0201395
140	0.0269872
140	0.0494681
140	0.0351845
140	0.0553633
140	0.0379568
140	0.00373134
140	0.037468
140	0.0780258
140	0.0837048
140	0.0575069
140	0.036487
140	0.0410448
140	0.0235294
140	0.0485184
140	0.0153655
140	0.0422535
140	0.0133929
140	0.0643939
140	0.1408
140	0.0867576
140	0.0703849
140	0.0211268
140	0.0116965
140	0.0551426
140	0.0353702
140	0.0313014
140	0.00395613
140	0.0108696
140	0.070021
140	0.0396465
140	0.0403209
140	0.038885
140	0.1656
140	0.0610546
140	0.0887466
140	0.0346742
140	0.0289157
140	0.00373134
140	0.0183824
140	0.074134
140	0
140	0.0336617
140	0.0495747
140	0.00735294
140	0.0150894
140	0.0633803
140	0.0598739
140	0.0629925
140	0.0475973
140	0.309701
140	0.242537
140	0.0721776
140	0.0633725
140	0.0401622
140	0.0263158
140	0.156554
140	0.232143
140	0.0532579
140	0.0331967
140	0.167969
140	0.0311189
140	0.0882353
140	0.150905
140	0.0865711
140	0.0271883
140	0.108823
140	0.0657776
140	0.0192958
140	0.0398412
140	0.036806
140	0.0435202
140	0.0990338
140	0.0438372
140	0.0237716
140	0.0676937
140	0.025889
140	0
145	0.0373134
145	0.0213675
145	0.0581456
145	0.0142857
145	0.0272212
145	0.0683761
145	0.0313337
145	0
145	0.0307692
145	0.024401
145	0.092437
145	0.0472783
145	0.0344215
145	0.0724638
145	0.0473248
145	0.0107143
145	0.0813226
145	1
145	0.0309917
145	0.0750679
145	0.0189437
145	0.0809859
145	0.043615
145	0.0408266
145	0.0230769
145	0.0394066
145	0.0263158
145	0.0615942
145	0.0642718
145	0.0282132
145	0.0880961
145	0.041791
145	0.0662393
145	0.0820312
145	0.0218601
145	0.0742188
145	0.048135
145	0.00704225
145	0.123188
145	0.0441378
145	0.0766807
145	0.0460839
145	0.0551712
145	0.03125
145	0.0403727
145	0.0404412
145	0.0723689
145	0.0549242
145	0.0595588
145	0.0588235
145	0.0516129
145	0.182836
145	0.0220197
145	0.0404412
145	0
145	0.0183824
145	0.0713129
145	0.0273077
145	0.0830092
145	0.0692873
145	0.0335821
145	0.0678428
145	0.0275619
145	0.0110518
145	0.106061
145	0.171642
145	0.0192945
145	0.0550543
145	0.0299237
145	0.0368549
145	0.0340909
145	0.0174249
145	0.00508053
145	0.00436529
145	0.0296296
145	0.094697
145	0.0627939
145	0.0462963
145	0.044733
145	0.04204
145	0.261029
145	0.0454427
145	0.037468
145	0.0147059
145	0.102729
145	0.0995742
145	0.0359372
145	0.0326814
145	0.109385
145	0.0310258
145	0.0439506
145	0.0371622
145	0.0227273
145	0.0964148
145	0.198413
145	0.00782778
145	0.0859661
145	0
145	0.0227337
145	0.0815688
150	0.0958668
150	0.0671053
150	0.0324597
150	0.0523039
150	0.0217949
150	0.0772924
150	0.0142019
150	0.055
150	0.0359721
150	0.0269247
150	0.0535994
150	0.0978963
150	0.0681818
150	0.0581116
150	0.0582298
150	0.0503968
150	0.0367647
150	0.00484591
150	0.0189394
150	0.0270172
150	0.0270198
150	0.0330087
150	0.0973084
150	0.00367647
150	0.0216829
150	0.0304878
150	0.0105634
150	0.00694444
150	0.0504268
150	0.246269
150	0.0636259
150	0.106618
150	0.0405683
150	0.0580827
150	0.0673374
150	0.0107143
150	0.0132336
150	0.0595238
150	0.0550847
150	0.0508328
150	0.108202
150	0.00941089
150	0.0468974
150	0.0110294
150	0.0537006
150	0.0245902
150	0.0444036
150	0.0492647
150	0.0262104
150	0.0135959
150	0.0336508
150	0.0444516
150	0.0479452
150	0.0739437
150	0.0433929
150	0.0269741
150	0.0387324
150	0.0615359
150	0.0552736
150	0.0205224
150	0.0157362
150	0.0214286
150	0.0170242
150	0.0968137
150	0.0472826
150	0.00401495
150	0.0105209
150	0.0200216
150	0.0219259
150	0.0378338
150	0.0743824
150	0.0331144
150	0.0147524
150	0.0706192
150	0.253906
150	0.0696429
150	0.0702899
150	0.0371652
150	0.0198743
150	0
150	0.0323882
150	0.0520833
150	0.0639384
150	0.0307491
150	0.0462614
150	0.114906
150	0.0368566
150	0.0426118
150	0.0194897
150	0.0757576
150	0.0741758
150	0.0189394
150	0.0664764
150	0.110063
150	0.056379
150	0.0181194
150	0.0485681
150	0.0399769
150	0
150	0.045586
155	0.00769231
155	0.161538
155	0.011194
155	0.0378788
155	0.145833
155	0.0156026
155	0.0587122
155	0.0149799
155	0.0485075
155	0.00367647
155	0.0928571
155	0.216418
155	0.0389395
155	0.0642857
155	0.0158276
155	0.115704
155	0.0866435
155	0.0412896
155	0.0457746
155	0.0166516
155	0.00542741
155	0.0530303
155	0.246377
155	0.0800639
155	0.0388571
155	0.0356061
155	0.0653587
155	0.0241995
155	0.0559701
155	0.0920087
155	0.00373134
155	0.0276057
155	0.0948529
155	0.0510621
155	0.13587
155	0.0188406
155	0.11896
155	0.00362319
155	0.0228571
155	0.0356892
155	0.067402
155	0.0581651
155	0.0713682
155	0.0110294
155	0.0298507
155	0
155	0.0351562
155	0.0185185
155	0.0858009
155	0.0541209
155	0.0243228
155	0.0105634
155	0.102164
155	0.0492064
155	0.0196759
155	0.0248738
155	0.0402735
155	0.0588235
155	0.0114997
155	0.0807327
155	0.0217391
155	0.0352113
155	0.0353674
155	0
155	0.0450769
155	0.0304544
155	0.185606
155	0.0229403
155	0.0296296
155	0.00746269
155	0.0663126
155	0.0448731
155	0
155	0.0476059
155	0.00362319
155	0.0525641
155	0.0957501
155	0.0151165
155	0.0236345
155	0.0374933
155	0.0107143
155	0.104895
155	0.0326087
155	0.0324113
155	0.0659645
155	0.0402351
155	0.0447761
155	0.0588816
155	0.0557692
155	0.0330882
155	0.0474026
155	0.0162702
155	0.0133929
155	0.0534139
155	0.0468852
155	0.0367647
155	0.0610687
155	0.0952381
155	0.0149254
155	0.0656899
160	0.0406191
160	0
160	0.0181159
160	0.075749
160	0.0534171
160	0.190298
160	0.0228489
160	0.00831489
160	0.0616298
160	0.0490449
160	0.0364286
160	0.0149738
160	0.176471
160	0.0574448
160	0.0661221
160	0.0367647
160	0.0684319
160	0.0221736
160	0.0441176
160	0.0368141
160	0.0783313
160	0.0141256
160	0.0546993
160	0.0588235
160	0.0178571
160	0.015625
160	0
160	0.0366375
160	0
160	0.0348901
160	0.05544
160	0.0045585
160	0.0444997
160	0.0574391
160	0.101368
160	0.0328138
160	0.0105634
160	0.0328157
160	0
160	0.00926982
160	0.0284338
160	0.0265152
160	0.0261194
160	0.0503754
160	0.115674
160	0.0216838
160	0.0491294
160	0.00683465
160	0.0153186
160	0.0578337
160	0.0590278
160	0.076641
160	0.0324415
160	0.0314293
160	0.0592308
160	0.0735294
160	0.00394424
160	0.0820896
160	0.0466502
160	0.0815565
160	0.0471859
160	0.0821649
160	0.0400376
160	0.031746
160	0.0441116
160	0.0434783
160	0.0110294
160	0.0450835
160	0.071701
160	0.02
160	0.0681542
160	0.0162939
160	0.224265
160	0.148026
160	0.0620043
160	0.0424384
160	0.104289
160	0
160	0.0481754
160	0.0220497
160	0.0197701
160	0.0282516
160	0.0125373
160	0.125256
160	0.0611429
160	0.0181159
160	0.0836105
160	0.0248437
160	0.00757576
160	0.0551471
160	0.0280476
160	0.0136986
160	0.0200216
160	0.035807
160	0.0149254
160	0.0715786
160	0.0460199
160	0.00384615
160	0.0615942
160	0.047561
165	0.0485548
165	0.0470149
165	0.0301932
165	0.0422535
165	0.0289855
165	0.0189394
165	0.037452
165	0.0954006
165	0.0966354
165	0.0806983
165	0.0144928
165	0.00378788
165	0.0345479
165	0.0202703
165	0.0224638
165	0.0769231
165	0.0641517
165	0.130227
165	0.0231343
165	0.0308458
165	0.033966
165	0.0284722
165	0.0147054
165	0.0321429
165	0.00714286
165	0.041996
165	0.078125
165	0.0586134
165	0.0457746
165	0.0750518
165	0
165	0.0530303
165	0.01741
165	0.109649
165	0.0698529
165	0.254587
165	0.085199
165	0.0677362
165	0.0485521
165	0.0253603
165	0.0992647
165	0.0300453
165	0.0832149
165	0.0181159
165	0.0152219
165	0.031746
165	0.0247826
165	0.0228495
165	0.0316067
165	0.0292857
165	0
165	0.13806
165	0.0124533
165	0.063843
165	0.0277171
165	0.0674496
165	0.0835605
165	0.0543758
165	0.0671642
165	0.0599037
165	0.0329648
165	0.0257312
165	0.0144988
165	0.0329331
165	0.0427145
165	0.0246936
165	0.109353
165	1
165	0.0403646
165	0.0673961
165	0.0258242
165	0.154412
165	0.0481811
165	0.015873
165	0.0495308
165	0
165	0.0409008
165	0.0110294
165	0.0368852
165	0.0485714
165	0.0416667
165	0.0258167
165	0.0251476
165	0.00468073
165	0.0450851
165	0.0528169
165	0.0226906
165	0.0478022
165	0.0130211
165	0.0356841
165	0.0223881
165	0.0483871
165	0.0289855
165	0.0376121
165	0.0405695
165	0.0186567
165	0.0292415
165	0.0473121
165	0.0553185
165	0.0315465
170	0.0646667
170	0.0078125
170	0.0744591
170	0.0294118
170	0.0117188
170	0.060559
170	0.0117188
170	0.0530303
170	0.0298507
170	0.0322461
170	0.047099
170	0.0159255
170	0.0319048
170	0.0159314
170	0.0165441
170	0.0641402
170	0.0371072
170	0.0424901
170	0.00817748
170	0.0274654
170	0.0892487
170	0.0525453
170	0.0293938
170	0.188967
170	0
170	0.204158
170	0
170	0.0327283
170	0.076087
170	0.0736481
170	0.0322748
170	0.0723223
170	0.0213265
170	0.011194
170	0.0205479
170	0.00403226
170	0.0987713
170	0.0464983
170	0.0503105
170	0.0212673
170	0.0827206
170	0.0247222
170	0.0138889
170	0.0149226
170	0.0160299
170	0.134921
170	0.0589681
170	0.0108696
170	0.0160923
170	0.0628788
170	0.0313038
170	0.069818
170	1
170	0.0564738
170	0.00373931
170	0.0634328
170	0.0378246
170	0.0347548
170	0.0375512
170	0
170	0.0797101
170	0.0184654
170	0.0632249
170	0.0217391
170	0.0170663
170	0.0784001
170	0.15625
170	0.0393317
170	0.0491761
170	0.00694444
170	0.041806
170	0.0176056
170	0
170	0.0211268
170	0.0312912
170	0.0317164
170	0.0107143
170	0.0645215
170	0.0985915
170	0.0164789
170	0.0329231
170	0.0772059
170	0.0107143
170	0.0943911
170	0.295775
170	0.0717839
170	0.0669192
170	0.0321429
170	0.00431034
170	0.0297619
170	0.0679066
170	0.0293538
170	0.0221088
170	0.0486111
170	0
170	0.0138889
170	0.0277778
170	0.0207856
170	0.00724638
170	0.0119048
175	0.0414881
175	0.015665
175	0.0152932
175	0.0503143
175	0.0506736
175	0.0343296
175	0.0698529
175	0.0451389
175	0.125961
175	0.0483871
175	0.0157005
175	0.0833333
175	0.011194
175	0.0352113
175	0.0189189
175	0.0683368
175	0.0524887
175	0.0263504
175	0
175	0.00362473
175	0.00942029
175	0.0462053
175	0.0525641
175	0.0115385
175	0.0678571
175	0.048559
175	0.115722
175	0.00342466
175	0.0492424
175	0.00833165
175	0.0340803
175	0.0492958
175	0.0141075
175	0.0290153
175	0.0117188
175	0.0159091
175	0.0407609
175	0.0350224
175	0.0662758
175	0.0214286
175	0.0558079
175	0.0188934
175	0.0192308
175	0.0279523
175	0.00724638
175	0.0289304
175	0.0181159
175	0.0477941
175	0.0185122
175	0.0849413
175	0.0469114
175	0.0428571
175	0.0443979
175	0.0384074
175	0.0307692
175	0.0285714
175	0.0500082
175	0.0330308
175	0.0307685
175	0.15411
175	0.00443728
175	0.0169779
175	0.0635476
175	0.0603092
175	0.0159951
175	0.032684
175	0.0410448
175	0.03125
175	0.052027
175	0.0341572
175	0.0466418
175	0.0637059
175	0.0559701
175	0.0871212
175	0.0222751
175	0.135114
175	0.0119048
175	0.0845588
175	0.036731
175	0.0151654
175	0.0454545
175	0.115672
175	0
175	0
175	0.0739437
175	0.0407155
175	0.031554
175	0.0590278
175	0.0180832
175	0.0301752
175	0.0233922
175	0.0289916
175	0.0375838
175	0.0189394
175	0.0105634
175	0.0191176
175	0.108606
175	0.0220588
175	0.0278361
175	0.00390625
180	0.0206823
180	0.0186567
180	0.037864
180	0.00396825
180	0.0352041
180	0.00859729
180	0.00373134
180	0.00885937
180	0.043394
180	0.0317907
180	0.0328283
180	0.0111483
180	0.0300207
180	0.0678054
180	0
180	0.0424273
180	0.0662568
180	0.0231707
180	0.0268759
180	0.0576462
180	0.0046305
180	0.00430108
180	0.0153644
180	0.0465385
180	0.0233209
180	0.0153073
180	0.0630764
180	0.0198384
180	0.0251241
180	0.0460947
180	0.00843977
180	0.0253623
180	0.144928
180	0.00390625
180	0.0286346
180	0.0222957
180	0.0544315
180	0.04189
180	0.0383977
180	0.0274327
180	0.0119048
180	0.0601563
180	0.0241935
180	0.0411734
180	0.0436854
180	0.0316901
180	0.0485075
180	0.00384615
180	0.0579576
180	0.0433106
180	0.00714286
180	0.025
180	0.110294
180	0.0563966
180	0.0149101
180	0.00537634
180	0.0777849
180	0.011612
180	0.0869565
180	0.061239
180	0
180	0.0227273
180	0.0125541
180	0.0718148
180	0.00461133
180	0
180	0.0259793
180	0.0359054
180	0.0309582
180	0.0556527
180	0.0408497
180	0.015625
180	0.0215763
180	0.0138889
180	0.0765212
180	0.0657041
180	0.0230769
180	0.139286
180	0.0464182
180	0.0316885
180	0.0107143
180	0.0107143
180	0.0245902
180	0.0146955
180	0.00757576
180	0.0259818
180	0.0156716
180	0.0532663
180	0.0536021
180	0.0879465
180	0.0202559
180	0.0366915
180	0.00694444
180	0.0366591
180	0.0476891
180	0.0401441
180	0.290056
180	0.0466555
180	0.0166317
180	0.0340909
185	0.00402415
185	0.0626623
185	0.0596591
185	0.020545
185	0.0223881
185	0.0601161
185	0.0347744
185	0.0398551
185	0.0363787
185	0.0265152
185	0.0415384
185	0.00661755
185	0.0294118
185	0.0253623
185	0.0583808
185	0.0618512
185	0.0342447
185	0.0169018
185	0.0271119
185	0.021322
185	0.0509359
185	0.0458788
185	0.0266296
185	0.0238971
185	0.0764436
185	0.047675
185	0.0984849
185	0.00480648
185	0.0392857
185	0.0125933
185	0.0261905
185	0.0543478
185	0
185	0
185	0.0150116
185	0.0580882
185	0.0704225
185	0.011194
185	0.0292339
185	0.0324988
185	0.028169
185	0.0403846
185	0.0212494
185	0.0342722
185	0
185	0.0772311
185	0.0202472
185	0.00757576
185	1
185	0.0323383
185	0.0115385
185	0.0606061
185	0.0176056
185	0.00575454
185	0.0216163
185	0.0883739
185	0.0443178
185	0.0369132
185	0.0566484
185	0.0659247
185	0.0110294
185	0
185	0.0276946
185	0.0120127
185	0.0334495
185	0.0225363
185	0.0417582
185	0.0178571
185	0.00485672
185	0.0551471
185	0.0192308
185	0.0710178
185	0.176056
185	0.0149351
185	0.0107143
185	0.0429293
185	0.0269231
185	0.0378882
185	0.0347222
185	0.0110294
185	0.0259217
185	0.068223
185	0.0284064
185	0
185	0.011194
185	0.0381944
185	0.0186567
185	0.0216919
185	0.0652174
185	0.0541559
185	0.0457792
185	0.00600962
185	0.0273438
185	0.0239726
185	0.0307995
185	0.0117188
185	0.0183633
185	0.0287497
185	0.0110294
185	0.0333711
190	0.0329614
190	0.0303625
190	0.0299732
190	0.0262667
190	0.0574163
190	0.0600783
190	0.00385233
190	0.038099
190	0.00675676
190	0.0398551
190	0
190	0.00901156
190	0.00704225
190	0.0288013
190	0.0719383
190	0.0445516
190	0.0233675
190	0.0261194
190	0.132973
190	0
190	0.06934
190	0.0347739
190	0.0223602
190	0.0293306
190	0.0110294
190	0.0178961
190	0.0230769
190	0.011194
190	0.0378788
190	0.0261194
190	0.0257353
190	0.0151515
190	0.0162776
190	0.0464937
190	0.0149096
190	0.0119048
190	0.0464955
190	0.0320513
190	0.0978261
190	0.0153491
190	0.0739437
190	0.0144928
190	0.011194
190	0
190	0.0330882
190	0.00560223
190	0.0752198
190	0.0287815
190	0.0684615
190	0.0330986
190	0.0142857
190	0.0264706
190	0.0494178
190	0
190	0.0320685
190	0.0599303
190	0.0211268
190	0.0122951
190	0.0172991
190	0.0242347
190	0.035954
190	0
190	0.0273438
190	0.0164949
190	0.0181159
190	0.0183824
190	0.0288462
190	0.0273438
190	0
190	0.0335165
190	0
190	0.0196159
190	0.0236416
190	0.0731739
190	0.0341252
190	0.0444035
190	0.0453681
190	0.0406387
190	0.00735294
190	1
190	0.0180356
190	0.0119048
190	0
190	0.0170164
190	0.0509973
190	0
190	0.00902543
190	0.0407935
190	0.0261194
190	0.00378788
190	0
190	0.0108696
190	0.0441176
190	0.0452239
190	0.0229642
190	0.0440476
190	0.011194
190	0.0113636
190	0.0303915
190	0.0390272
195	0
195	0.0265152
195	0.0147059
195	0
195	0.0173611
195	0.0535714
195	0.0274725
195	0.0621837
195	0.00724638
195	0.0144958
195	0.0335821
195	0.0708174
195	0.0314867
195	0.0368915
195	0.0154017
195	0.0337225
195	0.0468866
195	0.009375
195	0
195	0.0192308
195	0.0336357
195	0.0324074
195	0.0435922
195	0.0078125
195	0.0152311
195	0.00446429
195	0
195	0.0294118
195	0.0144958
195	0.0142857
195	0.0163851
195	0.0528459
195	0
195	0.0202768
195	0.0201493
195	0.0268657
195	0.0507905
195	0
195	0.0279535
195	0.0188035
195	0.0213784
195	0.00373134
195	0.0185876
195	0.0275117
195	0
195	0.00757576
195	0.00390625
195	0.0323736
195	0
195	0.00497738
195	0.0409163
195	0.00527739
195	0.00555556
195	0.00357143
195	0.0214286
195	0.0223881
195	0.0410959
195	0.0473256
195	0.0119048
195	0.0557214
195	0.0332414
195	0.0196035
195	0
195	0.0326729
195	0.0203019
195	0.00918353
195	0.03349
195	0.0186666
195	0.040591
195	0.0148402
195	0.00500659
195	0.0400126
195	0.0222055
195	0.0839286
195	0.0575758
195	0.0220588
195	0.0326642
195	0.0264565
195	0.00367647
195	0.0152425
195	0.0430253
195	0
195	0
195	0.0642857
195	0.0372498
195	0.0909091
195	0.0353693
195	0.0625569
195	0.0158447
195	0
195	0.0280003
195	0.0255453
195	0.050828
195	0.0162784
195	0
195	0.00769231
195	0.0464559
195	0.0320332
195	0.053838
195	0.0223881
200	0.00384615
200	0.025
200	0.0116637
200	0.0119585
200	0.012194
200	0.00746269
200	0.00806453
200	0.0436508
200	0.0227667
200	0.0195652
200	0.0458422
200	0.0574627
200	0.0283715
200	0.0104167
200	0.0113636
200	0.0299773
200	0.0391716
200	0.0324533
200	0.0269608
200	0.0459331
200	0.0208333
200	0.0238971
200	0.00414333
200	0.0110294
200	0.00666667
200	0.00378788
200	0.00367647
200	0.0473279
200	0.0078125
200	0.0441675
200	0.0108696
200	0.0102128
200	0
200	0.0118681
200	0.0189079
200	0.00342466
200	0.0149254
200	0.0110294
200	0.0367647
200	0.0327066
200	0.0364818
200	0.0286295
200	0.0153918
200	0.0205857
200	0.0375329
200	0.0330882
200	0.0465734
200	0.0403056
200	0.00478927
200	0.0167533
200	0.0236486
200	0.0281758
200	0.0443003
200	0.0144928
200	0.00425193
200	0.0151386
200	0.00373134
200	0.0313411
200	0.0176056
200	0.0774612
200	0.0113636
200	0.0270346
200	0.021775
200	0.0300152
200	0.0230824
200	0.0428606
200	0.0200973
200	0.0108696
200	0.0038741
200	0.0113636
200	0.0311828
200	0
200	0.0281109
200	0.0232837
200	0.00387597
200	0.00460326
200	0
200	0.0151515
200	0.00437202
200	0.0483955
200	0.0192608
200	0.028755
200	0.0594988
200	0.00357143
200	0
200	0
200	0.0950704
200	0.0220588
200	0.00793651
200	0.0151515
200	0
200	0.00769231
200	0.0157563
200	0.061791
200	0.015923
200	0.0346154
200	0.015625
200	0.0288265
200	0.0253249
200	0
205	0.0222965
205	0.0208213
205	0.0113636
205	0.0223881
205	0.0197309
205	0.011194
205	0.0119048
205	0.00367647
205	0.0108696
205	0.034654
205	0.047476
205	0.00938166
205	0.00347222
205	0.010928
205	0.0309124
205	0.0165132
205	0.0272861
205	0.0136997
205	0.00373134
205	0.0115385
205	0.0269726
205	0.0234375
205	0.0110772
205	0.0580428
205	0
205	0.0110294
205	0
205	0.0274327
205	0.00450705
205	0.00425193
205	0.0345887
205	0.0226076
205	0.0269846
205	0.0322712
205	0
205	0.028169
205	0.0152827
205	0.025
205	0.0214286
205	0.0156456
205	0.028699
205	0.0375278
205	0.00757576
205	0.0290537
205	0.00694444
205	0.0580357
205	0
205	0.0181159
205	0.0289296
205	0.0040946
205	0
205	0.0311524
205	0.00735294
205	0.0290135
205	0.00352113
205	0.00790823
205	0.0269865
205	0
205	0.0161064
205	0.0155811
205	0.0147059
205	0.0192928
205	0.0224026
205	0.0113636
205	0.0108696
205	0.0073828
205	0.0145044
205	0.011194
205	0.022929
205	0.00403226
205	0.0142857
205	0.0110294
205	0.0232677
205	0.0230769
205	0.0309235
205	0.00769231
205	0.0150103
205	0.0195312
205	0.0180672
205	0.0204316
205	0.0122495
205	0.0266986
205	0.00373134
205	0.0107143
205	0
205	0
205	0.00373134
205	0
205	0.028169
205	0.0107143
205	0
205	0.00746269
205	0.00362319
205	0.0214041
205	0.0190476
205	0.0156716
205	0.0156716
205	0.0147059
205	0.0336517
205	0.0239951
210	0.0446559
210	0.0231327
210	0
210	0.0420824
210	0
210	0.0132879
210	0.00362319
210	0.0235294
210	0.0104167
210	0.0195312
210	0.0152349
210	0.00945658
210	0.0153846
210	0
210	0.0357143
210	0.00735294
210	0.0143836
210	0.00347222
210	0
210	0.0108696
210	0.0113636
210	0.0397399
210	0.0339366
210	0.00362319
210	0.0146357
210	0.0195178
210	0
210	0.0182735
210	0.0217391
210	0.0192308
210	0.0039356
210	0.0149254
210	0.0186567
210	0
210	0.0820896
210	0.00396825
210	0.00704225
210	0.0140496
210	0.0384615
210	0.00769231
210	0.0164062
210	0.00384615
210	0.00833333
210	0.00493273
210	0
210	0.00493273
210	0.0377996
210	0.0078125
210	0.010555
210	0.0165945
210	0
210	0.0141509
210	0.0258455
210	0
210	0.0113636
210	0.0128428
210	0.00704225
210	0.0267168
210	0.0126292
210	0.045202
210	0.00357143
210	0.0117379
210	0.0233686
210	0.0275229
210	0.0223881
210	0.0300802
210	0.0181159
210	0.0147059
210	0.0186567
210	0.00378788
210	0
210	0.00495337
210	0.00694444
210	0
210	0.0178571
210	0
210	0.0204407
210	0
210	0.0104167
210	0.0236547
210	0.0179456
210	0
210	0.0117188
210	0.0287555
210	0.0305608
210	0.00482851
210	0.011194
210	0
210	0.00808543
210	0.0110294
210	0.00901327
210	0
210	0.0155271
210	0.0115385
210	0.0543521
210	0.026534
210	0.0295031
210	0.0153846
210	0.00378788
210	0.019195
215	0
215	0.0113636
215	0.011194
215	0.00396825
215	0.016033
215	0.00442721
215	0.0078125
215	0.0284615
215	0
215	0.0122951
215	0.0217391
215	0.0320911
215	0.0105634
215	0.00378788
215	0.00347222
215	0.00807725
215	0.0194297
215	0.0140845
215	0
215	0.0110294
215	0.0215191
215	0.0352113
215	0.0157277
215	0.00424403
215	0.00714286
215	0.0183673
215	0
215	0.00724638
215	0
215	0.00714286
215	0.0344077
215	0.0153846
215	0.00735294
215	0
215	0.0287203
215	0.0223881
215	0.011194
215	0
215	0.00449826
215	0.0465686
215	0.00880214
215	0
215	0.00352113
215	0.0154103
215	0.00362319
215	0.0117188
215	0.00357143
215	0
215	0.0217857
215	0.00849421
215	0.0334328
215	0.0449025
215	0
215	0
215	0.00724638
215	0.011194
215	0
215	0.0110294
215	0.0110294
215	0
215	0
215	0.0148384
215	0.0095028
215	0.00432692
215	0
215	0.00373134
215	0.0201613
215	0.0160455
215	0.0117188
215	0
215	0.0097419
215	0
215	0
215	0.0169374
215	0
215	0
215	0
215	0.00746269
215	0
215	0.00666667
215	0.0444668
215	0.00724638
215	0.025
215	0
215	0
215	0.0105634
215	0.0255236
215	0.02452
215	0.00457103
215	0.0341561
215	0
215	0
215	0.0079491
215	0.00373134
215	0.015736
215	0.00614439
215	0.00489896
215	0
215	0.00367647
215	0
220	0.0142857
220	0.00394366
220	0.00367647
220	0
220	0
220	0.00373134
220	0.00614575
220	0.0136752
220	0.0200991
220	0.00357143
220	0.00704225
220	0.011194
220	0.0173883
220	0.0357143
220	0
220	0.0156445
220	0
220	0
220	0
220	0
220	0
220	0.0104167
220	0.00627901
220	0.00759361
220	0
220	0
220	0.011194
220	0
220	0.00422794
220	0
220	0
220	0
220	0.00675676
220	0
220	0.00724638
220	0.00535578
220	0.00735294
220	0
220	0
220	0.00352113
220	0
220	0
220	0
220	0.00362319
220	0
220	0.00357143
220	0.0147059
220	0
220	0.00362319
220	0
220	0.00364241
220	0.00769231
220	0.00362319
220	0
220	0
220	0
220	0.00399412
220	0
220	0.00456733
220	0.0140845
220	0
220	0
220	0.0142857
220	0.0080483
220	0.00362319
220	0
220	0.00378788
220	0.0149824
220	0.00735294
220	0.0164657
220	0.00416915
220	0.00714286
220	0.0147059
220	0.0115385
220	0.0157005
220	0
220	0.0192445
220	0.00378788
220	0
220	0
220	0
220	0.0196428
220	0.00373179
220	0.00403226
220	0
220	0.00714286
220	0.00357143
220	0
220	0
220	0
220	0.0057652
220	0.00724638
220	0
220	0.0117382
220	0.00396825
220	0
220	0.00906183
220	0.00558253
220	0.0117188
220	0
225	0
225	0.00401745
225	0
225	0
225	0.00839054
225	0
225	0.00362319
225	0.00362319
225	0.00373134
225	0
225	0
225	0
225	0.0105634
225	0.00714286
225	0
225	0
225	0
225	0
225	0
225	0.0161991
225	0
225	0
225	0.00362319
225	0
225	0.00384615
225	0
225	0.00410989
225	0
225	0.0113636
225	0
225	0.00684932
225	0
225	0
225	0
225	0
225	0
225	0
225	0
225	0
225	0
225	0
225	0
225	0.0117188
225	0
225	0
225	0.00367647
225	0.00714286
225	0.00362319
225	0.00845331
225	0
225	0
225	0
225	0.00725408
225	0
225	0
225	0.00757576
225	0
225	0
225	0
225	0
225	0
225	0
225	0.00362319
225	0
225	0.00373134
225	0.00367727
225	0.00362319
225	0.00390625
225	0
225	0
225	0.00378788
225	0
225	0
225	0
225	0
225	0
225	0
225	0.0131579
225	0
225	0
225	0.00381765
225	0
225	0
225	0
225	0
225	0
225	0.0110294
225	0
225	0
225	0.00793651
225	0.00746269
225	0.00373134
225	0.00487125
225	0.00610068
225	0
225	0.00452755
225	0.0108696
225	0.00409836
225	0
225	0.00367647
230	0
230	0
230	0
230	0
230	0
230	0
230	0
230	0
230	0
230	0
230	0
230	0
230	0
230	0
230	0
230	0
230	0
230	0
230	0
230	0
230	0
230	0
230	0
230	0
230	0
230	0
230	0
230	0
230	0
230	0
230	0
230	0
230	0
230	0
230	0
230	0
230	0
230	0
230	0
230	0
230	0
230	0
230	0
230	0
230	0
230	0
230	0
230	0
230	0
230	0
230	0
230	0
230	0
230	0
230	0
230	0
230	0
230	0
230	0
230	0
230	0
230	0
230	0
230	0
230	0
230	0
230	0
230	0
230	0
230	0
230	0
230	0
230	0
230	0
230	0
230	0
230	0
230	0
230	0
230	0
230	0
230	0
230	0
230	0
230	0
230	0
230	0
230	0
230	0
230	0
230	0
230	0
230	0
230	0
230	0
230	0
230	0
230	0
230	0
230	0
