5	1	2	0.82
5	0	14	0.99
5	1	8	0.9
5	0	19	0.97
5	1	9	0.95
5	0	22	0.93
5	1	16	0.87
5	0	14	0.96
5	1	16	0.95
5	0	15	0.94
5	1	10	0.97
5	0	17	0.98
5	1	2	0.97
5	0	14	0.82
5	1	24	0.97
5	0	17	0.96
5	1	22	0.99
5	0	2	0.93
5	1	25	0.94
5	0	31	0.96
5	1	18	0.94
5	0	24	0.99
5	1	16	0.74
5	0	25	0.98
5	1	18	0.95
5	0	19	0.98
5	1	23	0.96
5	0	14	0.98
5	1	13	0.99
5	0	23	0.98
5	1	22	0.99
5	0	17	0.91
5	1	13	0.99
5	0	12	1
5	1	25	0.95
5	0	24	0.98
5	1	8	0.92
5	0	9	0.99
5	1	18	0.97
5	0	19	1
5	1	17	0.88
5	0	5	0.96
5	1	15	0.97
5	0	11	0.96
5	1	2	0.97
5	0	4	0.99
5	1	2	0.97
5	0	27	0.96
5	1	2	0.97
5	0	17	0.9
5	1	19	0.99
5	0	20	0.98
5	1	19	0.96
5	0	20	0.97
5	1	2	0.88
5	0	22	0.98
5	1	17	0.82
5	0	12	0.94
5	1	20	0.8
5	0	12	0.97
5	1	4	0.48
5	0	2	0.97
5	1	21	0.96
5	0	2	0.94
5	1	8	0.9
5	0	19	0.97
5	1	24	0.96
5	0	2	0.93
5	1	20	0.96
5	0	22	0.97
5	1	18	0.95
5	0	11	0.79
5	1	12	0.57
5	0	26	0.98
5	1	20	0.97
5	0	3	0.97
5	1	23	0.99
5	0	2	0.97
5	1	23	0.98
5	0	7	0.97
5	1	17	0.96
5	0	2	0.98
5	1	22	0.97
5	0	21	1
5	1	2	0.8
5	0	6	0.97
5	1	14	0.69
5	0	20	0.97
5	1	23	0.96
5	0	22	0.99
5	1	24	0.98
5	0	25	0.98
5	1	2	0.73
5	0	20	0.98
5	1	19	0.94
5	0	10	0.98
5	1	2	0.91
5	0	22	0.94
5	1	2	0.9
5	0	15	0.96
5	1	2	0.97
5	0	16	0.99
5	1	27	0.97
5	0	23	0.93
5	1	19	0.96
5	0	11	0.98
5	1	16	0.96
5	0	17	0.99
5	1	17	0.97
5	0	3	0.68
5	1	9	0.94
5	0	2	0.97
5	1	15	0.95
5	0	18	0.96
5	1	21	0.97
5	0	13	0.75
5	1	18	0.96
5	0	22	0.97
5	1	13	0.84
5	0	23	0.99
5	1	2	0.83
5	0	16	0.97
5	1	20	0.97
5	0	22	0.97
5	1	19	0.96
5	0	2	0.97
5	1	8	0.95
5	0	24	0.97
5	1	22	0.95
5	0	21	0.99
5	1	18	0.96
5	0	17	0.98
5	1	18	0.96
5	0	19	0.97
5	1	25	0.9
5	0	26	0.99
5	1	20	0.96
5	0	3	0.75
5	1	12	0.94
5	0	10	0.96
5	1	24	0.99
5	0	4	0.9
5	1	20	0.93
5	0	10	0.96
5	1	15	0.94
5	0	4	0.92
5	1	2	0.94
5	0	11	0.96
5	1	18	0.91
5	0	21	0.97
5	1	30	0.97
5	0	31	0.99
5	1	7	0.92
5	0	8	0.92
5	1	12	0.96
5	0	18	0.96
5	1	13	0.82
5	0	9	0.58
5	1	8	0.89
5	0	26	0.96
5	1	11	0.76
5	0	13	0.9
5	1	21	0.96
5	0	10	0.56
5	1	22	0.99
5	0	17	0.96
5	1	19	0.99
5	0	20	0.99
5	1	16	0.99
5	0	18	0.98
5	1	2	0.94
5	0	11	0.91
5	1	10	0.72
5	0	8	0.97
5	1	2	0.89
5	0	16	0.97
5	1	2	0.9
5	0	6	0.81
5	1	3	0.97
5	0	19	0.99
5	1	3	0.77
5	0	2	0.97
5	1	19	0.79
5	0	23	0.97
5	1	18	0.98
5	0	16	0.98
5	1	2	0.97
5	0	16	0.95
5	1	14	0.97
5	0	22	0.98
5	1	2	0.51
5	0	13	0.74
5	1	17	0.93
5	0	23	0.99
5	1	2	0.89
5	0	13	0.98
5	1	18	0.98
5	0	13	0.93
5	1	18	0.96
5	0	12	0.92
8	1	2	0.03
8	0	3	0.16
8	1	2	0.93
8	0	18	0.98
8	1	2	0.11
8	0	5	0.97
8	1	2	0.03
8	0	3	0.22
8	1	17	0.96
8	0	15	0.98
8	1	2	0.81
8	0	10	0.86
8	1	2	0.03
8	0	13	0.23
8	1	2	0.06
8	0	5	0.91
8	1	2	0.09
8	0	4	0.29
8	1	2	0.72
8	0	10	0.97
8	1	2	0.1
8	0	3	0.4
8	1	10	0.32
8	0	11	0.34
8	1	2	0.03
8	0	4	0.98
8	1	17	0.9
8	0	4	0.81
8	1	2	0.06
8	0	16	0.96
8	1	2	0.05
8	0	4	0.65
8	1	2	0.56
8	0	4	0.25
8	1	2	0.01
8	0	3	0.32
8	1	12	0.24
8	0	13	0.69
8	1	2	0.08
8	0	4	0.3
8	1	2	0.02
8	0	4	0.27
8	1	2	0.1
8	0	7	0.23
8	1	2	0.04
8	0	3	0.25
8	1	2	0.03
8	0	3	0.19
8	1	2	0.03
8	0	4	0.24
8	1	11	0.39
8	0	12	0.45
8	1	2	0.1
8	0	16	0.97
8	1	2	0.02
8	0	4	0.29
8	1	5	0.22
8	0	2	0.88
8	1	2	0.88
8	0	9	0.85
8	1	2	0.07
8	0	4	0.33
8	1	2	0.56
8	0	6	0.69
8	1	2	0.02
8	0	4	0.32
8	1	2	0.24
8	0	5	0.33
8	1	13	0.57
8	0	17	0.98
8	1	2	0.04
8	0	4	0.68
8	1	2	0.74
8	0	4	0.3
8	1	2	0.66
8	0	5	0.75
8	1	2	0.04
8	0	3	0.55
8	1	2	0.03
8	0	3	0.32
8	1	2	0.09
8	0	4	0.3
8	1	2	0.97
8	0	3	0.97
8	1	15	0.77
8	0	16	0.84
8	1	2	0.03
8	0	3	0.25
8	1	2	0.1
8	0	4	0.26
8	1	2	0.18
8	0	14	0.89
8	1	2	0.05
8	0	4	0.98
8	1	2	0.05
8	0	3	0.59
8	1	2	0.01
8	0	4	0.29
8	1	17	0.78
8	0	19	0.84
8	1	2	0.04
8	0	5	0.19
8	1	2	0.9
8	0	4	0.28
8	1	2	0.37
8	0	6	0.83
8	1	2	0.89
8	0	3	0.95
8	1	2	0.08
8	0	3	0.73
8	1	2	0.02
8	0	4	0.24
8	1	2	0.08
8	0	17	0.98
8	1	2	0.59
8	0	7	0.97
8	1	20	0.99
8	0	21	0.97
8	1	2	0.05
8	0	5	0.45
8	1	2	0.05
8	0	4	0.56
8	1	2	0.75
8	0	22	0.88
8	1	2	0.82
8	0	17	0.91
8	1	2	0.71
8	0	5	0.64
8	1	2	0.22
8	0	5	0.87
8	1	2	0.05
8	0	5	0.16
8	1	2	0.03
8	0	3	0.22
8	1	3	0.07
8	0	2	0.95
8	1	2	0.09
8	0	4	0.17
8	1	2	0.01
8	0	5	0.92
8	1	2	0.72
8	0	7	0.42
8	1	2	0.8
8	0	11	0.99
8	1	26	0.95
8	0	5	0.83
8	1	14	0.89
8	0	18	0.98
8	1	21	0.95
8	0	16	0.97
8	1	2	0.81
8	0	3	0.85
8	1	2	0.06
8	0	4	0.28
8	1	2	0.04
8	0	3	0.4
8	1	2	0.08
8	0	5	0.58
8	1	2	0.04
8	0	4	0.27
8	1	2	0.14
8	0	4	0.39
8	1	2	0.03
8	0	5	0.97
8	1	2	0.01
8	0	5	0.92
8	1	2	0.11
8	0	5	0.98
8	1	2	0.1
8	0	4	0.51
8	1	2	0.01
8	0	4	0.27
8	1	2	0.07
8	0	3	0.99
8	1	2	0.83
8	0	4	0.89
8	1	2	0.04
8	0	3	0.2
8	1	2	0.74
8	0	4	0.68
8	1	18	0.97
8	0	3	0.76
8	1	2	0.04
8	0	6	0.74
8	1	2	0.08
8	0	4	0.98
8	1	2	0.05
8	0	3	0.3
8	1	2	0.12
8	0	4	0.24
8	1	2	0.06
8	0	3	0.95
8	1	2	0.34
8	0	4	0.25
8	1	2	0.43
8	0	4	0.84
8	1	2	0.94
8	0	4	0.88
8	1	2	0.01
8	0	3	0.23
11	1	2	0.06
11	0	3	0.27
11	1	2	0.47
11	0	3	0.79
11	1	2	0.11
11	0	5	0.25
11	1	2	0.01
11	0	4	0.19
11	1	2	0.06
11	0	4	0.22
11	1	2	0.02
11	0	4	0.41
11	1	2	0.03
11	0	3	0.15
11	1	2	0.08
11	0	4	0.14
11	1	2	0.04
11	0	5	0.28
11	1	2	0.04
11	0	3	0.37
11	1	2	0.03
11	0	5	0.34
11	1	2	0.07
11	0	15	0.2
11	1	2	0.05
11	0	4	0.3
11	1	2	0.08
11	0	5	0.34
11	1	2	0.78
11	0	3	0.82
11	1	2	0.08
11	0	3	0.25
11	1	2	0.07
11	0	4	0.19
11	1	2	0.01
11	0	5	0.27
11	1	2	0.04
11	0	4	0.38
11	1	2	0.04
11	0	5	0.25
11	1	2	0.02
11	0	5	0.26
11	1	2	0.03
11	0	4	0.7
11	1	2	0.05
11	0	14	0.13
11	1	2	0.07
11	0	4	0.31
11	1	2	0.03
11	0	4	0.2
11	1	2	0
11	0	4	0.26
11	1	2	0.05
11	0	4	0.3
11	1	2	0.08
11	0	3	0.33
11	1	2	0.04
11	0	4	0.2
11	1	2	0.02
11	0	5	0.14
11	1	2	0.03
11	0	4	0.32
11	1	2	0.04
11	0	4	0.39
11	1	2	0.04
11	0	3	0.33
11	1	2	0.06
11	0	4	0.45
11	1	2	0.02
11	0	4	0.2
11	1	2	0.08
11	0	3	0.36
11	1	2	0.04
11	0	4	0.25
11	1	2	0.01
11	0	4	0.22
11	1	2	0.17
11	0	5	0.85
11	1	2	0.08
11	0	4	0.19
11	1	2	0.02
11	0	4	0.23
11	1	2	0.06
11	0	3	0.23
11	1	2	0
11	0	4	0.13
11	1	2	0.03
11	0	3	0.31
11	1	2	0.05
11	0	4	0.22
11	1	2	0.03
11	0	4	0.31
11	1	2	0.05
11	0	4	0.21
11	1	2	0.09
11	0	4	0.2
11	1	2	0.03
11	0	4	0.28
11	1	2	0.04
11	0	6	0.92
11	1	2	0
11	0	5	0.15
11	1	2	0.06
11	0	4	0.27
11	1	2	0.02
11	0	4	0.17
11	1	3	0.26
11	0	2	0.94
11	1	2	0.02
11	0	3	0.15
11	1	2	0.04
11	0	4	0.19
11	1	2	0.04
11	0	5	0.24
11	1	2	0.04
11	0	4	0.41
11	1	2	0.06
11	0	4	0.52
11	1	2	0.06
11	0	3	0.29
11	1	2	0.03
11	0	3	0.22
11	1	2	0.04
11	0	5	0.33
11	1	2	0.01
11	0	4	0.23
11	1	2	0.03
11	0	5	0.2
11	1	2	0.08
11	0	4	0.24
11	1	2	0.04
11	0	6	0.84
11	1	2	0.03
11	0	4	0.43
11	1	2	0.01
11	0	4	0.28
11	1	2	0.07
11	0	5	0.26
11	1	2	0.05
11	0	5	0.19
11	1	2	0.04
11	0	5	0.19
11	1	2	0.03
11	0	3	0.76
11	1	2	0.03
11	0	4	0.25
11	1	2	0.01
11	0	3	0.34
11	1	2	0.05
11	0	4	0.19
11	1	2	0.04
11	0	3	0.47
11	1	2	0.02
11	0	6	0.94
11	1	2	0.07
11	0	4	0.24
11	1	2	0.06
11	0	4	0.63
11	1	2	0.01
11	0	3	0.23
11	1	2	0.11
11	0	3	0.27
11	1	2	0.01
11	0	4	0.24
11	1	2	0.02
11	0	5	0.99
11	1	2	0.08
11	0	5	0.2
11	1	2	0.02
11	0	6	0.63
11	1	2	0.04
11	0	4	0.39
11	1	2	0.1
11	0	3	0.37
11	1	2	0.04
11	0	14	0.1
11	1	2	0.02
11	0	4	0.23
11	1	2	0.07
11	0	3	0.19
11	1	2	0.02
11	0	4	0.27
11	1	2	0.04
11	0	5	0.27
11	1	2	0.01
11	0	3	0.99
11	1	2	0.04
11	0	3	0.29
11	1	2	0.01
11	0	4	0.25
11	1	2	0.45
11	0	3	0.8
11	1	2	0.02
11	0	4	0.19
11	1	2	0.29
11	0	5	0.25
11	1	18	0.91
11	0	19	0.92
11	1	2	0.06
11	0	5	0.23
14	1	2	0.01
14	0	4	0.2
14	1	2	0.08
14	0	4	0.27
14	1	2	0.07
14	0	4	0.23
14	1	2	0.07
14	0	4	0.21
14	1	2	0.05
14	0	3	0.27
14	1	2	0.03
14	0	4	0.27
14	1	2	0.04
14	0	4	0.25
14	1	2	0.07
14	0	5	0.9
14	1	2	0.04
14	0	5	0.2
14	1	2	0.04
14	0	4	0.15
14	1	2	0.01
14	0	6	0.38
14	1	2	0.05
14	0	4	0.26
14	1	3	0.11
14	0	2	0.34
14	1	2	0.01
14	0	3	0.26
14	1	2	0.02
14	0	4	0.28
14	1	2	0.02
14	0	3	0.23
14	1	2	0.05
14	0	5	0.23
14	1	2	0.01
14	0	3	0.37
14	1	2	0.05
14	0	4	0.29
14	1	2	0.02
14	0	4	0.4
14	1	2	0.04
14	0	3	0.17
14	1	2	0.03
14	0	3	0.21
14	1	2	0.11
14	0	4	0.38
14	1	2	0.05
14	0	4	0.19
14	1	2	0.03
14	0	4	0.44
14	1	2	0.03
14	0	3	0.23
14	1	2	0.06
14	0	4	0.6
14	1	2	0.01
14	0	10	0.21
14	1	2	0
14	0	3	0.2
14	1	2	0
14	0	5	0.15
14	1	2	0.06
14	0	4	0.34
14	1	2	0.03
14	0	3	0.23
14	1	2	0.06
14	0	4	0.39
14	1	2	0.03
14	0	4	0.22
14	1	2	0.02
14	0	4	0.16
14	1	2	0.02
14	0	3	0.23
14	1	2	0.02
14	0	3	0.2
14	1	2	0.12
14	0	4	0.22
14	1	2	0.02
14	0	4	0.32
14	1	2	0.02
14	0	5	0.31
14	1	2	0.03
14	0	5	0.25
14	1	2	0.05
14	0	4	0.2
14	1	2	0.06
14	0	3	0.19
14	1	2	0.05
14	0	4	0.24
14	1	2	0.01
14	0	3	0.2
14	1	2	0.02
14	0	5	0.15
14	1	2	0.04
14	0	5	0.92
14	1	2	0.03
14	0	5	0.17
14	1	2	0.02
14	0	6	0.23
14	1	2	0.01
14	0	4	0.18
14	1	2	0.02
14	0	3	0.3
14	1	2	0.04
14	0	5	0.28
14	1	2	0.04
14	0	5	0.52
14	1	2	0.04
14	0	3	0.13
14	1	2	0.06
14	0	5	0.23
14	1	2	0.05
14	0	9	0.14
14	1	2	0.05
14	0	4	0.26
14	1	2	0.04
14	0	4	0.32
14	1	2	0.02
14	0	4	0.17
14	1	2	0.05
14	0	5	0.21
14	1	2	0.01
14	0	4	0.19
14	1	2	0.03
14	0	4	0.2
14	1	2	0.02
14	0	4	0.25
14	1	2	0.01
14	0	5	0.21
14	1	2	0.03
14	0	5	0.22
14	1	2	0.03
14	0	3	0.22
14	1	2	0
14	0	4	0.22
14	1	2	0.1
14	0	4	0.16
14	1	2	0.1
14	0	11	0.21
14	1	2	0.02
14	0	3	0.36
14	1	2	0
14	0	5	0.37
14	1	2	0.1
14	0	5	0.29
14	1	2	0.02
14	0	5	0.2
14	1	2	0.06
14	0	4	0.22
14	1	2	0.03
14	0	5	0.18
14	1	2	0.03
14	0	3	0.16
14	1	2	0.03
14	0	3	0.22
14	1	2	0.03
14	0	4	0.22
14	1	2	0.01
14	0	4	0.35
14	1	2	0.06
14	0	6	0.23
14	1	2	0
14	0	5	0.31
14	1	2	0.05
14	0	4	0.34
14	1	2	0.03
14	0	4	0.25
14	1	2	0.05
14	0	4	0.23
14	1	2	0.01
14	0	3	0.18
14	1	2	0.03
14	0	3	0.27
14	1	2	0.02
14	0	4	0.21
14	1	2	0.02
14	0	4	0.27
14	1	2	0
14	0	5	0.21
14	1	2	0
14	0	3	0.15
14	1	2	0.05
14	0	3	0.15
14	1	2	0.08
14	0	5	0.18
14	1	2	0.01
14	0	4	0.34
14	1	2	0.04
14	0	4	0.22
14	1	2	0.04
14	0	4	0.16
14	1	2	0.06
14	0	5	0.25
14	1	2	0.01
14	0	4	0.18
14	1	2	0.03
14	0	5	0.29
14	1	2	0.01
14	0	3	0.29
14	1	2	0.03
14	0	5	0.17
17	1	2	0.03
17	0	3	0.28
17	1	2	0.01
17	0	5	0.17
17	1	2	0.02
17	0	3	0.16
17	1	2	0.04
17	0	4	0.23
17	1	2	0.01
17	0	5	0.36
17	1	2	0.07
17	0	5	0.12
17	1	2	0.05
17	0	3	0.3
17	1	2	0.01
17	0	3	0.38
17	1	2	0
17	0	3	0.1
17	1	2	0.02
17	0	6	0.32
17	1	2	0.01
17	0	4	0.17
17	1	2	0.01
17	0	4	0.13
17	1	2	0.03
17	0	3	0.24
17	1	2	0.04
17	0	4	0.15
17	1	2	0.04
17	0	6	0.2
17	1	2	0.03
17	0	4	0.18
17	1	2	0.02
17	0	4	0.22
17	1	2	0.03
17	0	3	0.27
17	1	2	0.1
17	0	5	0.24
17	1	2	0.01
17	0	3	0.24
17	1	2	0.01
17	0	3	0.18
17	1	2	0.03
17	0	4	0.19
17	1	2	0.19
17	0	5	0.2
17	1	2	0
17	0	4	0.14
17	1	2	0.01
17	0	3	0.76
17	1	2	0.05
17	0	4	0.17
17	1	2	0.02
17	0	4	0.31
17	1	2	0.02
17	0	4	0.34
17	1	2	0.02
17	0	3	0.14
17	1	2	0.02
17	0	4	0.27
17	1	2	0.03
17	0	4	0.21
17	1	2	0.04
17	0	4	0.21
17	1	2	0
17	0	4	0.28
17	1	2	0.13
17	0	4	0.919192
17	1	2	0.01
17	0	3	0.18
17	1	2	0.02
17	0	4	0.21
17	1	2	0
17	0	3	0.21
17	1	2	0.04
17	0	8	0.19
17	1	2	0.01
17	0	4	0.16
17	1	2	0.02
17	0	4	0.17
17	1	2	0
17	0	4	0.22
17	1	2	0.02
17	0	3	0.26
17	1	2	0.06
17	0	4	0.24
17	1	2	0.03
17	0	4	0.24
17	1	2	0.03
17	0	3	0.18
17	1	2	0.03
17	0	4	0.22
17	1	2	0.03
17	0	4	0.22
17	1	2	0.04
17	0	4	0.18
17	1	2	0.04
17	0	4	0.24
17	1	2	0.04
17	0	4	0.22
17	1	2	0.19
17	0	3	0.33
17	1	2	0.02
17	0	3	0.18
17	1	2	0.02
17	0	3	0.16
17	1	2	0.02
17	0	5	0.19
17	1	2	0.09
17	0	4	0.27
17	1	2	0.05
17	0	4	0.2
17	1	2	0.03
17	0	5	0.18
17	1	2	0.05
17	0	3	0.18
17	1	2	0.03
17	0	3	0.12
17	1	2	0
17	0	4	0.2
17	1	2	0.01
17	0	3	0.08
17	1	2	0.01
17	0	4	0.24
17	1	2	0.05
17	0	5	0.25
17	1	2	0.05
17	0	4	0.35
17	1	2	0.04
17	0	4	0.13
17	1	2	0.03
17	0	3	0.28
17	1	2	0.04
17	0	7	0.11
17	1	2	0.02
17	0	4	0.15
17	1	2	0.04
17	0	4	0.24
17	1	2	0.01
17	0	5	0.28
17	1	2	0.06
17	0	4	0.19
17	1	2	0.02
17	0	3	0.14
17	1	2	0.04
17	0	5	0.19
17	1	2	0.03
17	0	5	0.16
17	1	2	0.05
17	0	6	0.21
17	1	2	0.01
17	0	3	0.12
17	1	2	0.03
17	0	4	0.21
17	1	2	0.02
17	0	4	0.23
17	1	2	0.05
17	0	4	0.18
17	1	2	0.01
17	0	4	0.25
17	1	2	0.03
17	0	5	0.23
17	1	2	0.01
17	0	4	0.34
17	1	2	0.02
17	0	4	0.15
17	1	2	0
17	0	4	0.17
17	1	2	0.02
17	0	3	0.73
17	1	2	0.08
17	0	5	0.21
17	1	2	0.02
17	0	4	0.18
17	1	2	0.01
17	0	3	0.16
17	1	3	0.24
17	0	5	0.29
17	1	2	0
17	0	4	0.34
17	1	2	0.22
17	0	6	0.24
17	1	2	0.05
17	0	4	0.23
17	1	2	0.02
17	0	4	0.34
17	1	2	0.01
17	0	4	0.23
17	1	2	0
17	0	5	0.24
17	1	2	0.25
17	0	18	0.81
17	1	2	0.05
17	0	4	0.24
17	1	2	0.01
17	0	4	0.18
17	1	2	0.02
17	0	3	0.33
17	1	2	0.03
17	0	3	0.16
20	1	2	0.01
20	0	4	0.2
20	1	2	0.02
20	0	4	0.2
20	1	2	0
20	0	5	0.18
20	1	2	0.01
20	0	4	0.22
20	1	2	0.04
20	0	3	0.18
20	1	2	0.02
20	0	4	0.2
20	1	2	0.02
20	0	4	0.23
20	1	2	0.01
20	0	5	0.18
20	1	2	0
20	0	3	0.28
20	1	2	0.03
20	0	4	0.23
20	1	2	0.07
20	0	5	0.21
20	1	2	0.01
20	0	5	0.29
20	1	2	0.01
20	0	3	0.19
20	1	2	0.02
20	0	7	0.1
20	1	2	0.03
20	0	4	0.29
20	1	2	0.02
20	0	4	0.14
20	1	2	0.08
20	0	14	0.1
20	1	2	0
20	0	4	0.16
20	1	2	0.02
20	0	5	0.2
20	1	2	0.01
20	0	4	0.17
20	1	2	0.02
20	0	4	0.43
20	1	2	0.01
20	0	3	0.19
20	1	2	0.02
20	0	4	0.16
20	1	2	0.03
20	0	4	0.2
20	1	2	0.03
20	0	4	0.28
20	1	2	0.02
20	0	4	0.14
20	1	2	0.03
20	0	3	0.27
20	1	2	0.06
20	0	4	0.21
20	1	2	0.01
20	0	4	0.17
20	1	2	0.07
20	0	8	0.13
20	1	2	0.03
20	0	3	0.17
20	1	2	0.01
20	0	5	0.27
20	1	2	0
20	0	4	0.12
20	1	2	0
20	0	3	0.26
20	1	2	0.01
20	0	4	0.23
20	1	2	0.02
20	0	3	0.22
20	1	2	0.03
20	0	4	0.22
20	1	2	0.03
20	0	5	0.17
20	1	2	0.06
20	0	5	0.21
20	1	2	0.04
20	0	4	0.06
20	1	2	0
20	0	4	0.16
20	1	2	0
20	0	5	0.24
20	1	2	0
20	0	3	0.13
20	1	2	0.01
20	0	3	0.36
20	1	2	0.05
20	0	4	0.28
20	1	2	0.11
20	0	5	0.26
20	1	2	0
20	0	4	0.17
20	1	2	0.04
20	0	3	0.16
20	1	2	0.01
20	0	3	0.17
20	1	2	0.01
20	0	3	0.26
20	1	2	0.05
20	0	3	0.13
20	1	2	0.02
20	0	5	0.25
20	1	2	0.01
20	0	3	0.23
20	1	2	0.04
20	0	3	0.17
20	1	2	0
20	0	5	0.19
20	1	2	0.01
20	0	4	0.19
20	1	2	0.02
20	0	4	0.15
20	1	2	0.01
20	0	4	0.13
20	1	2	0.01
20	0	3	0.26
20	1	2	0.01
20	0	4	0.5
20	1	2	0.03
20	0	3	0.24
20	1	2	0.03
20	0	4	0.19
20	1	2	0.02
20	0	5	0.19
20	1	2	0.06
20	0	4	0.28
20	1	2	0.01
20	0	4	0.22
20	1	2	0
20	0	3	0.11
20	1	2	0.03
20	0	4	0.28
20	1	2	0
20	0	3	0.69
20	1	2	0.02
20	0	4	0.24
20	1	2	0.05
20	0	4	0.3
20	1	2	0.03
20	0	4	0.25
20	1	2	0.02
20	0	4	0.21
20	1	2	0.01
20	0	3	0.2
20	1	2	0.01
20	0	4	0.15
20	1	2	0.05
20	0	3	0.17
20	1	2	0.06
20	0	6	0.29
20	1	2	0.07
20	0	6	0.19
20	1	2	0
20	0	4	0.11
20	1	2	0
20	0	4	0.28
20	1	2	0.02
20	0	6	0.27
20	1	2	0.02
20	0	9	0.07
20	1	2	0.02
20	0	3	0.2
20	1	2	0.01
20	0	5	0.26
20	1	2	0.01
20	0	4	0.28
20	1	2	0
20	0	3	0.13
20	1	2	0.02
20	0	4	0.19
20	1	2	0.02
20	0	5	0.25
20	1	2	0.01
20	0	4	0.12
20	1	2	0.08
20	0	6	0.25
20	1	2	0.04
20	0	3	0.2
20	1	2	0.05
20	0	4	0.18
20	1	2	0.02
20	0	4	0.3
20	1	2	0.01
20	0	4	0.35
20	1	2	0
20	0	3	0.13
20	1	2	0.01
20	0	3	0.16
20	1	2	0.01
20	0	4	0.22
20	1	2	0.04
20	0	4	0.15
20	1	2	0.06
20	0	4	0.18
20	1	2	0.02
20	0	4	0.38
20	1	2	0.01
20	0	4	0.24
23	1	2	0
23	0	4	0.17
23	1	2	0.02
23	0	3	0.19
23	1	2	0.07
23	0	4	0.2
23	1	2	0
23	0	4	0.24
23	1	2	0.03
23	0	4	0.28
23	1	2	0.03
23	0	5	0.19
23	1	2	0.01
23	0	3	0.23
23	1	2	0.05
23	0	3	0.2
23	1	2	0.02
23	0	3	0.33
23	1	2	0.02
23	0	4	0.28
23	1	2	0.01
23	0	4	0.23
23	1	2	0.02
23	0	4	0.15
23	1	2	0.01
23	0	4	0.2
23	1	2	0.01
23	0	4	0.36
23	1	2	0.01
23	0	4	0.22
23	1	2	0
23	0	4	0.3
23	1	2	0.02
23	0	4	0.36
23	1	2	0.01
23	0	4	0.16
23	1	2	0.01
23	0	5	0.2
23	1	2	0
23	0	4	0.18
23	1	2	0
23	0	4	0.19
23	1	2	0
23	0	5	0.13
23	1	2	0.04
23	0	3	0.18
23	1	2	0.03
23	0	3	0.18
23	1	2	0
23	0	5	0.24
23	1	2	0
23	0	4	0.24
23	1	2	0.03
23	0	4	0.23
23	1	2	0
23	0	4	0.25
23	1	2	0.05
23	0	4	0.23
23	1	2	0.05
23	0	4	0.35
23	1	2	0.01
23	0	4	0.14
23	1	2	0.01
23	0	4	0.1
23	1	2	0
23	0	4	0.23
23	1	2	0
23	0	5	0.28
23	1	2	0.01
23	0	4	0.2
23	1	2	0.02
23	0	3	0.16
23	1	2	0.02
23	0	4	0.19
23	1	2	0
23	0	6	0.12
23	1	2	0.03
23	0	4	0.32
23	1	2	0.05
23	0	5	0.16
23	1	2	0.01
23	0	4	0.2
23	1	2	0.02
23	0	3	0.27
23	1	2	0.11
23	0	4	0.23
23	1	2	0.07
23	0	3	0.26
23	1	2	0.03
23	0	4	0.27
23	1	2	0.02
23	0	4	0.19
23	1	2	0
23	0	5	0.22
23	1	2	0.02
23	0	5	0.35
23	1	2	0
23	0	3	0.16
23	1	2	0.01
23	0	4	0.2
23	1	2	0.03
23	0	5	0.21
23	1	2	0.03
23	0	4	0.18
23	1	2	0.03
23	0	4	0.15
23	1	2	0.01
23	0	4	0.22
23	1	2	0.05
23	0	4	0.23
23	1	2	0.02
23	0	4	0.23
23	1	2	0.03
23	0	4	0.2
23	1	2	0.01
23	0	4	0.2
23	1	2	0.03
23	0	4	0.23
23	1	2	0
23	0	4	0.11
23	1	2	0.04
23	0	3	0.21
23	1	2	0
23	0	3	0.16
23	1	2	0.01
23	0	6	0.26
23	1	2	0.01
23	0	4	0.31
23	1	2	0.01
23	0	4	0.25
23	1	2	0.02
23	0	3	0.12
23	1	2	0
23	0	5	0.24
23	1	2	0
23	0	3	0.15
23	1	2	0
23	0	5	0.2
23	1	2	0.01
23	0	4	0.19
23	1	2	0.02
23	0	3	0.22
23	1	2	0
23	0	4	0.18
23	1	2	0.02
23	0	4	0.24
23	1	2	0.02
23	0	3	0.23
23	1	2	0.03
23	0	4	0.11
23	1	2	0.02
23	0	3	0.2
23	1	2	0.02
23	0	4	0.12
23	1	2	0
23	0	3	0.13
23	1	2	0.01
23	0	3	0.22
23	1	2	0
23	0	6	0.17
23	1	2	0.05
23	0	4	0.2
23	1	2	0.03
23	0	4	0.36
23	1	2	0
23	0	3	0.21
23	1	2	0.06
23	0	5	0.29
23	1	2	0
23	0	3	0.29
23	1	2	0
23	0	3	0.09
23	1	2	0.02
23	0	4	0.23
23	1	2	0.01
23	0	4	0.11
23	1	2	0
23	0	3	0.18
23	1	2	0
23	0	3	0.11
23	1	2	0.03
23	0	4	0.22
23	1	2	0.04
23	0	4	0.17
23	1	2	0.01
23	0	3	0.18
23	1	2	0.02
23	0	3	0.2
23	1	2	0.01
23	0	4	0.18
23	1	2	0.02
23	0	5	0.24
23	1	2	0.01
23	0	4	0.21
23	1	2	0
23	0	4	0.28
23	1	2	0
23	0	5	0.16
23	1	2	0.01
23	0	4	0.22
26	1	2	0
26	0	4	0.33
26	1	2	0.01
26	0	4	0.31
26	1	2	0.03
26	0	4	0.27
26	1	2	0.01
26	0	4	0.31
26	1	2	0.03
26	0	4	0.28
26	1	2	0.04
26	0	3	0.16
26	1	2	0.04
26	0	3	0.24
26	1	2	0.01
26	0	4	0.15
26	1	2	0.01
26	0	5	0.25
26	1	2	0.01
26	0	5	0.34
26	1	2	0
26	0	3	0.13
26	1	2	0.02
26	0	3	0.19
26	1	2	0
26	0	4	0.21
26	1	2	0
26	0	5	0.17
26	1	2	0.02
26	0	3	0.28
26	1	2	0.01
26	0	4	0.2
26	1	2	0.02
26	0	7	0.14
26	1	2	0.03
26	0	4	0.22
26	1	2	0
26	0	5	0.25
26	1	2	0
26	0	4	0.26
26	1	2	0.01
26	0	4	0.18
26	1	2	0.08
26	0	4	0.23
26	1	2	0.01
26	0	3	0.35
26	1	2	0.01
26	0	4	0.2
26	1	2	0
26	0	4	0.13
26	1	2	0.01
26	0	4	0.16
26	1	2	0.01
26	0	4	0.12
26	1	2	0.02
26	0	4	0.14
26	1	2	0.03
26	0	4	0.23
26	1	2	0.05
26	0	4	0.35
26	1	2	0.01
26	0	3	0.19
26	1	2	0.03
26	0	3	0.19
26	1	2	0.01
26	0	3	0.19
26	1	2	0.02
26	0	3	0.32
26	1	2	0.04
26	0	6	0.12
26	1	2	0.01
26	0	3	0.21
26	1	2	0
26	0	4	0.2
26	1	2	0.01
26	0	4	0.25
26	1	2	0.01
26	0	6	0.2
26	1	2	0
26	0	5	0.14
26	1	2	0.04
26	0	4	0.19
26	1	2	0.05
26	0	6	0.31
26	1	2	0.02
26	0	4	0.29
26	1	2	0
26	0	5	0.25
26	1	2	0.02
26	0	5	0.21
26	1	2	0.05
26	0	3	0.24
26	1	2	0
26	0	4	0.26
26	1	2	0.01
26	0	4	0.24
26	1	2	0.01
26	0	4	0.22
26	1	2	0.01
26	0	3	0.13
26	1	2	0.01
26	0	3	0.21
26	1	2	0.01
26	0	3	0.3
26	1	2	0.01
26	0	4	0.19
26	1	2	0.02
26	0	4	0.26
26	1	2	0.03
26	0	4	0.17
26	1	2	0.02
26	0	4	0.3
26	1	2	0.01
26	0	3	0.2
26	1	2	0.01
26	0	4	0.29
26	1	2	0.02
26	0	3	0.16
26	1	2	0
26	0	4	0.2
26	1	2	0.04
26	0	4	0.24
26	1	2	0.02
26	0	4	0.15
26	1	2	0
26	0	4	0.1
26	1	2	0.01
26	0	3	0.19
26	1	2	0
26	0	3	0.23
26	1	2	0.04
26	0	4	0.26
26	1	2	0.01
26	0	4	0.24
26	1	2	0
26	0	6	0.18
26	1	2	0.01
26	0	4	0.24
26	1	2	0.04
26	0	4	0.22
26	1	2	0.01
26	0	4	0.26
26	1	2	0
26	0	5	0.26
26	1	2	0.01
26	0	4	0.25
26	1	2	0.01
26	0	3	0.2
26	1	2	0.04
26	0	5	0.33
26	1	2	0.07
26	0	3	0.26
26	1	2	0.04
26	0	4	0.2
26	1	2	0.01
26	0	5	0.24
26	1	2	0
26	0	4	0.31
26	1	2	0.02
26	0	3	0.21
26	1	2	0.02
26	0	5	0.21
26	1	2	0.03
26	0	5	0.24
26	1	2	0
26	0	3	0.33
26	1	2	0.01
26	0	3	0.25
26	1	2	0.04
26	0	3	0.23
26	1	2	0.02
26	0	4	0.1
26	1	2	0.01
26	0	3	0.31
26	1	2	0
26	0	3	0.31
26	1	2	0
26	0	5	0.21
26	1	2	0
26	0	5	0.18
26	1	2	0.01
26	0	3	0.23
26	1	2	0
26	0	3	0.19
26	1	2	0
26	0	5	0.25
26	1	2	0.02
26	0	3	0.17
26	1	2	0.01
26	0	4	0.28
26	1	2	0.02
26	0	3	0.32
26	1	2	0
26	0	4	0.15
26	1	2	0.03
26	0	3	0.22
26	1	2	0.03
26	0	4	0.22
26	1	2	0.08
26	0	3	0.65
29	1	2	0
29	0	4	0.28
29	1	2	0.01
29	0	4	0.22
29	1	2	0.02
29	0	4	0.21
29	1	2	0.01
29	0	4	0.22
29	1	2	0.02
29	0	3	0.17
29	1	2	0.01
29	0	3	0.24
29	1	2	0.01
29	0	3	0.16
29	1	2	0
29	0	4	0.2
29	1	2	0.01
29	0	5	0.17
29	1	2	0.02
29	0	4	0.14
29	1	2	0.01
29	0	4	0.25
29	1	2	0
29	0	3	0.09
29	1	2	0.01
29	0	3	0.13
29	1	2	0.01
29	0	4	0.18
29	1	2	0.14
29	0	4	0.31
29	1	2	0.03
29	0	5	0.16
29	1	2	0.04
29	0	4	0.21
29	1	2	0.02
29	0	4	0.09
29	1	2	0.01
29	0	4	0.21
29	1	2	0.02
29	0	5	0.17
29	1	2	0.01
29	0	6	0.19
29	1	2	0
29	0	3	0.15
29	1	2	0.18
29	0	5	0.4
29	1	2	0
29	0	5	0.17
29	1	2	0.03
29	0	5	0.3
29	1	2	0.02
29	0	4	0.2
29	1	2	0.02
29	0	3	0.2
29	1	2	0
29	0	3	0.08
29	1	2	0
29	0	5	0.23
29	1	2	0.01
29	0	4	0.11
29	1	2	0.03
29	0	5	0.22
29	1	2	0.02
29	0	3	0.14
29	1	2	0.01
29	0	4	0.23
29	1	2	0
29	0	4	0.18
29	1	2	0.01
29	0	3	0.16
29	1	2	0.01
29	0	4	0.26
29	1	2	0
29	0	5	0.31
29	1	2	0
29	0	3	0.16
29	1	2	0.02
29	0	3	0.14
29	1	2	0.01
29	0	3	0.17
29	1	2	0
29	0	3	0.12
29	1	2	0.02
29	0	4	0.29
29	1	2	0.03
29	0	5	0.36
29	1	2	0.02
29	0	3	0.23
29	1	2	0.04
29	0	4	0.2
29	1	2	0.02
29	0	6	0.19
29	1	2	0.02
29	0	4	0.2
29	1	2	0.02
29	0	3	0.1
29	1	2	0
29	0	4	0.21
29	1	2	0.03
29	0	6	0.28
29	1	2	0
29	0	3	0.27
29	1	2	0
29	0	4	0.19
29	1	2	0.01
29	0	5	0.21
29	1	2	0
29	0	3	0.25
29	1	2	0
29	0	4	0.07
29	1	2	0.02
29	0	4	0.22
29	1	2	0.01
29	0	3	0.13
29	1	2	0.01
29	0	4	0.15
29	1	2	0.01
29	0	3	0.19
29	1	2	0.07
29	0	4	0.25
29	1	2	0.01
29	0	3	0.17
29	1	2	0
29	0	4	0.27
29	1	2	0.04
29	0	4	0.23
29	1	2	0.03
29	0	4	0.2
29	1	2	0.01
29	0	4	0.16
29	1	2	0.01
29	0	6	0.36
29	1	2	0
29	0	4	0.21
29	1	2	0.01
29	0	3	0.29
29	1	2	0
29	0	3	0.24
29	1	2	0
29	0	5	0.29
29	1	2	0.03
29	0	4	0.23
29	1	2	0.01
29	0	6	0.18
29	1	2	0.04
29	0	4	0.22
29	1	2	0
29	0	3	0.16
29	1	2	0.02
29	0	4	0.21
29	1	2	0.01
29	0	3	0.26
29	1	2	0
29	0	3	0.23
29	1	2	0
29	0	3	0.12
29	1	2	0.03
29	0	3	0.19
29	1	2	0.01
29	0	3	0.16
29	1	2	0.01
29	0	4	0.27
29	1	2	0.01
29	0	5	0.22
29	1	2	0.02
29	0	3	0.24
29	1	2	0
29	0	8	0.15
29	1	2	0
29	0	4	0.3
29	1	2	0.02
29	0	3	0.24
29	1	2	0.07
29	0	4	0.29
29	1	2	0.01
29	0	4	0.19
29	1	2	0
29	0	5	0.21
29	1	2	0.01
29	0	4	0.15
29	1	2	0.01
29	0	5	0.27
29	1	2	0
29	0	4	0.24
29	1	2	0.01
29	0	4	0.27
29	1	2	0
29	0	4	0.36
29	1	2	0
29	0	4	0.17
29	1	2	0
29	0	4	0.19
29	1	2	0
29	0	3	0.2
29	1	2	0
29	0	5	0.29
29	1	2	0.02
29	0	4	0.22
29	1	2	0.01
29	0	3	0.17
32	1	2	0.02
32	0	5	0.18
32	1	2	0
32	0	4	0.21
32	1	2	0.01
32	0	4	0.2
32	1	2	0
32	0	4	0.21
32	1	2	0
32	0	3	0.26
32	1	2	0
32	0	3	0.18
32	1	2	0
32	0	3	0.16
32	1	2	0.01
32	0	3	0.19
32	1	2	0
32	0	3	0.08
32	1	2	0.01
32	0	3	0.28
32	1	2	0
32	0	4	0.29
32	1	2	0.01
32	0	3	0.1
32	1	2	0.02
32	0	3	0.16
32	1	2	0.04
32	0	3	0.25
32	1	2	0.04
32	0	6	0.24
32	1	2	0
32	0	4	0.16
32	1	2	0.03
32	0	4	0.16
32	1	2	0.01
32	0	4	0.2
32	1	2	0.01
32	0	3	0.14
32	1	2	0.01
32	0	3	0.22
32	1	2	0
32	0	5	0.21
32	1	2	0
32	0	3	0.28
32	1	2	0.11
32	0	3	0.28
32	1	2	0
32	0	4	0.12
32	1	2	0
32	0	3	0.18
32	1	2	0
32	0	3	0.2
32	1	2	0.02
32	0	3	0.14
32	1	2	0.04
32	0	3	0.18
32	1	2	0.01
32	0	4	0.25
32	1	2	0
32	0	5	0.2
32	1	2	0.01
32	0	4	0.23
32	1	2	0.01
32	0	4	0.16
32	1	2	0.02
32	0	6	0.28
32	1	2	0.02
32	0	5	0.19
32	1	2	0
32	0	5	0.21
32	1	2	0
32	0	3	0.18
32	1	2	0.01
32	0	4	0.25
32	1	2	0
32	0	4	0.25
32	1	2	0.02
32	0	4	0.16
32	1	2	0
32	0	3	0.17
32	1	2	0.01
32	0	4	0.17
32	1	2	0
32	0	3	0.22
32	1	2	0.02
32	0	5	0.18
32	1	2	0.03
32	0	5	0.15
32	1	2	0.01
32	0	5	0.19
32	1	2	0
32	0	3	0.17
32	1	2	0
32	0	4	0.21
32	1	2	0.03
32	0	3	0.07
32	1	2	0.01
32	0	4	0.08
32	1	2	0.02
32	0	4	0.23
32	1	2	0.01
32	0	4	0.13
32	1	2	0.02
32	0	5	0.17
32	1	2	0
32	0	3	0.18
32	1	2	0
32	0	6	0.14
32	1	2	0.01
32	0	3	0.28
32	1	2	0
32	0	4	0.3
32	1	2	0.01
32	0	4	0.23
32	1	2	0
32	0	4	0.18
32	1	2	0
32	0	4	0.31
32	1	2	0.01
32	0	4	0.18
32	1	2	0
32	0	5	0.3
32	1	2	0
32	0	4	0.18
32	1	2	0
32	0	4	0.21
32	1	2	0.01
32	0	4	0.22
32	1	2	0.01
32	0	4	0.22
32	1	2	0
32	0	4	0.19
32	1	2	0.01
32	0	4	0.19
32	1	2	0.01
32	0	3	0.27
32	1	2	0.01
32	0	6	0.19
32	1	2	0
32	0	3	0.23
32	1	2	0.03
32	0	4	0.18
32	1	2	0
32	0	3	0.2
32	1	2	0
32	0	4	0.22
32	1	2	0.01
32	0	3	0.25
32	1	2	0.01
32	0	3	0.12
32	1	2	0.01
32	0	3	0.21
32	1	2	0
32	0	3	0.24
32	1	2	0.01
32	0	4	0.26
32	1	2	0.01
32	0	5	0.34
32	1	2	0.03
32	0	4	0.24
32	1	2	0.02
32	0	4	0.28
32	1	2	0.01
32	0	4	0.2
32	1	2	0
32	0	4	0.31
32	1	2	0
32	0	4	0.23
32	1	2	0
32	0	5	0.22
32	1	2	0
32	0	4	0.17
32	1	2	0.02
32	0	3	0.16
32	1	2	0
32	0	3	0.14
32	1	2	0
32	0	3	0.17
32	1	2	0.01
32	0	4	0.17
32	1	2	0.01
32	0	4	0.24
32	1	2	0.02
32	0	3	0.18
32	1	2	0.04
32	0	3	0.31
32	1	2	0.01
32	0	3	0.15
32	1	2	0.01
32	0	6	0.34
32	1	2	0.03
32	0	4	0.14
32	1	2	0.02
32	0	3	0.12
32	1	2	0.01
32	0	3	0.29
32	1	2	0.01
32	0	4	0.29
32	1	2	0
32	0	3	0.32
35	1	2	0.01
35	0	4	0.26
35	1	2	0.01
35	0	5	0.15
35	1	2	0.02
35	0	4	0.17
35	1	2	0
35	0	3	0.12
35	1	2	0.01
35	0	5	0.38
35	1	2	0.02
35	0	6	0.2
35	1	2	0
35	0	4	0.16
35	1	2	0.03
35	0	5	0.23
35	1	2	0.01
35	0	4	0.22
35	1	2	0.01
35	0	3	0.07
35	1	2	0
35	0	4	0.24
35	1	2	0.01
35	0	4	0.1
35	1	2	0
35	0	4	0.11
35	1	2	0.01
35	0	4	0.16
35	1	2	0.04
35	0	5	0.26
35	1	2	0
35	0	3	0.23
35	1	2	0.03
35	0	6	0.33
35	1	2	0.05
35	0	5	0.3
35	1	2	0.01
35	0	3	0.17
35	1	2	0.02
35	0	15	0.12
35	1	2	0.01
35	0	3	0.18
35	1	2	0
35	0	4	0.17
35	1	2	0
35	0	3	0.18
35	1	2	0
35	0	4	0.14
35	1	2	0.01
35	0	4	0.14
35	1	2	0.01
35	0	3	0.16
35	1	2	0
35	0	4	0.14
35	1	2	0.01
35	0	5	0.19
35	1	2	0.01
35	0	5	0.17
35	1	2	0
35	0	3	0.26
35	1	2	0.05
35	0	4	0.37
35	1	2	0.03
35	0	3	0.24
35	1	2	0
35	0	3	0.26
35	1	2	0
35	0	3	0.21
35	1	2	0
35	0	5	0.31
35	1	2	0
35	0	4	0.11
35	1	2	0
35	0	3	0.29
35	1	2	0.01
35	0	4	0.24
35	1	2	0.02
35	0	3	0.24
35	1	2	0
35	0	4	0.19
35	1	2	0
35	0	3	0.17
35	1	2	0.01
35	0	4	0.19
35	1	2	0.02
35	0	6	0.13
35	1	2	0.01
35	0	3	0.2
35	1	2	0.01
35	0	4	0.08
35	1	2	0.01
35	0	3	0.18
35	1	2	0
35	0	3	0.29
35	1	2	0
35	0	4	0.17
35	1	2	0.01
35	0	3	0.24
35	1	2	0
35	0	4	0.32
35	1	2	0.01
35	0	4	0.16
35	1	2	0
35	0	3	0.17
35	1	2	0.01
35	0	4	0.23
35	1	2	0.04
35	0	5	0.21
35	1	2	0.01
35	0	4	0.08
35	1	2	0
35	0	3	0.17
35	1	2	0.01
35	0	4	0.23
35	1	2	0.01
35	0	3	0.17
35	1	2	0
35	0	4	0.18
35	1	2	0.01
35	0	5	0.26
35	1	2	0.01
35	0	4	0.13
35	1	2	0.01
35	0	3	0.29
35	1	2	0
35	0	4	0.21
35	1	2	0.06
35	0	4	0.19
35	1	2	0
35	0	5	0.17
35	1	2	0
35	0	3	0.15
35	1	2	0.02
35	0	4	0.17
35	1	2	0.02
35	0	3	0.13
35	1	2	0
35	0	4	0.32
35	1	2	0.01
35	0	3	0.23
35	1	2	0
35	0	3	0.34
35	1	2	0
35	0	4	0.18
35	1	2	0
35	0	3	0.2
35	1	2	0
35	0	4	0.12
35	1	2	0.02
35	0	5	0.22
35	1	2	0.01
35	0	3	0.11
35	1	2	0
35	0	3	0.03
35	1	2	0.01
35	0	5	0.21
35	1	2	0.03
35	0	3	0.18
35	1	2	0.01
35	0	4	0.2
35	1	2	0
35	0	3	0.23
35	1	2	0.01
35	0	3	0.3
35	1	2	0.02
35	0	4	0.24
35	1	2	0.01
35	0	4	0.2
35	1	2	0.01
35	0	3	0.14
35	1	2	0
35	0	5	0.24
35	1	2	0.01
35	0	4	0.23
35	1	2	0.01
35	0	3	0.22
35	1	2	0
35	0	5	0.13
35	1	2	0
35	0	3	0.22
35	1	2	0.03
35	0	6	0.31
35	1	2	0.01
35	0	4	0.21
35	1	2	0
35	0	3	0.27
35	1	2	0.01
35	0	3	0.27
35	1	2	0
35	0	4	0.14
35	1	2	0.02
35	0	4	0.11
35	1	2	0
35	0	3	0.17
35	1	2	0.03
35	0	3	0.26
35	1	2	0.05
35	0	5	0.25
35	1	2	0
35	0	6	0.3
38	1	2	0.01
38	0	4	0.21
38	1	2	0
38	0	3	0.08
38	1	2	0.01
38	0	3	0.27
38	1	2	0.01
38	0	6	0.15
38	1	2	0
38	0	3	0.22
38	1	2	0
38	0	3	0.11
38	1	2	0.02
38	0	4	0.21
38	1	2	0
38	0	3	0.22
38	1	2	0.03
38	0	4	0.25
38	1	2	0.01
38	0	4	0.3
38	1	2	0.01
38	0	3	0.17
38	1	2	0.04
38	0	5	0.14
38	1	2	0
38	0	4	0.26
38	1	2	0
38	0	3	0.18
38	1	2	0
38	0	4	0.15
38	1	2	0.02
38	0	5	0.24
38	1	2	0.01
38	0	5	0.22
38	1	2	0
38	0	3	0.34
38	1	2	0.01
38	0	3	0.2
38	1	2	0
38	0	3	0.23
38	1	2	0
38	0	3	0.22
38	1	2	0
38	0	3	0.24
38	1	2	0.01
38	0	5	0.22
38	1	2	0
38	0	3	0.13
38	1	2	0.01
38	0	3	0.23
38	1	2	0.01
38	0	3	0.18
38	1	2	0.01
38	0	3	0.13
38	1	2	0
38	0	4	0.22
38	1	2	0
38	0	3	0.17
38	1	2	0
38	0	3	0.09
38	1	2	0
38	0	4	0.03
38	1	2	0.01
38	0	4	0.15
38	1	2	0.01
38	0	4	0.18
38	1	2	0
38	0	5	0.15
38	1	2	0
38	0	4	0.18
38	1	2	0
38	0	3	0.25
38	1	2	0.01
38	0	5	0.22
38	1	2	0.01
38	0	4	0.16
38	1	2	0
38	0	4	0.23
38	1	2	0.01
38	0	3	0.16
38	1	2	0
38	0	6	0.09
38	1	2	0
38	0	5	0.19
38	1	2	0
38	0	3	0.2
38	1	2	0.01
38	0	3	0.21
38	1	2	0.01
38	0	4	0.22
38	1	2	0
38	0	4	0.1
38	1	2	0
38	0	4	0.26
38	1	2	0.05
38	0	4	0.27
38	1	2	0
38	0	4	0.19
38	1	2	0
38	0	3	0.17
38	1	2	0
38	0	4	0.13
38	1	2	0.02
38	0	4	0.17
38	1	2	0.01
38	0	4	0.19
38	1	2	0.01
38	0	4	0.23
38	1	2	0
38	0	3	0.32
38	1	2	0.01
38	0	4	0.2
38	1	2	0.02
38	0	4	0.16
38	1	2	0
38	0	4	0.2
38	1	2	0.01
38	0	4	0.18
38	1	2	0.01
38	0	3	0.19
38	1	2	0.01
38	0	3	0.19
38	1	2	0
38	0	4	0.17
38	1	2	0
38	0	4	0.13
38	1	2	0.01
38	0	3	0.2
38	1	2	0.01
38	0	4	0.2
38	1	2	0
38	0	4	0.14
38	1	2	0.01
38	0	3	0.2
38	1	2	0.01
38	0	3	0.18
38	1	2	0.01
38	0	3	0.17
38	1	2	0.01
38	0	5	0.2
38	1	2	0
38	0	3	0.25
38	1	2	0.02
38	0	4	0.2
38	1	2	0
38	0	3	0.17
38	1	2	0
38	0	3	0.19
38	1	2	0.01
38	0	4	0.24
38	1	2	0.01
38	0	3	0.12
38	1	2	0
38	0	3	0.22
38	1	2	0
38	0	3	0.23
38	1	2	0.01
38	0	4	0.25
38	1	2	0
38	0	3	0.09
38	1	2	0
38	0	3	0.15
38	1	2	0
38	0	3	0.2
38	1	2	0
38	0	4	0.14
38	1	2	0
38	0	4	0.13
38	1	2	0.01
38	0	3	0.2
38	1	2	0.01
38	0	3	0.25
38	1	2	0
38	0	5	0.23
38	1	2	0.03
38	0	4	0.17
38	1	2	0
38	0	6	0.29
38	1	2	0.02
38	0	3	0.25
38	1	2	0
38	0	3	0.19
38	1	2	0.01
38	0	3	0.24
38	1	2	0.01
38	0	4	0.15
38	1	2	0
38	0	3	0.28
38	1	2	0.01
38	0	5	0.19
38	1	2	0.01
38	0	4	0.35
38	1	2	0.01
38	0	4	0.18
38	1	2	0.01
38	0	3	0.12
38	1	2	0.01
38	0	4	0.18
38	1	2	0.02
38	0	4	0.2
41	1	2	0
41	0	4	0.19
41	1	2	0
41	0	3	0.3
41	1	2	0
41	0	3	0.14
41	1	2	0.01
41	0	5	0.15
41	1	2	0.02
41	0	4	0.2
41	1	2	0.01
41	0	3	0.13
41	1	2	0.01
41	0	3	0.21
41	1	2	0
41	0	3	0.25
41	1	2	0
41	0	4	0.26
41	1	2	0
41	0	5	0.27
41	1	2	0.05
41	0	5	0.22
41	1	2	0.01
41	0	3	0.21
41	1	2	0
41	0	4	0.17
41	1	2	0.01
41	0	3	0.2
41	1	2	0.01
41	0	3	0.26
41	1	2	0
41	0	3	0.21
41	1	2	0.02
41	0	4	0.21
41	1	2	0
41	0	4	0.11
41	1	2	0.01
41	0	4	0.08
41	1	2	0
41	0	5	0.19
41	1	2	0.02
41	0	5	0.21
41	1	2	0
41	0	3	0.11
41	1	2	0
41	0	3	0.19
41	1	2	0.01
41	0	5	0.1
41	1	2	0
41	0	3	0.15
41	1	2	0
41	0	4	0.27
41	1	2	0.01
41	0	3	0.16
41	1	2	0
41	0	3	0.13
41	1	2	0.01
41	0	4	0.28
41	1	2	0
41	0	3	0.14
41	1	2	0.01
41	0	4	0.18
41	1	2	0
41	0	3	0.26
41	1	2	0.01
41	0	4	0.18
41	1	2	0.02
41	0	3	0.32
41	1	2	0.01
41	0	4	0.17
41	1	2	0
41	0	5	0.17
41	1	2	0
41	0	4	0.18
41	1	2	0.03
41	0	5	0.26
41	1	2	0.01
41	0	3	0.25
41	1	2	0.01
41	0	4	0.27
41	1	2	0.01
41	0	3	0.16
41	1	2	0.01
41	0	3	0.07
41	1	2	0.02
41	0	4	0.18
41	1	2	0
41	0	4	0.15
41	1	2	0
41	0	4	0.05
41	1	2	0
41	0	5	0.15
41	1	2	0.01
41	0	4	0.2
41	1	2	0.02
41	0	5	0.3
41	1	2	0.03
41	0	4	0.27
41	1	2	0
41	0	3	0.29
41	1	2	0
41	0	4	0.18
41	1	2	0.02
41	0	3	0.22
41	1	2	0
41	0	3	0.18
41	1	2	0.02
41	0	4	0.21
41	1	2	0.03
41	0	4	0.22
41	1	2	0
41	0	3	0.18
41	1	2	0
41	0	4	0.23
41	1	2	0
41	0	3	0.23
41	1	2	0.01
41	0	3	0.09
41	1	2	0.01
41	0	4	0.23
41	1	2	0
41	0	5	0.2
41	1	2	0
41	0	6	0.35
41	1	2	0
41	0	6	0.1
41	1	2	0
41	0	3	0.19
41	1	2	0.01
41	0	4	0.26
41	1	2	0.01
41	0	5	0.25
41	1	2	0.02
41	0	4	0.16
41	1	2	0
41	0	4	0.24
41	1	2	0
41	0	3	0.1
41	1	2	0.01
41	0	5	0.31
41	1	2	0.01
41	0	3	0.17
41	1	2	0.02
41	0	4	0.17
41	1	2	0
41	0	4	0.17
41	1	2	0.01
41	0	3	0.17
41	1	2	0
41	0	3	0.2
41	1	2	0.01
41	0	4	0.22
41	1	2	0.01
41	0	4	0.15
41	1	2	0.02
41	0	3	0.2
41	1	2	0.01
41	0	4	0.12
41	1	2	0.02
41	0	5	0.22
41	1	2	0.02
41	0	5	0.12
41	1	2	0
41	0	3	0.13
41	1	2	0.01
41	0	4	0.17
41	1	2	0
41	0	4	0.12
41	1	2	0
41	0	4	0.21
41	1	2	0
41	0	3	0.23
41	1	2	0
41	0	3	0.15
41	1	2	0
41	0	4	0.18
41	1	2	0
41	0	4	0.35
41	1	2	0
41	0	5	0.22
41	1	2	0.03
41	0	3	0.31
41	1	2	0.01
41	0	4	0.16
41	1	2	0.03
41	0	4	0.18
41	1	2	0.02
41	0	4	0.18
41	1	2	0.01
41	0	4	0.17
41	1	2	0.01
41	0	4	0.24
41	1	2	0
41	0	5	0.26
41	1	2	0.01
41	0	3	0.17
41	1	2	0
41	0	4	0.17
41	1	2	0.01
41	0	3	0.21
44	1	2	0.01
44	0	4	0.24
44	1	2	0
44	0	3	0.14
44	1	2	0
44	0	3	0.08
44	1	2	0.01
44	0	4	0.32
44	1	2	0
44	0	4	0.2
44	1	2	0.01
44	0	3	0.26
44	1	2	0
44	0	3	0.13
44	1	2	0
44	0	3	0.16
44	1	2	0.01
44	0	3	0.17
44	1	2	0.01
44	0	3	0.24
44	1	2	0.01
44	0	4	0.16
44	1	2	0
44	0	3	0.32
44	1	2	0
44	0	5	0.23
44	1	2	0
44	0	3	0.13
44	1	2	0
44	0	3	0.23
44	1	2	0
44	0	5	0.24
44	1	2	0.1
44	0	6	0.26
44	1	2	0.01
44	0	3	0.18
44	1	2	0
44	0	5	0.29
44	1	2	0.01
44	0	4	0.15
44	1	2	0
44	0	3	0.29
44	1	2	0.01
44	0	3	0.14
44	1	2	0.01
44	0	3	0.29
44	1	2	0.01
44	0	5	0.18
44	1	2	0
44	0	3	0.2
44	1	2	0
44	0	3	0.15
44	1	2	0
44	0	3	0.07
44	1	2	0
44	0	4	0.13
44	1	2	0.02
44	0	5	0.23
44	1	2	0
44	0	3	0.17
44	1	2	0
44	0	3	0.2
44	1	2	0
44	0	5	0.33
44	1	2	0
44	0	4	0.19
44	1	2	0
44	0	3	0.16
44	1	2	0
44	0	6	0.32
44	1	2	0
44	0	3	0.25
44	1	2	0.01
44	0	3	0.17
44	1	2	0.01
44	0	4	0.31
44	1	2	0.03
44	0	5	0.2
44	1	2	0
44	0	4	0.3
44	1	2	0.01
44	0	3	0.32
44	1	2	0
44	0	4	0.18
44	1	2	0
44	0	5	0.18
44	1	2	0
44	0	3	0.21
44	1	2	0
44	0	3	0.23
44	1	2	0
44	0	6	0.29
44	1	2	0.02
44	0	3	0.26
44	1	2	0
44	0	4	0.13
44	1	2	0.01
44	0	5	0.19
44	1	2	0.01
44	0	4	0.2
44	1	2	0
44	0	4	0.2
44	1	2	0.01
44	0	4	0.31
44	1	2	0.01
44	0	4	0.19
44	1	2	0.02
44	0	4	0.17
44	1	2	0
44	0	5	0.18
44	1	2	0
44	0	3	0.24
44	1	2	0
44	0	6	0.27
44	1	2	0
44	0	3	0.13
44	1	2	0
44	0	6	0.24
44	1	2	0
44	0	3	0.26
44	1	2	0
44	0	3	0.14
44	1	2	0.01
44	0	3	0.3
44	1	2	0.03
44	0	6	0.27
44	1	2	0
44	0	3	0.13
44	1	2	0
44	0	3	0.29
44	1	2	0
44	0	3	0.19
44	1	2	0
44	0	3	0.3
44	1	2	0.01
44	0	3	0.18
44	1	2	0.01
44	0	3	0.16
44	1	2	0
44	0	5	0.22
44	1	2	0
44	0	4	0.2
44	1	2	0
44	0	3	0.15
44	1	2	0
44	0	6	0.29
44	1	2	0.01
44	0	4	0.26
44	1	2	0
44	0	6	0.25
44	1	2	0
44	0	5	0.17
44	1	2	0.02
44	0	5	0.11
44	1	2	0.01
44	0	3	0.32
44	1	2	0
44	0	4	0.18
44	1	2	0.02
44	0	4	0.19
44	1	2	0
44	0	3	0.17
44	1	2	0.01
44	0	3	0.15
44	1	2	0
44	0	5	0.14
44	1	2	0.01
44	0	3	0.18
44	1	2	0
44	0	3	0.19
44	1	2	0.01
44	0	5	0.14
44	1	2	0
44	0	3	0.2
44	1	2	0
44	0	5	0.35
44	1	2	0
44	0	3	0.18
44	1	2	0
44	0	3	0.19
44	1	2	0
44	0	3	0.21
44	1	2	0
44	0	3	0.17
44	1	2	0
44	0	5	0.21
44	1	2	0
44	0	4	0.21
44	1	2	0
44	0	3	0.13
44	1	2	0
44	0	3	0.12
44	1	2	0
44	0	4	0.18
44	1	2	0.01
44	0	4	0.23
44	1	2	0
44	0	4	0.23
44	1	2	0.02
44	0	4	0.16
47	1	2	0.01
47	0	3	0.2
47	1	2	0
47	0	5	0.25
47	1	2	0
47	0	4	0.12
47	1	2	0.02
47	0	3	0.19
47	1	2	0.01
47	0	4	0.17
47	1	2	0
47	0	3	0.19
47	1	2	0.01
47	0	4	0.13
47	1	2	0.01
47	0	4	0.12
47	1	2	0
47	0	5	0.26
47	1	2	0
47	0	7	0.26
47	1	2	0
47	0	3	0.22
47	1	2	0.01
47	0	5	0.17
47	1	2	0.01
47	0	3	0.15
47	1	2	0
47	0	4	0.18
47	1	2	0.01
47	0	3	0.21
47	1	2	0.01
47	0	3	0.16
47	1	2	0.01
47	0	4	0.2
47	1	2	0.01
47	0	4	0.2
47	1	2	0
47	0	3	0.18
47	1	2	0
47	0	3	0.2
47	1	2	0
47	0	3	0.09
47	1	2	0
47	0	3	0.11
47	1	2	0
47	0	3	0.09
47	1	2	0.01
47	0	4	0.13
47	1	2	0.02
47	0	5	0.21
47	1	2	0.01
47	0	5	0.24
47	1	2	0
47	0	3	0.16
47	1	2	0
47	0	4	0.22
47	1	2	0
47	0	3	0.18
47	1	2	0.01
47	0	4	0.22
47	1	2	0.02
47	0	3	0.18
47	1	2	0
47	0	4	0.22
47	1	2	0
47	0	3	0.17
47	1	2	0
47	0	4	0.24
47	1	2	0.01
47	0	3	0.2
47	1	2	0.01
47	0	3	0.24
47	1	2	0.02
47	0	5	0.16
47	1	2	0.01
47	0	3	0.2
47	1	2	0.01
47	0	3	0.16
47	1	2	0
47	0	5	0.19
47	1	2	0
47	0	3	0.29
47	1	2	0
47	0	3	0.13
47	1	2	0
47	0	4	0.18
47	1	2	0
47	0	4	0.23
47	1	2	0.01
47	0	3	0.09
47	1	2	0
47	0	4	0.12
47	1	2	0
47	0	3	0.21
47	1	2	0
47	0	3	0.15
47	1	2	0
47	0	3	0.18
47	1	2	0
47	0	4	0.22
47	1	2	0
47	0	3	0.14
47	1	2	0.01
47	0	3	0.15
47	1	2	0
47	0	3	0.22
47	1	2	0
47	0	4	0.17
47	1	2	0.01
47	0	3	0.19
47	1	2	0.03
47	0	4	0.18
47	1	2	0.02
47	0	4	0.22
47	1	2	0
47	0	7	0.29
47	1	2	0
47	0	4	0.22
47	1	2	0
47	0	4	0.22
47	1	2	0
47	0	4	0.19
47	1	2	0
47	0	4	0.1
47	1	2	0.01
47	0	5	0.16
47	1	2	0.01
47	0	3	0.17
47	1	2	0.01
47	0	4	0.19
47	1	2	0.01
47	0	3	0.31
47	1	2	0
47	0	3	0.27
47	1	2	0.05
47	0	4	0.12
47	1	2	0.01
47	0	3	0.23
47	1	2	0.01
47	0	3	0.21
47	1	2	0.01
47	0	3	0.21
47	1	2	0
47	0	5	0.23
47	1	2	0
47	0	5	0.25
47	1	2	0
47	0	4	0.19
47	1	2	0.01
47	0	4	0.15
47	1	2	0
47	0	5	0.2
47	1	2	0
47	0	4	0.24
47	1	2	0
47	0	5	0.11
47	1	2	0
47	0	4	0.2
47	1	2	0.03
47	0	4	0.15
47	1	2	0
47	0	5	0.26
47	1	2	0.02
47	0	3	0.3
47	1	2	0.01
47	0	3	0.29
47	1	2	0
47	0	4	0.28
47	1	2	0.01
47	0	3	0.2
47	1	2	0.01
47	0	4	0.24
47	1	2	0
47	0	4	0.19
47	1	2	0
47	0	3	0.21
47	1	2	0.01
47	0	4	0.35
47	1	2	0.01
47	0	4	0.19
47	1	2	0.04
47	0	5	0.28
47	1	2	0.01
47	0	3	0.25
47	1	2	0.01
47	0	3	0.17
47	1	2	0
47	0	3	0.17
47	1	2	0
47	0	4	0.22
47	1	2	0.01
47	0	4	0.19
47	1	2	0
47	0	4	0.16
47	1	2	0.01
47	0	3	0.12
47	1	2	0
47	0	3	0.16
47	1	2	0.01
47	0	3	0.23
50	1	2	0.02
50	0	3	0.2
50	1	2	0.02
50	0	4	0.23
50	1	2	0
50	0	3	0.17
50	1	2	0.01
50	0	4	0.17
50	1	2	0.03
50	0	4	0.21
50	1	2	0
50	0	4	0.25
50	1	2	0
50	0	4	0.2
50	1	2	0
50	0	3	0.16
50	1	2	0.01
50	0	3	0.12
50	1	2	0
50	0	4	0.22
50	1	2	0
50	0	4	0.19
50	1	2	0.01
50	0	4	0.26
50	1	2	0.01
50	0	3	0.22
50	1	2	0.01
50	0	6	0.26
50	1	2	0
50	0	4	0.29
50	1	2	0
50	0	3	0.2
50	1	2	0
50	0	3	0.16
50	1	2	0.01
50	0	5	0.29
50	1	2	0
50	0	4	0.18
50	1	2	0.01
50	0	4	0.14
50	1	2	0.01
50	0	4	0.22
50	1	2	0.01
50	0	4	0.1
50	1	2	0
50	0	4	0.24
50	1	2	0.01
50	0	3	0.18
50	1	2	0.01
50	0	3	0.27
50	1	2	0
50	0	5	0.2
50	1	2	0.01
50	0	5	0.2
50	1	2	0.01
50	0	3	0.23
50	1	2	0
50	0	5	0.17
50	1	2	0
50	0	3	0.2
50	1	2	0.01
50	0	4	0.13
50	1	2	0
50	0	4	0.13
50	1	2	0
50	0	3	0.17
50	1	2	0.01
50	0	3	0.1
50	1	2	0
50	0	3	0.16
50	1	2	0
50	0	4	0.19
50	1	2	0
50	0	3	0.16
50	1	2	0
50	0	3	0.11
50	1	2	0.02
50	0	5	0.26
50	1	2	0
50	0	3	0.18
50	1	2	0.02
50	0	3	0.13
50	1	2	0
50	0	4	0.14
50	1	2	0
50	0	3	0.24
50	1	2	0.01
50	0	4	0.16
50	1	2	0.01
50	0	3	0.18
50	1	2	0.01
50	0	3	0.26
50	1	2	0
50	0	3	0.24
50	1	2	0.02
50	0	5	0.33
50	1	2	0
50	0	4	0.16
50	1	2	0
50	0	4	0.12
50	1	2	0.01
50	0	4	0.18
50	1	2	0
50	0	3	0.18
50	1	2	0.01
50	0	4	0.2
50	1	2	0
50	0	4	0.1
50	1	2	0.01
50	0	3	0.18
50	1	2	0
50	0	4	0.19
50	1	2	0.01
50	0	3	0.16
50	1	2	0.02
50	0	5	0.2
50	1	2	0.01
50	0	4	0.14
50	1	2	0.01
50	0	3	0.13
50	1	2	0
50	0	3	0.27
50	1	2	0.01
50	0	3	0.23
50	1	2	0.01
50	0	3	0.21
50	1	2	0.01
50	0	6	0.27
50	1	2	0.01
50	0	3	0.19
50	1	2	0.01
50	0	3	0.23
50	1	2	0.02
50	0	4	0.33
50	1	2	0
50	0	3	0.31
50	1	2	0
50	0	5	0.17
50	1	2	0
50	0	3	0.09
50	1	2	0.03
50	0	4	0.19
50	1	2	0
50	0	4	0.12
50	1	2	0.01
50	0	4	0.11
50	1	2	0
50	0	3	0.17
50	1	2	0
50	0	5	0.18
50	1	2	0
50	0	3	0.12
50	1	2	0.01
50	0	3	0.19
50	1	2	0.01
50	0	3	0.13
50	1	2	0
50	0	5	0.17
50	1	2	0.01
50	0	3	0.18
50	1	2	0
50	0	3	0.16
50	1	2	0.01
50	0	5	0.25
50	1	2	0.05
50	0	4	0.21
50	1	2	0
50	0	4	0.19
50	1	2	0
50	0	4	0.16
50	1	2	0
50	0	4	0.19
50	1	2	0
50	0	3	0.12
50	1	2	0
50	0	3	0.19
50	1	2	0.01
50	0	3	0.22
50	1	2	0.01
50	0	3	0.08
50	1	2	0.01
50	0	3	0.2
50	1	2	0.01
50	0	5	0.31
50	1	2	0.01
50	0	5	0.2
50	1	2	0
50	0	3	0.1
50	1	2	0
50	0	3	0.2
50	1	2	0.01
50	0	3	0.2
50	1	2	0
50	0	5	0.33
50	1	2	0.01
50	0	4	0.2
50	1	2	0
50	0	3	0.08
50	1	2	0
50	0	3	0.18
