var	minCostFlow
5	0.398111
5	0.333546
5	0.534044
5	0.393613
5	0.345888
5	0.459323
5	0.384225
5	0.364232
5	0.341528
5	0.371098
5	0.435981
5	0.424803
5	0.406586
5	0.350798
5	0.384762
5	0.39654
5	0.377506
5	0.396125
5	0.312498
5	0.35427
5	0.513341
5	0.300691
5	0.384818
5	0.346321
5	0.357851
5	0.426463
5	0.398481
5	0.393538
5	0.355102
5	0.361432
5	0.489598
5	0.324419
5	0.305048
5	0.427657
5	0.54041
5	0.372451
5	0.494389
5	0.366926
5	0.350579
5	0.338541
5	0.415163
5	0.417658
5	0.510843
5	0.271835
5	0.348864
5	0.31178
5	0.463953
5	0.424764
5	0.283336
5	0.40356
5	0.439842
5	0.300654
5	0.504379
5	0.378598
5	0.367133
5	0.366831
5	0.457361
5	0.39178
5	0.32756
5	0.205879
5	0.400257
5	0.334186
5	0.42943
5	0.359365
5	0.263448
5	0.408377
5	0.356344
5	0.4012
5	0.361076
5	0.498809
5	0.365235
5	0.313584
5	0.365108
5	0.409728
5	0.287562
5	0.590462
5	0.474209
5	0.374172
5	0.426649
5	0.40942
5	0.229425
5	0.39596
5	0.331432
5	0.338665
5	0.345882
5	0.338409
5	0.42789
5	0.424726
5	0.394028
5	0.248764
5	0.351452
5	0.388491
5	0.506767
5	0.438617
5	0.304767
5	0.400557
5	0.352749
5	0.383142
5	0.397189
5	0.393498
8	0.366875
8	0.337306
8	0.280784
8	0.421688
8	0.301706
8	0.511186
8	0.337248
8	0.369353
8	0.331319
8	0.398231
8	0.386014
8	0.446353
8	0.30379
8	0.398094
8	0.373765
8	0.39382
8	0.399232
8	0.376983
8	0.310249
8	0.343805
8	0.315973
8	0.311501
8	0.399609
8	0.365273
8	0.236318
8	0.202826
8	0.458895
8	0.328006
8	0.268163
8	0.396544
8	0.362261
8	0.366162
8	0.333519
8	0.309457
8	0.375525
8	0.28721
8	0.373888
8	0.273119
8	0.389804
8	0.319475
8	0.335923
8	0.366879
8	0.312462
8	0.344549
8	0.333943
8	0.303907
8	0.378067
8	0.361513
8	0.275657
8	0.330363
8	0.400058
8	0.398818
8	0.3013
8	0.328187
8	0.378519
8	0.309794
8	0.345908
8	0.378445
8	0.343811
8	0.414021
8	0.424142
8	0.224111
8	0.38782
8	0.374069
8	0.349773
8	0.229661
8	0.281902
8	0.446807
8	0.410278
8	0.307394
8	0.306224
8	0.188509
8	0.282176
8	0.329273
8	0.322697
8	0.125737
8	0.397485
8	0.443171
8	0.320576
8	0.331178
8	0.170447
8	0.300061
8	0.346141
8	0.37992
8	0.375351
8	0.396345
8	0.444633
8	0.394967
8	0.360223
8	0.393009
8	0.415579
8	0.321452
8	0.394284
8	0.34716
8	0.34786
8	0.337804
8	0.318626
8	0.258415
8	0.277538
8	0.400443
11	0.403411
11	0.385669
11	0.400533
11	0.193021
11	0.349703
11	0.42417
11	0.249119
11	0.367032
11	0.39165
11	0.125515
11	0.367896
11	0.37834
11	0.391821
11	0.377807
11	0.297154
11	0.33962
11	0.317428
11	0.46952
11	0.419878
11	0.32001
11	0.357836
11	0.3715
11	0.323491
11	0.307543
11	0.296337
11	0.488183
11	0.347208
11	0.174312
11	0.27216
11	0.322262
11	0.33373
11	0.413365
11	0.382768
11	0.347427
11	0.295557
11	0.365463
11	0.340361
11	0.442594
11	0.334425
11	0.380313
11	0.341597
11	0.32073
11	0.25089
11	0.125908
11	0.332156
11	0.237167
11	0.462472
11	0.303179
11	0.268437
11	0.363627
11	0.313732
11	0.375739
11	0.390568
11	0.414594
11	0.397039
11	0.381876
11	0.27448
11	0.412304
11	0.48435
11	0.276919
11	0.356503
11	0.413296
11	0.422658
11	0.246136
11	0.379173
11	0.336213
11	0.384612
11	0.384186
11	0.418484
11	0.309798
11	0.365888
11	0.395882
11	0.45022
11	0.371155
11	0.384858
11	0.340574
11	0.371292
11	0.343221
11	0.37433
11	0.361475
11	0.305762
11	0.328507
11	0.247115
11	0.36092
11	0.358716
11	0.343169
11	0.282242
11	0.268198
11	0.29278
11	0.338407
11	0.403562
11	0.416779
11	0.356294
11	0.360403
11	0.321616
11	0.387007
11	0.257616
11	0.347365
11	0.434975
11	0.0905738
14	0.392355
14	0.366566
14	0.293866
14	0.372253
14	0.261644
14	0.297472
14	0.420422
14	0.359782
14	0.378798
14	0.343351
14	0.360848
14	0.370521
14	0.241889
14	0.426311
14	0.287894
14	0.328677
14	0.335519
14	0.315345
14	0.334339
14	0.424164
14	0.376116
14	0.288142
14	0.338868
14	0.275705
14	0.412191
14	0.247824
14	0.369981
14	0.346068
14	0.329353
14	0.317012
14	0.409273
14	0.357712
14	0.325732
14	0.290609
14	0.402545
14	0.350606
14	0.313469
14	0.251168
14	0.316941
14	0.357946
14	0.287822
14	0.346223
14	0.320213
14	0.369079
14	0.198085
14	0.318131
14	0.335383
14	0.375601
14	0.378857
14	0.288144
14	0.322982
14	0.38777
14	0.369311
14	0.351718
14	0.334832
14	0.440776
14	0.381473
14	0.25389
14	0.338367
14	0.236169
14	0.402362
14	0.378576
14	0.340627
14	0.370158
14	0.263632
14	0.372755
14	0.368301
14	0.347292
14	0.340606
14	0.347026
14	0.31108
14	0.346684
14	0.319687
14	0.358229
14	0.273083
14	0.223468
14	0.200945
14	0.348974
14	0.245015
14	0.350994
14	0.46973
14	0.385185
14	0.29213
14	0.302797
14	0.388962
14	0.320401
14	0.384434
14	0.362807
14	0.377586
14	0.144156
14	0.484402
14	0.408368
14	0.318767
14	0.259417
14	0.326213
14	0.331733
14	0.335222
14	0.377801
14	0.358946
14	0.268708
17	0.316778
17	0.223188
17	0.397308
17	0.367763
17	0.355235
17	0.333404
17	0.240398
17	0.33884
17	0.361321
17	0.350481
17	0.278262
17	0.4033
17	0.248318
17	0.252642
17	0.363627
17	0.407704
17	0.411129
17	0.344035
17	0.0714234
17	0.424897
17	0.374166
17	0.347874
17	0.186482
17	0.334454
17	0.278405
17	0.246271
17	0.215662
17	0.347436
17	0.424361
17	0.340536
17	0.319508
17	0.382042
17	0.361786
17	0.338828
17	0.29673
17	0.337956
17	0.295321
17	0.367848
17	0.272908
17	0.209477
17	0.353316
17	0.307381
17	0.252574
17	0.380365
17	0.23968
17	0.321146
17	0.29983
17	0.305384
17	0.300255
17	0.258894
17	0.298958
17	0.382437
17	0.372971
17	0.31549
17	0.281645
17	0.123919
17	0.353767
17	0.31236
17	0.369914
17	0.307955
17	0.2896
17	0.429236
17	0.306298
17	0.317918
17	0.368193
17	0.322714
17	0.366045
17	0.286462
17	0.328504
17	0.269386
17	0.437512
17	0.251089
17	0.367909
17	0.317575
17	0.339779
17	0.224717
17	0.474444
17	0.374078
17	0.30496
17	0.380472
17	0.380953
17	0.307042
17	0.311286
17	0.364093
17	0.247716
17	0.356083
17	0.312801
17	0.286575
17	0.296384
17	0.324417
17	0.324504
17	0.275207
17	0.357985
17	0.44885
17	0.367462
17	0.29446
17	0.2463
17	0.350552
17	0.345804
17	0.323979
20	0.255158
20	0.270073
20	0.307284
20	0.433561
20	0.333117
20	0.344812
20	0.344936
20	0.361077
20	0.32159
20	0.337191
20	0.29621
20	0.348777
20	0.316877
20	0.238574
20	0.298782
20	0.303213
20	0.232866
20	0.272037
20	0.180989
20	0.358437
20	0.297388
20	0.322918
20	0.302215
20	0.321023
20	0.343684
20	0.22377
20	0.257936
20	0.227898
20	0.28442
20	0.227913
20	0.250218
20	0.2797
20	0.402028
20	0.315845
20	0.274764
20	0.305397
20	0.299863
20	0.313531
20	0.225139
20	0.336557
20	0.212315
20	0.311496
20	0.366001
20	0.252504
20	0.291941
20	0.254398
20	0.252914
20	0.271695
20	0.310421
20	0.259298
20	0.297408
20	0.258335
20	0.177252
20	0.295192
20	0.308338
20	0.203714
20	0.236821
20	0.28722
20	0.321826
20	0.262134
20	0.356685
20	0.275414
20	0.294294
20	0.215646
20	0.145305
20	0.221793
20	0.34502
20	0.270299
20	0.367913
20	0.349838
20	0.30187
20	0.224137
20	0.251946
20	0.368
20	0.419586
20	0.31331
20	0.349151
20	0.317977
20	0.35245
20	0.28516
20	0.30614
20	0.337585
20	0.316355
20	0.343444
20	0.244212
20	0.275445
20	0.318489
20	0.257679
20	0.33079
20	0.218343
20	0.304033
20	0.257786
20	0.267778
20	0.231227
20	0.307595
20	0.271483
20	0.298027
20	0.321412
20	0.325303
20	0.3517
23	0.30843
23	0.209076
23	0.24807
23	0.225031
23	0.310177
23	0.414701
23	0.388165
23	0.312928
23	0.269286
23	0.352999
23	0.345502
23	0.3884
23	0.333173
23	0.280438
23	0.357037
23	0.35874
23	0.33376
23	0.315313
23	0.320422
23	0.272273
23	0.255463
23	0.35461
23	0.283407
23	0.186312
23	0.345662
23	0.278087
23	0.225571
23	0.214086
23	0.286403
23	0.327819
23	0.242373
23	0.245307
23	0.310892
23	0.215645
23	0.409957
23	0.173762
23	0.318099
23	0.320612
23	0.264826
23	0.376184
23	0.459934
23	0.313983
23	0.401587
23	0.174729
23	0.318218
23	0.320507
23	0.172647
23	0.193795
23	0.221141
23	0.242304
23	0.145974
23	0.391362
23	0.200908
23	0.341093
23	0.303246
23	0.214725
23	0.260405
23	0.375287
23	0.293959
23	0.436663
23	0.153529
23	0.336504
23	0.272101
23	0.271236
23	0.0623956
23	0.276754
23	0.330511
23	0.347167
23	0.296816
23	0.196482
23	0.366635
23	0.347384
23	0.28506
23	0.369766
23	0.253378
23	0.0323529
23	0.388372
23	0.294448
23	0.338994
23	0.364458
23	0.354208
23	0.320572
23	0.299389
23	0.401149
23	0.178833
23	0.279458
23	0.250375
23	0.3385
23	0.334337
23	0.264765
23	0.210388
23	0.259937
23	0.300067
23	0.195346
23	0.345642
23	0.242256
23	0.301387
23	0.381644
23	0.307327
23	0.296871
26	0.256331
26	0.361682
26	0.283829
26	0.187936
26	0.267653
26	0.357372
26	0.328103
26	0.308414
26	0.283015
26	0.138985
26	0.291413
26	0.206048
26	0.352848
26	0.298863
26	0.199503
26	0.34168
26	0.122049
26	0.2582
26	0.335072
26	0.19964
26	0.343971
26	0.322217
26	0.341354
26	0.185683
26	0.341533
26	0.296083
26	0.1872
26	0.238066
26	0.33268
26	0.300543
26	0.216228
26	0.306976
26	0.325662
26	0.304762
26	0.230649
26	0.210922
26	0.332798
26	0.177382
26	0.267121
26	0.220203
26	0.199502
26	0.250224
26	0.232959
26	0.324585
26	0.174198
26	0.318765
26	0.182038
26	0.311606
26	0.288013
26	0.312305
26	0.248025
26	0.302436
26	0.404371
26	0.344706
26	0.277435
26	0.27367
26	0.287618
26	0.287766
26	0.286045
26	0.158423
26	0.29393
26	0.360132
26	0.257449
26	0.188341
26	0.339344
26	0.227515
26	0.371561
26	0.314737
26	0.311283
26	0.285405
26	0.24666
26	0.291942
26	0.340307
26	0.148492
26	0.277549
26	0.199197
26	0.293907
26	0.272764
26	0.26173
26	0.281633
26	0.302494
26	0.318455
26	0.351719
26	0.315154
26	0.190199
26	0.198869
26	0.29563
26	0.252765
26	0.268859
26	0.307375
26	0.298578
26	0.362048
26	0.281401
26	0.198245
26	0.290304
26	0.333236
26	0.291225
26	0.26657
26	0.210313
26	0.235172
29	0.317537
29	0.212487
29	0.271535
29	0.313887
29	0.31192
29	0.262814
29	0.0684828
29	0.224942
29	0.171397
29	0.344621
29	0.265907
29	0.379823
29	0.309316
29	0.341437
29	0.416124
29	0.334822
29	0.304638
29	0.277707
29	0.262924
29	0.264847
29	0.343568
29	0.220605
29	0.23765
29	0.272689
29	0.225274
29	0.309107
29	0.125533
29	0.270706
29	0.316364
29	0.229965
29	0.309035
29	0.310515
29	0.230191
29	0.384744
29	0.302797
29	0.277457
29	0.288064
29	0.204021
29	0.33374
29	0.356867
29	0.203739
29	0.22529
29	0.248236
29	0.306639
29	0.283787
29	0.250861
29	0.255304
29	0.306532
29	0.29114
29	0.226664
29	0.367527
29	0.343643
29	0.162045
29	0.266523
29	0.207156
29	0.359743
29	0.283943
29	0.348021
29	0.121369
29	0.251203
29	0.309002
29	0.357906
29	0.244197
29	0.35016
29	0.259809
29	0.124333
29	0.234883
29	0.284033
29	0.368052
29	0.148648
29	0.298723
29	0.34197
29	0.368601
29	0.192244
29	0.271883
29	0.236014
29	0.284619
29	0.251394
29	0.341086
29	0.191881
29	0.283741
29	0.258152
29	0.270936
29	0.178723
29	0.299374
29	0.272275
29	0.374598
29	0.167975
29	0.339917
29	0.324439
29	0.194071
29	0.259625
29	0.176254
29	0.386331
29	0.325701
29	0.325782
29	0.306734
29	0.261026
29	0.208557
29	0.220448
32	0.281959
32	0.288162
32	0.172571
32	0.295363
32	0.235301
32	0.303217
32	0.382065
32	0.219075
32	0.166317
32	0.322396
32	0.225922
32	0.101116
32	0.257104
32	0.259937
32	0.296007
32	0.125372
32	0.0946296
32	0.326049
32	0.237634
32	0.377897
32	0.22192
32	0.269054
32	0.305636
32	0.273276
32	0.227348
32	0.23514
32	0.270539
32	0.360583
32	0.23525
32	0.225221
32	0.145766
32	0.333736
32	0.218632
32	0.115707
32	0.132769
32	0.203162
32	0.251294
32	0.292976
32	0.200031
32	0.143834
32	0.164482
32	0.307791
32	0.232173
32	0.177217
32	0.199956
32	0.203892
32	0.321888
32	0.27196
32	0.220964
32	0.132937
32	0.182033
32	0.291198
32	0.231985
32	0.282926
32	0.221464
32	0.155561
32	0.233772
32	0.201871
32	0.17753
32	0.0461611
32	0.300197
32	0.247198
32	0.208361
32	0.1806
32	0.322299
32	0.336544
32	0.285664
32	0.263176
32	0.344557
32	0.23966
32	0.186528
32	0.305514
32	0.319378
32	0.227315
32	0.178237
32	0.235463
32	0.208538
32	0.196471
32	0.294915
32	0.28028
32	0.343266
32	0.19784
32	0.246122
32	0.22833
32	0.226441
32	0.195834
32	0.307783
32	0.250194
32	0.395459
32	0.260188
32	0.243464
32	0.310484
32	0.321059
32	0.147058
32	0.337631
32	0.280104
32	0.295127
32	0.337668
32	0.201758
32	0.0842207
35	0.0270837
35	0.180867
35	0.20897
35	0.143528
35	0.326763
35	0.212018
35	0.266305
35	0.273495
35	0.257393
35	0.307186
35	0.181401
35	0.215023
35	0.236531
35	0.271198
35	0.188038
35	0.263394
35	0.286121
35	0.225349
35	0.422282
35	0.313128
35	0.28747
35	0.165477
35	0.182981
35	0.257306
35	0.361591
35	0.175842
35	0.235422
35	0.194174
35	0.217701
35	0.215468
35	0.292551
35	0.152058
35	0.317838
35	0.330605
35	0.243739
35	0.332799
35	0.28446
35	0.221704
35	0.239154
35	0.314795
35	0.295003
35	0.316385
35	0.319196
35	0.217751
35	0.180729
35	0.279789
35	0.309649
35	0.284582
35	0.22857
35	0.314692
35	0.166227
35	0.259682
35	0.176534
35	0.387671
35	0.259625
35	0.351125
35	0.110452
35	0.262751
35	0.124183
35	0.332469
35	0.14334
35	0.391035
35	0.31274
35	0.294381
35	0.289642
35	0.293555
35	0.232163
35	0.306168
35	0.25507
35	0.295662
35	0.295698
35	0.234232
35	0.216982
35	0.250403
35	0.314445
35	0.254187
35	0.220753
35	0.199692
35	0.310547
35	0.176888
35	0.118593
35	0.236492
35	0.127765
35	0.226743
35	0.261394
35	0.267455
35	0.214399
35	0.405907
35	0.246508
35	0.32843
35	0.223258
35	0.341073
35	0.248022
35	0.153149
35	0.29144
35	0.286859
35	0.215686
35	0.285555
35	0.286808
35	0.179087
38	0.367104
38	0.164574
38	0.237735
38	0.0890017
38	0.239558
38	0.22433
38	0.127063
38	0.232489
38	0.44026
38	0.282796
38	0.173965
38	0.277958
38	0.322941
38	0.128387
38	0.190521
38	0.14338
38	0.322888
38	0.198213
38	0.414054
38	0.244451
38	0.273411
38	0.2147
38	0.117259
38	0.161731
38	0.146756
38	0.227359
38	0.249995
38	0.218017
38	0.199531
38	0.20757
38	0.239166
38	0.279526
38	0.25208
38	0.279099
38	0.331655
38	0.206008
38	0.20151
38	0.119417
38	0.214624
38	0.170604
38	0.187842
38	0.298115
38	0.0920788
38	0.267441
38	0.259762
38	0.179876
38	0.213724
38	0.298364
38	0.125082
38	0.266697
38	0.262849
38	0.23209
38	0.163529
38	0.137489
38	0.139492
38	0.313402
38	0.261986
38	0.278635
38	0.167177
38	0.211078
38	0.313544
38	0.311621
38	0.0877926
38	0.290329
38	0.157073
38	0.276295
38	0.242062
38	0.170788
38	0.330068
38	0.220367
38	0.261416
38	0.0583135
38	0.0941188
38	0.205355
38	0.369973
38	0.202577
38	0.238021
38	0.178274
38	0.32325
38	0.388229
38	0.262335
38	0.100566
38	0.235009
38	0.14553
38	0.118129
38	0.276248
38	0.341265
38	0.168047
38	0.212856
38	0.256618
38	0.350967
38	0.343279
38	0.232364
38	0.164616
38	0.218584
38	0.230124
38	0.2374
38	0.257462
38	0.339208
38	0.17032
41	0.378252
41	0.315024
41	0.3061
41	0.221411
41	0.103968
41	0.159553
41	0.181438
41	0.393597
41	0.323807
41	0.147807
41	0.240277
41	0.0288234
41	0.134195
41	0.220631
41	0.181887
41	0.284951
41	0.318339
41	0.145378
41	0.371426
41	0.233448
41	0.0957401
41	0.142862
41	0.0711862
41	0.210242
41	0.23366
41	0.285392
41	0.366786
41	0.187928
41	0.216919
41	0.316171
41	0.0982198
41	0.341886
41	0.184836
41	0.262847
41	0.125786
41	0.170145
41	0.254898
41	0.32334
41	0.051632
41	0.128569
41	0.313045
41	0.141789
41	0.261862
41	0.308998
41	0.237852
41	0.252302
41	0.191829
41	0.29039
41	0.350384
41	0.238172
41	0.269922
41	0.157008
41	0.195967
41	0.194796
41	0.166361
41	0.152623
41	0.205301
41	0.334495
41	0.192992
41	0.244146
41	0.115073
41	0.336258
41	0.375019
41	0.279043
41	0.259367
41	0.352034
41	0.233627
41	0.131696
41	0.274516
41	0.209625
41	0.311798
41	0.137162
41	0.273609
41	0.11601
41	0.344725
41	0.261584
41	0.210605
41	0.150456
41	0.308118
41	0.347684
41	0.312915
41	0.252041
41	0.080712
41	0.138213
41	0.0585083
41	0.320144
41	0.160786
41	0.153663
41	0.0390852
41	0.216291
41	0.217947
41	0.31621
41	0.267232
41	0.256188
41	0.138601
41	0.255376
41	0.363223
41	0.151829
41	0.255114
41	0.2535
44	0.169241
44	0.236284
44	0.182285
44	0.203797
44	0.235326
44	0.160232
44	0.235456
44	0.206744
44	0.177986
44	0.11092
44	0.265732
44	0.155324
44	0.185145
44	0.181956
44	0.273992
44	0.187022
44	0.192985
44	0.277711
44	0.124071
44	0.280144
44	0.173196
44	0.0749315
44	0.181264
44	0.319003
44	0.14435
44	0.159541
44	0.0526702
44	0.0697638
44	0.247463
44	0.344168
44	0.207398
44	0.19114
44	0.304839
44	0.192226
44	0.151456
44	0.153306
44	0.0885656
44	0.229756
44	0.100249
44	0.237393
44	0.0486977
44	0.312116
44	0.233311
44	0.116567
44	0.0309201
44	0.286334
44	0.223002
44	0.21813
44	0.181778
44	0.170137
44	0.256678
44	0.383193
44	0.215609
44	0.319456
44	0.25456
44	0.178716
44	0.238311
44	0.289587
44	0.16944
44	0.279571
44	0.127427
44	0.165625
44	0.252918
44	0.28868
44	0.115695
44	0.25224
44	0.290168
44	0.148653
44	0.214734
44	0.247766
44	0.243611
44	0.37018
44	0.368681
44	0.314366
44	0.268524
44	0.202661
44	0.200327
44	0.203743
44	0.0165449
44	0.317036
44	0.227391
44	0.175055
44	0.10299
44	0.245534
44	0.299179
44	0.24105
44	0.278746
44	0.318036
44	0.273799
44	0.095557
44	0.18117
44	0.229767
44	0.211328
44	0.208356
44	0.297148
44	0.233867
44	0.19697
44	0.218311
44	0.182741
44	0.105479
47	0.360487
47	0.231974
47	0.280503
47	0.0553445
47	0.291129
47	0.282483
47	0.212783
47	0.124449
47	0.132394
47	0.25132
47	0.159077
47	0.273813
47	0.09166
47	0.264504
47	0.250119
47	0.219858
47	0.322315
47	0.167369
47	0.184727
47	0.156292
47	0.227041
47	0.291132
47	0.285617
47	0.185618
47	0.236297
47	0.286707
47	0.188022
47	0.175692
47	0.194462
47	0.153399
47	0.161583
47	0.0816984
47	0.34052
47	0.226931
47	0.177202
47	0.14883
47	0.230656
47	0.268845
47	0.261915
47	0.211649
47	0.157781
47	0.25234
47	0.186846
47	0.186509
47	0.106174
47	0.250718
47	0.224404
47	0.17706
47	0.1265
47	0.294694
47	0.266469
47	0.318711
47	0.24971
47	0.20064
47	0.332506
47	0.253183
47	0.127716
47	0.0825436
47	0.128108
47	0.218133
47	0.294614
47	0.285455
47	0.291853
47	0.265947
47	0.0872053
47	0.133191
47	0.0258388
47	0.395788
47	0.254122
47	0.225522
47	0.373256
47	0.155858
47	0.219654
47	0.244087
47	0.233125
47	0.275572
47	0.291929
47	0.181963
47	0.123519
47	0.129726
47	0.299656
47	0.171911
47	0.11019
47	0.252877
47	0.336603
47	0.173287
47	0.357141
47	0.17704
47	0.0430769
47	0.126685
47	0.26935
47	0.179602
47	0.119962
47	0.257151
47	0.24105
47	0.0556789
47	0.180097
47	0.251549
47	0.248187
47	0.319334
50	0.310722
50	0.189396
50	0.19862
50	0.347627
50	0.235539
50	0.159805
50	0.071237
50	0.116946
50	0.104641
50	0.239105
50	0.143839
50	0.201457
50	0.355624
50	0.161438
50	0.146133
50	0.258739
50	0.181075
50	0.208501
50	0.163866
50	0.341188
50	0.37172
50	0.20098
50	0.194434
50	0.0960273
50	0.390142
50	0.235605
50	0.169192
50	0.1947
50	0.200361
50	0.190218
50	0.313838
50	0.277024
50	0.193515
50	0.269527
50	0.220185
50	0.0638535
50	0.200432
50	0.169789
50	0.268156
50	0.195846
50	0.150199
50	0.336328
50	0.293139
50	0.194773
50	0.181637
50	0.197851
50	0.246384
50	0.272039
50	0.236821
50	0.112866
50	0.0654829
50	0.257654
50	0.136546
50	0.132846
50	0.176412
50	0.0472085
50	0.186284
50	0.231787
50	0.213026
50	0.115235
50	0.176719
50	0.102088
50	0.230049
50	0.217097
50	0.165741
50	0.183561
50	0.0881527
50	0.332923
50	0.121006
50	0.226805
50	0.168401
50	0.309619
50	0.325501
50	0.386125
50	0.288138
50	0.241786
50	0.235363
50	0.0932454
50	0.343137
50	0.268241
50	0.323304
50	0.196436
50	0.244919
50	0.25355
50	0.209078
50	0.182928
50	0.150192
50	0.196282
50	0.175148
50	0.227439
50	0.191568
50	0.0787978
50	0.0964182
50	0.152024
50	0.19185
50	0.0477484
50	0.185809
50	0.0797293
50	0.320317
50	0.255614
53	0.270323
53	0.107011
53	0.124202
53	0.283755
53	0.110656
53	0.126204
53	0.209845
53	0.150083
53	0.356716
53	0.139371
53	0.243165
53	0.181855
53	0.162713
53	0.0915451
53	0.260013
53	0.279787
53	0.134269
53	0.366638
53	0.171386
53	0.112664
53	0.315767
53	0.200529
53	0.0719109
53	0.0989114
53	0.253929
53	0.124254
53	0.217592
53	0.18576
53	0.0985324
53	0.218141
53	0.201405
53	0.149459
53	0.0766613
53	0.216344
53	0.19705
53	0.166622
53	0.0314299
53	0.0768491
53	0.249002
53	0.091417
53	0.184637
53	0.160935
53	0.193408
53	0.208448
53	0.21662
53	0.1782
53	0.244429
53	0.15834
53	0.25165
53	0.110618
53	0.223137
53	0.158906
53	0.153177
53	0.182124
53	0.295024
53	0.143578
53	0.203426
53	0.0377213
53	0.150559
53	0.153108
53	0.198489
53	0.234843
53	0.10688
53	0.129132
53	0.142799
53	0.138514
53	0.24248
53	0.218715
53	0.0953343
53	0.164549
53	0.192134
53	0.185358
53	0.232124
53	0.0879378
53	0.118911
53	0.0529353
53	0.080753
53	0.212265
53	0.226938
53	0.217508
53	0.0687527
53	0.106619
53	0.267708
53	0.319579
53	0.216086
53	0.176851
53	0.219628
53	0.244412
53	0.192145
53	0.353585
53	0.273248
53	0.377738
53	0.142861
53	0.109254
53	0.227588
53	0.181851
53	0.147578
53	0.283051
53	0.126386
53	0.0980498
56	0.1458
56	0.243072
56	0.142674
56	0.204838
56	0.184605
56	0.136071
56	0.0526145
56	0.251449
56	0.145984
56	0.323469
56	0.21845
56	0.277703
56	0.131616
56	0.0639997
56	0.0870866
56	0.164683
56	0.139717
56	0.186977
56	0.0872633
56	0.149403
56	0.136388
56	0.16281
56	0.0927836
56	0.0748998
56	0.217737
56	0.167631
56	0.184054
56	0.172994
56	0.0706988
56	0.182655
56	0.151728
56	0.202034
56	0.260245
56	0.143707
56	0.100864
56	0.16463
56	0.0710422
56	0.164472
56	0.262325
56	0.0649679
56	0.123097
56	0.150339
56	0.2577
56	0.26777
56	0.20091
56	0.181049
56	0.06353
56	0.0475213
56	0.168829
56	0.219009
56	0.237057
56	0.199623
56	0.356402
56	0.291267
56	0.118122
56	0.0699653
56	0.207424
56	0.193187
56	0.341055
56	0.0966945
56	0.183931
56	0.158356
56	0.115591
56	0.0986986
56	0.240437
56	0.208472
56	0.125078
56	0.232862
56	0.301721
56	0.159816
56	0.23657
56	0.220411
56	0.0729206
56	0.333805
56	0.184647
56	0.184759
56	0.178095
56	0.190322
56	0.217135
56	0.241593
56	0.188984
56	0.218329
56	0.0924417
56	0.138932
56	0.148099
56	0.219381
56	0.142092
56	0.186653
56	0.145011
56	0.123229
56	0.244207
56	0.0385609
56	0.169556
56	0.0835004
56	0.155391
56	0.136538
56	0.177873
56	0.0785986
56	0.185369
56	0.273803
59	0.0516651
59	0.234608
59	0.0776316
59	0.152137
59	0.11662
59	0.116736
59	0.183934
59	0.295533
59	0.163327
59	0.280248
59	0.248673
59	0.353257
59	0.178757
59	0.075331
59	0.171775
59	0.194663
59	0.229452
59	0.193999
59	0.14228
59	0.134001
59	0.10654
59	0.256373
59	0.0595795
59	0.240523
59	0.157655
59	0.213423
59	0.165308
59	0.227192
59	0.168263
59	0.244801
59	0.0791912
59	0.15618
59	0.0971885
59	0.287691
59	0.0634209
59	0.200879
59	0.102608
59	0.13856
59	0.181834
59	0.290757
59	0.214255
59	0.140697
59	0.0566476
59	0.154042
59	0.115613
59	0.224503
59	0.286177
59	0.16087
59	0.189241
59	0.215806
59	0.0962478
59	0.224494
59	0.181238
59	0.122024
59	0.125397
59	0.0901869
59	0.0990641
59	0.225032
59	0.0352239
59	0.128059
59	0.274035
59	0.217231
59	0.161457
59	0.0371261
59	0.189258
59	0.248015
59	0.108052
59	0.0688465
59	0.149412
59	0.135358
59	0.163536
59	0.0468966
59	0.109843
59	0.210813
59	0.0697017
59	0.0845079
59	0.130696
59	0.0430575
59	0.307576
59	0.1595
59	0.160573
59	0.193306
59	0.216354
59	0.173139
59	0.139351
59	0.112423
59	0.237207
59	0.122669
59	0.231681
59	0.324425
59	0.157626
59	0.208372
59	0.195626
59	0.177622
59	0.0577349
59	0.187237
59	0.263048
59	0.246404
59	0.0908964
59	0.158599
62	0.174011
62	0.111935
62	0.176752
62	0.240232
62	0.157192
62	0.0317253
62	0.117496
62	0.125727
62	0.267313
62	0.173564
62	0.0674102
62	0.120343
62	0.111488
62	0.09865
62	0.105563
62	0.196627
62	0.273665
62	0.0934285
62	0.0525902
62	0.0831947
62	0.202782
62	0.357438
62	0.0743058
62	0.127016
62	0.289934
62	0.197163
62	0.0473747
62	0.209597
62	0.101805
62	0.0390828
62	0.106219
62	0.222012
62	0.0766336
62	0.0498061
62	0.166415
62	0.117806
62	0.233995
62	0.241631
62	0.220667
62	0.318526
62	0.236047
62	0.212488
62	0.26796
62	0.237674
62	0.139014
62	0.138723
62	0.206989
62	0.150927
62	0.0892702
62	0.155334
62	0.211828
62	0.168811
62	0.277744
62	0.100906
62	0.0954344
62	0.128928
62	0.259173
62	0.136046
62	0.206641
62	0.127215
62	0.242319
62	0.196591
62	0.152681
62	0.229078
62	0.147845
62	0.245448
62	0.164281
62	0.0826298
62	0.206041
62	0.0557448
62	0.215049
62	0.142045
62	0.180725
62	0.0717132
62	0.265833
62	0.220869
62	0.106792
62	0.0226982
62	0.225143
62	0.125217
62	0.178879
62	0.0668983
62	0.115961
62	0.209524
62	0.185477
62	0.148834
62	0.0914972
62	0.184001
62	0.0527606
62	0.0977715
62	0.192457
62	0.0901572
62	0.174356
62	0.236979
62	0.162341
62	0.0637331
62	0.120723
62	0.186255
62	0.107054
62	0.208021
65	0.203896
65	0.0663407
65	0.0380884
65	0.30959
65	0.163859
65	0.0917122
65	0.0626
65	0.109982
65	0.260948
65	0.20095
65	0.11831
65	0.22464
65	0.229628
65	0.121163
65	0.227458
65	0.153734
65	0.129574
65	0.122243
65	0.128579
65	0.173354
65	0.236108
65	0.106292
65	0.240853
65	0.136616
65	0.148037
65	0.210302
65	0.0414633
65	0.157874
65	0.0224991
65	0.201021
65	0.210177
65	0.324133
65	0.0445831
65	0.372001
65	0.148715
65	0.286053
65	0.173298
65	0.139387
65	0.148818
65	0.111429
65	0.302846
65	0.240906
65	0.210095
65	0.3246
65	0.196516
65	0.141977
65	0.334309
65	0.0578133
65	0.143597
65	0
65	0.148797
65	0.301242
65	0.257759
65	0.229006
65	0.143924
65	0.120225
65	0.157668
65	0.00447761
65	0.179864
65	0.122974
65	0.274118
65	0.0490973
65	0.282998
65	0.102614
65	0.234278
65	0.140623
65	0.280746
65	0.102622
65	0.10353
65	0.245119
65	0.119155
65	0.253311
65	0.216891
65	0.220943
65	0.240735
65	0.0234534
65	0.197025
65	0.16055
65	0.247588
65	0.14528
65	0.227366
65	0.282232
65	0.0391286
65	0.155315
65	0.090286
65	0.177787
65	0.12423
65	0.184162
65	0.294117
65	0.0678956
65	0.265585
65	0.131587
65	0.22145
65	0.188065
65	0.125818
65	0.199634
65	0.309135
65	0.189463
65	0.186037
65	0.133831
68	0.0848412
68	0.0170214
68	0.266574
68	0.120071
68	0.260341
68	0.193612
68	0.0962963
68	0.0261602
68	0.0989358
68	0.182185
68	0.0693605
68	0.0360539
68	0.140694
68	0.170113
68	0.260876
68	0.298447
68	0.14438
68	0.0436097
68	0.0938288
68	0.100663
68	0.303661
68	0.0825605
68	0.251583
68	0.329894
68	0.184496
68	0.309785
68	0.185339
68	0.187632
68	0.079905
68	0.1234
68	0.0739201
68	0.0868383
68	0.0990318
68	0.095684
68	0.156664
68	0.206115
68	0.134269
68	0.195816
68	0.0859975
68	0.171274
68	0.167123
68	0.0491723
68	0.185522
68	0.20904
68	0.25402
68	0.304369
68	0.0775765
68	0.0731789
68	0.22993
68	0.188855
68	0.204848
68	0.12546
68	0.0653197
68	0.106292
68	0.225405
68	0.268216
68	0.11671
68	0.145745
68	0.289126
68	0.0474285
68	0.0644556
68	0.238854
68	0.18464
68	0.183714
68	0.191152
68	0.160011
68	0.205292
68	0.117902
68	0.153743
68	0.0432423
68	0.2475
68	0.169979
68	0.265172
68	0.177169
68	0.0379917
68	0.081471
68	0.172331
68	0.269229
68	0.256471
68	0.0587751
68	0.162395
68	0.234594
68	0.253968
68	0.214494
68	0.242562
68	0.194739
68	0.20129
68	0.106808
68	0.0830589
68	0.258265
68	0.217849
68	0.0323122
68	0.155457
68	0.0985245
68	0.130627
68	0.196275
68	0.235332
68	0.168146
68	0.105635
68	0.0773363
71	0.184187
71	0.129137
71	0.0961712
71	0.0717923
71	0.170706
71	0.115026
71	0.136045
71	0.0355614
71	0.16935
71	0.105751
71	0.12715
71	0.0424369
71	0.102909
71	0.06669
71	0.230321
71	0.148018
71	0.125561
71	0.073507
71	0.0539027
71	0.0927384
71	0.107426
71	0.197969
71	0.259464
71	0.160872
71	0.0451058
71	0.0663905
71	0.185018
71	0.0814721
71	0.232989
71	0.110646
71	0.195312
71	0.116272
71	0.229793
71	0.13334
71	0.358345
71	0.112102
71	0.190986
71	0.201994
71	0.0975648
71	0.156113
71	0.210675
71	0.102496
71	0.158606
71	0.0407468
71	0.237253
71	0.0716728
71	0.134123
71	0.212188
71	0.277538
71	0.204768
71	0.111958
71	0.165033
71	0.027302
71	0.287706
71	0.265883
71	0.0434932
71	0.0580338
71	0.205853
71	0.192943
71	0.171525
71	0.179551
71	0.0591901
71	0.100644
71	0.153455
71	0.0368211
71	0.21036
71	0.219517
71	0.105642
71	0.177382
71	0.149214
71	0.0819571
71	0.0774544
71	0.0583141
71	0.180239
71	0.111439
71	0.151817
71	0.224224
71	0.115745
71	0.153324
71	0.130947
71	0.079367
71	0.122708
71	0.213593
71	0.239555
71	0.109989
71	0.146439
71	0.13705
71	0.133704
71	0.277744
71	0.122126
71	0.0502587
71	0.124606
71	0.120302
71	0.126914
71	0.121078
71	0.216581
71	0.0843422
71	0.18023
71	0.148156
71	0.156289
74	0.166437
74	0.0201909
74	0.0671404
74	0.300963
74	0.224536
74	0.323543
74	0.060167
74	0.191377
74	0.0711569
74	0.043231
74	0.0945802
74	0.0668007
74	0.0797909
74	0.0450535
74	0.14479
74	0.032383
74	0.34871
74	0.214139
74	0.0739155
74	0.205571
74	0.156743
74	0.0805179
74	0.18078
74	0.164331
74	0.0511731
74	0.170675
74	0.120584
74	0.211378
74	0.072164
74	0.204782
74	0.190232
74	0.205644
74	0.256161
74	0.0643833
74	0.187411
74	0.197867
74	0.105092
74	0.117723
74	0.18818
74	0.139794
74	0.035561
74	0.0636866
74	0.0649682
74	0.0517388
74	0.237351
74	0.168743
74	0.00633803
74	0.105504
74	0.0753974
74	0.14991
74	0.0417349
74	0.091353
74	0.0483789
74	0.179871
74	0.103759
74	0.0242647
74	0.0267606
74	0.15304
74	0.167938
74	0.221905
74	0.172355
74	0.0750492
74	0.0850814
74	0.135399
74	0.172699
74	0.0707088
74	0.113702
74	0.0958982
74	0.178977
74	0.111647
74	0.0457885
74	0.0771026
74	0.0706056
74	0.0467982
74	0.0412923
74	0.099635
74	0.0675077
74	0.169343
74	0.168672
74	0.298875
74	0.0686404
74	0.208395
74	0.0461023
74	0.21455
74	0.166621
74	0.117138
74	0.0969791
74	0.145743
74	0.135182
74	0.175888
74	0.0180449
74	0.296489
74	0.163384
74	0.0765358
74	0.320193
74	0.0604101
74	0.198362
74	0.219157
74	0.183691
74	0.140421
77	0.269534
77	0.262305
77	0.159452
77	0.159779
77	0.011468
77	0.0830882
77	0.0520998
77	0.0517664
77	0.181809
77	0.235838
77	0.244946
77	0.154441
77	0.179557
77	0.000124551
77	0.178514
77	0.236468
77	0.0904536
77	0.185626
77	0.073082
77	0.120824
77	0.0683505
77	0.181075
77	0.233603
77	0.262481
77	0.104001
77	0.0899368
77	0.123302
77	0.174864
77	0.218952
77	0.235225
77	0.100821
77	0.213874
77	0.252367
77	0.14324
77	0.126004
77	0.0848691
77	0.123366
77	0.0721109
77	0.153572
77	0.0835806
77	0.226512
77	0.252161
77	0.0980166
77	0.257719
77	0.156191
77	0.0942879
77	0.0616633
77	0.299265
77	0.228935
77	0.105127
77	0.160721
77	0.0947332
77	0.118794
77	0.164341
77	0.165944
77	0.0552701
77	0.0586974
77	0.184037
77	0.0141791
77	0.191387
77	0.0794462
77	0.104821
77	0.16578
77	0.0927483
77	0.0428343
77	0.109897
77	0.147021
77	0.0968218
77	0
77	0.116294
77	0.0521187
77	0.0300613
77	0.172168
77	0.0731432
77	0.235066
77	0.149333
77	0.130032
77	0.266659
77	0.040394
77	0.068462
77	0.043794
77	0.0584676
77	0.086385
77	0.253267
77	0.199438
77	0.083529
77	0.27877
77	0.0917003
77	0.0363504
77	0.200266
77	0.17592
77	0.0968643
77	0.0277956
77	0.162246
77	0.25368
77	0.144731
77	0.0850597
77	0.258423
77	0.110911
77	0.153647
80	0.0476794
80	0.113976
80	0.251929
80	0.0560272
80	0.011736
80	0.058753
80	0.0990281
80	0.282533
80	0.151904
80	0.203456
80	0.309643
80	0.102957
80	0.0553957
80	0.240551
80	0.114411
80	0.198937
80	0.279378
80	0.0834805
80	0.0447831
80	0.131679
80	0.0528544
80	0.0367751
80	0.215317
80	0.133888
80	0.0828155
80	0.112204
80	0.0301927
80	0.155189
80	0.10061
80	0.0409192
80	0.0652217
80	0.127884
80	0.0799866
80	0.166951
80	0.0387097
80	0.0438527
80	0.0880952
80	0.131107
80	0.159851
80	0.211233
80	0.00961666
80	0.17365
80	0.0898486
80	0.146685
80	0.0311913
80	0.0884707
80	0.0778884
80	0.032502
80	0.122123
80	0.237533
80	0.157472
80	0.138161
80	0.158384
80	0.193162
80	0.0930336
80	0.0925185
80	0.122646
80	0.156177
80	0.244533
80	0.0671643
80	0.0432153
80	0.0735262
80	0.0726967
80	0.179018
80	0.203623
80	0.151299
80	0.16746
80	0.147558
80	0.0325725
80	0.0685838
80	0.0533991
80	0.0736235
80	0.154564
80	0.255095
80	0.146122
80	0.150893
80	0.155782
80	0.0742617
80	0.0350675
80	0.129351
80	0.0780385
80	0.0877773
80	0.0664254
80	0.10543
80	0.0778677
80	0.154171
80	0.116222
80	0.0032689
80	0.116285
80	0.130622
80	0.0432379
80	0.156379
80	0.262391
80	0.0821891
80	0.125127
80	0.282505
80	0.261893
80	0.111038
80	0.0798377
80	0.105698
83	0.241105
83	0.202532
83	0.17492
83	0.149269
83	0.063955
83	0.153373
83	0.204483
83	0.265072
83	0.368125
83	0.183318
83	0.0858719
83	0.201182
83	0.0761364
83	0.0917307
83	0.115376
83	0.16347
83	0.0496647
83	0.125242
83	0.115614
83	0.116954
83	0.127955
83	0.162309
83	0.0987472
83	0.232079
83	0.0672501
83	0.138762
83	0.180035
83	0.157961
83	0.16735
83	0.143047
83	0.279265
83	0.253949
83	0.142967
83	0.0701364
83	0.19369
83	0.154951
83	0.0319519
83	0.0850247
83	0.0613259
83	0.0959899
83	0.02909
83	0.157643
83	0.0952414
83	0.0638333
83	0.1069
83	0.058574
83	0.103442
83	0.132856
83	0.0606238
83	0.122746
83	0.0835896
83	0.0343448
83	0.0512446
83	0.0593297
83	0.0744372
83	0.0940473
83	0.11087
83	0.128556
83	0.25881
83	0.148349
83	0.269843
83	0.135419
83	0.112062
83	0.0844365
83	0.217599
83	0.109238
83	0.179124
83	0.111235
83	0.0569952
83	0.108848
83	0.116398
83	0.154355
83	0.177896
83	0.104688
83	0.144703
83	0.0331373
83	0.132858
83	0.112979
83	0.13942
83	0.146197
83	0.224629
83	0.159759
83	0.119808
83	0.0568082
83	0.178075
83	0.066851
83	0.0421255
83	0.0891187
83	0.234846
83	0.0674616
83	0.0897785
83	0.0878571
83	0.119936
83	0.156677
83	0.30655
83	0.125841
83	0.0794757
83	0.184004
83	0.0940115
83	0.182817
86	0.0308578
86	0.0682184
86	0.237745
86	0.0466223
86	0.148561
86	0.125402
86	0.150301
86	0.00428571
86	0.0641936
86	0.119825
86	0.050775
86	0.2378
86	0.124235
86	0.209174
86	0.0384615
86	0.160983
86	0.143963
86	0.0306484
86	0.185122
86	0.215791
86	0.0655321
86	0.241429
86	0.14485
86	0.162149
86	0.186314
86	0.151801
86	0.232448
86	0.220281
86	0.102915
86	0.170415
86	0.189775
86	0.12727
86	0.188957
86	0.176058
86	0.137103
86	0.043612
86	0.183503
86	0.0657377
86	0.153509
86	0.0784145
86	0.063615
86	0.0471014
86	0.083162
86	0.192173
86	0.0963851
86	0.0871626
86	0.0372742
86	0.19816
86	0.0490598
86	0.0522388
86	0.0968489
86	0.0761419
86	0.160872
86	0.162423
86	0.250787
86	0.237811
86	0.0940654
86	0.0505728
86	0.0541684
86	0.078398
86	0.160908
86	0.131627
86	0.0821205
86	0.0520948
86	0.0971301
86	0.111089
86	0.146929
86	0.12875
86	0.146325
86	0.0798824
86	0.190878
86	0.025739
86	0.0760005
86	0.117368
86	0.173751
86	0.142183
86	0.22498
86	0.159158
86	0.0845099
86	0.0861476
86	0.129216
86	0.136501
86	0.237619
86	0.0573146
86	0.0786886
86	0.0427213
86	0.265718
86	0.132014
86	0.122586
86	0.124504
86	0.0636009
86	0.150362
86	0.117631
86	0.157314
86	0.0688541
86	0.210892
86	0.0460938
86	0.252854
86	0.182988
86	0.077803
89	0.114403
89	0.132663
89	0.145248
89	0.125072
89	0.214805
89	0.118515
89	0.144851
89	0.0419293
89	0.140592
89	0.0906497
89	0.154504
89	0.0400053
89	0.0435668
89	0.250663
89	0.164034
89	0.0481858
89	0.0671945
89	0.112035
89	0.19388
89	0.121289
89	0.124053
89	0.0826814
89	0.122636
89	0.262129
89	0.146217
89	0.154411
89	0.162902
89	0.148262
89	0.0432351
89	0.0672037
89	0.186367
89	0.278821
89	0.0608409
89	0.0750586
89	0.309946
89	0.131151
89	0.0497934
89	0.135312
89	0.146721
89	0.208353
89	0.170915
89	0.0809488
89	0.159146
89	0.0570703
89	0.212319
89	0.119398
89	0.0889397
89	0.19374
89	0.120222
89	0.123764
89	0.0413589
89	0.193632
89	0.0727013
89	0.0201739
89	0.16227
89	0.159721
89	0.108186
89	0.135748
89	0.0644906
89	0.0787924
89	0.203942
89	0.187553
89	0.0717391
89	0.13987
89	0.0759301
89	0.109081
89	0.0831959
89	0.26114
89	0.212099
89	0.117562
89	0.122707
89	0.0382933
89	0.191555
89	0.0679056
89	0.204488
89	0.222313
89	0.104163
89	0.0292857
89	0.0902252
89	0.149838
89	0.0605574
89	0.224706
89	0
89	0.149243
89	0.128884
89	0.0589398
89	0.181535
89	0.236723
89	0.0797951
89	0.294313
89	0.0700346
89	0.101816
89	0.236811
89	0.158378
89	0.08796
89	0.209421
89	0.161548
89	0.126702
89	0.238179
89	0.117648
92	0.0692378
92	0.0607587
92	0.129049
92	0.0497823
92	0.148262
92	0.114383
92	0.171946
92	0.102922
92	0.193274
92	0.27684
92	0.0622797
92	0.308995
92	0.071386
92	0.212757
92	0.065026
92	0.110065
92	0.0571254
92	0.156054
92	0.120687
92	0.073779
92	0.214412
92	0.0560242
92	0.153106
92	0.0876184
92	0.0607024
92	0.113066
92	0.0415281
92	0.110661
92	0.180451
92	0.0847538
92	0.0633163
92	0.0878982
92	0.084085
92	0.207515
92	0.108972
92	0.0987231
92	0.144162
92	0.157101
92	0.0668102
92	0.263387
92	0.162809
92	0.157904
92	0.195937
92	0.0938471
92	0.0912271
92	0.10426
92	0.0533817
92	0.169091
92	0.11538
92	0.082336
92	0.102129
92	0.0694883
92	0.0906628
92	0.0865719
92	0.09736
92	0.0523323
92	0.047106
92	0.0293609
92	0.0964996
92	0.0873102
92	0.123272
92	0.106429
92	0.136605
92	0.189879
92	0.0869233
92	0.0689764
92	0.146175
92	0.0352652
92	0.0725964
92	0.0640432
92	0.088373
92	0.0572688
92	0.173883
92	0.209813
92	0.0563765
92	0.0228483
92	0.165841
92	0.107697
92	0.066337
92	0.0480008
92	0.253464
92	0.0209155
92	0.0714258
92	0.108208
92	0.0762839
92	0.0402847
92	0.229123
92	0.178103
92	0.154817
92	0.128987
92	0.126829
92	0.202249
92	0.179116
92	0.220286
92	0.0502536
92	0.053678
92	0.134026
92	0.121873
92	0.0419308
92	0.0798345
95	0.272517
95	0.174174
95	0.17356
95	0.136322
95	0.10031
95	0.078751
95	0.0957551
95	0.0312392
95	0.0655021
95	0.0964891
95	0.130967
95	0.185815
95	0.085788
95	0.13579
95	0.128106
95	0.0942208
95	0.0536093
95	0.132872
95	0.0410785
95	0.0347826
95	0.151993
95	0.113471
95	0.218275
95	0.156004
95	0.233663
95	0.173999
95	0.0339787
95	0.0154778
95	0.0476983
95	0.0673756
95	0.154121
95	0.238984
95	0.00754845
95	0.119271
95	0.107924
95	0.0996684
95	0.0506588
95	0.124371
95	0.0377429
95	0.0246269
95	0.0284613
95	0.0515096
95	0.154521
95	0.0741742
95	0.0719203
95	0.0848687
95	0.0358209
95	0.0862692
95	0.20135
95	0.0798887
95	0.0955039
95	0.156378
95	0.0659775
95	0.198424
95	0.116381
95	0.112316
95	0.0535312
95	0.0680426
95	0.119288
95	0.0779291
95	0.114808
95	0.17249
95	0.148369
95	0.185329
95	0.0570654
95	0.0616445
95	0.0821306
95	0.0446207
95	0.184358
95	0.114666
95	0.0898408
95	0.185428
95	0.0571558
95	0.225398
95	0.181154
95	0.0912547
95	0.13181
95	0.0815004
95	0.0939576
95	0.100972
95	0.113239
95	0.0839766
95	0.18101
95	0.121709
95	0.0928828
95	0.208734
95	0.121925
95	0.292193
95	0.114226
95	0.156958
95	0.224896
95	0.0527662
95	0.0710957
95	0.0779623
95	0.0618106
95	0.0894887
95	0.0417718
95	0.0665884
95	0.0458422
95	0.102086
98	0.0999987
98	0.114431
98	0.075726
98	0.12851
98	0.0860692
98	0.0528783
98	0.160204
98	0.0736493
98	0.0840909
98	0.229241
98	0.103536
98	0.123019
98	0.0960086
98	0.033402
98	0.0858151
98	0.303732
98	0.127678
98	0.082448
98	0.0724194
98	0.118532
98	0.0128788
98	0.0305558
98	0.127322
98	0.0309086
98	0.0604053
98	0.100524
98	0.110294
98	0.146224
98	0.15335
98	0.117601
98	0.0844182
98	0.21341
98	0.0857422
98	0.163443
98	0.0514336
98	0.160257
98	0.0146588
98	0.129975
98	0.114443
98	0.0557652
98	0.121958
98	0.088945
98	0.223036
98	0.140048
98	0.175587
98	0.1858
98	0.0743447
98	0.146901
98	0.0432866
98	0.122726
98	0.168474
98	0.10412
98	0.224788
98	0.172532
98	0.226425
98	0.141292
98	0.126809
98	0.0777793
98	0.0696666
98	0.167655
98	0.0651887
98	0.135822
98	0.226236
98	0.0603448
98	0.155748
98	0.0829264
98	0.100776
98	0.152824
98	0.0414521
98	0.08845
98	0.153859
98	0.134964
98	0.111811
98	0.0567304
98	0.130682
98	0.0609174
98	0.0644123
98	0.0798709
98	0.140274
98	0.13949
98	0.1406
98	0.0489545
98	0.0890367
98	0.072249
98	0.0544224
98	0.17198
98	0.0326296
98	0.148505
98	0.0540176
98	0.0422715
98	0.107011
98	0.0781989
98	0.225789
98	0.194932
98	0.103747
98	0.199843
98	0.100955
98	0.100187
98	0.0880131
98	0.126906
101	0.0688898
101	0.068448
101	0.110198
101	0.256589
101	0.0300559
101	0.0954577
101	0.235029
101	0.20065
101	0.147087
101	0.12415
101	0.0878237
101	0.0716566
101	0.0842623
101	0.0621497
101	0.26749
101	0.200391
101	0.0480039
101	0.0120366
101	0.186803
101	0.0656598
101	0.0298385
101	0.31657
101	0.0687223
101	0.0774275
101	0.142831
101	0.0836975
101	0.147498
101	0.12747
101	0.11849
101	0.165497
101	0.150955
101	0.0807122
101	0.190154
101	0.0700994
101	0.23367
101	0.103402
101	0.0311221
101	0.0631125
101	0.0586494
101	0.195694
101	0.203258
101	0.151323
101	0.112438
101	0.0748531
101	0.18953
101	0.0706705
101	0.144136
101	0.106116
101	0.0801834
101	0.0246575
101	0.0928269
101	0.147059
101	0.058642
101	0.0420969
101	0.0125528
101	0.0813256
101	0.0487564
101	0.0331664
101	0.224112
101	0.0791151
101	0.0988679
101	0.0332933
101	0.0861593
101	0.10162
101	0.110657
101	0.111033
101	0.140979
101	0.0790276
101	0.103193
101	0.0422444
101	0.0618665
101	0.186542
101	0.116289
101	0.231133
101	0.0607358
101	0.11968
101	0.0448861
101	0.134547
101	0.19403
101	0.073913
101	0.196273
101	0.216565
101	0
101	0.142214
101	0.117404
101	0.0867051
101	0.0706405
101	0.0862969
101	0.106233
101	0.0864903
101	0.207476
101	0.0603643
101	0.0862792
101	0.0671784
101	0.125212
101	0.075009
101	0.261042
101	0.184102
101	0.0558907
101	0.0755374
104	0.174518
104	0.0969306
104	0.0666549
104	0.115875
104	0.159526
104	0.0798596
104	0.0558386
104	0.184881
104	0.158709
104	0.15324
104	0.0754537
104	0.116335
104	0.0955701
104	0.0709549
104	0.0735937
104	0.0613638
104	0.0717494
104	0.150304
104	0.194959
104	0.130337
104	0.0601424
104	0.115456
104	0.0741089
104	0.0747879
104	0.0599665
104	0.080597
104	0.0801781
104	0.149028
104	0.108839
104	0.0174603
104	0.0898423
104	0.194012
104	0.0739066
104	0.151069
104	0.0904305
104	0.0423508
104	0.1178
104	0.0768878
104	0.13768
104	0.0853995
104	0.0501932
104	0.0937446
104	0.216877
104	0.208483
104	0.110345
104	0.157084
104	0.10928
104	0.047175
104	0.175641
104	0.121435
104	0.0987923
104	0.0788011
104	0.12279
104	0.0801886
104	0.116488
104	0.0649254
104	0.0982395
104	0.0741434
104	0.0999733
104	0.0660214
104	0.0966233
104	0.0877419
104	0.192331
104	0.200615
104	0.162875
104	0.186276
104	0.038469
104	0.143492
104	0.152591
104	0.161392
104	0.0950702
104	0.0453483
104	0.0777614
104	0.145918
104	0.114637
104	0.132242
104	0.0879849
104	0.0822948
104	0.17455
104	0.0596079
104	0.19675
104	0.086931
104	0.113981
104	0.0551316
104	0.0459545
104	0.0606523
104	0.104289
104	0.121528
104	0.130341
104	0.135166
104	0.0768727
104	0.22617
104	0.0937343
104	0.141282
104	0.159933
104	0.117962
104	0.149871
104	0.164463
104	0.0320896
104	0.0351156
107	0.0317675
107	0.122323
107	0.0963148
107	0.19165
107	0.239778
107	0.131444
107	0.0639693
107	0.11779
107	0.118592
107	0.0880734
107	0.0867103
107	0.11774
107	0.14538
107	0.0262411
107	0.173477
107	0.185984
107	0.03645
107	0.0597469
107	0.0515625
107	0.0713302
107	0.0595021
107	0.0851468
107	0.0643294
107	0.0723255
107	0.0601366
107	0.118859
107	0.0665623
107	0.0973581
107	0.181137
107	0.205411
107	0.132123
107	0.114231
107	0.0534261
107	0.165755
107	0.0780869
107	0.110818
107	0.0828404
107	0.0649672
107	0.0686125
107	0.10651
107	0.11738
107	0.0763709
107	0.1669
107	0.146877
107	0.0353069
107	0.13037
107	0.0659901
107	0.084851
107	0.0453265
107	0.0421938
107	0.0959193
107	0.193978
107	0.129105
107	0.184967
107	0.149616
107	0.0989106
107	0.191455
107	0.116829
107	0.0935223
107	0.077184
107	0.140997
107	0.0649989
107	0.0304059
107	0.261439
107	0.121261
107	0.0827634
107	0.139569
107	0.0923245
107	0.24626
107	0.0397793
107	0.109049
107	0.16381
107	0.0860833
107	0.110095
107	0.0885809
107	0.0466424
107	0.156874
107	0.0370019
107	0.184505
107	0.0337805
107	0.137671
107	0.156529
107	0.0786604
107	0.0256128
107	0.0610855
107	0.108537
107	0.0513505
107	0.110666
107	0.110443
107	0.0780913
107	0.0894834
107	0.178487
107	0.0343883
107	0.115502
107	0.0262766
107	0.131413
107	0.115352
107	0.0973629
107	0.145448
107	0.0808093
110	0.065415
110	0.0452055
110	0.0403054
110	0.055778
110	0.256974
110	0.176402
110	0.177315
110	0.183759
110	0.128856
110	0.0707003
110	0.131593
110	0.12822
110	0.0980683
110	0.0669118
110	0.0631341
110	0.0503977
110	0.0546446
110	0.159729
110	0.106443
110	0.150337
110	0.0845085
110	0.135483
110	0.0951093
110	0.0897427
110	0.0410413
110	0.111403
110	0.114486
110	0.166188
110	0.0844209
110	0.145392
110	0.0476344
110	0.218264
110	0.107133
110	0.132995
110	0.0409782
110	0.0595978
110	0.120046
110	0.212866
110	0.150331
110	0.188082
110	0.0396965
110	0.081225
110	0.0725755
110	0.0880509
110	0.104546
110	0.126876
110	0.128125
110	0.0782266
110	0.202608
110	0.111948
110	0.145154
110	0.190608
110	0.0254803
110	0.159322
110	0.0998496
110	0.167693
110	0.201239
110	0.180608
110	0.0879086
110	0.13047
110	0.0818113
110	0.0963712
110	0.129877
110	0.0939861
110	0.11836
110	0.0609965
110	0.0725768
110	0.240206
110	0.117957
110	0.137865
110	0.137843
110	0.107705
110	0.0570974
110	0.0939757
110	0.00783443
110	0.163737
110	0.185279
110	0.0785216
110	0.176708
110	0.113339
110	0.0783959
110	0.24973
110	0.143555
110	0.126338
110	0.117429
110	0.0748909
110	0.0655991
110	0.0311211
110	0.144371
110	0.0757834
110	0.152768
110	0.0723475
110	0.103423
110	0.148421
110	0.0994141
110	0.16389
110	0.0448498
110	0.118011
110	0.0755625
110	0.103695
113	0.0293808
113	0.0778571
113	0.0711274
113	0.0987324
113	0.067802
113	0.102756
113	0.0691177
113	0.0452135
113	0.0827888
113	0.0540457
113	0.105353
113	0.0602254
113	0.0829337
113	0.0886526
113	0.0554842
113	0.246376
113	0.112561
113	0.259193
113	0.0977952
113	0.0766854
113	0.199635
113	0.0727997
113	0.147017
113	0.147752
113	0.183919
113	0.26435
113	0.0455319
113	0.0537719
113	0.0853006
113	0.0577618
113	0.0789045
113	0.0525638
113	0.0725432
113	0.0261538
113	0.0776076
113	0.157509
113	0.09098
113	0.0711832
113	0.103881
113	0.115914
113	0.185451
113	0.173514
113	0.126382
113	0.105122
113	0.186051
113	0.102014
113	0.0619052
113	0.169259
113	0.0378533
113	0.0723185
113	0.127981
113	0.207344
113	0.202634
113	0.153873
113	0.0604979
113	0.0563384
113	0.0994359
113	0.0233139
113	0.132802
113	0.142652
113	0.139706
113	0.199769
113	0.0339001
113	0.0760239
113	0.18177
113	0.211975
113	0.0262306
113	0.195671
113	0.061563
113	0.0644017
113	0.0253805
113	0.23946
113	0.0907687
113	0.0890164
113	0.0537477
113	0.0906799
113	0.153652
113	0.20999
113	0.154631
113	0.0403957
113	0.0640396
113	0.0991324
113	0.0553105
113	0.0427404
113	0.18548
113	0.112831
113	0.0609964
113	0.070172
113	0.104285
113	0.0883384
113	0.079598
113	0.0823955
113	0.0851345
113	0.138234
113	0.12773
113	0.213602
113	0.151142
113	0.12228
113	0.0825232
113	0.0784112
116	0.00313334
116	0.0710114
116	0.0958773
116	0.0178008
116	0.169033
116	0.26607
116	0.161091
116	0.0571978
116	0.0856085
116	0.0684905
116	0.107191
116	0.146216
116	0.034058
116	0.11749
116	0.0656007
116	0.0346669
116	0.110444
116	0.059505
116	0.0835688
116	0.09476
116	0.0288723
116	0.257659
116	0.160889
116	0.135665
116	0.0737748
116	0.0538259
116	0.115061
116	0.0397402
116	0.0863605
116	0.0295779
116	0.0873042
116	0.0982764
116	0.14771
116	0.0656605
116	0.0540472
116	0.0410459
116	0.0822356
116	0.104651
116	0.0956834
116	0.134021
116	0.0483232
116	0.0331053
116	0.139437
116	0.103228
116	0.0778413
116	0.0739669
116	0.0510393
116	0.0526944
116	0.0953085
116	0.137128
116	0.15449
116	0.115977
116	0.0988652
116	0.13208
116	0.105639
116	0.0583498
116	0.131933
116	0.175548
116	0.0893516
116	0.0545878
116	0.124839
116	0.0389098
116	0.0156665
116	0.0670735
116	0.107002
116	0.0570598
116	0.0988245
116	0.04198
116	0.116853
116	0.178852
116	0.123849
116	0.0737697
116	0.0323529
116	0.0850218
116	0.0734743
116	0.0228639
116	0.164509
116	0.0333333
116	0.129479
116	0.0453993
116	0.0673722
116	0.10955
116	0.11315
116	0.0581684
116	0.0424242
116	0.0960447
116	0.12214
116	0.0386863
116	0.138179
116	0.0206907
116	0.193541
116	0.0853643
116	0.0963148
116	0.0806845
116	0.0682333
116	0.120191
116	0.169646
116	0.135358
116	0.0809913
116	0.17329
119	0.086423
119	0.060258
119	0.129449
119	0.143439
119	0.20416
119	0.025442
119	0.22218
119	0.0597644
119	0.110598
119	0.0745492
119	0.147244
119	0.0764401
119	0.107321
119	0.0435226
119	0.157893
119	0.0878456
119	0.0529161
119	0.153121
119	0.110816
119	0.188506
119	0.0673185
119	0.273276
119	0.109745
119	0.0387103
119	0.120838
119	0.118829
119	0.0973087
119	0.162914
119	0.0941026
119	0.0403512
119	0.182248
119	0.0276925
119	0.0987276
119	0.0355758
119	0.098603
119	0.102808
119	0.185057
119	0.129244
119	0.0871302
119	0.0946032
119	0.101689
119	0.236567
119	0.136682
119	0.0661786
119	0.0440377
119	0.114926
119	0.00661765
119	0.155784
119	0.209265
119	0.1121
119	0.128157
119	0.128151
119	0.155795
119	0.0506305
119	0.0471831
119	0.0833598
119	0.139855
119	0.21079
119	0.0999102
119	0.0828924
119	0.0708868
119	0.0908141
119	0.126561
119	0.133966
119	0.0241915
119	0.211911
119	0.091151
119	0.0830648
119	0.0549268
119	0.0771645
119	0.0477308
119	0.141336
119	0.0949198
119	0.0954717
119	0.0765073
119	0.111558
119	0.161483
119	0.092038
119	0.0302625
119	0.0711235
119	0.202943
119	0.116441
119	0.111802
119	0.0743054
119	0.0340242
119	0.227787
119	0.195844
119	0.169687
119	0.13245
119	0.0761381
119	0.121825
119	0.0440528
119	0.176699
119	0.240989
119	0.0886473
119	0.129904
119	0.0978673
119	0.126877
119	0.182818
119	0.165676
122	0.17597
122	0.028501
122	0.109507
122	0.0955343
122	0.115456
122	0.055312
122	0.15371
122	0.0737289
122	0.0671786
122	0.134955
122	0.0558738
122	0.17241
122	0.216096
122	0.174233
122	0.116768
122	0.147953
122	0.186863
122	0.0930325
122	0.0930803
122	0.0988749
122	0.0462437
122	0.0332776
122	0.137202
122	0.129958
122	0.0285469
122	0.118461
122	0.153153
122	0.0881541
122	0.078165
122	0.0481053
122	0.178479
122	0.166956
122	0.146987
122	0.0384977
122	0.0801666
122	0.114506
122	0.111364
122	0.0731311
122	0.0547261
122	0.106473
122	0.0941897
122	0.154648
122	0.152408
122	0.110144
122	0.182003
122	0.114918
122	0.161409
122	0.182435
122	0.193311
122	0.0832957
122	0.0434781
122	0.157728
122	0.143504
122	0.136987
122	0.077208
122	0.0397756
122	0.153791
122	0.150053
122	0.0904291
122	0.214587
122	0.130402
122	0.0701059
122	0.0434275
122	0.0344083
122	0.210097
122	0.0588117
122	0.0855748
122	0.112746
122	0.0784863
122	0.0639764
122	0.0631748
122	0.158218
122	0.0696271
122	0.106592
122	0.0444302
122	0.114969
122	0.117379
122	0.0978956
122	0.0769382
122	0.07994
122	0.0977014
122	0.154827
122	0.137526
122	0.176754
122	0.0565284
122	0.118841
122	0.061651
122	0.0754905
122	0.0665418
122	0.102315
122	0.11978
122	0.199535
122	0.108072
122	0.134015
122	0.106137
122	0.0705683
122	0.059419
122	0.114236
122	0.0448684
122	0.102044
125	0.118214
125	0.0810443
125	0.247838
125	0.0699838
125	0.0931087
125	0.0906502
125	0.0325857
125	0.178459
125	0.0689464
125	0.0667375
125	0.0500333
125	0.143019
125	0.0990627
125	0.101494
125	0.074806
125	0.0481068
125	0.0690884
125	0.0667292
125	0.107206
125	0.14505
125	0.0599027
125	0.0902867
125	0.133164
125	0.125125
125	0.198641
125	0.176415
125	0.066658
125	0.0682069
125	0.0841703
125	0.105747
125	0.0543767
125	0.0387099
125	0.0940645
125	0.0493146
125	0.0767525
125	0.138195
125	0.103363
125	0.0919296
125	0.0914923
125	0.142917
125	0.156758
125	0.0817426
125	0.118857
125	0.0796519
125	0.00984848
125	0.194348
125	0.0905604
125	0.0384696
125	0.15153
125	0.0960845
125	0.133341
125	0.101242
125	0.0891514
125	0.12104
125	0.0380034
125	0.120291
125	0.0876173
125	0.122492
125	0.0356671
125	0.0497266
125	0.0962073
125	0.0604636
125	0.153473
125	0.080607
125	0.103888
125	0.0987317
125	0.0457143
125	0.175678
125	0.288231
125	0.101123
125	0.0887519
125	0.128141
125	0.0636042
125	0.0260563
125	0.0933507
125	0.0934144
125	0.106845
125	0.0305123
125	0.033014
125	0.0608575
125	0.101769
125	0.159805
125	0.15561
125	0.0855385
125	0.150771
125	0.142025
125	0.131348
125	0.0878731
125	0.176364
125	0.0400077
125	0.0488272
125	0.0823112
125	0.127748
125	0.041311
125	0.0874348
125	0.127682
125	0.123121
125	0.111867
125	0.0906209
125	0.0708142
128	0.16931
128	0.035446
128	0.112231
128	0.0882184
128	0.19633
128	0.144318
128	0.0636235
128	0.059982
128	0.160859
128	0.0762933
128	0.0565285
128	0.0584956
128	0.118681
128	0.155748
128	0.0352578
128	0.133102
128	0.100496
128	0.0554646
128	0.106831
128	0.0896009
128	0.0692215
128	0.193672
128	0.0928959
128	0.094431
128	0.0578768
128	0.100151
128	0.0736448
128	0.280842
128	0.0467808
128	0.113864
128	0.132211
128	0.0933351
128	0.0574677
128	0.0882032
128	0.0950218
128	0.0876539
128	0.190005
128	0.0744687
128	0.126745
128	0.153473
128	0.0816967
128	0.0674658
128	0.0214955
128	0.111275
128	0.251915
128	0.137211
128	0.111544
128	0.121047
128	0.152933
128	0.133734
128	0.069455
128	0.131571
128	0.0560583
128	0.106314
128	0.164898
128	0.0413068
128	0.112302
128	0.175546
128	0.0872474
128	0.0468033
128	0.115677
128	0.0397576
128	0.123618
128	0.0625746
128	0.0205436
128	0.0366789
128	0.0305257
128	0.136173
128	0.165453
128	0.0675734
128	0.169804
128	0.0443217
128	0.0350677
128	0.12515
128	0.0814915
128	0.0605809
128	0.0393918
128	0.139822
128	0.126674
128	0.10089
128	0.0619567
128	0.0942516
128	0.0478123
128	0.131732
128	0.140164
128	0.057044
128	0.111535
128	0.0946117
128	0.115463
128	0.0815177
128	0.105446
128	0.0559906
128	0.0951071
128	0.0718672
128	0.0351876
128	0.0676051
128	0.0474623
128	0.0833312
128	0.125618
128	0.0824044
131	0.100593
131	0.0767319
131	0.0256017
131	0.112162
131	0.0504854
131	0.0853288
131	0.127474
131	0.103139
131	0.144832
131	0.095245
131	0.0344082
131	0.0534593
131	0
131	0.0395974
131	0.0450363
131	0.0599676
131	0.0471016
131	0.0590573
131	0.134917
131	0.139692
131	0.0574324
131	0.0974047
131	0.0768363
131	0.141304
131	0.172757
131	0.0444655
131	0.0657646
131	0.203124
131	0.131531
131	0.107494
131	0.112526
131	0.14166
131	0.0277759
131	0.165201
131	0.160702
131	0.0802456
131	0.0750268
131	0.108599
131	0.134253
131	0.158333
131	0.117678
131	0.048551
131	0.206019
131	0.0791847
131	0.14196
131	0.138116
131	0.0968392
131	0.0907131
131	0.104236
131	0.114894
131	0.0149198
131	0.0578229
131	0.0741245
131	0.0690033
131	0.110922
131	0.0457883
131	0.024712
131	0.0647899
131	0.0313258
131	0.142673
131	0.0947388
131	0.123181
131	0.019697
131	0.137508
131	0.12858
131	0.0536788
131	0.143746
131	0.0556306
131	0.0316176
131	0.0471313
131	0.114054
131	0.0877782
131	0.0414748
131	0.128825
131	0.0780845
131	0.0612504
131	0.0124497
131	0.141537
131	0.0331115
131	0.127556
131	0.115055
131	0.144702
131	0.0464541
131	0.122474
131	0.183407
131	0.0650742
131	0.070913
131	0.104624
131	0.0610506
131	0.0770689
131	0.0930655
131	0.124873
131	0.0254937
131	0.00483871
131	0.10167
131	0.144761
131	0.0837691
131	0.0795323
131	0.0411985
131	0.145315
134	0.056802
134	0.0911478
134	0.0861152
134	0.0501508
134	0.0502887
134	0.0350539
134	0.139802
134	0.062829
134	0.103509
134	0.131747
134	0.0169031
134	0.0474225
134	0.0967919
134	0.137976
134	0.0501354
134	0.0987918
134	0.0982109
134	0.104477
134	0.0691152
134	0.165284
134	0.0636668
134	0.0812217
134	0.0249257
134	0.0533308
134	0.145254
134	0.090933
134	0.132867
134	0.105354
134	0.105658
134	0.155898
134	0.0645572
134	0.0866195
134	0.0902285
134	0.0649254
134	0.0628783
134	0.12753
134	0.0838235
134	0.0409964
134	0.0656637
134	0.148344
134	0.134585
134	0.0406361
134	0.0495898
134	0.0318841
134	0.0898309
134	0.065336
134	0.0611938
134	0.0508547
134	0.129145
134	0.0955882
134	0.119668
134	0.00234375
134	0.125803
134	0.0810123
134	0.0133318
134	0.0827766
134	0.0449379
134	0.171402
134	0.0523103
134	0.191368
134	0.0666325
134	0.098851
134	0.0953252
134	0.0465613
134	0.134436
134	0.161978
134	0.0606275
134	0.0936211
134	0.170777
134	0.0509801
134	0.063779
134	0.0529356
134	0.0475456
134	0.0841145
134	0.034375
134	0.0311437
134	0.0496745
134	0.0813192
134	0.170382
134	0.0993233
134	0.0714507
134	0.118441
134	0.122616
134	0.123904
134	0.0395669
134	0.114947
134	0.169466
134	0.0435714
134	0.0609526
134	0.0852503
134	0.0591711
134	0.15248
134	0.11898
134	0.181821
134	0.0637221
134	0.0856923
134	0.0381177
134	0.0633661
134	0.106034
134	0.155983
137	0.210076
137	0.176031
137	0.130841
137	0.0983268
137	0.182893
137	0.102892
137	0.0832004
137	0.0648301
137	0.201465
137	0.0956383
137	0.114275
137	0.221376
137	0.0901408
137	0.149778
137	0.0555066
137	0.0549406
137	0.108494
137	0.0677443
137	0.0899551
137	0.11067
137	0.0483841
137	0.13372
137	0.127795
137	0.0775316
137	0.0287835
137	0.148252
137	0.129151
137	0.0624069
137	0.0937116
137	0.0643939
137	0.103232
137	0.0949489
137	0.0858282
137	0.147738
137	0.27024
137	0.187859
137	0.140613
137	0.123899
137	0.104333
137	0.0806712
137	0.114854
137	0.0478342
137	0.0846361
137	0.075
137	0.127683
137	0.153375
137	0.142125
137	0.0628102
137	0.104207
137	0.0537218
137	0.0920732
137	0.145526
137	0.0981824
137	0.0689049
137	0.0987709
137	0.0574351
137	0.0839345
137	0.130288
137	0.0739015
137	0.0927641
137	0.14702
137	0.105514
137	0.126151
137	0.123848
137	0.128997
137	0.114321
137	0.0476118
137	0.0716337
137	0.0940781
137	0.0765455
137	0.0758892
137	0.0808391
137	0.175854
137	0.0735991
137	0.100894
137	0.134315
137	0.113837
137	0.125809
137	0.105947
137	0.0460032
137	0.0841175
137	0.0794534
137	0.0955875
137	0.125744
137	0.0874446
137	0.0871321
137	0.0783859
137	0.141544
137	0.0285714
137	0.14817
137	0.0791488
137	0.105133
137	0.118237
137	0.0773835
137	0.15781
137	0.0818193
137	0.106813
137	0.0722517
137	0.118386
137	0.0623779
140	0.0294484
140	0.0742282
140	0.0706528
140	0.125013
140	0.115624
140	0.232336
140	0.0741346
140	0.111439
140	0.122486
140	0.0525832
140	0.131388
140	0.0334334
140	0.125584
140	0.0593839
140	0.198101
140	0.0135144
140	0.104393
140	0.0427448
140	0.0914657
140	0.0159722
140	0.142953
140	0.103665
140	0.147953
140	0.112498
140	0.119422
140	0.197248
140	0.067337
140	0.107701
140	0.0765625
140	0.107098
140	0.0469224
140	0.186933
140	0.054201
140	0.069074
140	0.0775362
140	0.0460071
140	0.0987686
140	0.0606075
140	0.123496
140	0.11584
140	0.0825981
140	0.172936
140	0.14878
140	0.151825
140	0.0865324
140	0.164082
140	0.235879
140	0.133352
140	0.114316
140	0.0466979
140	0.10878
140	0.0289063
140	0.0476198
140	0.0587266
140	0.0537454
140	0.0813784
140	0.124499
140	0.0931085
140	0.0848067
140	0.0257813
140	0.0279246
140	0.079723
140	0.0502189
140	0.0673636
140	0.225346
140	0.1199
140	0.0889012
140	0.11757
140	0.0874227
140	0.0199664
140	0.106655
140	0.0829522
140	0.0851298
140	0.104888
140	0.0331314
140	0.137042
140	0.0525291
140	0.122171
140	0.116409
140	0.0836797
140	0.166486
140	0.0958889
140	0.0576687
140	0.102867
140	0.0678349
140	0.0254389
140	0.0968065
140	0.0326264
140	0.0710264
140	0.111847
140	0.142767
140	0.0481917
140	0.0508423
140	0.0871266
140	0.0774687
140	0.0445538
140	0.117839
140	0.110755
140	0.170656
140	0.0855473
143	0.0672128
143	0.041364
143	0.114701
143	0.0616279
143	0.0622416
143	0.103956
143	0.0818182
143	0.11161
143	0.11211
143	0.135954
143	0.185751
143	0.213719
143	0.119991
143	0.214691
143	0.0539148
143	0.19592
143	0.195194
143	0.107678
143	0.0965501
143	0.0405955
143	0.0603061
143	0.0727872
143	0.0775489
143	0.0639707
143	0.0753637
143	0.0731003
143	0.100215
143	0.102644
143	0.0794868
143	0.0315604
143	0.0376923
143	0.163251
143	0.0778835
143	0.10946
143	0.0927138
143	0.0843051
143	0.138219
143	0.0851816
143	0.0335007
143	0.0587258
143	0.0189189
143	0.076669
143	0.0956595
143	0.00547194
143	0.081417
143	0.146138
143	0.208836
143	0.150996
143	0.0742166
143	0.0146492
143	0.128817
143	0.0383671
143	0.0954309
143	0.068682
143	0.0510607
143	0.0833333
143	0.108312
143	0.0255217
143	0.0738778
143	0.0756643
143	0.0546322
143	0.0339677
143	0.093125
143	0.0798482
143	0.0914466
143	0.0696711
143	0.145575
143	0.111301
143	0.122923
143	0.0417653
143	0.104276
143	0.116606
143	0.090774
143	0.10739
143	0.0971154
143	0.131859
143	0.0912376
143	0.181149
143	0.177081
143	0.0790722
143	0.0858708
143	0.0667211
143	0.0965574
143	0.111328
143	0.141118
143	0.112789
143	0.112157
143	0.0782356
143	0.0442268
143	0.011557
143	0.0733153
143	0.0596718
143	0.0498756
143	0.148222
143	0.103555
143	0.184233
143	0.0925332
143	0.131575
143	0.0612291
143	0.0809414
146	0.0567122
146	0.192403
146	0.0695715
146	0.0725337
146	0.149009
146	0.138088
146	0.0317087
146	0.0866895
146	0.0532091
146	0.0766425
146	0.118301
146	0.0647222
146	0.1565
146	0.0816071
146	0.106658
146	0.0887373
146	0.0815852
146	0.166158
146	0.0525587
146	0.0878703
146	0.178558
146	0.0545678
146	0.0186908
146	0.120457
146	0.112043
146	0.0911622
146	0.0392081
146	0.210268
146	0.131731
146	0.0234236
146	0.0808438
146	0.0661491
146	0.11134
146	0.131949
146	0.0747496
146	0.0834339
146	0.121886
146	0.134647
146	0.0143295
146	0.126536
146	0.0860085
146	0.124042
146	0.0634248
146	0.0573196
146	0.121968
146	0.148884
146	0.142881
146	0.0794738
146	0.120654
146	0.0111111
146	0.155171
146	0.0681062
146	0.0916333
146	0.0202168
146	0.0684643
146	0.0537093
146	0.0918002
146	0.0795477
146	0.130411
146	0.120842
146	0.0870111
146	0.0692316
146	0.136681
146	0.162064
146	0.0917437
146	0.106629
146	0.171079
146	0.0837494
146	0.173167
146	0.147438
146	0.0560307
146	0.0868273
146	0.100645
146	0.0792115
146	0.108265
146	0.163765
146	0.170182
146	0.0868247
146	0.135748
146	0.102409
146	0.0876718
146	0.0843794
146	0.0614001
146	0.0387886
146	0.160745
146	0.209401
146	0.0755969
146	0.0594468
146	0.075041
146	0.0250032
146	0.10734
146	0.1134
146	0.0661645
146	0.162971
146	0.0454386
146	0.0722018
146	0.130014
146	0.065493
146	0.0553229
146	0.0562551
149	0.170051
149	0.0409813
149	0.126464
149	0.0241826
149	0.0903636
149	0.047616
149	0.0841831
149	0.0635998
149	0.0684468
149	0.164278
149	0.0790545
149	0.103324
149	0.139351
149	0.0882907
149	0.0949489
149	0.0447027
149	0.0683561
149	0.0534984
149	0.0648422
149	0.0918741
149	0.0784668
149	0.176659
149	0.0514834
149	0.150763
149	0.0724812
149	0.127893
149	0.0408932
149	0.0426287
149	0.0617367
149	0.166515
149	0.153474
149	0.131235
149	0.0509946
149	0.0569327
149	0.136082
149	0.108831
149	0.114972
149	0.0434599
149	0.117389
149	0.0441176
149	0.118011
149	0.201261
149	0.0482258
149	0.105065
149	0.0791748
149	0.0439246
149	0.0667945
149	0.126644
149	0.0857054
149	0.0519379
149	0.138514
149	0.131017
149	0.0804404
149	0.134962
149	0.143831
149	0.126
149	0.158669
149	0.0669367
149	0.0389517
149	0.0507225
149	0.11308
149	0.0834679
149	0.118169
149	0.031746
149	0.0547598
149	0.101648
149	0.122446
149	0.0501424
149	0.0850333
149	0.125063
149	0.094597
149	0.0584037
149	0.0761481
149	0.100978
149	0.0771066
149	0.0643608
149	0.096166
149	0.0708532
149	0.162331
149	0.105494
149	0.0844694
149	0.0663957
149	0.076565
149	0.0617442
149	0.215934
149	0.0973671
149	0.0673162
149	0.0809428
149	0.150199
149	0.145283
149	0.147975
149	0.117297
149	0.122889
149	0.0563211
149	0.0959931
149	0.0717101
149	0.0623946
149	0.0893092
149	0.082458
149	0.078284
152	0.157872
152	0.200936
152	0.0840285
152	0.106326
152	0.0942372
152	0.059759
152	0.114097
152	0.0934555
152	0.0987772
152	0.0278668
152	0.0888843
152	0.0522638
152	0.091181
152	0.117501
152	0.0752685
152	0.105292
152	0.0527973
152	0.119988
152	0.134557
152	0.098979
152	0.120457
152	0.139105
152	0.11699
152	0.0542268
152	0.0328812
152	0.0481872
152	0.0126579
152	0.229335
152	0.0853111
152	0.0584855
152	0.0696368
152	0.0726593
152	0.118683
152	0.0237393
152	0.0114706
152	0.0694705
152	0.0830966
152	0.0750221
152	0.0102628
152	0.0430769
152	0.0184931
152	0.0715495
152	0.0339575
152	0.034584
152	0.086311
152	0.0382813
152	0.0444666
152	0.13794
152	0.0720098
152	0.10898
152	0.178377
152	0.175014
152	0.0754578
152	0.107916
152	0.0366902
152	0.0852165
152	0.0291916
152	0.120842
152	0.0705327
152	0.108496
152	0.0401111
152	0.0184738
152	0.028447
152	0.0199488
152	0.117454
152	0.0301318
152	0.0967657
152	0.0817979
152	0.0224096
152	0.0309859
152	0.124589
152	0.146297
152	0.0943204
152	0.0930127
152	0.149865
152	0.220185
152	0.054371
152	0.0658201
152	0.0581743
152	0.14817
152	0.105492
152	0.103738
152	0.0687798
152	0.0928669
152	0.0992558
152	0.0566725
152	0.0328203
152	0.154575
152	0.09157
152	0.0414286
152	0.149355
152	0.100838
152	0.0363238
152	0.115408
152	0.0485075
152	0.0624179
152	0.15282
152	0.0678696
152	0.0187351
152	0.0453245
155	0.0720399
155	0.0602461
155	0.138297
155	0.0684142
155	0.0312349
155	0.0560749
155	0.101475
155	0.0390407
155	0.0962088
155	0.0700688
155	0.0114286
155	0.0989669
155	0.0544854
155	0.0555054
155	0.0544834
155	0.0933105
155	0.0529952
155	0.182412
155	0.0413015
155	0.109935
155	0.0743644
155	0.0952506
155	0.0496384
155	0.0331043
155	0.0805582
155	0.072264
155	0.0804961
155	0.0399483
155	0.196078
155	0.0788741
155	0.0316888
155	0.0457245
155	0.119291
155	0.0500899
155	0.0542031
155	0.0958234
155	0.113149
155	0.0802728
155	0.0733579
155	0.113185
155	0.032369
155	0.0860916
155	0.162775
155	0.124924
155	0.0399886
155	0.0189122
155	0.100432
155	0.0301111
155	0.0821247
155	0.056414
155	0.118239
155	0.0948369
155	0.099074
155	0.207144
155	0.0665104
155	0.109805
155	0.0959844
155	0.100578
155	0.0504057
155	0.0745909
155	0.0412839
155	0.0822172
155	0.0698723
155	0.0969225
155	0.0160305
155	0.108143
155	0.0760964
155	0.0876079
155	0.04737
155	0.0347748
155	0.160766
155	0.145684
155	0.0812809
155	0.184127
155	0.149208
155	0.0808824
155	0.0261194
155	0.0546094
155	0.0930828
155	0.0834697
155	0.0741482
155	0.122281
155	0.160836
155	0.0618392
155	0.0614184
155	0.0859412
155	0.0387659
155	0.106333
155	0.0935206
155	0.0181255
155	0.0626866
155	0.151283
155	0.0864844
155	0.0536843
155	0.136251
155	0.147444
155	0.0789624
155	0.0684868
155	0.0507265
155	0.103233
158	0.0482287
158	0.0667307
158	0.0981122
158	0.0661242
158	0.0520139
158	0.00447761
158	0.0969652
158	0.0464789
158	0.0201493
158	0.140856
158	0.105516
158	0.0782119
158	0.132706
158	0.0509087
158	0.0681949
158	0.105179
158	0.0582572
158	0.0456906
158	0.118114
158	0.0281065
158	0.0796788
158	0.10849
158	0.0808113
158	0.102708
158	0.120397
158	0.0761118
158	0.153316
158	0.102324
158	0.0750122
158	0.0994542
158	0.162645
158	0.0435714
158	0.0142857
158	0.081079
158	0.130133
158	0.141057
158	0.0435474
158	0.10314
158	0.117361
158	0.0719904
158	0.0214083
158	0.0183919
158	0.0386836
158	0.0576042
158	0.102115
158	0.0985713
158	0.0428457
158	0.0777221
158	0.0404762
158	0.0405912
158	0.218066
158	0.0805472
158	0.0506078
158	0.174609
158	0.0319504
158	0.095018
158	0.0865431
158	0.138852
158	0.0232394
158	0.0648008
158	0.0772187
158	0.120887
158	0.0278565
158	0.059375
158	0.229695
158	0.105434
158	0.0842245
158	0.0821774
158	0.0496817
158	0.0796637
158	0.139278
158	0.0219686
158	0.0371534
158	0.0768498
158	0.0737036
158	0.0698542
158	0.0351562
158	0.0443076
158	0.0807223
158	0.0859769
158	0.0514085
158	0.0404958
158	0.0761194
158	0.162952
158	0.049612
158	0.0842844
158	0.0361393
158	0.0664286
158	0.128624
158	0.0562666
158	0.0437404
158	0.0579891
158	0.16549
158	0.10398
158	0.127631
158	0.0757272
158	0.0477941
158	0.0746324
158	0.115463
158	0.0928325
161	0.0551984
161	0.0653976
161	0.138381
161	0.0330078
161	0.0659805
161	0.119578
161	0.115252
161	0.0900152
161	0.044697
161	0.0835294
161	0.0216044
161	0.157831
161	0.109895
161	0.0473391
161	0.0947605
161	0.146154
161	0.107416
161	0.0836197
161	0.0974673
161	0.0913325
161	0.0752038
161	0.13532
161	0.0270603
161	0.089034
161	0.139485
161	0.129365
161	0.047806
161	0.0858152
161	0.0831082
161	0.0675428
161	0.038835
161	0.124623
161	0.0115385
161	0.0663671
161	0.0352941
161	0.0643275
161	0.116103
161	0.0531218
161	0.135105
161	0.0319026
161	0.104293
161	0.144505
161	0.0950547
161	0.124079
161	0.0687469
161	0.0609343
161	0.07
161	0.173754
161	0.106914
161	0.0816292
161	0.0606644
161	0.15055
161	0.0647385
161	0.0580172
161	0.12038
161	0.121679
161	0.0511344
161	0.11388
161	0.0664572
161	0.0883978
161	0.0930675
161	0.101816
161	0.0616462
161	0.0684886
161	0.0574868
161	0.0870288
161	0.0516091
161	0.0589328
161	0.0785896
161	0.133111
161	0.0210938
161	0.0584975
161	0.0719516
161	0.0591601
161	0.102402
161	0.0863887
161	0.0668006
161	0.0684422
161	0.0922879
161	0.0294958
161	0.0449773
161	0.0482204
161	0.141071
161	0.0956695
161	0.0661505
161	0.128798
161	0.0309656
161	0.11832
161	0.12833
161	0.0581233
161	0.0970747
161	0.0495572
161	0.110266
161	0.0650067
161	0.0332267
161	0.0550576
161	0.113639
161	0.0778061
161	0.0663581
161	0.159803
164	0.0963729
164	0.00757576
164	0.049401
164	0.0829545
164	0.0949199
164	0.153673
164	0.0779707
164	0.0403998
164	0.161301
164	0.0656441
164	0.0727592
164	0.125615
164	0.0849563
164	0.118943
164	0.0384172
164	0.0680544
164	0.0911306
164	0.099891
164	0.0938259
164	0.0636167
164	0.111387
164	0.0781286
164	0.106502
164	0.0629945
164	0.106637
164	0.0854318
164	0.081285
164	0.0882594
164	0.0987048
164	0.0395015
164	0.064668
164	0.118385
164	0.0827331
164	0.0557934
164	0.110455
164	0.0423412
164	0.125408
164	0.0914343
164	0.100057
164	0.0527035
164	0.120717
164	0.0693691
164	0.0616871
164	0.0811484
164	0.0672779
164	0.0695508
164	0.112094
164	0.123859
164	0.0751776
164	0.0232127
164	0.059852
164	0.0909407
164	0.0968949
164	0.0758282
164	0.0643766
164	0.107948
164	0.117317
164	0.0166551
164	0.0779544
164	0.0545579
164	0.145991
164	0.110154
164	0.0649098
164	0.0452181
164	0.0872995
164	0.117143
164	0.124061
164	0.124388
164	0.0690201
164	0.0918103
164	0.0750567
164	0.154085
164	0.106925
164	0.0703888
164	0.0775163
164	0.0957304
164	0.0291045
164	0.107357
164	0.0962678
164	0.0544071
164	0.097256
164	0.0839145
164	0.0703426
164	0.0671354
164	0.0608384
164	0.0395161
164	0.0535269
164	0.0878277
164	0.0286765
164	0.172334
164	0.0769193
164	0.0202899
164	0.0542695
164	0.0620665
164	0.135619
164	0.0766879
164	0.052045
164	0.0207667
164	0.102351
164	0.100129
167	0.0727179
167	0.0580059
167	0.100829
167	0.115321
167	0.0554124
167	0.0329816
167	0.0575659
167	0.0382405
167	0.091526
167	0.0843653
167	0.072353
167	0.0326087
167	0.0737563
167	0.0684978
167	0.0925998
167	0.0661482
167	0.123275
167	0.0535275
167	0.0557037
167	0.0612104
167	0.0660595
167	0.0166667
167	0.130859
167	0.102093
167	0.0984904
167	0.0494627
167	0.109551
167	0.05
167	0.063678
167	0.0675788
167	0.0956234
167	0.0898044
167	0.082734
167	0.0795418
167	0.0825132
167	0.156184
167	0.0844681
167	0.173441
167	0.0602793
167	0.106033
167	0.0555357
167	0.117327
167	0.0702351
167	0.0854845
167	0.0498917
167	0.0425342
167	0.110767
167	0.0756857
167	0.0171616
167	0.032191
167	0.0464388
167	0.110548
167	0.166923
167	0.0783834
167	0.0935871
167	0.0578587
167	0.0604546
167	0.0810372
167	0.062337
167	0.0236356
167	0.106807
167	0.105884
167	0.0661296
167	0.0964351
167	0.0974563
167	0.0914561
167	0.154371
167	0.082469
167	0.0717526
167	0.0506353
167	0.0680831
167	0.0565456
167	0.0754189
167	0.0773254
167	0.144034
167	0.0479329
167	0.0917121
167	0.0611739
167	0.071966
167	0.0817577
167	0.127118
167	0.052547
167	0.0934812
167	0.0342035
167	0.127586
167	0.113366
167	0.0533447
167	0.104148
167	0.112315
167	0.0499322
167	0.0458306
167	0.158879
167	0.0445609
167	0.0683585
167	0.0368991
167	0.00681818
167	0.0712361
167	0.0813007
167	0.0154412
167	0.0301073
170	0.0724552
170	0.0839666
170	0.10909
170	0.0829317
170	0.0650687
170	0.0799737
170	0.0819689
170	0.049482
170	0.0176586
170	0.117927
170	0.0834187
170	0.0460289
170	0.141691
170	0.056665
170	0.0350095
170	0.062664
170	0.101592
170	0.0346659
170	0.145948
170	0.049712
170	0.0824456
170	0.0514036
170	0.0975518
170	0.146373
170	0.0330587
170	0.046582
170	0.0994695
170	0.104988
170	0.10299
170	0.0805577
170	0.0914654
170	0.101534
170	0.0334924
170	0.0657103
170	0.114982
170	0.133905
170	0.0609901
170	0.0812678
170	0.0794727
170	0.0745819
170	0.0977542
170	0.0902261
170	0.0936295
170	0.111521
170	0.0476689
170	0.118986
170	0.1116
170	0.0990803
170	0.0718126
170	0.106823
170	0.0722082
170	0.0583834
170	0.0742684
170	0.0495942
170	0.091984
170	0.0961913
170	0.072938
170	0.0797901
170	0.0798595
170	0.06693
170	0.0724839
170	0.0511956
170	0.085968
170	0.0404142
170	0.0775021
170	0.102845
170	0.0706232
170	0.0392203
170	0.0348098
170	0.0793623
170	0.0732804
170	0.06604
170	0.0834396
170	0.0831847
170	0.0130416
170	0.0684529
170	0.0626558
170	0.0482194
170	0.0808473
170	0.0893673
170	0.0844311
170	0.086728
170	0.0381137
170	0.0617761
170	0.0676835
170	0.0206438
170	0.0831594
170	0.0731487
170	0.0470507
170	0.0758843
170	0.063687
170	0.0665067
170	0.0257353
170	0.0795548
170	0.0895646
170	0.0458994
170	0.0593861
170	0.0841751
170	0.0575131
170	0.0521127
173	0.0839543
173	0.0488065
173	0.0678914
173	0.113255
173	0.0378385
173	0.0652065
173	0.0358638
173	0.0708152
173	0.061056
173	0.0832504
173	0.0369263
173	0.0313433
173	0.103918
173	0.103956
173	0.11057
173	0.129374
173	0.0813967
173	0.0891813
173	0.0823486
173	0.114446
173	0.0316662
173	0.081477
173	0.00514706
173	0.0705992
173	0.0674531
173	0.0523733
173	0.0914898
173	0.0299363
173	0.005
173	0.0316176
173	0.0942803
173	0.0807807
173	0.111372
173	0.0593903
173	0.0744302
173	0.0993084
173	0.0357947
173	0.0800068
173	0.0745669
173	0.0639544
173	0.0575758
173	0.0828768
173	0.0880303
173	0.0955828
173	0.0892509
173	0.067233
173	0.0885385
173	0.0596913
173	0.135402
173	0.0191238
173	0.087393
173	0.11237
173	0.0981193
173	0.0659532
173	0.0570359
173	0.09609
173	0.0832189
173	0.0814191
173	0.0581242
173	0.085978
173	0.0748192
173	0.0824841
173	0.0652722
173	0.0312994
173	0.093779
173	0.0768317
173	0.126428
173	0.0634374
173	0.0380665
173	0.0610399
173	0.0307284
173	0.0229704
173	0.0205696
173	0.21309
173	0.135451
173	0.0807551
173	0.130969
173	0.0268947
173	0.0412991
173	0.0927338
173	0.0596229
173	0.0892902
173	0.0479403
173	0.0507115
173	0.0709301
173	0.0542153
173	0.133791
173	0.0392503
173	0.0810651
173	0.0630523
173	0.153698
173	0.0340284
173	0.0839489
173	0.0430586
173	0.11065
173	0.00942029
173	0.150231
173	0.0374138
173	0.0513404
173	0.0138891
176	0.0330672
176	0.0920404
176	0.0382907
176	0.0460803
176	0.100204
176	0.0752418
176	0.00787417
176	0.0793228
176	0.138459
176	0.115065
176	0.0648033
176	0.0436792
176	0.100038
176	0.015
176	0.0719377
176	0.0533784
176	0.0738205
176	0.0784193
176	0.0461414
176	0.0262632
176	0.131508
176	0.0996472
176	0.0609323
176	0.0674963
176	0.131466
176	0.132654
176	0.119678
176	0.0518774
176	0.0644918
176	0.0243243
176	0
176	0.130859
176	0.0569008
176	0.0360713
176	0.0310166
176	0.0636422
176	0.0695556
176	0.034435
176	0.0539729
176	0.0601793
176	0.105065
176	0.0633894
176	0.0774748
176	0.0209404
176	0.0244976
176	0.082301
176	0.0823433
176	0.0487871
176	0.115475
176	0.0444896
176	0.00612603
176	0.0246269
176	0.0662073
176	0.0668828
176	0.0820966
176	0.0573818
176	0.120249
176	0.0407692
176	0.121977
176	0.0422563
176	0.0386536
176	0.0429214
176	0.0175599
176	0.025139
176	0.0518407
176	0.0368024
176	0.0595346
176	0.0722974
176	0.077695
176	0.0909034
176	0.0774557
176	0.113302
176	0.0460922
176	0.0243992
176	0.0847288
176	0.0824956
176	0.0344125
176	0.0235036
176	0.129493
176	0.0489735
176	0.122998
176	0.0342762
176	0.0410839
176	0.0381533
176	0.0680005
176	0.0734529
176	0.087756
176	0.0779831
176	0.0505564
176	0.0665571
176	0.0554236
176	0.0659378
176	0.109223
176	0.0838972
176	0.0315572
176	0.110855
176	0.0900775
176	0.019403
176	0.029652
176	0.0500078
179	0.0477349
179	0.0775336
179	0.0425271
179	0.0580237
179	0.0569375
179	0
179	0.0647469
179	0.07095
179	0.116953
179	0.0635198
179	0.09134
179	0.062151
179	0.0128995
179	0.163193
179	0.0920244
179	0.0752498
179	0.120734
179	0.0944173
179	0.0374441
179	0.082421
179	0.114727
179	0.0931216
179	0.0650513
179	0.045026
179	0.107363
179	0.0266738
179	0.056323
179	0.132436
179	0.00227273
179	0.0513354
179	0.0604945
179	0.0373857
179	0.0914423
179	0.0951267
179	0.0418822
179	0.00578967
179	0.065108
179	0.163433
179	0.0449217
179	0.0158196
179	0.036416
179	0.0496434
179	0.082306
179	0.0699989
179	0.0578867
179	0.126782
179	0.0343468
179	0.0515348
179	0.0365349
179	0.0373882
179	0.0344033
179	0.0617064
179	0.0496992
179	0.0341412
179	0.0279751
179	0.141288
179	0.00677366
179	0.0561095
179	0.0708285
179	0.031437
179	0.0514077
179	0.0463614
179	0.0283361
179	0.0668302
179	0.0656852
179	0.0989493
179	0.0677397
179	0.00832827
179	0.0484877
179	0.0311812
179	0.0558275
179	0.0894525
179	0.0352681
179	0.0415465
179	0.0771026
179	0.0809273
179	0.0691368
179	0.0495577
179	0.055425
179	0.111644
179	0.0425107
179	0.0523391
179	0.0461626
179	0.119292
179	0.0746443
179	0.0299486
179	0.0542607
179	0.0933844
179	0.0941629
179	0.0814144
179	0.0756298
179	0.0681738
179	0.0407506
179	0.0498651
179	0.0593875
179	0.0446316
179	0.0553074
179	0.0209788
179	0.117646
179	0.109089
182	0.0442324
182	0.0694992
182	0.0460805
182	0.0578913
182	0.0452466
182	0.0227273
182	0.0830126
182	0.0607768
182	0.0663349
182	0.0298577
182	0.0528986
182	0.0274328
182	0.109407
182	0.0219428
182	0.0552732
182	0.0423753
182	0.052381
182	0.00418898
182	0.0215121
182	0.0544118
182	0.0910501
182	0.0345214
182	0.126104
182	0.0996226
182	0.0763954
182	0.00564516
182	0.0279093
182	0.0468956
182	0.0820927
182	0.0687893
182	0.0602082
182	0.0440536
182	0.00486298
182	0.0508177
182	0.10474
182	0.0691644
182	0.0220905
182	0.0932035
182	0.0338802
182	0.0466475
182	0.083912
182	0.102137
182	0.0530206
182	0.0664519
182	0.0564877
182	0.0465882
182	0.081658
182	0.0819119
182	0.0449433
182	0.0718132
182	0.112018
182	0.0579284
182	0.0679822
182	0.0646404
182	0.0838122
182	0.036776
182	0.102134
182	0.0419687
182	0.058577
182	0.13921
182	0.0384344
182	0.0297101
182	0.0411388
182	0.0476185
182	0.0768478
182	0.180939
182	0.0446419
182	0.0274833
182	0.105326
182	0.0319375
182	0.0739363
182	0.0233705
182	0.0223406
182	0.0751754
182	0.0470954
182	0.0747844
182	0.0461767
182	0.0446087
182	0.057027
182	0.0858589
182	0.00923077
182	0.0202591
182	0.0361739
182	0.0625003
182	0.0387285
182	0.0782503
182	0.0169701
182	0.0478571
182	0.0327375
182	0.0202524
182	0.0615106
182	0.0324909
182	0.0219909
182	0.10025
182	0.0362549
182	0.0150794
182	0.0609604
182	0.0452599
182	0.0503041
182	0.0557194
185	0.0242857
185	0.085366
185	0.0799329
185	0.0485407
185	0.0635824
185	0.0707896
185	0.0506689
185	0.0298738
185	0.0699354
185	0.0790606
185	0.0844984
185	0.0482163
185	0.0698756
185	0.0617188
185	0.0388815
185	0.058809
185	0.0644779
185	0.04835
185	0.104618
185	0.0805719
185	0.069009
185	0.0984381
185	0.0569515
185	0.0316176
185	0.0201493
185	0.0563607
185	0.0718759
185	0.0753316
185	0.0355734
185	0.0664041
185	0.0833605
185	0.0731444
185	0.0915614
185	0.0602846
185	0.0660148
185	0.0223472
185	0.0666456
185	0.0279135
185	0.0671501
185	0.0431089
185	0.123197
185	0.0399644
185	0.0586167
185	0.0221495
185	0.131628
185	0.0775192
185	0.0408651
185	0.0797222
185	0.0733109
185	0.0970998
185	0.0634001
185	0.075656
185	0.0550022
185	0.019487
185	0.0579423
185	0.0315262
185	0.0542066
185	0.0981312
185	0.0151655
185	0.0550697
185	0.0362243
185	0.0695648
185	0.041199
185	0.0956724
185	0.0957091
185	0.0423792
185	0.0865013
185	0.0424466
185	0.0900795
185	0.0274927
185	0.0769949
185	0.0241797
185	0.0598384
185	0.0268657
185	0.052398
185	0.0483878
185	0.0614522
185	0.0665013
185	0.105223
185	0.039737
185	0.0250812
185	0.0969419
185	0.0784513
185	0.0651377
185	0.0934396
185	0.0316176
185	0.0501083
185	0.096816
185	0.0640504
185	0.0648865
185	0.0414027
185	0.0251027
185	0.109151
185	0.110365
185	0.0834101
185	0.0569856
185	0.0946776
185	0.0497248
185	0.0370246
185	0.0953253
188	0.060917
188	0.0761392
188	0.0574495
188	0.0468307
188	0.0198383
188	0.0896502
188	0.0113636
188	0.0332544
188	0.0429577
188	0.08415
188	0.029335
188	0.0246252
188	0.0279412
188	0.0495247
188	0.0551041
188	0.0263014
188	0.0653957
188	0.0591479
188	0.0659454
188	0.0615942
188	0.0331992
188	0.0343596
188	0.0494761
188	0.0686567
188	0.0764373
188	0.0470532
188	0.0603987
188	0.0733335
188	0.0764386
188	0.0709504
188	0.0630422
188	0.0869239
188	0.0293136
188	0.0960671
188	0.0530345
188	0.0831643
188	0.103129
188	0.0661944
188	0.0706792
188	0.0930433
188	0.0311594
188	0.0424788
188	0.101875
188	0.0453175
188	0.0697902
188	0.0472445
188	0.0399166
188	0.0662319
188	0.0753927
188	0.0532514
188	0.0979566
188	0.0410128
188	0.0787528
188	0.0521429
188	0.142972
188	0.0646365
188	0.0192857
188	0.0644022
188	0.0218928
188	0.0651054
188	0.0936583
188	0.0603526
188	0.107025
188	0.0398389
188	0.0634883
188	0.129923
188	0.0466629
188	0.0979631
188	0.0344897
188	0.0105634
188	0.0543586
188	0.0765388
188	0.0961234
188	0.0466983
188	0.0153226
188	0.106191
188	0.0262802
188	0.0548195
188	0.00410959
188	0.0565177
188	0.0681964
188	0.0818867
188	0.0523766
188	0.0244523
188	0.0506935
188	0.0346902
188	0.0861079
188	0.0489501
188	0.0516
188	0.0291065
188	0.0504494
188	0.0476539
188	0.0260491
188	0.0433822
188	0.0596772
188	0.0492647
188	0.0180166
188	0.100958
188	0.0354762
188	0.00853785
191	0.086441
191	0.0288083
191	0.0429182
191	0.0682559
191	0.0436574
191	0.0546928
191	0.0356967
191	0.0507512
191	0.125938
191	0.0517932
191	0.052313
191	0.023933
191	0.0609505
191	0.0333916
191	0.0310323
191	0.0374359
191	0.0725928
191	0.0319275
191	0.0493925
191	0.0484849
191	0.0782385
191	0.038883
191	0.0632973
191	0.046801
191	0.0546057
191	0.0584102
191	0.0195652
191	0.0436598
191	0.0123447
191	0.0685659
191	0.0441852
191	0.0488356
191	0.0368056
191	0.0718904
191	0.0395128
191	0.045182
191	0.025113
191	0.0564926
191	0.0715947
191	0.0894555
191	0.064393
191	0.0594738
191	0.0325136
191	0.0285714
191	0.04295
191	0.0528243
191	0.0745904
191	0.0470588
191	0.0782527
191	0.0517727
191	0.0101077
191	0.0717576
191	0.0261745
191	0.0831991
191	0.0628825
191	0.0319444
191	0.034661
191	0.0371485
191	0.100737
191	0.0727414
191	0.0697771
191	0.0699194
191	0.085788
191	0.0507463
191	0.0651615
191	0.0797104
191	0.023913
191	0.0580005
191	0.0668525
191	0.0172722
191	0.0714988
191	0.0212413
191	0.0507889
191	0.0298507
191	0.0439179
191	0.0934518
191	0.0442857
191	0.0487319
191	0.0174215
191	0.0846277
191	0.0746398
191	0.0615498
191	0.0924999
191	0.0395358
191	0.121824
191	0.0346077
191	0.0285975
191	0.0628143
191	0.0422694
191	0.0368288
191	0.060502
191	0.045732
191	0.0578894
191	0.0568965
191	0.0521429
191	0.0592652
191	0.0314516
191	0.0630355
191	0.0999905
191	0.0451425
194	0.0502844
194	0.0615819
194	0.0466167
194	0.0953333
194	0.0676923
194	0.068254
194	0.0468096
194	0.0332925
194	0.0893048
194	0.0317854
194	0.0998219
194	0.0336277
194	0.0375799
194	0.0338964
194	0.00724638
194	0.0442536
194	0.075534
194	0.0682494
194	0.0590767
194	0.0404732
194	0.0353
194	0.0173913
194	0.0446582
194	0.0567313
194	0.0229209
194	0.0819839
194	0.0407024
194	0.00613411
194	0.0217557
194	0.0239506
194	0.0512288
194	0.0314684
194	0.0548225
194	0.0661667
194	0.030194
194	0.0494322
194	0.0330769
194	0.0468626
194	0.0889721
194	0.0202899
194	0.0173407
194	0.108245
194	0.0430149
194	0.0668811
194	0.0650908
194	0.0297352
194	0.038806
194	0.0638597
194	0.0551368
194	0.0719349
194	0.0897786
194	0.0531653
194	0.0251168
194	0.0435103
194	0.0394416
194	0.0646954
194	0.104247
194	0.0346978
194	0.0348695
194	0.123983
194	0.0393443
194	0.0911326
194	0.0421587
194	0.0180888
194	0.0171429
194	0.023174
194	0.040715
194	0.0702914
194	0.0305447
194	0.0199036
194	0.0533065
194	0.0191642
194	0.0659905
194	0.041416
194	0.0535072
194	0.0543237
194	0.0323765
194	0.0358768
194	0.0566673
194	0.0142857
194	0.0581274
194	0.0703724
194	0.0318997
194	0.0836197
194	0.100496
194	0.0471447
194	0.0443896
194	0.0452504
194	0.0258801
194	0.0555556
194	0.0602457
194	0.0138546
194	0.0358209
194	0.0554146
194	0.0613332
194	0.073164
194	0.0365672
194	0.035985
194	0.0299463
194	0.0239193
197	0.0216418
197	0.0930387
197	0.0478897
197	0.0414518
197	0.0453003
197	0.0225912
197	0.0303147
197	0.0150794
197	0.0911055
197	0.0457326
197	0.0474053
197	0.0410693
197	0.0363532
197	0.046882
197	0.0700384
197	0.0460853
197	0.0435122
197	0.0393291
197	0.0482832
197	0.0297653
197	0.058529
197	0.0305251
197	0.0252844
197	0.0744878
197	0.0445962
197	0.0201628
197	0.0413707
197	0.0560616
197	0.0183824
197	0.0178802
197	0.0814373
197	0.0375776
197	0.0616653
197	0.0234074
197	0.0526226
197	0.0647786
197	0.0841941
197	0.0372833
197	0.0483974
197	0.034926
197	0.0382477
197	0.0463457
197	0.0518639
197	0.0361188
197	0.0399321
197	0.0216791
197	0.0601145
197	0.0492892
197	0.109246
197	0.0618291
197	0.0477941
197	0.0137023
197	0.0374673
197	0.0392748
197	0.0176471
197	0.0195205
197	0.0481557
197	0.0708319
197	0.0527919
197	0.0231086
197	0.0305458
197	0.0781192
197	0.015
197	0.0740003
197	0.0552971
197	0.0449703
197	0.0543733
197	0.0342393
197	0.0502142
197	0.0108696
197	0.0253731
197	0.0187209
197	0.030365
197	0.0710655
197	0.0417564
197	0.0966683
197	0.0314733
197	0.049134
197	0.0959624
197	0.0415385
197	0.0396926
197	0.0534572
197	0.0574487
197	0.110641
197	0.0323431
197	0.0140655
197	0.0253968
197	0.0524767
197	0.0362886
197	0.0249292
197	0.0696716
197	0.0318096
197	0.0232184
197	0.0416356
197	0.0700646
197	0.00693927
197	0.0218353
197	0.0140845
197	0.101843
197	0.0363636
200	0.0498897
200	0.0302842
200	0.0739034
200	0.0478614
200	0.0261892
200	0.0540204
200	0.0924113
200	0.0360027
200	0.0639217
200	0.0586762
200	0.0219697
200	0.0543231
200	0.0252682
200	0.0405517
200	0.0321429
200	0.0588916
200	0.0370043
200	0.0205536
200	0.0270232
200	0.114021
200	0.0343622
200	0.0150491
200	0.0408451
200	0.0249523
200	0.0646695
200	0.0741104
200	0.0214701
200	0.0269841
200	0.0605017
200	0.0411204
200	0.0407835
200	0.0350022
200	0.0347446
200	0.016492
200	0.0774395
200	0.0640202
200	0.0379623
200	0.0505456
200	0.0618174
200	0.0562333
200	0.0609799
200	0.0246652
200	0.0242647
200	0
200	0.0345644
200	0.0749753
200	0.0356435
200	0.0753966
200	0.0399188
200	0.0216583
200	0.026376
200	0.0531233
200	0.0238032
200	0.0528079
200	0.050851
200	0.0223192
200	0.0613355
200	0.0666093
200	0.0374631
200	0.0341141
200	0.0439023
200	0.0274349
200	0.045758
200	0.125296
200	0.0181159
200	0.0798208
200	0.0265966
200	0.0435654
200	0.0321316
200	0.0273291
200	0.0330086
200	0.0469905
200	0.0420345
200	0.0929393
200	0.035846
200	0.0340135
200	0.0441365
200	0.0368798
200	0.0525528
200	0.0865542
200	0.0498617
200	0.052097
200	0.0264286
200	0.0121429
200	0.0145958
200	0.00811435
200	0.0484067
200	0.039295
200	0.0341087
200	0.0572641
200	0.0355789
200	0.0208112
200	0.042116
200	0.0554841
200	0.0527546
200	0.045774
200	0.0532616
200	0.0419711
200	0.122767
200	0.0253984
203	0.075709
203	0.0634362
203	0.0546453
203	0.0593726
203	0.0108333
203	0.0397708
203	0.026087
203	0.0493482
203	0.00949107
203	0.0871766
203	0.0484089
203	0.01875
203	0.0310657
203	0.0460166
203	0.0431041
203	0.0208369
203	0.0550878
203	0.0710517
203	0.0390373
203	0.0875664
203	0.0200677
203	0.0727609
203	0.0512599
203	0.0460982
203	0.0188621
203	0.0272059
203	0.0252396
203	0.0190141
203	0.0449272
203	0.101669
203	0.0130435
203	0.0439037
203	0.0257143
203	0.0251115
203	0.0709662
203	0.0560606
203	0.0294864
203	0.0345588
203	0.0328583
203	0.0433431
203	0.0548517
203	0.0344919
203	0.0354203
203	0.0734381
203	0.0238993
203	0
203	0.00882353
203	0.0632087
203	0.0490704
203	0.0215828
203	0.0272131
203	0.0282078
203	0.063462
203	0.0119403
203	0.0265784
203	0.0313779
203	0.00524738
203	0.0726331
203	0.0556469
203	0.00454545
203	0.0255014
203	0.0419717
203	0.0377268
203	0.0271727
203	0.044697
203	0.0464345
203	0.0226519
203	0.0456376
203	0.0629601
203	0.0395161
203	0.0395787
203	0.0228941
203	0.0195443
203	0.0872956
203	0.0618056
203	0.0606153
203	0.0507526
203	0.0442074
203	0.0981485
203	0.0101449
203	0.0337815
203	0.0279461
203	0.0549941
203	0.0631153
203	0.0183693
203	0.0463167
203	0.039114
203	0.0256527
203	0.0346677
203	0.0501211
203	0.0851953
203	0.0186691
203	0.0309826
203	0.0158683
203	0.0481731
203	0.0602556
203	0.0144325
203	0.0775861
203	0.0672457
203	0.0392308
206	0.0209459
206	0.0300541
206	0.0484095
206	0.0233816
206	0.0699269
206	0.0184615
206	0.0289639
206	0.0249458
206	0.0308824
206	0.0528435
206	0.0521429
206	0.061012
206	0.0220588
206	0.0141779
206	0.0298352
206	0.0351351
206	0.051342
206	0.0604096
206	0.067279
206	0.0436699
206	0.023597
206	0.0273742
206	0.0956722
206	0.0514666
206	0.0352695
206	0.0187323
206	0.015
206	0.043243
206	0.146151
206	0.0101216
206	0.0248766
206	0.0221816
206	0.0451613
206	0.0499315
206	0.0278007
206	0.00461538
206	0.00783862
206	0.0574851
206	0.0138462
206	0.0236896
206	0.045624
206	0
206	0.0164062
206	0.0306366
206	0.106707
206	0.0630205
206	0.0555077
206	0.0615251
206	0.0264021
206	0.0566553
206	0.0788584
206	0.0204256
206	0.0272727
206	0.0486568
206	0.00802351
206	0.0103965
206	0.0203693
206	0.0313433
206	0.0285568
206	0.0291299
206	0.0354687
206	0.0341056
206	0.0361805
206	0.0142607
206	0.0470651
206	0.0697129
206	0.00294407
206	0.0400591
206	0.0103505
206	0.05
206	0.0284074
206	0.0296228
206	0.0218969
206	0.0179064
206	0.0445863
206	0.0232163
206	0.050652
206	0.0551708
206	0.0232708
206	0.0121212
206	0.0716418
206	0.00869565
206	0.0396433
206	0.0438752
206	0.0335933
206	0.017906
206	0.0379476
206	0.0563026
206	0.0472603
206	0.0155753
206	0.131194
206	0.0232816
206	0.0432127
206	0.0163559
206	0.0367486
206	0.00881302
206	0.0383069
206	0.0269737
206	0.0413012
206	0.0220492
209	0.0152174
209	0.00703187
209	0.026697
209	0.0222934
209	0.0203718
209	0.0122168
209	0.00814206
209	0.0221385
209	0.0269063
209	0.0343538
209	0.0328571
209	0.0251295
209	0.0120784
209	0.0186433
209	0.157937
209	0.0748642
209	0.0557143
209	0.0197183
209	0.00792841
209	0.0370898
209	0.0243078
209	0.0297107
209	0.0239637
209	0.025
209	0.0728829
209	0.0376045
209	0.00492958
209	0.00942029
209	0.0557772
209	0.0353813
209	0.0236508
209	0.0127979
209	0.0128571
209	0.0296499
209	0.047595
209	0.0340954
209	0.0097539
209	0.0328571
209	0.0176235
209	0.0443484
209	0.0218756
209	0.0494825
209	0.0405987
209	0.0204251
209	0.0204006
209	0.0440778
209	0.0475708
209	0.0268991
209	0.0258556
209	0.00596837
209	0.0496646
209	0.0187509
209	0.00217391
209	0.0276338
209	0.0176056
209	0.0483492
209	0.0176584
209	0.0284812
209	0.0683282
209	0.0449946
209	0.0245694
209	0.0110294
209	0.0205136
209	0.0130435
209	0.00256982
209	0.0532594
209	0.0276001
209	0.0266454
209	0.0419687
209	0.0128571
209	0.0239841
209	0.0180464
209	0.0247557
209	0.023913
209	0.0357676
209	0.0313616
209	0.0285407
209	0.0465283
209	0.0211668
209	0.0720752
209	0.0346104
209	0.0205862
209	0.0241663
209	0.0263191
209	0.0321257
209	0.023414
209	0.0452808
209	0.121805
209	0.00214286
209	0.0670045
209	0.0100129
209	0.0209677
209	0.0705351
209	0
209	0.0369207
209	0.0529412
209	0.0597573
209	0.0425374
209	0.0679904
209	0.00708019
212	0
212	0.0448056
212	0.0451357
212	0.0268116
212	0.0334975
212	0.0339542
212	0.0560429
212	0.0274685
212	0.0227758
212	0.0294111
212	0.0339136
212	0.080303
212	0.0131397
212	0.0147887
212	0.00661765
212	0.0164179
212	0.00669284
212	0.0614865
212	0.0128571
212	0.0241145
212	0.0421194
212	0.0300899
212	0.0478083
212	0.0377265
212	0.0340808
212	0.054966
212	0.00746269
212	0.0349319
212	0.0311153
212	0.00792203
212	0.0130435
212	0.0453419
212	0.0233019
212	0.0357291
212	0.0135487
212	0.0406305
212	0.0564956
212	0.0138462
212	0.0260028
212	0.0213235
212	0.00220588
212	0.00869565
212	0.00796512
212	0.0466342
212	0.0347896
212	0.0381422
212	0.0219982
212	0.0301294
212	0.0660165
212	0.0314286
212	0.0310191
212	0.0104916
212	0.0335821
212	0.00769231
212	0.0234904
212	0.0250438
212	0.0317104
212	0.0206938
212	0.090504
212	0.0367647
212	0.069403
212	0.034404
212	0.0418579
212	0.0499377
212	0.0164813
212	0.0346187
212	0.00214286
212	0
212	0.0405693
212	0.0391783
212	0.0276923
212	0.031963
212	0.0208346
212	0.0419529
212	0.0264335
212	0.0299635
212	0.0365282
212	0.0455594
212	0.0263435
212	0.015642
212	0.0422507
212	0.0282552
212	0.0136765
212	0.0219689
212	0.0392857
212	0.0149735
212	0.0152174
212	0.0166667
212	0.0276923
212	0.0188056
212	0.0288026
212	0.0226563
212	0.0102349
212	0.0305562
212	0.019424
212	0.0497469
212	0.0146398
212	0.0355465
212	0.0390741
212	0.0272059
215	0.0119403
215	0.0173089
215	0.00725277
215	0.0159928
215	0.0138191
215	0.0210145
215	0.0625765
215	0.0187514
215	0.037633
215	0.0232126
215	0.0410259
215	0.0278859
215	0.0992647
215	0.0140521
215	0.0666667
215	0.0326632
215	0.00661765
215	0.0184727
215	0.0415132
215	0.0261635
215	0.0258358
215	0.0234237
215	0.00626078
215	0.00217391
215	0.0280596
215	0
215	0.0113636
215	0.00840204
215	0.0292065
215	0.00434783
215	0.0242647
215	0.0228571
215	0.0308824
215	0.0102655
215	0.0289686
215	0.0405962
215	0.01
215	0.0323033
215	0.0084507
215	0.0088334
215	0.00214286
215	0.0327607
215	0.0288726
215	0.0121423
215	0.0201493
215	0.0204545
215	0.0386128
215	0.00461538
215	0.0377265
215	0.0181159
215	0.0193108
215	0.0149461
215	0.0101351
215	0.0522388
215	0
215	0.0299308
215	0.0230185
215	0.0157475
215	0.00724638
215	0.00492958
215	0.0166146
215	0.0276119
215	0.035543
215	0.0264117
215	0.0108739
215	0.0889325
215	0.0348226
215	0
215	0.0287275
215	0.0195119
215	0.0172375
215	0.0230159
215	0.040356
215	0.0352941
215	0.0334096
215	0.00583049
215	0.0129655
215	0.0326807
215	0.0213773
215	0.0362784
215	0.0290311
215	0.0445086
215	0.023746
215	0.0666667
215	0.0182658
215	0.014557
215	0.00692308
215	0.044455
215	0.0132353
215	0.0424994
215	0.0125041
215	0.0823607
215	0.020454
215	0.0082933
215	0.0141228
215	0.0395356
215	0.0138462
215	0.0339145
215	0.0144399
215	0.0139925
218	0.0232442
218	0.0179937
218	0.00434783
218	0.00857143
218	0.0192857
218	0.00799228
218	0.0321429
218	0.0321483
218	0.0104347
218	0.00365031
218	0.0108696
218	0.00258241
218	0.0379511
218	0.0196109
218	0.0119047
218	0.00909091
218	0.0223726
218	0.0288235
218	0.0549774
218	0.0433428
218	0.0131944
218	0.0214051
218	0.00454545
218	0.0117101
218	0.00458575
218	0.0107019
218	0.0372978
218	0.0165706
218	0.0105039
218	0.0209422
218	0.0447761
218	0.00536383
218	0.0152296
218	0
218	0.0931818
218	0.0272989
218	0.0211188
218	0.020329
218	0.0242461
218	0.0226007
218	0.00818009
218	0.0131427
218	0.013967
218	0.0194444
218	0.0337458
218	0.0146154
218	0.009729
218	0.00498499
218	0.00434783
218	0.0275337
218	0
218	0.00223881
218	0.00766571
218	0.0209302
218	0.0112469
218	0.0286765
218	0.011318
218	0.00928571
218	0.00577458
218	0.00735294
218	0.0205476
218	0.0104984
218	0.00290209
218	0.015809
218	0.00533643
218	0.011727
218	0.0139706
218	0.0286925
218	0.0103943
218	0.0818296
218	0.00959168
218	0.0335969
218	0.047249
218	0.00671642
218	0.0189394
218	0.0165927
218	0.0231343
218	0.0113448
218	0.0779412
218	0
218	0.0159091
218	0.0334007
218	0.00428571
218	0.0146154
218	0.0221886
218	0.0379354
218	0.0157825
218	0
218	0.00857143
218	0.0134997
218	0.0141791
218	0.0914062
218	0.00917287
218	0.0261058
218	0.00555825
218	0.0168217
218	0.00692308
218	0.0134313
218	0.00227273
218	0.0130971
221	0.00936555
221	0.0428783
221	0.0583333
221	0.0244422
221	0.0112676
221	0.0164053
221	0.0172523
221	0.0287337
221	0.00947823
221	0.00492958
221	0.00223655
221	0.114286
221	0.0358209
221	0.02679
221	0.00461538
221	0.0058814
221	0
221	0.016024
221	0.00490159
221	0.0180883
221	0.0101446
221	0.0123077
221	0.030597
221	0.0225096
221	0.0133441
221	0.0269785
221	0.0254554
221	0.00227273
221	0.0221041
221	0.00447761
221	0.00704225
221	0.00623233
221	0.0107335
221	0.00514706
221	0.0214063
221	0.0123982
221	0.032806
221	0.00633803
221	0.0208666
221	0.00214286
221	0.01589
221	0
221	0.00230769
221	0.0125
221	0.00441176
221	0.024133
221	0.0104478
221	0.00223881
221	0.00681818
221	0.00223881
221	0
221	0.00942029
221	0.00522388
221	0.0129388
221	0.00730543
221	0.00461538
221	0.0681229
221	0.00546875
221	0.0262552
221	0.0108696
221	0.0228571
221	0.0631054
221	0.00440358
221	0.00608108
221	0
221	0.05
221	0.0174614
221	0.0216418
221	0.0127378
221	0.0319989
221	0.0480712
221	0.0146738
221	0.0322965
221	0.0246817
221	0.0124717
221	0.00463447
221	0.0230934
221	0.018482
221	0.0264286
221	0.005
221	0.0579532
221	0.0142106
221	0.0253731
221	0.0392553
221	0.0296351
221	0.0149446
221	0.00371308
221	0
221	0.0128281
221	0.0522727
221	0.0119403
221	0.00821918
221	0.00230769
221	0.0135714
221	0.0110294
221	0.0110294
221	0.00664238
221	0.0556452
221	0.0208573
221	0.00891718
224	0.00223881
224	0.00428571
224	0.0190476
224	0.0106445
224	0.00707763
224	0.0128788
224	0
224	0.0387786
224	0.0104236
224	0.0083067
224	0.0104718
224	0.00234503
224	0.0119403
224	0.0025185
224	0.0154412
224	0.00984848
224	0.00993702
224	0.0141785
224	0.0143939
224	0
224	0.0119403
224	0.00348227
224	0.00223881
224	0.075
224	0.00492958
224	0.00434783
224	0.00467186
224	0.0046939
224	0
224	0.0212791
224	0.0217361
224	0.0791045
224	0.0123544
224	0.00898613
224	0.00854819
224	0.0199952
224	0.00661765
224	0.00692308
224	0
224	0.0119403
224	0.00507246
224	0.00291659
224	0.0114518
224	0.0126984
224	0.0104167
224	0.00769231
224	0.00970149
224	0.0153674
224	0.0134778
224	0.0143728
224	0.0118427
224	0.00661765
224	0.00205479
224	0
224	0.00735294
224	0.00642857
224	0.00461538
224	0.00267531
224	0.0216216
224	0.00748173
224	0.011849
224	0.00890411
224	0.0151515
224	0.00311792
224	0.0030146
224	0.106522
224	0.00308034
224	0.0311197
224	0.00230769
224	0.0123188
224	0.0122322
224	0.005
224	0.00441188
224	0.00454545
224	0.00214286
224	0.00923077
224	0.00223881
224	0.0199985
224	0.00817589
224	0
224	0.00346581
224	0.00687507
224	0.00223881
224	0.00214286
224	0
224	0.0117647
224	0.015
224	0.00915051
224	0.0169161
224	0.0233394
224	0.00441176
224	0.0867647
224	0.028873
224	0.00260684
224	0.0111019
224	0.0386364
224	0
224	0.0425912
224	0.00241935
224	0
227	0.00223881
227	0.0321429
227	0
227	0.00202703
227	0.00393719
227	0.00890411
227	0
227	0
227	0.00245902
227	0.096
227	0
227	0
227	0.00492958
227	0
227	0
227	0.00241935
227	0.00211268
227	0.0608696
227	0
227	0.0108696
227	0
227	0.0514286
227	0.0110663
227	0
227	0.00241935
227	0.00410959
227	0
227	0.00230769
227	0.00422535
227	0
227	0
227	0.00217391
227	0
227	0.00280384
227	0.00205479
227	0
227	0.0431507
227	0.00211268
227	0
227	0.00471752
227	0.0212121
227	0
227	0
227	0.00441176
227	0
227	0
227	0.0205882
227	0.0456522
227	0
227	0.00768081
227	0.00735294
227	0.00401504
227	0
227	0
227	0.00209944
227	0
227	0.0149492
227	0.00428571
227	0.00985915
227	0.0129886
227	0
227	0
227	0
227	0
227	0
227	0.00214286
227	0
227	0.00767538
227	0
227	0.00217391
227	0.00609131
227	0
227	0.00371411
227	0.0104908
227	0.00942029
227	0.00483871
227	0
227	0.005
227	0.00220588
227	0.0431818
227	0
227	0
227	0.00223881
227	0.0044043
227	0.0024289
227	0.00227273
227	0.00322875
227	0.0529412
227	0
227	0
227	0.156716
227	0.00476191
227	0.0904412
227	0
227	0.00814686
227	0.0649254
227	0.00890411
227	0.00220588
227	0.00633803
227	0.00434783
230	0
230	0
230	0.0697183
230	0
230	0
230	0
230	0
230	0.00692308
230	0
230	0
230	0.0359155
230	0
230	0
230	0
230	0
230	0.0583333
230	0
230	0.0295455
230	0
230	0
230	0.0652174
230	0.0253521
230	0
230	0
230	0
230	0
230	0.028125
230	0.0520833
230	0
230	0
230	0.0738806
230	0
230	0.0316901
230	0
230	0
230	0
230	0.0134328
230	0.0431818
230	0.0492537
230	0
230	0
230	0
230	0
230	0
230	0
230	0.011194
230	0
230	0
230	0
230	0.0673913
230	0
230	0
230	0
230	0
230	0
230	0.0235714
230	0
230	0
230	0.0549296
230	0
230	0
230	0
230	0
230	0.0190141
230	0.00428571
230	0
230	0
230	0.075
230	0.0543478
230	0
230	0
230	0
230	0.0565217
230	0
230	0
230	0.0543478
230	0.116667
230	0.0166667
230	0
230	0
230	0
230	0.0278571
230	0
230	0
230	0
230	0
230	0
230	0.0862319
230	0
230	0
230	0.0816176
230	0
230	0
230	0
230	0
230	0
230	0.015
230	0.0342857
230	0
230	0
