var	minCostFlow
5	0.740587
5	0.790858
5	0.797885
5	0.754349
5	0.748767
5	0.711275
5	0.653935
5	0.746603
5	0.701886
5	0.723141
5	0.775111
5	0.736306
5	0.695788
5	0.718359
5	0.779808
5	0.745036
5	0.72122
5	0.745097
5	0.823593
5	0.698884
5	0.757565
5	0.800571
5	0.790063
5	0.720501
5	0.721369
5	0.787791
5	0.726096
5	0.759797
5	0.722635
5	0.821008
5	0.797139
5	0.804332
5	0.705545
5	0.758938
5	0.718696
5	0.762533
5	0.709995
5	0.841002
5	0.811729
5	0.748262
5	0.763949
5	0.757404
5	0.778726
5	0.802693
5	0.754165
5	0.745501
5	0.70205
5	0.742661
5	0.798967
5	0.735596
5	0.786588
5	0.715517
5	0.751907
5	0.75938
5	0.655867
5	0.693627
5	0.750763
5	0.729492
5	0.720907
5	0.831558
5	0.811277
5	0.793133
5	0.720451
5	0.737179
5	0.740237
5	0.805117
5	0.71174
5	0.751665
5	0.761463
5	0.733952
5	0.848819
5	0.762403
5	0.730189
5	0.840551
5	0.770067
5	0.813138
5	0.802461
5	0.731686
5	0.805462
5	0.827633
5	0.798633
5	0.812235
5	0.761204
5	0.776838
5	0.80491
5	0.760557
5	0.710168
5	0.773964
5	0.708541
5	0.779699
5	0.679853
5	0.68596
5	0.749057
5	0.823608
5	0.747972
5	0.723715
5	0.730549
5	0.799249
5	0.760153
5	0.757944
8	0.752263
8	0.866169
8	0.7834
8	0.789973
8	0.671925
8	0.761551
8	0.792932
8	0.782017
8	0.79841
8	0.815021
8	0.686058
8	0.756817
8	0.82778
8	0.78945
8	0.79619
8	0.768068
8	0.803939
8	0.744119
8	0.727965
8	0.748013
8	0.832272
8	0.740989
8	0.700731
8	0.793634
8	0.77175
8	0.668978
8	0.829435
8	0.693232
8	0.782526
8	0.7
8	0.749559
8	0.760543
8	0.796918
8	0.740538
8	0.807535
8	0.827199
8	0.763694
8	0.760478
8	0.80601
8	0.773396
8	0.821749
8	0.786863
8	0.721993
8	0.737181
8	0.805429
8	0.74229
8	0.831555
8	0.816724
8	0.721704
8	0.775671
8	0.75275
8	0.77626
8	0.752044
8	0.782186
8	0.74112
8	0.803114
8	0.786143
8	0.794138
8	0.77904
8	0.743629
8	0.79305
8	0.803907
8	0.717888
8	0.700239
8	0.767264
8	0.736616
8	0.80271
8	0.832238
8	0.793765
8	0.80747
8	0.775137
8	0.780752
8	0.719673
8	0.835465
8	0.719638
8	0.810438
8	0.768781
8	0.782318
8	0.740056
8	0.867561
8	0.784311
8	0.826501
8	0.790048
8	0.796907
8	0.736754
8	0.788411
8	0.774341
8	0.780252
8	0.828603
8	0.699124
8	0.774247
8	0.831083
8	0.789657
8	0.720742
8	0.742839
8	0.798886
8	0.844003
8	0.762657
8	0.724333
8	0.74242
11	0.832937
11	0.770494
11	0.751365
11	0.702783
11	0.780036
11	0.779785
11	0.807118
11	0.862504
11	0.736603
11	0.845049
11	0.764142
11	0.762008
11	0.798398
11	0.793109
11	0.783534
11	0.819173
11	0.819439
11	0.788566
11	0.79534
11	0.768212
11	0.821199
11	0.773732
11	0.789859
11	0.748738
11	0.766102
11	0.808964
11	0.743814
11	0.845365
11	0.809672
11	0.778693
11	0.799112
11	0.778927
11	0.706006
11	0.756845
11	0.838361
11	0.829076
11	0.74236
11	0.853409
11	0.81514
11	0.740306
11	0.821259
11	0.71343
11	0.815216
11	0.799165
11	0.79291
11	0.845041
11	0.829611
11	0.811704
11	0.741705
11	0.795477
11	0.795774
11	0.762787
11	0.747288
11	0.792142
11	0.764033
11	0.750589
11	0.801417
11	0.782838
11	0.82836
11	0.776723
11	0.821862
11	0.739855
11	0.77548
11	0.666274
11	0.717406
11	0.77604
11	0.754204
11	0.737137
11	0.782431
11	0.792504
11	0.804669
11	0.806383
11	0.788918
11	0.809548
11	0.783077
11	0.752282
11	0.747573
11	0.86283
11	0.789969
11	0.785597
11	0.701773
11	0.773245
11	0.840868
11	0.863354
11	0.838917
11	0.878146
11	0.809187
11	0.754882
11	0.805344
11	0.749779
11	0.785192
11	0.746707
11	0.725827
11	0.795771
11	0.779067
11	0.822451
11	0.739199
11	0.782366
11	0.79359
11	0.783947
14	0.740363
14	0.823846
14	0.735904
14	0.766134
14	0.793958
14	0.769995
14	0.821826
14	0.829022
14	0.784223
14	0.779726
14	0.803704
14	0.792372
14	0.822782
14	0.794062
14	0.763897
14	0.819479
14	0.847793
14	0.795337
14	0.804104
14	0.811051
14	0.812564
14	0.803583
14	0.817696
14	0.786228
14	0.82338
14	0.792159
14	0.742874
14	0.704841
14	0.736139
14	0.818576
14	0.829041
14	0.792729
14	0.832584
14	0.804736
14	0.798334
14	0.824071
14	0.819483
14	0.782996
14	0.725487
14	0.84047
14	0.794053
14	0.804112
14	0.781062
14	0.750839
14	0.783081
14	0.803517
14	0.812012
14	0.793466
14	0.804191
14	0.79496
14	0.76636
14	0.788103
14	0.792624
14	0.803594
14	0.793074
14	0.78398
14	0.815126
14	0.743793
14	0.820698
14	0.821165
14	0.767323
14	0.849625
14	0.812202
14	0.836266
14	0.779001
14	0.739781
14	0.841176
14	0.806725
14	0.847704
14	0.786106
14	0.751085
14	0.791613
14	0.756432
14	0.789188
14	0.792507
14	0.870103
14	0.814183
14	0.783159
14	0.76607
14	0.76326
14	0.710594
14	0.775762
14	0.784379
14	0.738811
14	0.822068
14	0.756811
14	0.801787
14	0.714898
14	0.789322
14	0.823759
14	0.820677
14	0.80929
14	0.804929
14	0.824406
14	0.799993
14	0.790492
14	0.778086
14	0.747397
14	0.796727
14	0.818299
17	0.856625
17	0.759484
17	0.758381
17	0.763046
17	0.760097
17	0.869318
17	0.839173
17	0.791791
17	0.742838
17	0.789082
17	0.785281
17	0.816211
17	0.88152
17	0.856058
17	0.774156
17	0.819595
17	0.787722
17	0.781061
17	0.693666
17	0.820854
17	0.800873
17	0.78174
17	0.691257
17	0.823465
17	0.84618
17	0.827197
17	0.841391
17	0.838591
17	0.753482
17	0.844115
17	0.79436
17	0.78782
17	0.870882
17	0.75178
17	0.836288
17	0.82943
17	0.840169
17	0.815935
17	0.837072
17	0.823121
17	0.726796
17	0.784539
17	0.81885
17	0.814934
17	0.870709
17	0.804235
17	0.84738
17	0.808608
17	0.783502
17	0.776016
17	0.815736
17	0.758433
17	0.826719
17	0.800045
17	0.860477
17	0.767524
17	0.825226
17	0.829647
17	0.761511
17	0.788286
17	0.777445
17	0.887885
17	0.822744
17	0.793762
17	0.824537
17	0.747461
17	0.76164
17	0.802001
17	0.822279
17	0.858192
17	0.814389
17	0.799323
17	0.831268
17	0.823557
17	0.784543
17	0.841624
17	0.805928
17	0.768401
17	0.766172
17	0.826326
17	0.826651
17	0.803986
17	0.813346
17	0.812671
17	0.745641
17	0.852216
17	0.839868
17	0.819504
17	0.800316
17	0.75555
17	0.777753
17	0.867471
17	0.784017
17	0.719992
17	0.8175
17	0.814686
17	0.772479
17	0.765705
17	0.805547
17	0.829501
20	0.852903
20	0.813198
20	0.835929
20	0.766787
20	0.837803
20	0.865366
20	0.797032
20	0.806662
20	0.876098
20	0.844161
20	0.848026
20	0.811914
20	0.763353
20	0.813581
20	0.774878
20	0.781274
20	0.76031
20	0.803135
20	0.801877
20	0.787882
20	0.793732
20	0.824883
20	0.806257
20	0.849704
20	0.790793
20	0.779322
20	0.780033
20	0.845956
20	0.780896
20	0.834079
20	0.819788
20	0.829003
20	0.741989
20	0.749606
20	0.850801
20	0.849963
20	0.774607
20	0.820825
20	0.797147
20	0.808483
20	0.803083
20	0.816535
20	0.809729
20	0.780033
20	0.774161
20	0.781156
20	0.804692
20	0.82344
20	0.80193
20	0.789442
20	0.755373
20	0.754873
20	0.844095
20	0.721342
20	0.831859
20	0.775053
20	0.777167
20	0.799714
20	0.758643
20	0.785849
20	0.812576
20	0.763727
20	0.818039
20	0.844852
20	0.801982
20	0.838116
20	0.78913
20	0.837564
20	0.800914
20	0.794688
20	0.785785
20	0.809841
20	0.765454
20	0.813006
20	0.780254
20	0.782757
20	0.789768
20	0.818699
20	0.890511
20	0.820191
20	0.79542
20	0.811711
20	0.757215
20	0.742888
20	0.779376
20	0.830792
20	0.820292
20	0.844987
20	0.821188
20	0.838789
20	0.81804
20	0.833312
20	0.765789
20	0.77668
20	0.807008
20	0.873184
20	0.804574
20	0.839856
20	0.855647
20	0.807424
23	0.805429
23	0.834063
23	0.849992
23	0.822288
23	0.811375
23	0.795251
23	0.910054
23	0.824847
23	0.829792
23	0.840467
23	0.824182
23	0.768769
23	0.780621
23	0.845786
23	0.769161
23	0.82375
23	0.827412
23	0.827438
23	0.835583
23	0.793263
23	0.809735
23	0.860029
23	0.761705
23	0.835521
23	0.793647
23	0.838461
23	0.841866
23	0.836044
23	0.746937
23	0.827479
23	0.841848
23	0.808639
23	0.83498
23	0.737778
23	0.78901
23	0.821766
23	0.797099
23	0.828001
23	0.790721
23	0.79637
23	0.813016
23	0.81645
23	0.831244
23	0.765514
23	0.860148
23	0.840571
23	0.820014
23	0.872068
23	0.82589
23	0.874414
23	0.82842
23	0.806324
23	0.793507
23	0.813822
23	0.845936
23	0.787603
23	0.841743
23	0.809325
23	0.743205
23	0.804613
23	0.772557
23	0.808681
23	0.820189
23	0.79607
23	0.825372
23	0.824606
23	0.842766
23	0.758768
23	0.884485
23	0.785908
23	0.85085
23	0.836173
23	0.778761
23	0.810841
23	0.817269
23	0.878683
23	0.802845
23	0.836467
23	0.82233
23	0.836744
23	0.834099
23	0.748375
23	0.801195
23	0.824197
23	0.840953
23	0.7952
23	0.745334
23	0.870664
23	0.81107
23	0.822966
23	0.757634
23	0.836548
23	0.796709
23	0.854006
23	0.838968
23	0.861799
23	0.785535
23	0.740606
23	0.812409
23	0.86851
26	0.823034
26	0.795344
26	0.828493
26	0.861206
26	0.821153
26	0.790241
26	0.852033
26	0.856269
26	0.780014
26	0.846806
26	0.847947
26	0.806152
26	0.838743
26	0.803264
26	0.875901
26	0.808932
26	0.845568
26	0.837976
26	0.706894
26	0.825855
26	0.880738
26	0.81156
26	0.775737
26	0.804022
26	0.802932
26	0.874833
26	0.858307
26	0.803486
26	0.793193
26	0.842126
26	0.842463
26	0.80196
26	0.791966
26	0.890604
26	0.776772
26	0.83947
26	0.846935
26	0.809137
26	0.781906
26	0.89467
26	0.848667
26	0.781769
26	0.760659
26	0.854173
26	0.834614
26	0.817565
26	0.77041
26	0.823173
26	0.792267
26	0.831307
26	0.833859
26	0.799378
26	0.838333
26	0.832956
26	0.804502
26	0.851791
26	0.740303
26	0.811285
26	0.80459
26	0.819831
26	0.809914
26	0.905635
26	0.736755
26	0.802741
26	0.849543
26	0.82689
26	0.791632
26	0.76987
26	0.879028
26	0.838203
26	0.838255
26	0.837147
26	0.749791
26	0.865874
26	0.818681
26	0.812303
26	0.819585
26	0.807197
26	0.802772
26	0.851051
26	0.862939
26	0.764353
26	0.785366
26	0.798306
26	0.862392
26	0.824948
26	0.826644
26	0.821114
26	0.870945
26	0.819573
26	0.840565
26	0.768131
26	0.777528
26	0.822844
26	0.845102
26	0.811379
26	0.798986
26	0.848534
26	0.801949
26	0.837025
29	0.810565
29	0.867807
29	0.835889
29	0.878427
29	0.752334
29	0.802661
29	0.821495
29	0.839766
29	0.877314
29	0.754777
29	0.865905
29	0.826898
29	0.843637
29	0.813075
29	0.830734
29	0.861799
29	0.754922
29	0.856142
29	0.794155
29	0.874464
29	0.841176
29	0.881258
29	0.800356
29	0.800369
29	0.790088
29	0.86552
29	0.830404
29	0.827602
29	0.81171
29	0.824483
29	0.796681
29	0.86647
29	0.856121
29	0.867658
29	0.775834
29	0.805056
29	0.837052
29	0.818906
29	0.844886
29	0.785129
29	0.862897
29	0.846577
29	0.729432
29	0.830875
29	0.867703
29	0.824478
29	0.810579
29	0.781031
29	0.824436
29	0.852815
29	0.842142
29	0.82822
29	0.823509
29	0.787085
29	0.825578
29	0.766834
29	0.859039
29	0.858067
29	0.833398
29	0.834101
29	0.787215
29	0.852619
29	0.789584
29	0.719504
29	0.771447
29	0.838255
29	0.85054
29	0.83966
29	0.825953
29	0.816606
29	0.882191
29	0.838842
29	0.865293
29	0.838606
29	0.834691
29	0.833484
29	0.881669
29	0.803691
29	0.822877
29	0.837479
29	0.802334
29	0.83651
29	0.805979
29	0.793248
29	0.842055
29	0.830962
29	0.831638
29	0.845841
29	0.883483
29	0.838484
29	0.826189
29	0.81148
29	0.81942
29	0.78616
29	0.901579
29	0.809901
29	0.761975
29	0.849939
29	0.832505
29	0.811447
32	0.854221
32	0.856201
32	0.860256
32	0.858569
32	0.827999
32	0.817662
32	0.85623
32	0.868707
32	0.856666
32	0.837729
32	0.816591
32	0.88624
32	0.763044
32	0.771543
32	0.795316
32	0.823794
32	0.826066
32	0.842438
32	0.822332
32	0.894496
32	0.849233
32	0.817781
32	0.848112
32	0.785919
32	0.835591
32	0.864441
32	0.79804
32	0.828649
32	0.798879
32	0.790909
32	0.90588
32	0.875365
32	0.856728
32	0.810876
32	0.825105
32	0.858029
32	0.77016
32	0.854409
32	0.798015
32	0.85793
32	0.80707
32	0.872742
32	0.836073
32	0.837401
32	0.778315
32	0.851943
32	0.84397
32	0.826825
32	0.842299
32	0.805705
32	0.860323
32	0.725669
32	0.822059
32	0.810291
32	0.866717
32	0.873329
32	0.811289
32	0.82582
32	0.771169
32	0.813019
32	0.856114
32	0.784619
32	0.828607
32	0.853683
32	0.866535
32	0.902428
32	0.804993
32	0.833565
32	0.754294
32	0.832036
32	0.874612
32	0.844937
32	0.861883
32	0.851723
32	0.849218
32	0.790026
32	0.835168
32	0.809753
32	0.856498
32	0.822215
32	0.807025
32	0.842237
32	0.833603
32	0.820966
32	0.847423
32	0.835357
32	0.797042
32	0.866201
32	0.854769
32	0.821012
32	0.882539
32	0.829998
32	0.789844
32	0.828142
32	0.869737
32	0.849882
32	0.85082
32	0.858493
32	0.883823
32	0.880468
35	0.829589
35	0.842763
35	0.838979
35	0.869535
35	0.848113
35	0.844249
35	0.822242
35	0.873388
35	0.839746
35	0.805817
35	0.845478
35	0.749011
35	0.770004
35	0.812796
35	0.83232
35	0.729945
35	0.753863
35	0.758278
35	0.851882
35	0.860113
35	0.852548
35	0.798848
35	0.832795
35	0.832046
35	0.786596
35	0.867343
35	0.820522
35	0.846183
35	0.832037
35	0.837386
35	0.893112
35	0.85902
35	0.84067
35	0.838737
35	0.845123
35	0.886364
35	0.776426
35	0.871124
35	0.893103
35	0.8596
35	0.824261
35	0.767885
35	0.876039
35	0.848066
35	0.830539
35	0.857616
35	0.812478
35	0.844045
35	0.817847
35	0.791497
35	0.830102
35	0.748778
35	0.79459
35	0.755008
35	0.789253
35	0.819919
35	0.861615
35	0.846881
35	0.850763
35	0.833455
35	0.828917
35	0.8843
35	0.853597
35	0.861006
35	0.903438
35	0.820812
35	0.81925
35	0.843845
35	0.75989
35	0.820624
35	0.846841
35	0.860127
35	0.884922
35	0.793315
35	0.862876
35	0.846103
35	0.848158
35	0.81667
35	0.835587
35	0.818986
35	0.798847
35	0.79772
35	0.877576
35	0.849113
35	0.867566
35	0.834534
35	0.870471
35	0.848881
35	0.873554
35	0.8401
35	0.86898
35	0.82137
35	0.829725
35	0.848696
35	0.845148
35	0.844714
35	0.856669
35	0.845422
35	0.825717
35	0.889345
38	0.895281
38	0.816406
38	0.896003
38	0.859448
38	0.867556
38	0.830786
38	0.834358
38	0.848977
38	0.874525
38	0.786311
38	0.805891
38	0.853586
38	0.846535
38	0.831309
38	0.695924
38	0.867334
38	0.824268
38	0.865374
38	0.866671
38	0.850455
38	0.813499
38	0.868263
38	0.852722
38	0.828991
38	0.79708
38	0.833939
38	0.835152
38	0.809011
38	0.86174
38	0.80724
38	0.842118
38	0.825843
38	0.824376
38	0.827897
38	0.784715
38	0.823399
38	0.877286
38	0.871499
38	0.827638
38	0.848592
38	0.828243
38	0.859052
38	0.851287
38	0.827703
38	0.857383
38	0.902061
38	0.85539
38	0.859255
38	0.868054
38	0.890273
38	0.797005
38	0.763019
38	0.798425
38	0.861167
38	0.85844
38	0.858408
38	0.785636
38	0.793416
38	0.84682
38	0.836217
38	0.754864
38	0.84752
38	0.757054
38	0.840521
38	0.880661
38	0.858976
38	0.832393
38	0.853127
38	0.84335
38	0.782872
38	0.828555
38	0.842612
38	0.883652
38	0.796192
38	0.838572
38	0.860283
38	0.856826
38	0.814711
38	0.857112
38	0.85577
38	0.789593
38	0.831087
38	0.878508
38	0.852627
38	0.843272
38	0.849662
38	0.815968
38	0.860977
38	0.871621
38	0.867826
38	0.839596
38	0.806327
38	0.853802
38	0.833309
38	0.842965
38	0.810784
38	0.877922
38	0.828566
38	0.890462
38	0.884517
41	0.822585
41	0.840321
41	0.873314
41	0.864356
41	0.890889
41	0.830189
41	0.836926
41	0.881363
41	0.861594
41	0.827881
41	0.871441
41	0.849784
41	0.803907
41	0.817433
41	0.870762
41	0.887071
41	0.876098
41	0.85881
41	0.862083
41	0.846783
41	0.843226
41	0.839023
41	0.859379
41	0.836011
41	0.85373
41	0.798125
41	0.858107
41	0.843009
41	0.833744
41	0.847746
41	0.805986
41	0.881493
41	0.803163
41	0.848936
41	0.859937
41	0.836823
41	0.808485
41	0.899655
41	0.874254
41	0.859944
41	0.886878
41	0.816981
41	0.807281
41	0.887578
41	0.874676
41	0.834762
41	0.876178
41	0.860655
41	0.84375
41	0.826121
41	0.847071
41	0.829636
41	0.770423
41	0.845108
41	0.851868
41	0.84092
41	0.87015
41	0.864698
41	0.861817
41	0.894018
41	0.838614
41	0.909444
41	0.885288
41	0.736697
41	0.835249
41	0.840595
41	0.953204
41	0.834567
41	0.868557
41	0.858397
41	0.879263
41	0.812184
41	0.859113
41	0.867682
41	0.870522
41	0.894691
41	0.867289
41	0.879431
41	0.869452
41	0.839617
41	0.82087
41	0.882865
41	0.799152
41	0.819501
41	0.867314
41	0.827592
41	0.864165
41	0.811886
41	0.812272
41	0.809641
41	0.864012
41	0.813751
41	0.876656
41	0.852042
41	0.840683
41	0.853488
41	0.888189
41	0.867172
41	0.82107
41	0.854985
44	0.902806
44	0.902535
44	0.860086
44	0.880663
44	0.870042
44	0.845985
44	0.896497
44	0.871512
44	0.876013
44	0.866375
44	0.826548
44	0.86316
44	0.876459
44	0.861575
44	0.890759
44	0.812395
44	0.867522
44	0.880522
44	0.864255
44	0.873108
44	0.907519
44	0.842038
44	0.839603
44	0.815457
44	0.855566
44	0.893848
44	0.839247
44	0.87193
44	0.837754
44	0.867463
44	0.87119
44	0.830541
44	0.89915
44	0.839497
44	0.767044
44	0.802167
44	0.824494
44	0.809095
44	0.862005
44	0.835979
44	0.83758
44	0.821319
44	0.879108
44	0.860459
44	0.889871
44	0.8556
44	0.88152
44	0.868459
44	0.885651
44	0.833865
44	0.869034
44	0.848971
44	0.854046
44	0.835272
44	0.859198
44	0.869196
44	0.834299
44	0.886201
44	0.820173
44	0.784889
44	0.830603
44	0.823787
44	0.894371
44	0.843184
44	0.869442
44	0.834218
44	0.833217
44	0.850341
44	0.833287
44	0.866845
44	0.833184
44	0.852333
44	0.844451
44	0.85828
44	0.8626
44	0.82713
44	0.916112
44	0.857526
44	0.823708
44	0.878141
44	0.846498
44	0.885534
44	0.812225
44	0.800069
44	0.840922
44	0.837009
44	0.8664
44	0.901999
44	0.89009
44	0.834361
44	0.865843
44	0.818586
44	0.801558
44	0.875958
44	0.852482
44	0.870762
44	0.843803
44	0.802596
44	0.844142
44	0.878274
47	0.842241
47	0.875502
47	0.868036
47	0.790064
47	0.829342
47	0.800389
47	0.816314
47	0.818401
47	0.839005
47	0.819058
47	0.816096
47	0.854999
47	0.8291
47	0.843687
47	0.798335
47	0.821637
47	0.880185
47	0.840406
47	0.869239
47	0.805298
47	0.857402
47	0.856212
47	0.886123
47	0.760996
47	0.873841
47	0.816132
47	0.888836
47	0.872486
47	0.794458
47	0.752124
47	0.87003
47	0.841043
47	0.852763
47	0.785583
47	0.692491
47	0.892414
47	0.849998
47	0.868871
47	0.758293
47	0.865542
47	0.907985
47	0.843452
47	0.861132
47	0.870168
47	0.853686
47	0.784544
47	0.874906
47	0.879517
47	0.824869
47	0.869133
47	0.878955
47	0.773317
47	0.87444
47	0.849144
47	0.846198
47	0.823572
47	0.878144
47	0.862222
47	0.862031
47	0.855438
47	0.846141
47	0.843572
47	0.849279
47	0.860366
47	0.855559
47	0.863824
47	0.866706
47	0.847787
47	0.910843
47	0.873249
47	0.88497
47	0.848199
47	0.807752
47	0.83204
47	0.798187
47	0.805502
47	0.819616
47	0.880099
47	0.863144
47	0.795687
47	0.865384
47	0.837835
47	0.852893
47	0.807455
47	0.851457
47	0.844687
47	0.841858
47	0.855337
47	0.861395
47	0.844178
47	0.847595
47	0.871169
47	0.84569
47	0.871216
47	0.874797
47	0.855131
47	0.906417
47	0.887389
47	0.854474
47	0.809021
50	0.852485
50	0.85598
50	0.873977
50	0.878715
50	0.811556
50	0.887383
50	0.854324
50	0.87268
50	0.884311
50	0.885507
50	0.883124
50	0.849636
50	0.882936
50	0.860228
50	0.903597
50	0.848766
50	0.878522
50	0.800833
50	0.828422
50	0.841551
50	0.878913
50	0.870408
50	0.769984
50	0.829903
50	0.853557
50	0.860362
50	0.896389
50	0.843029
50	0.806854
50	0.856759
50	0.864189
50	0.86811
50	0.817957
50	0.880171
50	0.886113
50	0.885271
50	0.863182
50	0.826859
50	0.853847
50	0.857599
50	0.868868
50	0.842906
50	0.707349
50	0.902053
50	0.873576
50	0.830846
50	0.846727
50	0.820473
50	0.831207
50	0.84538
50	0.837633
50	0.855478
50	0.895846
50	0.869031
50	0.900091
50	0.872335
50	0.88513
50	0.808713
50	0.838869
50	0.825392
50	0.82886
50	0.864137
50	0.86525
50	0.859672
50	0.873705
50	0.835236
50	0.811879
50	0.874054
50	0.866904
50	0.854891
50	0.861817
50	0.859561
50	0.841111
50	0.855175
50	0.83152
50	0.893012
50	0.834515
50	0.909566
50	0.847661
50	0.863583
50	0.844001
50	0.832694
50	0.870991
50	0.876269
50	0.889562
50	0.85989
50	0.854948
50	0.867109
50	0.844008
50	0.858402
50	0.885161
50	0.774332
50	0.886617
50	0.89969
50	0.876824
50	0.897209
50	0.850737
50	0.890477
50	0.900736
50	0.867106
53	0.760341
53	0.86967
53	0.872044
53	0.896189
53	0.863765
53	0.900554
53	0.860564
53	0.788742
53	0.841048
53	0.877256
53	0.833769
53	0.82591
53	0.844739
53	0.86339
53	0.895974
53	0.868021
53	0.827305
53	0.852833
53	0.729362
53	0.820501
53	0.848696
53	0.817509
53	0.872258
53	0.846833
53	0.833039
53	0.857639
53	0.758991
53	0.895323
53	0.82499
53	0.833475
53	0.851323
53	0.818868
53	0.847886
53	0.815831
53	0.874441
53	0.847594
53	0.866822
53	0.863022
53	0.885951
53	0.863562
53	0.876148
53	0.85264
53	0.863149
53	0.836808
53	0.799264
53	0.870037
53	0.859076
53	0.868555
53	0.92039
53	0.879856
53	0.90082
53	0.842524
53	0.813614
53	0.875965
53	0.891198
53	0.846638
53	0.876102
53	0.834405
53	0.909699
53	0.871999
53	0.868436
53	0.798824
53	0.856582
53	0.818131
53	0.848625
53	0.852953
53	0.740373
53	0.812356
53	0.886065
53	0.881419
53	0.877362
53	0.865901
53	0.77568
53	0.79397
53	0.821967
53	0.891936
53	0.868039
53	0.873212
53	0.867287
53	0.83348
53	0.830901
53	0.896507
53	0.832721
53	0.818505
53	0.855949
53	0.815743
53	0.815658
53	0.890518
53	0.817231
53	0.90552
53	0.874421
53	0.788645
53	0.896819
53	0.771796
53	0.810053
53	0.876965
53	0.895111
53	0.876601
53	0.878596
53	0.851629
56	0.804849
56	0.853588
56	0.916834
56	0.845601
56	0.810113
56	0.870911
56	0.784024
56	0.871682
56	0.892098
56	0.773262
56	0.855328
56	0.830701
56	0.91624
56	0.856192
56	0.895887
56	0.82295
56	0.823946
56	0.84725
56	0.893621
56	0.849891
56	0.893951
56	0.912453
56	0.847686
56	0.856478
56	0.85526
56	0.859057
56	0.804782
56	0.852127
56	0.837482
56	0.868343
56	0.900994
56	0.879114
56	0.809384
56	0.88733
56	0.797366
56	0.86583
56	0.865219
56	0.880603
56	0.912657
56	0.877965
56	0.897823
56	0.861687
56	0.806051
56	0.867752
56	0.834879
56	0.901455
56	0.89664
56	0.895018
56	0.832457
56	0.835059
56	0.874244
56	0.914672
56	0.851072
56	0.838702
56	0.891137
56	0.866066
56	0.873333
56	0.851808
56	0.855242
56	0.828675
56	0.868532
56	0.834702
56	0.862627
56	0.906435
56	0.806497
56	0.737248
56	0.886635
56	0.871862
56	0.904705
56	0.892883
56	0.834575
56	0.822938
56	0.875374
56	0.870272
56	0.735267
56	0.822811
56	0.849255
56	0.851811
56	0.879641
56	0.854995
56	0.859449
56	0.870793
56	0.840337
56	0.848914
56	0.862696
56	0.873432
56	0.85219
56	0.878245
56	0.860094
56	0.874288
56	0.882698
56	0.872355
56	0.86839
56	0.86561
56	0.891998
56	0.884715
56	0.855937
56	0.808896
56	0.859754
56	0.817251
59	0.827744
59	0.844131
59	0.860522
59	0.81821
59	0.846787
59	0.881099
59	0.842187
59	0.846859
59	0.860583
59	0.867549
59	0.87194
59	0.800287
59	0.842352
59	0.835959
59	0.849221
59	0.783209
59	0.852509
59	0.862271
59	0.895538
59	0.853113
59	0.844565
59	0.749292
59	0.831374
59	0.794204
59	0.832784
59	0.870198
59	0.92176
59	0.889115
59	0.885133
59	0.887606
59	0.90771
59	0.868249
59	0.877727
59	0.823594
59	0.899755
59	0.883487
59	0.908237
59	0.849856
59	0.883834
59	0.841436
59	0.892592
59	0.879848
59	0.871938
59	0.894025
59	0.866682
59	0.802166
59	0.868168
59	0.875166
59	0.891781
59	0.909466
59	0.866996
59	0.860626
59	0.831625
59	0.870819
59	0.877349
59	0.927183
59	0.909944
59	0.837247
59	0.851523
59	0.879568
59	0.895764
59	0.837117
59	0.835356
59	0.897488
59	0.864956
59	0.867897
59	0.890202
59	0.884183
59	0.833544
59	0.845087
59	0.850586
59	0.882559
59	0.801269
59	0.879322
59	0.879557
59	0.828969
59	0.89474
59	0.880082
59	0.777987
59	0.88131
59	0.81233
59	0.85214
59	0.904442
59	0.894513
59	0.859265
59	0.848995
59	0.867988
59	0.830779
59	0.924913
59	0.757715
59	0.82372
59	0.840464
59	0.898411
59	0.823218
59	0.808695
59	0.906469
59	0.871441
59	0.831948
59	0.88508
59	0.902889
62	0.871009
62	0.845112
62	0.832222
62	0.90249
62	0.857745
62	0.880499
62	0.840757
62	0.88608
62	0.902013
62	0.902235
62	0.895567
62	0.854633
62	0.852285
62	0.800071
62	0.847018
62	0.890412
62	0.863615
62	0.858982
62	0.922762
62	0.925122
62	0.883545
62	0.747877
62	0.896024
62	0.882498
62	0.846985
62	0.834359
62	0.814835
62	0.885626
62	0.897241
62	0.891106
62	0.8684
62	0.867604
62	0.797121
62	0.884509
62	0.801153
62	0.833591
62	0.849667
62	0.899831
62	0.894636
62	0.795523
62	0.849295
62	0.890877
62	0.895783
62	0.874071
62	0.91259
62	0.867396
62	0.923145
62	0.838364
62	0.890333
62	0.757895
62	0.838362
62	0.854435
62	0.917685
62	0.830106
62	0.846154
62	0.899385
62	0.881918
62	0.860323
62	0.838461
62	0.84746
62	0.868584
62	0.918267
62	0.853538
62	0.818717
62	0.843021
62	0.894626
62	0.88761
62	0.913017
62	0.852753
62	0.873719
62	0.881048
62	0.875585
62	0.914058
62	0.884817
62	0.860784
62	0.87318
62	0.825428
62	0.790599
62	0.830726
62	0.852025
62	0.874439
62	0.89518
62	0.889381
62	0.879811
62	0.899848
62	0.841021
62	0.83201
62	0.794802
62	0.832739
62	0.864791
62	0.896885
62	0.815773
62	0.91643
62	0.91571
62	0.829019
62	0.857786
62	0.794193
62	0.875061
62	0.868666
62	0.900028
65	0.906296
65	0.896383
65	0.862449
65	0.920361
65	0.884899
65	0.852657
65	0.810865
65	0.859482
65	0.870316
65	0.928394
65	0.829961
65	0.888043
65	0.886156
65	0.798075
65	0.890129
65	0.907343
65	0.895555
65	0.88397
65	0.89666
65	0.791233
65	0.871527
65	0.846987
65	0.842169
65	0.801624
65	0.910113
65	0.870421
65	0.854114
65	0.866698
65	0.824893
65	0.911114
65	0.884492
65	0.872441
65	0.853357
65	0.902623
65	0.859258
65	0.896669
65	0.840584
65	0.841902
65	0.90786
65	0.873112
65	0.861241
65	0.934503
65	0.891544
65	0.869198
65	0.897739
65	0.852623
65	0.873961
65	0.803395
65	0.898318
65	0.884942
65	0.881573
65	0.857491
65	0.88492
65	0.914306
65	0.851122
65	0.883189
65	0.850234
65	0.887769
65	0.909137
65	0.853269
65	0.851012
65	0.878122
65	0.78216
65	0.822399
65	0.891468
65	0.860232
65	0.860063
65	0.896092
65	0.900275
65	0.884686
65	0.781561
65	0.722159
65	0.853476
65	0.806244
65	0.864011
65	0.903288
65	0.902341
65	0.911609
65	0.808054
65	0.8664
65	0.898832
65	0.899957
65	0.883221
65	0.8998
65	0.874836
65	0.882595
65	0.893427
65	0.898874
65	0.867522
65	0.861853
65	0.923806
65	0.893855
65	0.872752
65	0.84953
65	0.84581
65	0.848591
65	0.852454
65	0.912268
65	0.885388
65	0.823272
68	0.886571
68	0.849857
68	0.844073
68	0.866615
68	0.896156
68	0.841854
68	0.865803
68	0.83771
68	0.905725
68	0.873043
68	0.754869
68	0.856066
68	0.867393
68	0.889268
68	0.834135
68	0.905055
68	0.840981
68	0.900313
68	0.856336
68	0.908258
68	0.877794
68	0.916954
68	0.793026
68	0.87711
68	0.887648
68	0.847467
68	0.881256
68	0.908297
68	0.908518
68	0.884468
68	0.854948
68	0.891472
68	0.80715
68	0.899007
68	0.878199
68	0.881977
68	0.849954
68	0.886805
68	0.883513
68	0.884994
68	0.866296
68	0.870371
68	0.906752
68	0.859522
68	0.874734
68	0.868973
68	0.867809
68	0.837084
68	0.882014
68	0.818354
68	0.917202
68	0.862787
68	0.874618
68	0.765207
68	0.906996
68	0.851651
68	0.879782
68	0.840687
68	0.904948
68	0.898621
68	0.850647
68	0.879902
68	0.852271
68	0.898023
68	0.84356
68	0.859016
68	0.790275
68	0.906769
68	0.88786
68	0.811002
68	0.835642
68	0.901073
68	0.867156
68	0.901588
68	0.863576
68	0.900578
68	0.887422
68	0.887263
68	0.885024
68	0.867475
68	0.902473
68	0.875295
68	0.879177
68	0.891043
68	0.854443
68	0.857942
68	0.897355
68	0.832372
68	0.877208
68	0.835577
68	0.896974
68	0.898875
68	0.892658
68	0.921683
68	0.911755
68	0.855152
68	0.864818
68	0.881259
68	0.872681
68	0.852111
71	0.846461
71	0.859864
71	0.89594
71	0.892646
71	0.899479
71	0.911368
71	0.888732
71	0.834853
71	0.89053
71	0.86651
71	0.832891
71	0.846447
71	0.876138
71	0.776618
71	0.894036
71	0.866173
71	0.88897
71	0.896247
71	0.901914
71	0.846674
71	0.844426
71	0.910758
71	0.885193
71	0.890568
71	0.862578
71	0.790066
71	0.901548
71	0.898811
71	0.854557
71	0.856747
71	0.872515
71	0.899145
71	0.895242
71	0.749895
71	0.879112
71	0.831483
71	0.87988
71	0.869813
71	0.813573
71	0.901011
71	0.853188
71	0.858331
71	0.912639
71	0.841322
71	0.857488
71	0.872418
71	0.886515
71	0.868655
71	0.853669
71	0.842414
71	0.853191
71	0.893745
71	0.87025
71	0.909676
71	0.813741
71	0.877995
71	0.874547
71	0.890051
71	0.851159
71	0.875707
71	0.907686
71	0.83148
71	0.868974
71	0.88551
71	0.869959
71	0.869249
71	0.887864
71	0.825086
71	0.916076
71	0.900038
71	0.828936
71	0.872956
71	0.876717
71	0.857663
71	0.857742
71	0.895187
71	0.889885
71	0.856699
71	0.818021
71	0.841597
71	0.896022
71	0.848434
71	0.780969
71	0.858875
71	0.907654
71	0.860782
71	0.898282
71	0.894366
71	0.776924
71	0.690316
71	0.88902
71	0.732634
71	0.872393
71	0.857305
71	0.878028
71	0.862266
71	0.852751
71	0.915072
71	0.877006
71	0.878543
74	0.854248
74	0.908034
74	0.796536
74	0.875066
74	0.835202
74	0.901348
74	0.902159
74	0.889455
74	0.862304
74	0.823472
74	0.907629
74	0.919056
74	0.876819
74	0.845581
74	0.934255
74	0.883387
74	0.879992
74	0.888542
74	0.837698
74	0.821476
74	0.855499
74	0.930868
74	0.921017
74	0.854184
74	0.893637
74	0.825902
74	0.877268
74	0.891429
74	0.910814
74	0.904249
74	0.822701
74	0.681021
74	0.855109
74	0.860099
74	0.891328
74	0.856274
74	0.842576
74	0.890438
74	0.892756
74	0.907029
74	0.889085
74	0.841921
74	0.850465
74	0.833527
74	0.911607
74	0.870317
74	0.793712
74	0.86725
74	0.854787
74	0.889645
74	0.853032
74	0.831955
74	0.888294
74	0.857326
74	0.86685
74	0.885379
74	0.876025
74	0.891329
74	0.899074
74	0.879473
74	0.892319
74	0.910909
74	0.929713
74	0.898366
74	0.882191
74	0.878292
74	0.72033
74	0.905999
74	0.871108
74	0.877781
74	0.83506
74	0.891611
74	0.902069
74	0.864287
74	0.931503
74	0.881318
74	0.932024
74	0.82713
74	0.895709
74	0.925954
74	0.83807
74	0.85552
74	0.890057
74	0.774628
74	0.887123
74	0.83909
74	0.92152
74	0.878039
74	0.833714
74	0.825033
74	0.862957
74	0.912509
74	0.857811
74	0.866156
74	0.838399
74	0.84865
74	0.864061
74	0.881649
74	0.869054
74	0.90315
77	0.88517
77	0.91362
77	0.863015
77	0.905481
77	0.855596
77	0.890609
77	0.839045
77	0.925708
77	0.878931
77	0.868413
77	0.895712
77	0.890246
77	0.86929
77	0.859699
77	0.89725
77	0.869653
77	0.873984
77	0.887705
77	0.893861
77	0.897674
77	0.928916
77	0.827038
77	0.805353
77	0.893037
77	0.837271
77	0.884061
77	0.891032
77	0.890696
77	0.86779
77	0.84665
77	0.882011
77	0.825726
77	0.829285
77	0.843493
77	0.908203
77	0.844453
77	0.894867
77	0.855907
77	0.893822
77	0.898797
77	0.891261
77	0.888738
77	0.853602
77	0.885504
77	0.883079
77	0.884931
77	0.904806
77	0.913634
77	0.837572
77	0.893188
77	0.880626
77	0.879221
77	0.906661
77	0.834289
77	0.888203
77	0.878891
77	0.901136
77	0.851862
77	0.906744
77	0.901241
77	0.872714
77	0.825704
77	0.908985
77	0.852573
77	0.91463
77	0.832045
77	0.85455
77	0.866282
77	0.916753
77	0.865115
77	0.890368
77	0.863679
77	0.885593
77	0.907554
77	0.860534
77	0.866619
77	0.851433
77	0.878961
77	0.852196
77	0.853255
77	0.890584
77	0.880281
77	0.905113
77	0.826944
77	0.876323
77	0.877028
77	0.922192
77	0.80359
77	0.951292
77	0.936202
77	0.853744
77	0.897106
77	0.816161
77	0.866985
77	0.871858
77	0.931771
77	0.882388
77	0.894793
77	0.831399
77	0.891963
80	0.846025
80	0.917798
80	0.921723
80	0.894207
80	0.875485
80	0.90481
80	0.890531
80	0.865662
80	0.860784
80	0.867262
80	0.836415
80	0.906454
80	0.900254
80	0.871709
80	0.892938
80	0.814835
80	0.919881
80	0.858341
80	0.929427
80	0.861578
80	0.877068
80	0.923809
80	0.869767
80	0.918275
80	0.87396
80	0.891879
80	0.890115
80	0.855862
80	0.860152
80	0.856162
80	0.893698
80	0.827659
80	0.889447
80	0.924729
80	0.83701
80	0.898071
80	0.910941
80	0.850077
80	0.904485
80	0.874158
80	0.867383
80	0.890641
80	0.805335
80	0.862317
80	0.891084
80	0.90769
80	0.911445
80	0.903397
80	0.924723
80	0.904774
80	0.893856
80	0.815911
80	0.838129
80	0.870576
80	0.902506
80	0.888218
80	0.82368
80	0.907747
80	0.911742
80	0.847682
80	0.899865
80	0.864938
80	0.903295
80	0.879451
80	0.878824
80	0.89819
80	0.880749
80	0.900266
80	0.909456
80	0.824537
80	0.851368
80	0.855901
80	0.839732
80	0.877968
80	0.863037
80	0.890353
80	0.896832
80	0.802908
80	0.914191
80	0.921695
80	0.923306
80	0.791905
80	0.868045
80	0.887793
80	0.893909
80	0.874144
80	0.917688
80	0.892245
80	0.886374
80	0.858627
80	0.834642
80	0.881962
80	0.890342
80	0.890604
80	0.849654
80	0.903303
80	0.812687
80	0.866767
80	0.906925
80	0.865204
83	0.854952
83	0.860442
83	0.950687
83	0.886751
83	0.851741
83	0.871242
83	0.899157
83	0.903592
83	0.912066
83	0.914958
83	0.830095
83	0.902887
83	0.909413
83	0.87629
83	0.856714
83	0.9077
83	0.874763
83	0.896955
83	0.892063
83	0.867869
83	0.852605
83	0.918093
83	0.864178
83	0.835035
83	0.869424
83	0.900435
83	0.875318
83	0.930938
83	0.86989
83	0.861888
83	0.916364
83	0.885558
83	0.881037
83	0.855135
83	0.844228
83	0.865055
83	0.909442
83	0.853024
83	0.892816
83	0.865353
83	0.896545
83	0.710272
83	0.832883
83	0.921624
83	0.859687
83	0.90354
83	0.754231
83	0.883108
83	0.812706
83	0.876136
83	0.850835
83	0.923628
83	0.833054
83	0.885065
83	0.905867
83	0.887513
83	0.82535
83	0.871602
83	0.882293
83	0.911849
83	0.83528
83	0.911099
83	0.919397
83	0.90834
83	0.890734
83	0.859379
83	0.919971
83	0.884448
83	0.90547
83	0.908776
83	0.883177
83	0.887943
83	0.778842
83	0.858176
83	0.826099
83	0.892614
83	0.850565
83	0.857771
83	0.856211
83	0.89961
83	0.877941
83	0.899003
83	0.899907
83	0.874509
83	0.876128
83	0.91616
83	0.867553
83	0.876517
83	0.861177
83	0.878026
83	0.83618
83	0.889394
83	0.880378
83	0.862956
83	0.84062
83	0.860179
83	0.910534
83	0.845828
83	0.914976
83	0.927073
86	0.886877
86	0.832343
86	0.856533
86	0.899296
86	0.876903
86	0.874822
86	0.877181
86	0.897894
86	0.892596
86	0.90234
86	0.897142
86	0.898351
86	0.880621
86	0.915274
86	0.92624
86	0.823702
86	0.934055
86	0.899558
86	0.86214
86	0.841127
86	0.860093
86	0.893021
86	0.896978
86	0.913256
86	0.831394
86	0.855964
86	0.88059
86	0.881654
86	0.809143
86	0.922561
86	0.877404
86	0.850984
86	0.92538
86	0.860656
86	0.915869
86	0.863241
86	0.897851
86	0.892439
86	0.878558
86	0.874624
86	0.875072
86	0.923081
86	0.785183
86	0.820869
86	0.895416
86	0.927088
86	0.927769
86	0.928272
86	0.861932
86	0.885872
86	0.889569
86	0.894472
86	0.888194
86	0.846834
86	0.873242
86	0.902208
86	0.889806
86	0.897117
86	0.878712
86	0.903636
86	0.890808
86	0.895009
86	0.868691
86	0.862243
86	0.865843
86	0.787163
86	0.882696
86	0.892097
86	0.8324
86	0.886315
86	0.841737
86	0.879248
86	0.908672
86	0.905747
86	0.868113
86	0.79196
86	0.82496
86	0.758607
86	0.871778
86	0.888325
86	0.831962
86	0.909024
86	0.878326
86	0.852756
86	0.903826
86	0.902807
86	0.87367
86	0.914652
86	0.916561
86	0.892223
86	0.892688
86	0.9129
86	0.927038
86	0.911196
86	0.851948
86	0.903096
86	0.904501
86	0.856427
86	0.910016
86	0.907503
89	0.932188
89	0.875193
89	0.903742
89	0.902
89	0.885375
89	0.89285
89	0.874245
89	0.92196
89	0.885976
89	0.853838
89	0.773966
89	0.889073
89	0.89887
89	0.918178
89	0.896827
89	0.842286
89	0.912351
89	0.844096
89	0.883475
89	0.874499
89	0.864426
89	0.895193
89	0.92026
89	0.911147
89	0.872719
89	0.916038
89	0.863645
89	0.817914
89	0.883969
89	0.871508
89	0.887019
89	0.901822
89	0.93156
89	0.851009
89	0.852632
89	0.893787
89	0.964963
89	0.843808
89	0.864754
89	0.876865
89	0.869443
89	0.90216
89	0.906526
89	0.855021
89	0.906507
89	0.895893
89	0.900431
89	0.878032
89	0.896596
89	0.878806
89	0.8704
89	0.86956
89	0.824733
89	0.902905
89	0.861569
89	0.873167
89	0.925641
89	0.895065
89	0.834933
89	0.901079
89	0.898532
89	0.92758
89	0.868816
89	0.907067
89	0.914958
89	0.899056
89	0.900854
89	0.905077
89	0.903201
89	0.873611
89	0.883435
89	0.874122
89	0.933973
89	0.918049
89	0.866508
89	0.833046
89	0.890423
89	0.902588
89	0.88662
89	0.812758
89	0.916173
89	0.896978
89	0.869651
89	0.846071
89	0.903278
89	0.908502
89	0.867124
89	0.844304
89	0.912375
89	0.809689
89	0.830629
89	0.868627
89	0.822485
89	0.9226
89	0.861557
89	0.8801
89	0.900408
89	0.841996
89	0.931798
89	0.914891
92	0.743606
92	0.893602
92	0.889512
92	0.910852
92	0.91728
92	0.865669
92	0.855718
92	0.902037
92	0.909381
92	0.91197
92	0.860162
92	0.873187
92	0.920337
92	0.877136
92	0.89546
92	0.869291
92	0.915002
92	0.870912
92	0.896176
92	0.889403
92	0.86222
92	0.876818
92	0.900167
92	0.877
92	0.842435
92	0.875038
92	0.865996
92	0.88947
92	0.917088
92	0.867077
92	0.827218
92	0.916431
92	0.835651
92	0.876102
92	0.886405
92	0.894794
92	0.869834
92	0.871217
92	0.891754
92	0.861644
92	0.840562
92	0.880504
92	0.910989
92	0.896974
92	0.897685
92	0.830412
92	0.891647
92	0.905649
92	0.854918
92	0.888426
92	0.816416
92	0.901699
92	0.861659
92	0.935794
92	0.869087
92	0.889361
92	0.864843
92	0.834205
92	0.90948
92	0.915182
92	0.897738
92	0.907883
92	0.864429
92	0.896142
92	0.88345
92	0.894944
92	0.836598
92	0.872872
92	0.892881
92	0.920452
92	0.889637
92	0.894624
92	0.871911
92	0.836503
92	0.885921
92	0.926037
92	0.892984
92	0.937282
92	0.916682
92	0.897667
92	0.908025
92	0.874922
92	0.850332
92	0.867018
92	0.870021
92	0.852543
92	0.802246
92	0.870967
92	0.849419
92	0.860308
92	0.885867
92	0.877179
92	0.826364
92	0.889897
92	0.876023
92	0.812419
92	0.883262
92	0.872193
92	0.915141
92	0.841667
95	0.880177
95	0.804764
95	0.90104
95	0.859086
95	0.888712
95	0.922744
95	0.857649
95	0.897305
95	0.920177
95	0.839608
95	0.921535
95	0.903412
95	0.901269
95	0.873126
95	0.870103
95	0.861667
95	0.791941
95	0.932215
95	0.877806
95	0.903386
95	0.910994
95	0.867632
95	0.88066
95	0.844637
95	0.892946
95	0.922586
95	0.918865
95	0.816276
95	0.828193
95	0.917133
95	0.922525
95	0.90168
95	0.824402
95	0.876348
95	0.854196
95	0.848545
95	0.881687
95	0.9387
95	0.89384
95	0.916076
95	0.877006
95	0.876873
95	0.879892
95	0.909974
95	0.899638
95	0.830079
95	0.892331
95	0.843619
95	0.870911
95	0.814961
95	0.903514
95	0.865887
95	0.876514
95	0.911714
95	0.899526
95	0.892358
95	0.875223
95	0.91244
95	0.902474
95	0.925456
95	0.832786
95	0.867621
95	0.911094
95	0.904326
95	0.873766
95	0.848419
95	0.913031
95	0.891198
95	0.91344
95	0.836908
95	0.871002
95	0.814998
95	0.901408
95	0.926445
95	0.912173
95	0.883756
95	0.87467
95	0.892606
95	0.886424
95	0.904177
95	0.850952
95	0.895858
95	0.926724
95	0.859075
95	0.905316
95	0.838551
95	0.866892
95	0.901965
95	0.91401
95	0.888298
95	0.872161
95	0.928411
95	0.92488
95	0.888153
95	0.894971
95	0.870556
95	0.849905
95	0.92052
95	0.901277
95	0.890061
98	0.876647
98	0.881427
98	0.867439
98	0.892606
98	0.859718
98	0.9113
98	0.890436
98	0.928262
98	0.820503
98	0.801204
98	0.899067
98	0.891336
98	0.926529
98	0.875138
98	0.901918
98	0.892188
98	0.91166
98	0.924042
98	0.897678
98	0.857349
98	0.885624
98	0.896364
98	0.869842
98	0.921152
98	0.896256
98	0.853683
98	0.933748
98	0.908696
98	0.900498
98	0.848206
98	0.888279
98	0.887081
98	0.893796
98	0.888787
98	0.887198
98	0.87914
98	0.943338
98	0.867579
98	0.886365
98	0.932448
98	0.869634
98	0.893987
98	0.829269
98	0.906568
98	0.886704
98	0.886425
98	0.817937
98	0.886985
98	0.840589
98	0.873595
98	0.899342
98	0.837329
98	0.869027
98	0.827579
98	0.91929
98	0.911809
98	0.870316
98	0.900508
98	0.872472
98	0.843993
98	0.816508
98	0.938061
98	0.897423
98	0.898451
98	0.863572
98	0.887514
98	0.89807
98	0.849698
98	0.87005
98	0.875038
98	0.919495
98	0.881953
98	0.928335
98	0.900299
98	0.906706
98	0.816664
98	0.910491
98	0.901508
98	0.902795
98	0.860828
98	0.898252
98	0.879564
98	0.919572
98	0.906929
98	0.898733
98	0.886196
98	0.912559
98	0.884419
98	0.924078
98	0.907372
98	0.909591
98	0.887561
98	0.890262
98	0.908949
98	0.861264
98	0.882805
98	0.920971
98	0.884632
98	0.895336
98	0.807678
101	0.771192
101	0.921565
101	0.87174
101	0.835614
101	0.922029
101	0.897834
101	0.891754
101	0.900121
101	0.888947
101	0.917353
101	0.875948
101	0.878177
101	0.855125
101	0.851862
101	0.903009
101	0.935668
101	0.886699
101	0.877969
101	0.897227
101	0.889848
101	0.899558
101	0.908802
101	0.909369
101	0.891229
101	0.88734
101	0.78311
101	0.895287
101	0.887682
101	0.889272
101	0.885162
101	0.887749
101	0.865967
101	0.85457
101	0.873609
101	0.865843
101	0.844002
101	0.880883
101	0.878311
101	0.901257
101	0.814588
101	0.898157
101	0.815578
101	0.792908
101	0.891517
101	0.820212
101	0.864206
101	0.941122
101	0.860179
101	0.810933
101	0.899239
101	0.821996
101	0.907113
101	0.888396
101	0.892201
101	0.916644
101	0.875372
101	0.909246
101	0.908435
101	0.840176
101	0.917437
101	0.897956
101	0.855802
101	0.899504
101	0.730121
101	0.864271
101	0.902985
101	0.850011
101	0.922895
101	0.900794
101	0.866777
101	0.902274
101	0.906733
101	0.895415
101	0.889218
101	0.915949
101	0.905792
101	0.913516
101	0.90318
101	0.859108
101	0.896207
101	0.832927
101	0.823793
101	0.885959
101	0.857967
101	0.907669
101	0.927607
101	0.890373
101	0.927605
101	0.90356
101	0.757888
101	0.89831
101	0.873912
101	0.890501
101	0.891078
101	0.910032
101	0.831708
101	0.88034
101	0.894794
101	0.886636
101	0.880623
104	0.849421
104	0.881073
104	0.883609
104	0.901511
104	0.880546
104	0.838225
104	0.891828
104	0.868243
104	0.894109
104	0.902236
104	0.884349
104	0.852499
104	0.881138
104	0.872103
104	0.834669
104	0.922406
104	0.883135
104	0.898395
104	0.864337
104	0.879583
104	0.872781
104	0.88544
104	0.916764
104	0.923999
104	0.876745
104	0.894312
104	0.879907
104	0.849997
104	0.901207
104	0.867575
104	0.888091
104	0.897388
104	0.877657
104	0.862038
104	0.909569
104	0.906191
104	0.893529
104	0.867563
104	0.857875
104	0.929187
104	0.915918
104	0.908807
104	0.867189
104	0.824228
104	0.856829
104	0.863267
104	0.894173
104	0.938805
104	0.91407
104	0.891486
104	0.898199
104	0.862221
104	0.910711
104	0.910435
104	0.885228
104	0.938063
104	0.913543
104	0.851817
104	0.89404
104	0.909274
104	0.887425
104	0.916362
104	0.90082
104	0.906857
104	0.783173
104	0.887886
104	0.892876
104	0.862877
104	0.871165
104	0.89803
104	0.887562
104	0.838857
104	0.884688
104	0.884195
104	0.84481
104	0.847479
104	0.905456
104	0.84969
104	0.953843
104	0.895412
104	0.900262
104	0.888001
104	0.897624
104	0.907664
104	0.914589
104	0.883024
104	0.894213
104	0.891813
104	0.904711
104	0.838805
104	0.873941
104	0.909459
104	0.857157
104	0.77639
104	0.884444
104	0.873302
104	0.882036
104	0.909075
104	0.912513
104	0.849373
107	0.848638
107	0.92007
107	0.887878
107	0.918192
107	0.851169
107	0.882995
107	0.857974
107	0.919564
107	0.901435
107	0.917017
107	0.751108
107	0.885972
107	0.885349
107	0.904671
107	0.912156
107	0.92694
107	0.881392
107	0.882557
107	0.839147
107	0.884075
107	0.84874
107	0.854035
107	0.917632
107	0.853813
107	0.869254
107	0.899182
107	0.899039
107	0.894616
107	0.907457
107	0.857696
107	0.868155
107	0.921053
107	0.922408
107	0.89946
107	0.924914
107	0.906775
107	0.916642
107	0.90979
107	0.918632
107	0.907547
107	0.933229
107	0.893146
107	0.850043
107	0.897371
107	0.87009
107	0.904708
107	0.873518
107	0.884032
107	0.89486
107	0.935231
107	0.896018
107	0.847019
107	0.90094
107	0.881982
107	0.887689
107	0.897808
107	0.89994
107	0.884715
107	0.883552
107	0.895282
107	0.88559
107	0.908085
107	0.888478
107	0.883275
107	0.890013
107	0.926761
107	0.886532
107	0.864582
107	0.924987
107	0.898935
107	0.853017
107	0.887483
107	0.893526
107	0.900152
107	0.890802
107	0.899565
107	0.874038
107	0.886116
107	0.908596
107	0.871989
107	0.853691
107	0.924257
107	0.887749
107	0.863962
107	0.883939
107	0.897451
107	0.874137
107	0.890669
107	0.884658
107	0.896834
107	0.907782
107	0.911922
107	0.81173
107	0.878996
107	0.913044
107	0.946745
107	0.864031
107	0.893331
107	0.868544
107	0.868589
110	0.899388
110	0.91537
110	0.884374
110	0.899902
110	0.888449
110	0.89341
110	0.855016
110	0.908348
110	0.879038
110	0.903232
110	0.929273
110	0.861349
110	0.878052
110	0.872794
110	0.897336
110	0.890303
110	0.915904
110	0.934631
110	0.845581
110	0.879169
110	0.861334
110	0.884214
110	0.932215
110	0.904297
110	0.933872
110	0.900791
110	0.871916
110	0.887099
110	0.817184
110	0.901377
110	0.89452
110	0.8874
110	0.8908
110	0.893181
110	0.913221
110	0.877163
110	0.872772
110	0.856407
110	0.86215
110	0.863756
110	0.924931
110	0.798012
110	0.878326
110	0.843006
110	0.884226
110	0.870456
110	0.766451
110	0.905998
110	0.894565
110	0.859683
110	0.893179
110	0.872054
110	0.869318
110	0.902801
110	0.873394
110	0.898078
110	0.917827
110	0.901018
110	0.829191
110	0.8168
110	0.807959
110	0.928658
110	0.907501
110	0.771537
110	0.90216
110	0.900003
110	0.89382
110	0.844762
110	0.9332
110	0.920586
110	0.91421
110	0.898016
110	0.820704
110	0.870858
110	0.825472
110	0.88445
110	0.890429
110	0.86722
110	0.870773
110	0.908756
110	0.887592
110	0.910142
110	0.887055
110	0.89493
110	0.912999
110	0.858823
110	0.86323
110	0.897717
110	0.86235
110	0.826278
110	0.868061
110	0.825183
110	0.887602
110	0.902937
110	0.872271
110	0.813157
110	0.898346
110	0.89454
110	0.854924
110	0.949778
113	0.887471
113	0.894645
113	0.887092
113	0.900606
113	0.916201
113	0.871513
113	0.930075
113	0.894105
113	0.905178
113	0.880043
113	0.862409
113	0.865448
113	0.907989
113	0.816188
113	0.929121
113	0.846969
113	0.902398
113	0.887149
113	0.907353
113	0.913979
113	0.888385
113	0.821356
113	0.908166
113	0.885482
113	0.893501
113	0.871737
113	0.900634
113	0.914475
113	0.905353
113	0.891629
113	0.908443
113	0.840028
113	0.908168
113	0.847347
113	0.858582
113	0.88918
113	0.915959
113	0.844536
113	0.87536
113	0.889751
113	0.92253
113	0.925717
113	0.85835
113	0.895585
113	0.883098
113	0.899546
113	0.903916
113	0.87871
113	0.897144
113	0.875334
113	0.922593
113	0.821109
113	0.914845
113	0.816715
113	0.905674
113	0.861414
113	0.848863
113	0.893705
113	0.915133
113	0.8928
113	0.894037
113	0.917006
113	0.931974
113	0.892951
113	0.898037
113	0.908262
113	0.943991
113	0.846023
113	0.891481
113	0.907821
113	0.901825
113	0.919217
113	0.878644
113	0.880281
113	0.851528
113	0.909133
113	0.907161
113	0.80163
113	0.919668
113	0.886974
113	0.923424
113	0.944329
113	0.910106
113	0.853837
113	0.888289
113	0.864749
113	0.902006
113	0.844126
113	0.918115
113	0.9106
113	0.925067
113	0.842356
113	0.853649
113	0.892014
113	0.890958
113	0.93697
113	0.912719
113	0.785628
113	0.850323
113	0.946458
116	0.914973
116	0.93043
116	0.905618
116	0.87109
116	0.905454
116	0.933143
116	0.896833
116	0.915767
116	0.894376
116	0.879529
116	0.876583
116	0.845001
116	0.874889
116	0.819736
116	0.889333
116	0.906185
116	0.88017
116	0.875058
116	0.872698
116	0.885004
116	0.872247
116	0.897526
116	0.894812
116	0.923433
116	0.870362
116	0.878289
116	0.883582
116	0.895255
116	0.79959
116	0.913555
116	0.912876
116	0.892809
116	0.920874
116	0.849885
116	0.877086
116	0.870266
116	0.921837
116	0.90962
116	0.877048
116	0.878627
116	0.863466
116	0.87108
116	0.858481
116	0.897099
116	0.87336
116	0.803173
116	0.860937
116	0.927656
116	0.912586
116	0.80274
116	0.880595
116	0.839997
116	0.892833
116	0.900516
116	0.924552
116	0.852654
116	0.876594
116	0.877579
116	0.852398
116	0.90624
116	0.880051
116	0.884191
116	0.868342
116	0.815509
116	0.900291
116	0.873966
116	0.864501
116	0.905317
116	0.929827
116	0.894267
116	0.892075
116	0.84968
116	0.898947
116	0.929499
116	0.851277
116	0.877355
116	0.892725
116	0.874662
116	0.914711
116	0.858741
116	0.841994
116	0.849298
116	0.8709
116	0.955888
116	0.870877
116	0.898582
116	0.902459
116	0.889134
116	0.903182
116	0.864508
116	0.854085
116	0.861916
116	0.912968
116	0.906733
116	0.882834
116	0.904474
116	0.899541
116	0.914231
116	0.925638
116	0.91229
119	0.891739
119	0.93368
119	0.809315
119	0.890312
119	0.907784
119	0.867902
119	0.930888
119	0.909477
119	0.880587
119	0.846957
119	0.880354
119	0.902112
119	0.899584
119	0.857863
119	0.82928
119	0.909568
119	0.901863
119	0.848069
119	0.906747
119	0.902163
119	0.835773
119	0.87194
119	0.910543
119	0.893061
119	0.85701
119	0.905213
119	0.894677
119	0.819387
119	0.877434
119	0.849034
119	0.84102
119	0.880328
119	0.898301
119	0.884881
119	0.924894
119	0.874771
119	0.914783
119	0.890178
119	0.865859
119	0.838244
119	0.842328
119	0.863052
119	0.901427
119	0.888283
119	0.889598
119	0.912072
119	0.873095
119	0.895226
119	0.906211
119	0.876339
119	0.881007
119	0.830116
119	0.885271
119	0.875454
119	0.87254
119	0.91117
119	0.901907
119	0.856274
119	0.910146
119	0.882168
119	0.895852
119	0.863623
119	0.845546
119	0.869079
119	0.836434
119	0.820989
119	0.899312
119	0.832726
119	0.877613
119	0.873537
119	0.915265
119	0.863153
119	0.908853
119	0.890494
119	0.836463
119	0.900066
119	0.84501
119	0.902746
119	0.841196
119	0.88199
119	0.898111
119	0.94281
119	0.87207
119	0.877708
119	0.882936
119	0.950434
119	0.910945
119	0.893763
119	0.833221
119	0.910002
119	0.92274
119	0.883894
119	0.863835
119	0.829582
119	0.863523
119	0.896031
119	0.872595
119	0.795356
119	0.859498
119	0.84969
122	0.893787
122	0.944171
122	0.886077
122	0.84708
122	0.90103
122	0.892028
122	0.917254
122	0.902676
122	0.885855
122	0.907691
122	0.835067
122	0.922583
122	0.938565
122	0.82942
122	0.895163
122	0.935576
122	0.911022
122	0.916587
122	0.937194
122	0.909166
122	0.916617
122	0.933673
122	0.91273
122	0.886634
122	0.870678
122	0.909873
122	0.855312
122	0.905334
122	0.910035
122	0.877509
122	0.881742
122	0.831449
122	0.889765
122	0.900522
122	0.913312
122	0.932934
122	0.865388
122	0.795153
122	0.938073
122	0.896761
122	0.888199
122	0.919595
122	0.766378
122	0.856518
122	0.828529
122	0.886646
122	0.873482
122	0.93236
122	0.89727
122	0.897699
122	0.876493
122	0.921958
122	0.856501
122	0.871148
122	0.903831
122	0.823451
122	0.927602
122	0.797422
122	0.913871
122	0.904567
122	0.905843
122	0.911518
122	0.907334
122	0.90108
122	0.924867
122	0.877254
122	0.879468
122	0.945449
122	0.881239
122	0.896632
122	0.891743
122	0.893665
122	0.844763
122	0.866889
122	0.914832
122	0.890889
122	0.919608
122	0.859536
122	0.906096
122	0.956523
122	0.924162
122	0.901927
122	0.8937
122	0.882927
122	0.872015
122	0.859006
122	0.911528
122	0.922074
122	0.876953
122	0.94577
122	0.888321
122	0.831485
122	0.86813
122	0.922174
122	0.871699
122	0.902549
122	0.89956
122	0.867346
122	0.918817
122	0.881935
125	0.90719
125	0.904705
125	0.897112
125	0.879139
125	0.856439
125	0.869398
125	0.9037
125	0.877417
125	0.872451
125	0.881541
125	0.894172
125	0.924331
125	0.857581
125	0.880696
125	0.919983
125	0.85526
125	0.859371
125	0.882957
125	0.887934
125	0.849266
125	0.914888
125	0.893572
125	0.901182
125	0.887148
125	0.919696
125	0.847727
125	0.907397
125	0.83478
125	0.908832
125	0.89602
125	0.886082
125	0.92995
125	0.911499
125	0.875284
125	0.865267
125	0.890427
125	0.943592
125	0.89734
125	0.896495
125	0.896581
125	0.876634
125	0.853306
125	0.901325
125	0.921782
125	0.862242
125	0.869572
125	0.88518
125	0.908179
125	0.853499
125	0.866193
125	0.891049
125	0.936448
125	0.894347
125	0.831269
125	0.849734
125	0.851666
125	0.859452
125	0.91422
125	0.825391
125	0.843508
125	0.927113
125	0.907523
125	0.875822
125	0.903276
125	0.920324
125	0.846775
125	0.877778
125	0.909908
125	0.871191
125	0.902833
125	0.861142
125	0.86543
125	0.907551
125	0.880302
125	0.900025
125	0.859226
125	0.89373
125	0.911497
125	0.867019
125	0.810466
125	0.902112
125	0.875282
125	0.835098
125	0.897682
125	0.900715
125	0.867177
125	0.911761
125	0.889402
125	0.954473
125	0.903134
125	0.839234
125	0.920274
125	0.852706
125	0.827118
125	0.880657
125	0.915829
125	0.936421
125	0.812203
125	0.905324
125	0.867795
128	0.911525
128	0.906321
128	0.904119
128	0.911793
128	0.92263
128	0.914414
128	0.927224
128	0.845773
128	0.87219
128	0.952546
128	0.891126
128	0.907543
128	0.901907
128	0.875729
128	0.832905
128	0.876184
128	0.881389
128	0.846901
128	0.951666
128	0.8736
128	0.872251
128	0.878145
128	0.853697
128	0.843683
128	0.916988
128	0.862354
128	0.911711
128	0.892183
128	0.940805
128	0.867003
128	0.871535
128	0.877297
128	0.864194
128	0.86976
128	0.885868
128	0.905522
128	0.804549
128	0.909079
128	0.91709
128	0.913008
128	0.888117
128	0.847507
128	0.924415
128	0.910228
128	0.918891
128	0.87956
128	0.743812
128	0.821149
128	0.82768
128	0.922381
128	0.923001
128	0.893054
128	0.887751
128	0.86228
128	0.902992
128	0.870631
128	0.875012
128	0.933632
128	0.854131
128	0.850741
128	0.908086
128	0.856275
128	0.923276
128	0.913053
128	0.912983
128	0.882647
128	0.90949
128	0.896103
128	0.938413
128	0.901274
128	0.894219
128	0.913002
128	0.902593
128	0.909909
128	0.904118
128	0.896259
128	0.908806
128	0.91492
128	0.834348
128	0.911228
128	0.834912
128	0.905068
128	0.911893
128	0.907619
128	0.848992
128	0.907569
128	0.900887
128	0.968498
128	0.853856
128	0.896104
128	0.910752
128	0.920902
128	0.866254
128	0.891928
128	0.916034
128	0.871103
128	0.885714
128	0.800134
128	0.888861
128	0.917358
131	0.899442
131	0.892561
131	0.902916
131	0.908441
131	0.891959
131	0.876832
131	0.890615
131	0.830403
131	0.899156
131	0.804199
131	0.883044
131	0.895389
131	0.897844
131	0.892937
131	0.815666
131	0.893595
131	0.874809
131	0.880574
131	0.85955
131	0.855604
131	0.91526
131	0.877776
131	0.881717
131	0.915674
131	0.888494
131	0.84285
131	0.864737
131	0.894819
131	0.914023
131	0.752974
131	0.92195
131	0.918307
131	0.87062
131	0.840613
131	0.863481
131	0.844409
131	0.828815
131	0.868558
131	0.949054
131	0.825842
131	0.873478
131	0.897813
131	0.905506
131	0.806499
131	0.909198
131	0.908531
131	0.89015
131	0.928648
131	0.898033
131	0.858787
131	0.870618
131	0.923706
131	0.816104
131	0.870413
131	0.8717
131	0.870864
131	0.85298
131	0.845162
131	0.859537
131	0.83412
131	0.891557
131	0.86324
131	0.865037
131	0.911577
131	0.903854
131	0.922914
131	0.886101
131	0.849246
131	0.908506
131	0.875853
131	0.887092
131	0.922383
131	0.915252
131	0.915588
131	0.861004
131	0.836506
131	0.910513
131	0.866645
131	0.931508
131	0.890259
131	0.928703
131	0.859378
131	0.887003
131	0.891024
131	0.895832
131	0.902759
131	0.87227
131	0.908612
131	0.87779
131	0.878731
131	0.880556
131	0.901104
131	0.891743
131	0.867716
131	0.828667
131	0.918482
131	0.897107
131	0.839483
131	0.827293
131	0.837252
134	0.919095
134	0.916477
134	0.803511
134	0.898298
134	0.891887
134	0.825254
134	0.908534
134	0.886838
134	0.888957
134	0.880501
134	0.874692
134	0.878
134	0.914652
134	0.907483
134	0.885374
134	0.890452
134	0.892137
134	0.906332
134	0.789116
134	0.873339
134	0.833251
134	0.920448
134	0.879012
134	0.860651
134	0.857709
134	0.893082
134	0.935017
134	0.884975
134	0.912392
134	0.843243
134	0.855189
134	0.832731
134	0.874682
134	0.888694
134	0.862831
134	0.884447
134	0.930825
134	0.86958
134	0.921267
134	0.877393
134	0.879409
134	0.903793
134	0.840365
134	0.900132
134	0.790308
134	0.900151
134	0.919119
134	0.86219
134	0.901949
134	0.872357
134	0.840518
134	0.889798
134	0.924991
134	0.92342
134	0.864666
134	0.902463
134	0.89383
134	0.908538
134	0.888312
134	0.920765
134	0.835832
134	0.905753
134	0.887002
134	0.881237
134	0.909655
134	0.85197
134	0.888232
134	0.838179
134	0.849592
134	0.869212
134	0.932242
134	0.864865
134	0.931118
134	0.878806
134	0.94098
134	0.908478
134	0.849976
134	0.887726
134	0.937135
134	0.911471
134	0.8903
134	0.87522
134	0.913204
134	0.812613
134	0.880583
134	0.854937
134	0.895999
134	0.89418
134	0.900639
134	0.899354
134	0.915
134	0.919579
134	0.910773
134	0.935014
134	0.864021
134	0.862789
134	0.930827
134	0.828414
134	0.915101
134	0.864199
137	0.88318
137	0.903972
137	0.839173
137	0.902415
137	0.920702
137	0.879757
137	0.873306
137	0.916649
137	0.90383
137	0.896793
137	0.874917
137	0.921371
137	0.911114
137	0.916403
137	0.875383
137	0.879779
137	0.853598
137	0.881004
137	0.892661
137	0.888555
137	0.890572
137	0.903857
137	0.893426
137	0.891241
137	0.880715
137	0.953144
137	0.866753
137	0.854156
137	0.908791
137	0.91769
137	0.911931
137	0.915742
137	0.820865
137	0.872462
137	0.864559
137	0.882776
137	0.902397
137	0.88884
137	0.866005
137	0.91836
137	0.871221
137	0.874762
137	0.871935
137	0.895154
137	0.895038
137	0.91618
137	0.863693
137	0.894151
137	0.886268
137	0.886992
137	0.863968
137	0.876372
137	0.909895
137	0.911927
137	0.852158
137	0.885418
137	0.854435
137	0.906743
137	0.872482
137	0.926688
137	0.915363
137	0.889705
137	0.885163
137	0.909277
137	0.905093
137	0.875336
137	0.876306
137	0.935865
137	0.866538
137	0.876816
137	0.911336
137	0.865218
137	0.847391
137	0.87842
137	0.837549
137	0.84431
137	0.888719
137	0.86096
137	0.915501
137	0.886896
137	0.890986
137	0.812833
137	0.930633
137	0.907153
137	0.886749
137	0.885645
137	0.905529
137	0.921037
137	0.882829
137	0.81051
137	0.908006
137	0.884838
137	0.887026
137	0.883265
137	0.898308
137	0.91134
137	0.861288
137	0.897305
137	0.859849
137	0.868771
140	0.860794
140	0.866842
140	0.773798
140	0.901177
140	0.926417
140	0.873473
140	0.85494
140	0.888442
140	0.909586
140	0.826784
140	0.856351
140	0.906397
140	0.908016
140	0.945841
140	0.902271
140	0.865269
140	0.909199
140	0.944953
140	0.862966
140	0.903477
140	0.853883
140	0.882268
140	0.886092
140	0.89901
140	0.866588
140	0.847898
140	0.936017
140	0.882118
140	0.888929
140	0.865125
140	0.834839
140	0.912057
140	0.900764
140	0.92808
140	0.85878
140	0.868348
140	0.903741
140	0.868364
140	0.868227
140	0.808045
140	0.921676
140	0.877694
140	0.907418
140	0.878915
140	0.91654
140	0.923204
140	0.866876
140	0.86841
140	0.879536
140	0.915045
140	0.872329
140	0.890107
140	0.939245
140	0.866253
140	0.821788
140	0.867768
140	0.885856
140	0.79548
140	0.84321
140	0.86853
140	0.92517
140	0.866344
140	0.857396
140	0.723767
140	0.798193
140	0.905763
140	0.889205
140	0.922286
140	0.908726
140	0.862304
140	0.843144
140	0.887731
140	0.870426
140	0.946521
140	0.91049
140	0.848453
140	0.892042
140	0.870675
140	0.919651
140	0.892953
140	0.886863
140	0.766006
140	0.866423
140	0.874556
140	0.888076
140	0.89615
140	0.908784
140	0.888858
140	0.918402
140	0.922527
140	0.849542
140	0.91916
140	0.881917
140	0.88201
140	0.898217
140	0.890944
140	0.849912
140	0.914603
140	0.872438
140	0.884452
143	0.887898
143	0.897907
143	0.928758
143	0.883656
143	0.922496
143	0.84645
143	0.909962
143	0.892718
143	0.873072
143	0.8719
143	0.869563
143	0.863605
143	0.890685
143	0.856798
143	0.879665
143	0.91257
143	0.893759
143	0.91715
143	0.884338
143	0.835733
143	0.764651
143	0.888547
143	0.840133
143	0.890778
143	0.896691
143	0.923296
143	0.902677
143	0.906687
143	0.891632
143	0.876162
143	0.8529
143	0.896051
143	0.899274
143	0.818701
143	0.998701
143	0.922643
143	0.944422
143	0.919851
143	0.857455
143	0.843849
143	0.925957
143	0.916077
143	0.901357
143	0.935035
143	0.920974
143	0.818834
143	0.887462
143	0.891562
143	0.896907
143	0.895202
143	0.91222
143	0.846807
143	0.865723
143	0.856103
143	0.9116
143	0.897881
143	0.863589
143	0.879344
143	0.817452
143	0.906839
143	0.884753
143	0.908698
143	0.877812
143	0.853101
143	0.8696
143	0.885165
143	0.916138
143	0.910495
143	0.876915
143	0.921867
143	0.836609
143	0.85113
143	0.902688
143	0.918953
143	0.836657
143	0.942356
143	0.926389
143	0.925229
143	0.8932
143	0.897917
143	0.887618
143	0.86965
143	0.862448
143	0.877585
143	0.88643
143	0.919065
143	0.857375
143	0.879879
143	0.919992
143	0.883239
143	0.90148
143	0.804015
143	0.853059
143	0.900744
143	0.865321
143	0.820565
143	0.841715
143	0.892213
143	0.896453
143	0.888824
146	0.873628
146	0.867694
146	0.858214
146	0.935037
146	0.923058
146	0.901019
146	0.857204
146	0.904324
146	0.79719
146	0.89719
146	0.88032
146	0.881957
146	0.833134
146	0.828348
146	0.896871
146	0.900487
146	0.890184
146	0.862685
146	0.869537
146	0.914778
146	0.903974
146	0.897252
146	0.888238
146	0.800578
146	0.924569
146	0.874585
146	0.934706
146	0.887568
146	0.915226
146	0.885406
146	0.895526
146	0.849522
146	0.900599
146	0.862133
146	0.857656
146	0.835656
146	0.924688
146	0.907609
146	0.873341
146	0.858788
146	0.897089
146	0.908827
146	0.858842
146	0.896018
146	0.9085
146	0.897306
146	0.895605
146	0.882507
146	0.875075
146	0.91082
146	0.873106
146	0.898456
146	0.845044
146	0.903893
146	0.883232
146	0.904812
146	0.835603
146	0.90515
146	0.896815
146	0.897545
146	0.883223
146	0.873184
146	0.908772
146	0.919172
146	0.898528
146	0.894443
146	0.920982
146	0.87488
146	0.930978
146	0.88512
146	0.888742
146	0.897914
146	0.896776
146	0.91162
146	0.892201
146	0.930477
146	0.83879
146	0.918146
146	0.823679
146	0.856047
146	0.859588
146	0.873359
146	0.912537
146	0.800313
146	0.878632
146	0.867498
146	0.902215
146	0.897755
146	0.845958
146	0.784349
146	0.890216
146	0.884421
146	0.876023
146	0.913847
146	0.923327
146	0.909567
146	0.907415
146	0.913328
146	0.913761
146	0.902441
149	0.894012
149	0.889153
149	0.891505
149	0.883114
149	0.924672
149	0.812114
149	0.857089
149	0.907526
149	0.880819
149	0.81503
149	0.872894
149	0.906175
149	0.888938
149	0.87891
149	0.888475
149	0.820254
149	0.891277
149	0.895298
149	0.91163
149	0.918403
149	0.907396
149	0.897978
149	0.855237
149	0.906364
149	0.839273
149	0.879433
149	0.886023
149	0.71353
149	0.939238
149	0.862322
149	0.8803
149	0.896248
149	0.834045
149	0.931216
149	0.900565
149	0.864062
149	0.891668
149	0.903135
149	0.889561
149	0.893339
149	0.903827
149	0.904928
149	0.875404
149	0.844509
149	0.882691
149	0.916395
149	0.902642
149	0.892273
149	0.888246
149	0.911586
149	0.884077
149	0.826156
149	0.911675
149	0.924377
149	0.89081
149	0.903814
149	0.876147
149	0.914028
149	0.906526
149	0.90884
149	0.912841
149	0.8501
149	0.922146
149	0.897348
149	0.872427
149	0.928471
149	0.882506
149	0.905416
149	0.847204
149	0.919856
149	0.882119
149	0.910033
149	0.904993
149	0.88045
149	0.895704
149	0.907763
149	0.9234
149	0.918735
149	0.850324
149	0.911676
149	0.90158
149	0.900725
149	0.900357
149	0.927403
149	0.887173
149	0.935364
149	0.865582
149	0.924017
149	0.868246
149	0.841836
149	0.915295
149	0.853073
149	0.890734
149	0.822656
149	0.943691
149	0.860962
149	0.862912
149	0.922112
149	0.868071
149	0.819189
152	0.900559
152	0.881772
152	0.920796
152	0.835696
152	0.917963
152	0.933462
152	0.914543
152	0.926187
152	0.90018
152	0.878713
152	0.91138
152	0.907771
152	0.845623
152	0.889862
152	0.829318
152	0.914452
152	0.89532
152	0.863918
152	0.899249
152	0.870252
152	0.887518
152	0.878919
152	0.909566
152	0.87905
152	0.816122
152	0.855492
152	0.859603
152	0.912364
152	0.810834
152	0.890483
152	0.911968
152	0.865794
152	0.869095
152	0.898039
152	0.726783
152	0.852198
152	0.925451
152	0.881311
152	0.838075
152	0.916093
152	0.836004
152	0.839836
152	0.872471
152	0.852823
152	0.913379
152	0.918082
152	0.894418
152	0.889221
152	0.866448
152	0.922482
152	0.887141
152	0.909356
152	0.867913
152	0.877336
152	0.880758
152	0.910975
152	0.925249
152	0.843405
152	0.896171
152	0.894763
152	0.883675
152	0.877173
152	0.819812
152	0.900026
152	0.879171
152	0.862574
152	0.820232
152	0.843385
152	0.928395
152	0.88826
152	0.908973
152	0.874856
152	0.913126
152	0.781746
152	0.874043
152	0.89018
152	0.898028
152	0.892409
152	0.877472
152	0.838977
152	0.907075
152	0.888051
152	0.867153
152	0.911429
152	0.855196
152	0.871914
152	0.885064
152	0.909874
152	0.900755
152	0.836191
152	0.843381
152	0.906571
152	0.904592
152	0.840417
152	0.844936
152	0.923541
152	0.879374
152	0.91941
152	0.87058
152	0.845526
155	0.893801
155	0.884158
155	0.891832
155	0.866815
155	0.932151
155	0.928211
155	0.869537
155	0.758862
155	0.86565
155	0.879204
155	0.859269
155	0.868434
155	0.901219
155	0.897259
155	0.889189
155	0.923681
155	0.878438
155	0.883218
155	0.844709
155	0.902496
155	0.902433
155	0.869621
155	0.82387
155	0.891631
155	0.892573
155	0.857398
155	0.877237
155	0.881865
155	0.875177
155	0.890938
155	0.907121
155	0.8879
155	0.905397
155	0.89507
155	0.882344
155	0.888674
155	0.912926
155	0.83793
155	0.902815
155	0.899316
155	0.831721
155	0.944454
155	0.829496
155	0.812876
155	0.896552
155	0.89099
155	0.84572
155	0.912921
155	0.822007
155	0.807276
155	0.887951
155	0.914866
155	0.914061
155	0.916851
155	0.901685
155	0.894219
155	0.89494
155	0.905222
155	0.906488
155	0.896558
155	0.836345
155	0.890806
155	0.856541
155	0.810456
155	0.886408
155	0.923219
155	0.907123
155	0.857223
155	0.894633
155	0.911498
155	0.820506
155	0.867332
155	0.871564
155	0.905539
155	0.870231
155	0.890866
155	0.855957
155	0.912897
155	0.918509
155	0.724916
155	0.769057
155	0.897738
155	0.885627
155	0.834682
155	0.889973
155	0.893292
155	0.884423
155	0.895319
155	0.906005
155	0.865909
155	0.862843
155	0.926016
155	0.915762
155	0.876948
155	0.9054
155	0.91633
155	0.838594
155	0.861265
155	0.894317
155	0.919111
158	0.866689
158	0.841852
158	0.921794
158	0.904211
158	0.914139
158	0.8845
158	0.858303
158	0.883137
158	0.897912
158	0.896911
158	0.89414
158	0.823453
158	0.86699
158	0.932881
158	0.874327
158	0.863134
158	0.851352
158	0.841128
158	0.867943
158	0.897562
158	0.929384
158	0.904428
158	0.786492
158	0.924878
158	0.843957
158	0.932282
158	0.856402
158	0.90988
158	0.889775
158	0.838398
158	0.90275
158	0.915393
158	0.895069
158	0.92271
158	0.81217
158	0.91232
158	0.84654
158	0.920841
158	0.911209
158	0.876046
158	0.861245
158	0.871061
158	0.93773
158	0.944139
158	0.835045
158	0.879661
158	0.888618
158	0.874656
158	0.869758
158	0.894173
158	0.842987
158	0.903687
158	0.869474
158	0.878804
158	0.835386
158	0.879423
158	0.842713
158	0.852179
158	0.875167
158	0.865923
158	0.823891
158	0.865902
158	0.880248
158	0.852438
158	0.890307
158	0.863385
158	0.920595
158	0.907578
158	0.927339
158	0.859566
158	0.86042
158	0.900891
158	0.847225
158	0.927959
158	0.882191
158	0.900392
158	0.870354
158	0.925309
158	0.833068
158	0.897766
158	0.885285
158	0.904382
158	0.823203
158	0.877021
158	0.819898
158	0.907082
158	0.860658
158	0.890469
158	0.881504
158	0.884913
158	0.836661
158	0.779005
158	0.944397
158	0.849931
158	0.887908
158	0.914534
158	0.932147
158	0.879227
158	0.914407
158	0.791116
161	0.894233
161	0.857691
161	0.911129
161	0.905121
161	0.891674
161	0.898555
161	0.864891
161	0.848055
161	0.8472
161	0.872303
161	0.895814
161	0.91056
161	0.919425
161	0.890595
161	0.853836
161	0.861042
161	0.887256
161	0.877811
161	0.896385
161	0.913214
161	0.87111
161	0.842905
161	0.850503
161	0.837993
161	0.874335
161	0.919128
161	0.877679
161	0.905769
161	0.894393
161	0.825961
161	0.821203
161	0.88151
161	0.898091
161	0.825797
161	0.82166
161	0.838327
161	0.906942
161	0.829891
161	0.882908
161	0.90497
161	0.906301
161	0.912608
161	0.878332
161	0.930345
161	0.927525
161	0.912041
161	0.920421
161	0.883218
161	0.89244
161	0.853058
161	0.874944
161	0.896912
161	0.816563
161	0.914963
161	0.837912
161	0.905244
161	0.920121
161	0.860257
161	0.872556
161	0.912727
161	0.895182
161	0.867887
161	0.881619
161	0.885135
161	0.881181
161	0.898374
161	0.864724
161	0.882175
161	0.89427
161	0.859269
161	0.898403
161	0.851159
161	0.920894
161	0.86875
161	0.83655
161	0.874903
161	0.830033
161	0.848951
161	0.912286
161	0.882734
161	0.901089
161	0.905355
161	0.884341
161	0.902787
161	0.899115
161	0.927734
161	0.873481
161	0.910804
161	0.933692
161	0.887883
161	0.821563
161	0.862523
161	0.871996
161	0.878315
161	0.895296
161	0.894438
161	0.924788
161	0.82031
161	0.820769
161	0.894235
164	0.918232
164	0.89942
164	0.89163
164	0.866266
164	0.885827
164	0.837601
164	0.831149
164	0.856025
164	0.886275
164	0.907894
164	0.863113
164	0.887652
164	0.906714
164	0.941293
164	0.868226
164	0.889619
164	0.947506
164	0.896764
164	0.885288
164	0.779367
164	0.834885
164	0.912254
164	0.883937
164	0.910859
164	0.898324
164	0.858395
164	0.898728
164	0.854965
164	0.902949
164	0.857418
164	0.850215
164	0.752814
164	0.893905
164	0.829572
164	0.921033
164	0.912747
164	0.919836
164	0.932682
164	0.889633
164	0.917346
164	0.86865
164	0.879349
164	0.862414
164	0.834218
164	0.881409
164	0.867994
164	0.894854
164	0.881574
164	0.856327
164	0.851462
164	0.871371
164	0.813008
164	0.913606
164	0.943175
164	0.927865
164	0.866035
164	0.849014
164	0.911351
164	0.840274
164	0.839505
164	0.882052
164	0.888387
164	0.91427
164	0.809971
164	0.90617
164	0.895474
164	0.882653
164	0.877039
164	0.880282
164	0.874914
164	0.887573
164	0.888576
164	0.892819
164	0.89791
164	0.890467
164	0.912982
164	0.89409
164	0.930319
164	0.816507
164	0.918614
164	0.860331
164	0.850888
164	0.893218
164	0.873544
164	0.874293
164	0.852659
164	0.828661
164	0.857729
164	0.843306
164	0.921289
164	0.908251
164	0.913497
164	0.839207
164	0.873504
164	0.837897
164	0.885023
164	0.884958
164	0.901345
164	0.842201
164	0.879464
167	0.805609
167	0.917489
167	0.828546
167	0.891138
167	0.86776
167	0.927241
167	0.845845
167	0.904899
167	0.834772
167	0.898611
167	0.893712
167	0.877399
167	0.897945
167	0.931835
167	0.903011
167	0.911231
167	0.89844
167	0.884892
167	0.887677
167	0.788006
167	0.879915
167	0.841845
167	0.897965
167	0.835039
167	0.873342
167	0.923093
167	0.908493
167	0.873861
167	0.88633
167	0.914207
167	0.877272
167	0.827081
167	0.835998
167	0.88575
167	0.840192
167	0.872778
167	0.816617
167	0.826324
167	0.893957
167	0.895049
167	0.887161
167	0.872571
167	0.894022
167	0.8483
167	0.791399
167	0.898431
167	0.892738
167	0.886641
167	0.811665
167	0.895193
167	0.824962
167	0.885872
167	0.906716
167	0.888828
167	0.854269
167	0.873732
167	0.863376
167	0.86382
167	0.837977
167	0.857421
167	0.900824
167	0.917033
167	0.907158
167	0.923698
167	0.910733
167	0.885076
167	0.7923
167	0.881008
167	0.885977
167	0.868486
167	0.89702
167	0.882434
167	0.853964
167	0.859483
167	0.923142
167	0.877863
167	0.865321
167	0.837536
167	0.911239
167	0.897059
167	0.866543
167	0.894688
167	0.848796
167	0.865202
167	0.864538
167	0.871357
167	0.869235
167	0.88994
167	0.890333
167	0.889066
167	0.863079
167	0.92702
167	0.883934
167	0.849251
167	0.896519
167	0.890667
167	0.882375
167	0.867809
167	0.932301
167	0.944857
170	0.901996
170	0.815429
170	0.887237
170	0.861152
170	0.882178
170	0.853652
170	0.894341
170	0.870892
170	0.88281
170	0.885575
170	0.88599
170	0.874601
170	0.931075
170	0.80025
170	0.853167
170	0.905141
170	0.890262
170	0.88464
170	0.913549
170	0.866145
170	0.895086
170	0.873778
170	0.82063
170	0.902143
170	0.88079
170	0.886488
170	0.897016
170	0.908617
170	0.910891
170	0.924915
170	0.904391
170	0.887103
170	0.83569
170	0.880006
170	0.908154
170	0.93671
170	0.809096
170	0.918205
170	0.849626
170	0.864365
170	0.882692
170	0.907863
170	0.89519
170	0.836129
170	0.891538
170	0.913962
170	0.850353
170	0.869966
170	0.890718
170	0.874984
170	0.812506
170	0.831928
170	0.889684
170	0.87759
170	0.877578
170	0.885444
170	0.884352
170	0.927999
170	0.876644
170	0.874851
170	0.884384
170	0.898954
170	0.875857
170	0.835612
170	0.770798
170	0.893436
170	0.876843
170	0.854111
170	0.898118
170	0.915688
170	0.904102
170	0.86449
170	0.829615
170	0.899369
170	0.898935
170	0.90736
170	0.871543
170	0.862907
170	0.825849
170	0.839098
170	0.911077
170	0.925412
170	0.896221
170	0.797907
170	0.854168
170	0.876793
170	0.865581
170	0.891323
170	0.829951
170	0.798407
170	0.832099
170	0.916364
170	0.857391
170	0.829852
170	0.8973
170	0.914172
170	0.864034
170	0.879969
170	0.939076
170	0.908655
173	0.796187
173	0.908499
173	0.894051
173	0.916236
173	0.865244
173	0.871116
173	0.898419
173	0.892896
173	0.916327
173	0.866958
173	0.85284
173	0.849002
173	0.822222
173	0.909747
173	0.812366
173	0.865301
173	0.852917
173	0.881549
173	0.907198
173	0.849132
173	0.908267
173	0.904965
173	0.885277
173	0.877642
173	0.913243
173	0.884065
173	0.897992
173	0.901497
173	0.89831
173	0.880717
173	0.904646
173	0.897915
173	0.90128
173	0.855498
173	0.897805
173	0.916678
173	0.838609
173	0.919032
173	0.886793
173	0.895505
173	0.899236
173	0.86198
173	0.795769
173	0.899003
173	0.902846
173	0.857055
173	0.89393
173	0.914033
173	0.92092
173	0.836968
173	0.877275
173	0.909667
173	0.856236
173	0.888636
173	0.852652
173	0.872952
173	0.940195
173	0.848224
173	0.865772
173	0.757612
173	0.885931
173	0.747306
173	0.928679
173	0.904089
173	0.877883
173	0.887021
173	0.900635
173	0.86804
173	0.877395
173	0.905773
173	0.854668
173	0.87577
173	0.848057
173	0.860218
173	0.939206
173	0.8852
173	0.866684
173	0.871058
173	0.869417
173	0.858903
173	0.883497
173	0.911448
173	0.904386
173	0.91667
173	0.938179
173	0.904477
173	0.875919
173	0.850148
173	0.847317
173	0.782814
173	0.844608
173	0.850966
173	0.883741
173	0.904164
173	0.897174
173	0.919
173	0.91021
173	0.815378
173	0.856243
173	0.921388
176	0.904888
176	0.872298
176	0.877032
176	0.872043
176	0.932277
176	0.92586
176	0.873949
176	0.832832
176	0.82604
176	0.857879
176	0.904589
176	0.85724
176	0.8785
176	0.87169
176	0.846235
176	0.88398
176	0.870683
176	0.897733
176	0.886163
176	0.913545
176	0.908328
176	0.876165
176	0.793805
176	0.875558
176	0.878718
176	0.899999
176	0.881428
176	0.794369
176	0.895178
176	0.745438
176	0.795986
176	0.916244
176	0.815931
176	0.904949
176	0.837318
176	0.930641
176	0.90295
176	0.882274
176	0.856265
176	0.836438
176	0.908831
176	0.891124
176	0.898893
176	0.850905
176	0.897258
176	0.892783
176	0.890553
176	0.888215
176	0.905951
176	0.81947
176	0.894303
176	0.897417
176	0.862013
176	0.893273
176	0.885201
176	0.871754
176	0.908109
176	0.810302
176	0.761989
176	0.801479
176	0.867729
176	0.889456
176	0.882623
176	0.885639
176	0.914931
176	0.878687
176	0.870841
176	0.856601
176	0.900396
176	0.782159
176	0.913189
176	0.903033
176	0.864683
176	0.894754
176	0.770229
176	0.896861
176	0.907791
176	0.908382
176	0.890031
176	0.808469
176	0.868402
176	0.801008
176	0.875065
176	0.894743
176	0.863849
176	0.877016
176	0.818963
176	0.8525
176	0.883261
176	0.843344
176	0.856611
176	0.887924
176	0.913507
176	0.848428
176	0.899305
176	0.902814
176	0.903315
176	0.898492
176	0.869658
176	0.826029
179	0.881776
179	0.895693
179	0.838778
179	0.8919
179	0.839269
179	0.850739
179	0.848707
179	0.883019
179	0.911775
179	0.916881
179	0.874237
179	0.906637
179	0.871834
179	0.897901
179	0.873787
179	0.813923
179	0.909076
179	0.910743
179	0.929949
179	0.86224
179	0.885229
179	0.889742
179	0.911965
179	0.906075
179	0.900613
179	0.879105
179	0.867835
179	0.861287
179	0.915225
179	0.923401
179	0.825766
179	0.909394
179	0.869744
179	0.857686
179	0.916267
179	0.909871
179	0.887841
179	0.88074
179	0.847269
179	0.799669
179	0.924002
179	0.914599
179	0.876248
179	0.833527
179	0.863034
179	0.820529
179	0.77276
179	0.901421
179	0.819253
179	0.875655
179	0.938354
179	0.892438
179	0.91171
179	0.840201
179	0.900204
179	0.878711
179	0.927894
179	0.889917
179	0.818267
179	0.868094
179	0.888562
179	0.86185
179	0.90451
179	0.902084
179	0.803752
179	0.91364
179	0.854842
179	0.815263
179	0.897718
179	0.854656
179	0.868613
179	0.905212
179	0.805643
179	0.856299
179	0.917996
179	0.852234
179	0.889952
179	0.872388
179	0.891582
179	0.865695
179	0.905791
179	0.816602
179	0.861053
179	0.885365
179	0.875949
179	0.878484
179	0.85069
179	0.847963
179	0.869324
179	0.855613
179	0.911091
179	0.88619
179	0.827146
179	0.900457
179	0.820835
179	0.888735
179	0.881058
179	0.894762
179	0.894511
179	0.881066
182	0.882004
182	0.918161
182	0.912673
182	0.918213
182	0.836731
182	0.903567
182	0.870321
182	0.838297
182	0.862007
182	0.891396
182	0.886947
182	0.84674
182	0.899195
182	0.883021
182	0.844393
182	0.856764
182	0.884381
182	0.925539
182	0.87172
182	0.832098
182	0.860316
182	0.868254
182	0.889693
182	0.901909
182	0.835802
182	0.903368
182	0.863387
182	0.867995
182	0.898421
182	0.87664
182	0.885029
182	0.89334
182	0.8969
182	0.769109
182	0.884544
182	0.867822
182	0.902014
182	0.773865
182	0.874181
182	0.893775
182	0.849609
182	0.862059
182	0.857001
182	0.778671
182	0.93474
182	0.875538
182	0.877619
182	0.803758
182	0.880797
182	0.900969
182	0.834743
182	0.900217
182	0.90137
182	0.9014
182	0.898084
182	0.890834
182	0.851829
182	0.885249
182	0.82405
182	0.914441
182	0.871017
182	0.855908
182	0.863653
182	0.774494
182	0.869184
182	0.891269
182	0.914022
182	0.858771
182	0.878505
182	0.887687
182	0.864409
182	0.838617
182	0.911047
182	0.915542
182	0.86307
182	0.935076
182	0.88164
182	0.870981
182	0.82049
182	0.875581
182	0.888081
182	0.848688
182	0.88605
182	0.889617
182	0.937173
182	0.931477
182	0.868206
182	0.86119
182	0.894553
182	0.910014
182	0.870218
182	0.903137
182	0.907197
182	0.855359
182	0.876472
182	0.749438
182	0.862039
182	0.855484
182	0.748513
182	0.871392
185	0.902437
185	0.847429
185	0.930354
185	0.831778
185	0.844402
185	0.899003
185	0.884854
185	0.906394
185	0.885997
185	0.840917
185	0.812217
185	0.803075
185	0.884602
185	0.888573
185	0.89544
185	0.853785
185	0.927437
185	0.902076
185	0.85044
185	0.825604
185	0.889265
185	0.827886
185	0.881627
185	0.857167
185	0.885528
185	0.899806
185	0.88944
185	0.873623
185	0.866036
185	0.888591
185	0.870241
185	0.855348
185	0.888935
185	0.867348
185	0.874372
185	0.884535
185	0.846096
185	0.876491
185	0.89053
185	0.936747
185	0.889143
185	0.86977
185	0.91695
185	0.873247
185	0.855396
185	0.837804
185	0.874705
185	0.872389
185	0.916185
185	0.781157
185	0.866999
185	0.892428
185	0.799747
185	0.870143
185	0.868457
185	0.85105
185	0.865328
185	0.916901
185	0.855688
185	0.89033
185	0.864913
185	0.912959
185	0.881053
185	0.850422
185	0.85226
185	0.884754
185	0.884337
185	0.866643
185	0.913112
185	0.853554
185	0.893637
185	0.876093
185	0.862651
185	0.872047
185	0.916092
185	0.928431
185	0.833246
185	0.863215
185	0.870387
185	0.887604
185	0.883774
185	0.929187
185	0.896126
185	0.846774
185	0.889108
185	0.879276
185	0.823885
185	0.884653
185	0.814079
185	0.802235
185	0.899898
185	0.840471
185	0.880582
185	0.866816
185	0.868125
185	0.803197
185	0.875521
185	0.849918
185	0.894009
185	0.922688
188	0.903951
188	0.87286
188	0.854144
188	0.895599
188	0.866805
188	0.838382
188	0.896241
188	0.842651
188	0.839664
188	0.896566
188	0.899983
188	0.879836
188	0.728955
188	0.884042
188	0.898988
188	0.89287
188	0.886491
188	0.929316
188	0.852577
188	0.869993
188	0.85278
188	0.906794
188	0.895495
188	0.90023
188	0.856238
188	0.821238
188	0.868182
188	0.922831
188	0.892119
188	0.882304
188	0.916373
188	0.855215
188	0.803547
188	0.931386
188	0.93737
188	0.889271
188	0.830321
188	0.890522
188	0.900569
188	0.826944
188	0.898023
188	0.900167
188	0.909977
188	0.837008
188	0.877162
188	0.86329
188	0.841088
188	0.870359
188	0.870623
188	0.824608
188	0.885539
188	0.879265
188	0.739746
188	0.883396
188	0.817328
188	0.842
188	0.866039
188	0.899806
188	0.897167
188	0.915323
188	0.911058
188	0.914745
188	0.846277
188	0.891326
188	0.851829
188	0.898311
188	0.847994
188	0.92545
188	0.878913
188	0.892942
188	0.894315
188	0.881747
188	0.844147
188	0.839365
188	0.912039
188	0.915927
188	0.784818
188	0.835193
188	0.828761
188	0.843259
188	0.840771
188	0.93188
188	0.884485
188	0.862009
188	0.806273
188	0.886538
188	0.922691
188	0.903399
188	0.889233
188	0.841562
188	0.877496
188	0.772103
188	0.865221
188	0.910866
188	0.889602
188	0.831973
188	0.856438
188	0.90374
188	0.907745
188	0.874253
191	0.8733
191	0.889571
191	0.887015
191	0.903871
191	0.878308
191	0.850491
191	0.890579
191	0.891061
191	0.84187
191	0.892356
191	0.853193
191	0.849866
191	0.889196
191	0.888576
191	0.92038
191	0.887266
191	0.846754
191	0.847568
191	0.844751
191	0.865598
191	0.852274
191	0.847285
191	0.896366
191	0.875841
191	0.877444
191	0.81774
191	0.852958
191	0.850829
191	0.86981
191	0.911701
191	0.891911
191	0.89748
191	0.815908
191	0.882868
191	0.931307
191	0.872839
191	0.865636
191	0.897601
191	0.831767
191	0.78782
191	0.852621
191	0.886924
191	0.875647
191	0.911622
191	0.792549
191	0.799991
191	0.876732
191	0.86898
191	0.861648
191	0.859875
191	0.949039
191	0.910492
191	0.900395
191	0.92259
191	0.863102
191	0.854417
191	0.865967
191	0.871242
191	0.866821
191	0.879239
191	0.896091
191	0.935511
191	0.878047
191	0.844772
191	0.881684
191	0.873772
191	0.902224
191	0.868633
191	0.841794
191	0.898106
191	0.888751
191	0.873579
191	0.887534
191	0.837655
191	0.891055
191	0.886852
191	0.856077
191	0.865629
191	0.892615
191	0.897433
191	0.875567
191	0.907592
191	0.882224
191	0.90743
191	0.859862
191	0.841423
191	0.868735
191	0.868436
191	0.898698
191	0.874398
191	0.882512
191	0.847333
191	0.87735
191	0.888542
191	0.855399
191	0.879691
191	0.852495
191	0.883533
191	0.885044
191	0.894353
194	0.843348
194	0.890935
194	0.8523
194	0.884972
194	0.836149
194	0.874664
194	0.892836
194	0.867614
194	0.865108
194	0.838653
194	0.858401
194	0.863468
194	0.839028
194	0.850926
194	0.876345
194	0.885877
194	0.896394
194	0.852187
194	0.829027
194	0.886767
194	0.893974
194	0.904694
194	0.854969
194	0.805478
194	0.874548
194	0.932804
194	0.908476
194	0.890015
194	0.910434
194	0.904511
194	0.871025
194	0.863457
194	0.84008
194	0.871023
194	0.732135
194	0.900766
194	0.893148
194	0.869671
194	0.902538
194	0.84784
194	0.869356
194	0.870658
194	0.875747
194	0.870278
194	0.85775
194	0.852511
194	0.850123
194	0.894046
194	0.891348
194	0.884937
194	0.868111
194	0.849983
194	0.836866
194	0.903387
194	0.908224
194	0.881577
194	0.901986
194	0.900602
194	0.88302
194	0.868094
194	0.849291
194	0.83401
194	0.891598
194	0.823761
194	0.891195
194	0.909184
194	0.884448
194	0.837514
194	0.89343
194	0.844659
194	0.855784
194	0.921044
194	0.803166
194	0.867299
194	0.883803
194	0.908195
194	0.871251
194	0.876761
194	0.868443
194	0.879628
194	0.915647
194	0.917308
194	0.86918
194	0.792019
194	0.882197
194	0.908605
194	0.881261
194	0.865435
194	0.872536
194	0.853842
194	0.824795
194	0.880272
194	0.921529
194	0.875021
194	0.847937
194	0.902205
194	0.859312
194	0.912484
194	0.899899
194	0.797635
197	0.882782
197	0.887307
197	0.828744
197	0.868708
197	0.826312
197	0.858724
197	0.876041
197	0.958772
197	0.897859
197	0.868077
197	0.884502
197	0.808358
197	0.888105
197	0.889405
197	0.883191
197	0.860624
197	0.857046
197	0.829371
197	0.811121
197	0.86109
197	0.847453
197	0.995511
197	0.889329
197	0.869016
197	0.889146
197	0.861449
197	0.879494
197	0.88421
197	0.859576
197	0.895698
197	0.882039
197	0.855831
197	0.841412
197	0.881567
197	0.892881
197	0.859281
197	0.823419
197	0.847789
197	0.874208
197	0.873416
197	0.866002
197	0.930514
197	0.800802
197	0.807147
197	0.906886
197	0.89872
197	0.910775
197	0.871538
197	0.891882
197	0.86448
197	0.84417
197	0.809648
197	0.818895
197	0.822408
197	0.889891
197	0.846774
197	0.88657
197	0.884192
197	0.907179
197	0.902163
197	0.913859
197	0.892904
197	0.794577
197	0.89195
197	0.822693
197	0.908113
197	0.797845
197	0.865214
197	0.855678
197	0.85037
197	0.837672
197	0.898027
197	0.852207
197	0.915241
197	0.864448
197	0.824717
197	0.861663
197	0.845838
197	0.91209
197	0.922014
197	0.910519
197	0.912565
197	0.875385
197	0.866646
197	0.877773
197	0.902454
197	0.863363
197	0.905336
197	0.878311
197	0.87145
197	0.84313
197	0.826654
197	0.8079
197	0.863602
197	0.915373
197	0.879451
197	0.900856
197	0.890166
197	0.897146
197	0.88718
200	0.864411
200	0.881829
200	0.878374
200	0.889141
200	0.798916
200	0.876227
200	0.861107
200	0.887693
200	0.873234
200	0.892656
200	0.866653
200	0.843244
200	0.85797
200	0.906647
200	0.839824
200	0.845185
200	0.917435
200	0.830763
200	0.876745
200	0.897114
200	0.92097
200	0.881813
200	0.868182
200	0.875632
200	0.891875
200	0.920991
200	0.917289
200	0.818201
200	0.873604
200	0.887395
200	0.790093
200	0.903628
200	0.846721
200	0.896275
200	0.803947
200	0.859756
200	0.86776
200	0.88611
200	0.920337
200	0.855857
200	0.820838
200	0.852675
200	0.866802
200	0.860043
200	0.787868
200	0.850826
200	0.894239
200	0.847287
200	0.892681
200	0.816665
200	0.907709
200	0.893304
200	0.814977
200	0.87313
200	0.909683
200	0.844282
200	0.896875
200	0.868456
200	0.86481
200	0.903415
200	0.873635
200	0.850424
200	0.864923
200	0.894462
200	0.810217
200	0.841403
200	0.855843
200	0.907625
200	0.901771
200	0.914429
200	0.868785
200	0.9047
200	0.930605
200	0.881348
200	0.900017
200	0.84493
200	0.880428
200	0.808316
200	0.911751
200	0.886566
200	0.836426
200	0.753082
200	0.887116
200	0.790678
200	0.870438
200	0.827322
200	0.882669
200	0.886594
200	0.88165
200	0.824959
200	0.869421
200	0.863508
200	0.882833
200	0.785915
200	0.88716
200	0.855822
200	0.874019
200	0.807008
200	0.855374
200	0.890444
