10	31
9	0.1
8	0.1
7	0.1
6	0.1
5	0.1
4	0.1
3	0.1
2	0.1
1	0.1
0	0.1
40	3.07424e-05
39	3.1418e-05
38	4.2288e-05
37	6.28834e-05
36	0.000112017
35	0.000167541
34	0.000250602
33	0.000304324
32	0.000444467
31	0.000658049
30	0.000902393
29	0.00101413
28	0.00130922
27	0.00220244
26	0.0026292
25	0.00474925
24	0.00648656
23	0.00788106
22	0.0104884
21	0.0138487
20	0.0219667
19	0.02652
18	0.0356459
17	0.0397928
16	0.0544432
15	0.0574677
14	0.0785546
13	0.0926192
12	0.10534
11	0.149018
10	0.285016
524.288	9	10	0.33
524.288	8	11	0.22
524.288	7	15	0.4
524.288	6	12	0.36
524.288	5	10	0.29
524.288	4	13	0.22
524.288	3	16	0.43
524.288	2	11	0.19
524.288	1	10	0.28
524.288	0	17	0.38
