var	threshold	abdncError	methylCallError	TP	FN	FP
50	0.1	0.226756	0.021524	1.5	0.5	3.32
50	0.15	0.221886	0.0279886	1.62	0.38	3.2
50	0.2	0.213869	0.0379122	1.74	0.26	3.1
50	0.25	0.213953	0.0515475	1.86	0.14	3
50	0.3	0.212499	0.0580927	1.92	0.08	2.94
50	0.35	0.212288	0.0635619	1.96	0.04	2.9
50	0.4	0.21285	0.0673569	1.98	0.02	2.88
55	0.1	0.209385	0.0221838	1.56	0.44	3.1
55	0.15	0.212495	0.0307806	1.7	0.3	2.97
55	0.2	0.216148	0.040065	1.81	0.19	2.86
55	0.25	0.21175	0.0455086	1.87	0.13	2.8
55	0.3	0.217613	0.0541901	1.94	0.06	2.75
55	0.35	0.213395	0.0594431	1.98	0.02	2.72
55	0.4	0.212611	0.06303	2	0	2.7
60	0.1	0.188602	0.0290093	1.55	0.45	2.7
60	0.15	0.185153	0.0331447	1.64	0.36	2.61
60	0.2	0.184221	0.0374118	1.7	0.3	2.58
60	0.25	0.184865	0.0435469	1.75	0.25	2.53
60	0.3	0.191884	0.0580237	1.87	0.13	2.44
60	0.35	0.18925	0.0717464	1.96	0.04	2.36
60	0.4	0.186122	0.0771281	1.99	0.01	2.33
65	0.1	0.182451	0.0273875	1.65	0.35	2.61
65	0.15	0.182907	0.0346266	1.8	0.2	2.47
65	0.2	0.180807	0.0378463	1.85	0.15	2.42
65	0.25	0.179381	0.0413473	1.89	0.11	2.38
65	0.3	0.177463	0.0465214	1.93	0.07	2.35
65	0.35	0.177857	0.0481541	1.94	0.06	2.34
65	0.4	0.177214	0.0514795	1.96	0.04	2.32
70	0.1	0.182015	0.0281146	1.6	0.4	2.03
70	0.15	0.180669	0.034513	1.73	0.27	1.91
70	0.2	0.19144	0.0431452	1.83	0.17	1.83
70	0.25	0.189188	0.0461263	1.87	0.13	1.79
70	0.3	0.185099	0.052136	1.92	0.08	1.75
70	0.35	0.183752	0.0596489	1.97	0.03	1.7
70	0.4	0.186842	0.0613562	1.98	0.02	1.7
75	0.1	0.195394	0.0276737	1.56	0.44	1.66
75	0.15	0.196691	0.0349698	1.7	0.3	1.52
75	0.2	0.192994	0.0423627	1.8	0.2	1.45
75	0.25	0.192106	0.0484811	1.85	0.15	1.4
75	0.3	0.187916	0.0548737	1.91	0.09	1.36
75	0.35	0.186065	0.0575972	1.93	0.07	1.35
75	0.4	0.185867	0.0642275	1.97	0.03	1.31
80	0.1	0.17299	0.0292315	1.49	0.51	2.01
80	0.15	0.179997	0.0431462	1.73	0.27	1.8
80	0.2	0.182912	0.0495715	1.82	0.18	1.73
80	0.25	0.185979	0.0588687	1.91	0.09	1.65
80	0.3	0.182807	0.0646434	1.97	0.03	1.59
80	0.35	0.181118	0.066072	1.98	0.02	1.58
80	0.4	0.179208	0.069324	2	0	1.57
85	0.1	0.168811	0.0278993	1.55	0.45	1.71
85	0.15	0.168136	0.0356128	1.72	0.28	1.54
85	0.2	0.169888	0.0421437	1.82	0.18	1.45
85	0.25	0.172978	0.0432307	1.83	0.17	1.45
85	0.3	0.173561	0.0531288	1.9	0.1	1.39
85	0.35	0.170922	0.0609889	1.95	0.05	1.38
85	0.4	0.170922	0.0628071	1.96	0.04	1.37
90	0.1	0.151766	0.0302767	1.44	0.56	1.45
90	0.15	0.155449	0.0376082	1.59	0.41	1.31
90	0.2	0.165122	0.0498335	1.75	0.25	1.17
90	0.25	0.162557	0.0544798	1.8	0.2	1.12
90	0.3	0.161086	0.0654441	1.88	0.12	1.06
90	0.35	0.162523	0.071908	1.92	0.08	1.04
90	0.4	0.160876	0.0768921	1.95	0.05	1.02
95	0.1	0.169564	0.0312364	1.48	0.52	0.96
95	0.15	0.174134	0.0388487	1.65	0.35	0.81
95	0.2	0.182887	0.0454489	1.72	0.28	0.76
95	0.25	0.18714	0.0553217	1.81	0.19	0.68
95	0.3	0.19023	0.0589569	1.84	0.16	0.66
95	0.35	0.196227	0.0698741	1.9	0.1	0.64
95	0.4	0.199865	0.0756424	1.95	0.05	0.6
100	0.1	0.200065	0.032771	1.4	0.6	0.93
100	0.15	0.21685	0.0436454	1.55	0.45	0.79
100	0.2	0.214608	0.0524404	1.66	0.34	0.7
100	0.25	0.216292	0.0627739	1.76	0.24	0.61
100	0.3	0.216418	0.0707444	1.82	0.18	0.57
100	0.35	0.214508	0.0730777	1.84	0.16	0.56
100	0.4	0.210689	0.0815786	1.89	0.11	0.53
105	0.1	0.172124	0.0288831	1.37	0.63	0.96
105	0.15	0.181192	0.0406028	1.57	0.43	0.77
105	0.2	0.20294	0.0565503	1.75	0.25	0.64
105	0.25	0.20801	0.0613702	1.81	0.19	0.58
105	0.3	0.206387	0.0651195	1.85	0.15	0.54
105	0.35	0.213887	0.070195	1.88	0.12	0.51
105	0.4	0.220067	0.0736387	1.9	0.1	0.51
110	0.1	0.167394	0.0309292	1.33	0.67	0.77
110	0.15	0.193485	0.0435143	1.53	0.47	0.57
110	0.2	0.206956	0.0539172	1.65	0.35	0.49
110	0.25	0.203797	0.0629666	1.75	0.25	0.41
110	0.3	0.204978	0.0721117	1.83	0.17	0.35
110	0.35	0.203068	0.0784049	1.88	0.12	0.31
110	0.4	0.203068	0.0798942	1.89	0.11	0.3
115	0.1	0.167557	0.0292772	1.45	0.55	0.59
115	0.15	0.18666	0.0381514	1.6	0.4	0.45
115	0.2	0.187157	0.0481075	1.73	0.27	0.33
115	0.25	0.197558	0.0570241	1.81	0.19	0.26
115	0.3	0.195648	0.0611603	1.85	0.15	0.23
115	0.35	0.196829	0.0672114	1.89	0.11	0.21
115	0.4	0.196099	0.0728131	1.93	0.07	0.2
120	0.1	0.123314	0.0344788	1.48	0.52	0.64
120	0.15	0.139755	0.0502015	1.76	0.24	0.36
120	0.2	0.144288	0.057761	1.86	0.14	0.29
120	0.25	0.141873	0.0623373	1.92	0.08	0.24
120	0.3	0.141873	0.0643213	1.94	0.06	0.22
120	0.35	0.143054	0.0692116	1.97	0.03	0.21
120	0.4	0.143054	0.0692116	1.97	0.03	0.21
125	0.1	0.0858726	0.0317444	1.44	0.56	0.57
125	0.15	0.0864501	0.0421687	1.64	0.36	0.37
125	0.2	0.0985425	0.0575783	1.85	0.15	0.19
125	0.25	0.10412	0.0651196	1.93	0.07	0.11
125	0.3	0.10412	0.0664292	1.94	0.06	0.1
125	0.35	0.10754	0.0723608	1.98	0.02	0.09
125	0.4	0.10619	0.0734477	1.99	0.01	0.09
130	0.1	0.108446	0.0319734	1.43	0.57	0.67
130	0.15	0.127012	0.0460566	1.69	0.31	0.43
130	0.2	0.126027	0.0537452	1.81	0.19	0.32
130	0.25	0.131496	0.0654519	1.92	0.08	0.21
130	0.3	0.129586	0.0682659	1.95	0.05	0.19
130	0.35	0.125767	0.0718707	1.98	0.02	0.18
130	0.4	0.125767	0.0733707	1.99	0.01	0.17
135	0.1	0.0984651	0.0307739	1.49	0.51	0.55
135	0.15	0.104636	0.0434528	1.75	0.25	0.3
135	0.2	0.107726	0.0511981	1.87	0.13	0.19
135	0.25	0.112593	0.061364	1.95	0.05	0.12
135	0.3	0.115683	0.0640307	1.98	0.02	0.1
135	0.35	0.113774	0.0659655	2	0	0.09
135	0.4	0.113774	0.0659655	2	0	0.09
140	0.1	0.139034	0.0359607	1.52	0.48	0.49
140	0.15	0.139619	0.047563	1.73	0.27	0.31
140	0.2	0.139619	0.0513354	1.79	0.21	0.25
140	0.25	0.13389	0.0590068	1.88	0.12	0.19
140	0.3	0.13389	0.0614487	1.9	0.1	0.17
140	0.35	0.14316	0.0705755	1.96	0.04	0.14
140	0.4	0.147755	0.077184	2	0	0.13
145	0.1	0.102793	0.0293464	1.52	0.48	0.43
145	0.15	0.118997	0.0448118	1.77	0.23	0.18
145	0.2	0.114474	0.0538739	1.9	0.1	0.07
145	0.25	0.114474	0.0545405	1.91	0.09	0.06
145	0.3	0.113745	0.060336	1.97	0.03	0.03
145	0.35	0.111835	0.0642808	2	0	0.01
145	0.4	0.111835	0.0642808	2	0	0.01
150	0.1	0.125803	0.034774	1.59	0.41	0.41
150	0.15	0.135115	0.04352	1.72	0.28	0.29
150	0.2	0.14172	0.0537549	1.87	0.13	0.16
150	0.25	0.142901	0.0581034	1.93	0.07	0.12
150	0.3	0.144081	0.0603144	1.95	0.05	0.12
150	0.35	0.142171	0.0625721	1.97	0.03	0.11
150	0.4	0.142171	0.0643499	1.98	0.02	0.1
155	0.1	0.107508	0.0340707	1.67	0.33	0.36
155	0.15	0.107617	0.0433215	1.86	0.14	0.18
155	0.2	0.107617	0.0460804	1.91	0.09	0.13
155	0.25	0.107617	0.0504099	1.95	0.05	0.09
155	0.3	0.107617	0.0531812	1.98	0.02	0.06
155	0.35	0.107617	0.0559529	2	0	0.04
155	0.4	0.107617	0.0559529	2	0	0.04
160	0.1	0.110843	0.0311673	1.64	0.36	0.33
160	0.15	0.110843	0.0376069	1.79	0.21	0.18
160	0.2	0.108354	0.0460058	1.9	0.1	0.1
160	0.25	0.106444	0.0479025	1.92	0.08	0.09
160	0.3	0.107625	0.0537412	1.97	0.03	0.06
160	0.35	0.107625	0.056676	1.99	0.01	0.04
160	0.4	0.107625	0.056676	1.99	0.01	0.04
165	0.1	0.109039	0.0308771	1.53	0.47	0.43
165	0.15	0.114924	0.0410285	1.72	0.28	0.25
165	0.2	0.122424	0.050964	1.85	0.15	0.12
165	0.25	0.118604	0.0571972	1.93	0.07	0.06
165	0.3	0.112874	0.0638043	1.99	0.01	0.03
165	0.35	0.112874	0.0638043	1.99	0.01	0.03
165	0.4	0.112874	0.0652173	2	0	0.02
170	0.1	0.0981661	0.0291903	1.7	0.3	0.29
170	0.15	0.0993465	0.0397061	1.92	0.08	0.09
170	0.2	0.0974366	0.0434972	1.98	0.02	0.04
170	0.25	0.0974366	0.0434972	1.98	0.02	0.04
170	0.3	0.0955268	0.0459643	2	0	0.03
170	0.35	0.0955268	0.0459643	2	0	0.03
170	0.4	0.0955268	0.0459643	2	0	0.03
175	0.1	0.106507	0.0306918	1.72	0.28	0.31
175	0.15	0.106507	0.0382677	1.87	0.13	0.16
175	0.2	0.104598	0.0436187	1.95	0.05	0.09
175	0.25	0.104938	0.0464488	1.98	0.02	0.06
175	0.3	0.104938	0.0486317	2	0	0.04
175	0.35	0.104938	0.0486317	2	0	0.04
175	0.4	0.104938	0.0486317	2	0	0.04
180	0.1	0.0752072	0.0295834	1.76	0.24	0.24
180	0.15	0.0812101	0.0373641	1.9	0.1	0.12
180	0.2	0.0812101	0.0421724	1.97	0.03	0.05
180	0.25	0.0812101	0.0432593	1.98	0.02	0.04
180	0.3	0.0812101	0.0445384	1.99	0.01	0.03
180	0.35	0.0812101	0.0445384	1.99	0.01	0.03
180	0.4	0.0812101	0.0461663	2	0	0.02
185	0.1	0.0971319	0.0279421	1.73	0.27	0.25
185	0.15	0.0952221	0.0349889	1.87	0.13	0.12
185	0.2	0.0933123	0.0413708	1.95	0.05	0.05
185	0.25	0.0933123	0.0460112	2	0	0
185	0.3	0.0933123	0.0460112	2	0	0
185	0.35	0.0933123	0.0460112	2	0	0
185	0.4	0.0933123	0.0460112	2	0	0
190	0.1	0.0881646	0.0254455	1.89	0.11	0.14
190	0.15	0.0881646	0.0284181	1.96	0.04	0.07
190	0.2	0.0881646	0.0300654	1.99	0.01	0.04
190	0.25	0.0881646	0.0311293	2	0	0.03
190	0.3	0.0881646	0.0311293	2	0	0.03
190	0.35	0.0881646	0.0311293	2	0	0.03
190	0.4	0.0881646	0.0311293	2	0	0.03
195	0.1	0.0749092	0.0227752	1.84	0.16	0.17
195	0.15	0.0749499	0.0298854	1.96	0.04	0.05
195	0.2	0.0749499	0.0315328	1.99	0.01	0.02
195	0.25	0.0749499	0.0325793	2	0	0.01
195	0.3	0.0749499	0.0325793	2	0	0.01
195	0.35	0.0749499	0.0325793	2	0	0.01
195	0.4	0.0749499	0.0325793	2	0	0.01
200	0.1	0.0896197	0.0197517	1.92	0.08	0.09
200	0.15	0.0925305	0.0235385	1.99	0.01	0.03
200	0.2	0.0925305	0.0243524	2	0	0.02
200	0.25	0.0925305	0.0243524	2	0	0.02
200	0.3	0.0925305	0.0243524	2	0	0.02
200	0.35	0.0925305	0.0243524	2	0	0.02
200	0.4	0.0925305	0.0243524	2	0	0.02
205	0.1	0.0767852	0.0172856	1.9	0.1	0.1
205	0.15	0.0767852	0.0218805	1.98	0.02	0.02
205	0.2	0.0767852	0.0226414	1.99	0.01	0.01
205	0.25	0.0767852	0.0237052	2	0	0
205	0.3	0.0767852	0.0237052	2	0	0
205	0.35	0.0767852	0.0237052	2	0	0
205	0.4	0.0767852	0.0237052	2	0	0
210	0.1	0.0893873	0.0162722	1.98	0.02	0.01
210	0.15	0.0874775	0.0173476	2	0	0
210	0.2	0.0874775	0.0173476	2	0	0
210	0.25	0.0874775	0.0173476	2	0	0
210	0.3	0.0874775	0.0173476	2	0	0
210	0.35	0.0874775	0.0173476	2	0	0
210	0.4	0.0874775	0.0173476	2	0	0
215	0.1	0.0829	0.0134422	1.98	0.02	0.02
215	0.15	0.0829	0.0143872	2	0	0
215	0.2	0.0829	0.0143872	2	0	0
215	0.25	0.0829	0.0143872	2	0	0
215	0.3	0.0829	0.0143872	2	0	0
215	0.35	0.0829	0.0143872	2	0	0
215	0.4	0.0829	0.0143872	2	0	0
220	0.1	0.0953462	0.00992579	1.99	0.01	0
220	0.15	0.0953462	0.00992579	1.99	0.01	0
220	0.2	0.0953462	0.00992579	1.99	0.01	0
220	0.25	0.0953462	0.00992579	1.99	0.01	0
220	0.3	0.0953462	0.00992579	1.99	0.01	0
220	0.35	0.0953462	0.00992579	1.99	0.01	0
220	0.4	0.0953462	0.00992579	1.99	0.01	0
225	0.1	0.0838689	0.00367711	2	0	0
225	0.15	0.0838689	0.00367711	2	0	0
225	0.2	0.0838689	0.00367711	2	0	0
225	0.25	0.0838689	0.00367711	2	0	0
225	0.3	0.0838689	0.00367711	2	0	0
225	0.35	0.0838689	0.00367711	2	0	0
225	0.4	0.0838689	0.00367711	2	0	0
230	0.1	0.078	0	2	0	0
230	0.15	0.078	0	2	0	0
230	0.2	0.078	0	2	0	0
230	0.25	0.078	0	2	0	0
230	0.3	0.078	0	2	0	0
230	0.35	0.078	0	2	0	0
230	0.4	0.078	0	2	0	0
