var	minCostFlow
50	0.0220297
50	0.00799718
50	0.153409
50	0.00306841
50	0.147504
50	0.105556
50	0.0517698
50	0.00568182
50	0.0119048
50	0.164698
50	0.00555556
50	0.0864511
50	0.0159905
50	0.00498013
50	0.0445357
50	0.0937912
50	0.0893758
50	0.081656
50	0.131615
50	0.0855724
50	0.27448
50	0.136364
50	0.255001
50	0.0737578
50	0.209419
50	0.274639
50	0.0469923
50	0
50	0.0463287
50	0.00637659
50	0.193422
50	0.182095
50	0.0287941
50	0.129234
50	0.301364
50	0.0915646
50	0.134024
50	0.230413
50	0.0224708
50	0.104987
50	0.0697789
50	0.107168
50	0.0663835
50	0.0945187
50	0.0248803
50	0.122575
50	0.0592305
50	0.141527
50	0.0238391
50	0.135545
50	0.0849536
50	0.0275582
50	0.146383
50	0.136768
50	0.0452728
50	0.240693
50	0.0449784
50	0.132179
50	0.159906
50	0.0448117
50	0.173042
50	0.0751447
50	0.134953
50	0.0221853
50	0.0212486
50	0.0349879
50	0.0807775
50	0.131039
50	0
50	0.102615
50	0.0972545
50	0.215116
50	0.0107687
50	0.126388
50	0.170135
50	0.0728953
50	0.0421665
50	0.125451
50	0.0947054
50	0.122093
50	0.0133333
50	0.107823
50	0.0745206
50	0.0571553
50	0.00312383
50	0.119189
50	0.180029
50	0.0392783
50	0.108476
50	0.100516
50	0.0851649
50	0.104107
50	0.106445
50	0.0282914
50	0.155847
50	0.200159
50	0.0061361
50	0.193801
50	0.0130155
50	0.145699
55	0.00145922
55	0.0897265
55	0.133989
55	0.11778
55	0.0357573
55	0.0187439
55	0.0284244
55	0.032606
55	0.0514933
55	0.114444
55	0.141425
55	0.0286044
55	0.0786236
55	0
55	0.120498
55	0.0650832
55	0.0923913
55	0.036543
55	0.12523
55	0.0134648
55	0.202545
55	0.197144
55	0.0677083
55	0.168552
55	0.104174
55	0.168311
55	0.0846606
55	0
55	0.288889
55	0.0484536
55	0.0451933
55	0.219874
55	0.22836
55	0.0724378
55	0.00126501
55	0.0729167
55	0.0833333
55	0.0442069
55	0.163604
55	0.106194
55	0.0590975
55	0.0477914
55	0.0258974
55	0.0502593
55	0.167035
55	0.0995278
55	0.0156273
55	0.0895572
55	0.0771654
55	0.121791
55	0.0190089
55	0.241647
55	0.103173
55	0.105453
55	0.12317
55	0.0935273
55	0.174637
55	0.0864674
55	0.0171888
55	0.0068099
55	0.0646828
55	0.0574671
55	0.129848
55	0.10541
55	0.0841347
55	0.203244
55	0.106432
55	0.0924152
55	0.0708389
55	0.0416667
55	0.0432903
55	0.00273341
55	0.195982
55	0.0863572
55	0.0765633
55	0.132544
55	0.075956
55	0.00180233
55	0.107315
55	0.010437
55	0.094984
55	0
55	0.0365854
55	0.230337
55	0.0422566
55	0.020938
55	0.103146
55	0.109853
55	0.0800814
55	0.106643
55	0.0434871
55	0.0286595
55	0.0328207
55	0.0310326
55	0.0584151
55	0.0230332
55	0.0505452
55	0.078943
55	0.0589154
55	0.0818828
60	0.136242
60	0.105907
60	0.0535829
60	0.138409
60	0.285714
60	0.0507828
60	0.141453
60	0.0824562
60	0.110204
60	0.162758
60	0.0143576
60	0.0794092
60	0.058168
60	0.153836
60	0.198146
60	0
60	0.116667
60	0.131821
60	0.136024
60	0.0994495
60	0.0247174
60	0.127907
60	0.142644
60	0.276462
60	0.114329
60	0.130576
60	0.0911112
60	0.0934352
60	0.0640799
60	0.0902429
60	0.0898905
60	0.0881252
60	0.0506373
60	0.045545
60	0.0547404
60	0.254081
60	0.151407
60	0.123643
60	0.0496359
60	0.0930109
60	0.044278
60	0.201461
60	0.0364585
60	0.119536
60	0.0517583
60	0.209302
60	0.0490348
60	0.160295
60	0.0335403
60	0.0273068
60	0.0277887
60	0.164894
60	0.196543
60	0.0232078
60	0.0568512
60	0.112511
60	0.0225302
60	0.0869972
60	0.127217
60	0.0544627
60	0.0924505
60	0
60	0.0460307
60	0.218688
60	0.0997012
60	0.0820376
60	0.0425854
60	0.0549516
60	0.0253244
60	0.0793436
60	0.078571
60	0.0304212
60	0.0519845
60	0.0108696
60	0.171458
60	0.0935106
60	0.026639
60	0.0155
60	0.114886
60	0.141548
60	0.174147
60	0.0235524
60	0.102931
60	0.102301
60	0.00108656
60	0.100047
60	0.0735679
60	0.321359
60	0.14399
60	0.128735
60	0.0505566
60	0.0478723
60	0.0760536
60	0.0776292
60	0.05
60	0.078672
60	0.0563254
60	0.222449
60	0.124459
60	0.0814991
65	0.0621709
65	0.0462974
65	0.148814
65	0.0387215
65	0.0669115
65	0.146245
65	0.0825463
65	0.0553441
65	0.0219387
65	0.0356245
65	0.2261
65	0.0645088
65	0.016789
65	0.0261084
65	0.210802
65	0.173978
65	0.163219
65	0.0532227
65	0.0288174
65	0.0562023
65	0.0575995
65	0.11843
65	0.0485003
65	0.0713429
65	0.0727557
65	0.228723
65	0.0404668
65	0.0606145
65	0.0493174
65	0.108363
65	0.0976456
65	0.0602636
65	0.057114
65	0.0869285
65	0.0158262
65	0.0625
65	0.0575877
65	0.0110159
65	0.0363377
65	0.0671667
65	0.0927765
65	0.0366374
65	0.0804814
65	0.0226311
65	0.145614
65	0.0595732
65	0.145099
65	0.0562829
65	0.103091
65	0.140331
65	0.00201237
65	0.0708455
65	0.00196756
65	0.0311562
65	0.0211094
65	0.111183
65	0.046875
65	0.0143433
65	0.00916355
65	0.173124
65	0.00679688
65	0.122498
65	0.089622
65	0.181034
65	0.171939
65	0.0906654
65	0.0269973
65	0.347451
65	0.0658115
65	0.145888
65	0.0597826
65	0.0335564
65	0.181722
65	0.0436259
65	0.016038
65	0.0463347
65	0
65	0.193395
65	0.0169724
65	0.158824
65	0.0941564
65	0.192687
65	0.0384238
65	0.0426556
65	0.0253703
65	0.146313
65	0.073894
65	0.000577929
65	0.0246675
65	0.0958135
65	0.102836
65	0.138629
65	0.183612
65	0.16805
65	0.0401608
65	0.114982
65	0.0657471
65	0.0477562
65	0.00139309
65	0.0980032
70	0.0679252
70	0.0744681
70	0.0792509
70	0.0293983
70	0.229214
70	0.107435
70	0.050207
70	0.0634231
70	0.0481161
70	0.111867
70	0.0204458
70	0
70	0.0599713
70	0.0761679
70	0.137814
70	0.120073
70	0
70	0
70	0.0532209
70	0.0990988
70	0.135989
70	0.0898309
70	0.0851294
70	0.0740594
70	0.0511364
70	0.0105221
70	0.0666667
70	0.00927388
70	0
70	0.05
70	0.0537246
70	0
70	0.10197
70	0.045571
70	0.0989533
70	0.204464
70	0.0855586
70	0.000821658
70	0.0351955
70	0.0304231
70	0.108064
70	0.0423648
70	0.0968782
70	0.0454545
70	0.0465876
70	0.0463927
70	0.0317529
70	0.128218
70	0.0797296
70	0.0645208
70	0.0966919
70	0.0441413
70	0.0226187
70	0.0512465
70	0.0699746
70	0.13022
70	0.0749343
70	0.0647999
70	0
70	0.0623803
70	0.054476
70	0.115415
70	0.166593
70	0.0119048
70	0.0063116
70	0.0837135
70	0.064715
70	0.0419898
70	0.0707106
70	0.205777
70	0.0601502
70	0.238636
70	0.0391651
70	0.108538
70	0.0881046
70	0.0444444
70	0.0988311
70	0.139011
70	0.143224
70	0.0335837
70	0.0627334
70	0.12483
70	0.12241
70	0.0318613
70	0.152155
70	0
70	0.0393839
70	0.109756
70	0.131197
70	0.0477936
70	0.0231444
70	0.283353
70	0.209148
70	0.0350262
70	0.118859
70	0.12908
70	0.0229975
70	0.162015
70	0.0293324
70	0.0792009
75	0.0783634
75	0.0467256
75	0.0433075
75	0.0777778
75	0.180088
75	0.0229153
75	0.147727
75	0.0366273
75	0.144049
75	0.0769935
75	0.0127854
75	0.0466495
75	0.117417
75	0
75	0.0517211
75	0.152174
75	0.0618785
75	0.203609
75	0.0682004
75	0.0617459
75	0.171175
75	0.125505
75	0.2
75	0.0768612
75	0.0233332
75	0.114999
75	0.00639115
75	0
75	0.0193882
75	0.0511364
75	0.113271
75	0.0903838
75	0.0570708
75	0.140652
75	0.0754743
75	0.228555
75	0.0639711
75	0.0990585
75	0.0297926
75	0.0436289
75	0.062368
75	0.00802621
75	0.188316
75	0.0838904
75	0.0724553
75	0.0516456
75	0.159969
75	0.048347
75	0.0435016
75	0.123489
75	0.0747142
75	0.00921823
75	0.154431
75	0.0996161
75	0
75	0.291297
75	0.0337408
75	0.0364987
75	0.0339942
75	0.00796113
75	0.0906537
75	0.190667
75	0
75	0.0333333
75	0.145031
75	0.0977634
75	0.238889
75	0.0645663
75	0.0975077
75	0.18823
75	0.0828821
75	0.0702388
75	0.144359
75	0.0907272
75	0.119542
75	0.113527
75	0.403165
75	0.0666649
75	0.330698
75	0.0335591
75	0.0625
75	0.0446802
75	0.023877
75	0.117021
75	0.11631
75	0.00897972
75	0.0232558
75	0.0687652
75	0.0341845
75	0.095403
75	0.026033
75	0.0284091
75	0.0116279
75	0.0223683
75	0.0233472
75	0.232955
75	0.0948405
75	0.0659825
75	0.0103339
75	0.0981597
80	0.117367
80	0.0582518
80	0.157013
80	0.076073
80	0.0340909
80	0.294832
80	0.00924771
80	0.0932791
80	0.119357
80	0.0593031
80	0.0936872
80	0.0204685
80	0.0495837
80	0.158661
80	0.0234182
80	0.0583782
80	0.102693
80	0.00555556
80	0.0578603
80	0.246693
80	0.0882409
80	0.109775
80	0.0263245
80	0.0262947
80	0.272222
80	0.10125
80	0.0292255
80	0.13211
80	0.048913
80	0.0703043
80	0.0753598
80	0.0102475
80	0.0914634
80	0.0366432
80	0.2138
80	0.204743
80	0.0427913
80	0
80	0.0564823
80	0.0875764
80	0.159859
80	0.0518684
80	0.116279
80	0.0789814
80	0.0240521
80	0.138378
80	0.134116
80	0.0313088
80	0.0347385
80	0.168338
80	0.11814
80	0.147603
80	0.0350457
80	0.105556
80	0.130136
80	0.0907812
80	0.0992688
80	0.105408
80	0.140123
80	0.051428
80	0.0732186
80	0
80	0.0116279
80	0.102885
80	0.0575618
80	0.089541
80	0.127551
80	0.0303378
80	0.0508988
80	0.0971841
80	0.154778
80	0.0174419
80	0.087712
80	0.288595
80	0.0957447
80	0.0425732
80	0.133917
80	0.0710651
80	0.0674701
80	0.0789515
80	0.0270719
80	0.0623653
80	0.0478723
80	0.126607
80	0.0680563
80	0.0578277
80	0.0793254
80	0.0877219
80	0.0331133
80	0.122503
80	0.0793851
80	0.0712206
80	0.0171344
80	0.0136434
80	0.0482833
80	0.0568032
80	0.136364
80	0.0318256
80	0.0561431
80	0.0177941
85	0.0497365
85	0.244186
85	0.159919
85	0.0401028
85	0.0023439
85	0.161757
85	0.0341686
85	0.0378744
85	0.0498451
85	0.0290628
85	0.0508279
85	0.0625
85	0.102716
85	0.0178915
85	0.137157
85	0.101814
85	0.0196134
85	0.0879214
85	0.076087
85	0.0166667
85	0.0216178
85	0.0232558
85	0.114707
85	0.0426106
85	0.0127236
85	0.0558494
85	0.0812977
85	0.0430642
85	0.0211688
85	0.0427441
85	0.0399722
85	0.0702538
85	0.166719
85	0.0131618
85	0.0847131
85	0.136713
85	0.0824472
85	0.0014286
85	0
85	0.152452
85	0.131264
85	0.0297947
85	0.0416667
85	0.0706522
85	0.219522
85	0.029606
85	0.214876
85	0.0598934
85	0.0576753
85	0.267442
85	0.0524674
85	0.0568941
85	0.0576183
85	0.0390566
85	0.0434735
85	0.0650559
85	0.037976
85	0.124337
85	0.0302625
85	0.0279513
85	0.0734109
85	0.0507453
85	0.111702
85	0.0247049
85	0.0422075
85	0.0980732
85	0.221591
85	0.0761954
85	0.0903024
85	0.053196
85	0.0380435
85	0.0490589
85	0.0583446
85	0.0835013
85	0.0220266
85	0.00717562
85	0.0684731
85	0.0656061
85	0.529669
85	0.0993381
85	0.384758
85	0.0359536
85	0.00562465
85	0.0524157
85	0.0874703
85	0.0677144
85	0.110638
85	0.0997353
85	0.0408808
85	0.0585103
85	0.0294507
85	0.165596
85	0.102273
85	0.0212478
85	0.127785
85	0.229847
85	0
85	0.0211948
85	0.132855
85	0.271277
90	0.0919184
90	0.127502
90	0.261353
90	0.123891
90	0.215094
90	0.0174685
90	0.0739674
90	0.0304878
90	0.123478
90	0.104436
90	0.025957
90	0.0603771
90	0.0197765
90	0.0572022
90	0.313953
90	0.127893
90	0.0249868
90	0.142608
90	0.041107
90	0.112217
90	0.142584
90	0.0859829
90	0.205556
90	0.0692608
90	0.071483
90	0.0670732
90	0.266205
90	0.0651329
90	0.174463
90	0.0867347
90	0.0175677
90	0.133041
90	0.146739
90	0.0453588
90	0.0466437
90	0.21875
90	0.115593
90	0.00531915
90	0.0524756
90	0.056572
90	0.0227273
90	0.0123634
90	0.049298
90	0.152519
90	0.0893453
90	0.117008
90	0.0681818
90	0.0213722
90	0.0108696
90	0.0655976
90	0.111275
90	0.0563304
90	0.119477
90	0.0111111
90	0.0538431
90	0.138146
90	0.0163043
90	0.0140123
90	0.195006
90	0.0369749
90	0.0552916
90	0.0178571
90	0.113725
90	0.0226104
90	0.0479278
90	0.265938
90	0.520376
90	0.146481
90	0.102245
90	0.0159574
90	0.127699
90	0.0889144
90	0.0290207
90	0.131135
90	0.0473666
90	0.0575144
90	0.0418544
90	0.0321402
90	0.0560907
90	0.0573514
90	0.125
90	0.0336136
90	0.125276
90	0.0974032
90	0.0708092
90	0.0662865
90	0.0433523
90	0.07941
90	0.0580835
90	0.0653449
90	0.0262119
90	0.113924
90	0.244318
90	0.0111111
90	0.0789601
90	0.0331442
90	0.162518
90	0.0508988
90	0.0427953
90	0.0770488
95	0.315775
95	0.125645
95	0.0623788
95	0.311419
95	0.0348837
95	0.124843
95	0.0889089
95	0.0242054
95	0.0628773
95	0.0563051
95	0.037264
95	0.0635824
95	0.244681
95	0.0502935
95	0.0652174
95	0.0670927
95	0.121106
95	0.0800561
95	0.105556
95	0.160714
95	0.474249
95	0.110736
95	0.351064
95	0.354372
95	0.006622
95	0.0523256
95	0.00797147
95	0.174518
95	0.0586344
95	0.0241266
95	0.137343
95	0.244318
95	0.126907
95	0.0441858
95	0.142276
95	0.075507
95	0.058006
95	0.028847
95	0.0738636
95	0.0392096
95	0.0308777
95	0.0597826
95	0.0473438
95	0.0597826
95	0.00568182
95	0.0940671
95	0.0110433
95	0.0266291
95	0.00749562
95	0.00531915
95	0.037685
95	0.0311353
95	0.0268846
95	0.0113636
95	0.0501161
95	0.0283257
95	0.0652174
95	0.122222
95	0.0336068
95	0.106383
95	0.0480538
95	0.0377837
95	0.0465143
95	0.0452484
95	0.0251754
95	0.0555556
95	0.0630981
95	0.0442732
95	0.0943667
95	0.363095
95	0.0691489
95	0.194261
95	0.0155367
95	0.073804
95	0.0460769
95	0.0983134
95	0.0354163
95	0.0364948
95	0.0454521
95	0.00555556
95	0.0208333
95	0.0611111
95	0.0661579
95	0.0878761
95	0.0833333
95	0.11875
95	0
95	0.0589666
95	0.0627677
95	0.0103437
95	0.0810202
95	0.107533
95	0.0423912
95	0.10532
95	0.0918367
95	0.0299434
95	0.110864
95	0.0852341
95	0.100561
95	0.0710251
100	0.255556
100	0.0252473
100	0
100	0.0531205
100	0.0379905
100	0.0981062
100	0
100	0.478723
100	0.0639666
100	0.157609
100	0.0734142
100	0.302482
100	0.054731
100	0.0119048
100	0.0693734
100	0.125
100	0.114144
100	0.0339982
100	0.112906
100	0.0482381
100	0.574109
100	0.080812
100	0.28125
100	0.128346
100	0.0206979
100	0.0157332
100	0.0454545
100	0.0931096
100	0.447674
100	0.0678804
100	0.103719
100	0.0265353
100	0.0255102
100	0.289773
100	0.0962694
100	0
100	0.0163043
100	0.0703271
100	0.0441144
100	0.174419
100	0.205601
100	0.541319
100	0.120197
100	0.5805
100	0.0384701
100	0.0111136
100	0.0406267
100	0.3
100	0.17869
100	0.0228762
100	0.0482893
100	0.0811453
100	0.0252956
100	0.340847
100	0.0728496
100	0.0614821
100	0.0852273
100	0.0952471
100	0.0864404
100	0.125993
100	0.199322
100	0.386025
100	0.0787855
100	0.167102
100	0.0385637
100	0.123527
100	0.125
100	0.211957
100	0.113636
100	0.109301
100	0.0374537
100	0.124213
100	0.223404
100	0.0790787
100	0.0854182
100	0.0822537
100	0.139535
100	0.00133035
100	0.0222232
100	0.272805
100	0.02794
100	0.0533992
100	0.0651644
100	0.0552578
100	0.0396645
100	0.100902
100	0.126441
100	0.186652
100	0.314962
100	0.017653
100	0.0620221
100	0.0178877
100	0
100	0.057275
100	0.170455
100	0.137755
100	0.0604532
100	0.0370641
100	0.0523556
100	0.0699615
105	0.0206594
105	0.0357143
105	0.0206559
105	0.074408
105	0.022882
105	0.32627
105	0.0427591
105	0.0108696
105	0.00637335
105	0
105	0
105	0.103246
105	0.106981
105	0.0164902
105	0.0896846
105	0.183348
105	0.0308469
105	0.394444
105	0.0991646
105	0.450556
105	0.100326
105	0.0697674
105	0.416667
105	0.0597826
105	0.0595747
105	0.0551314
105	0.0616564
105	0.0797872
105	0.0380435
105	0.00531915
105	0.206967
105	0.272113
105	0.0545568
105	0.0245381
105	0.0294212
105	0.0175175
105	0.00764543
105	0.561232
105	0.0879193
105	0.108696
105	0.0818814
105	0.0725544
105	0.052406
105	0.0618247
105	0.0706522
105	0.015625
105	0.059025
105	0.130682
105	0.0988415
105	0.234196
105	0
105	0.331395
105	0.0454322
105	0.0335606
105	0.226239
105	0.0977895
105	0.080461
105	0.0543862
105	0
105	0.0686897
105	0.134206
105	0.148864
105	0.0943392
105	0.316667
105	0.258008
105	0.0685522
105	0.0448973
105	0.101053
105	0.00555556
105	0.163043
105	0.0761716
105	0.139535
105	0.111702
105	0.0529289
105	0.399728
105	0.0604729
105	0.265063
105	0
105	0.0532492
105	0.0873281
105	0.059971
105	0.113515
105	0.0176188
105	0.0516
105	0.0793238
105	0.160714
105	0.100302
105	0.0692011
105	0.0202952
105	0.01417
105	0.0572891
105	0.0572917
105	0.0626671
105	0.104921
105	0.0924442
105	0.0856557
105	0.0246271
105	0.323864
105	0.0208333
105	0.167047
110	0.0756445
110	0.519027
110	0.0383794
110	0.044262
110	0.142665
110	0.0469504
110	0.0188503
110	0.330249
110	0.014203
110	0.105556
110	0.051697
110	0.340426
110	0.255319
110	0.0781942
110	0.0465731
110	0.076151
110	0.125
110	0.0446066
110	0.00572854
110	0.143306
110	0.0104167
110	0.104281
110	0.0275075
110	0.0434783
110	0.0255103
110	0.130339
110	0.0725611
110	0.0344853
110	0.27842
110	0.139609
110	0.562851
110	0.194444
110	0.0454545
110	0.0344813
110	0.00887729
110	0.0712974
110	0.157248
110	0.0232558
110	0.281603
110	0.407609
110	0.252343
110	0.104279
110	0.00747334
110	0
110	0.0706705
110	0.0304103
110	0.0351464
110	0.0829224
110	0.0782834
110	0.058379
110	0.0508586
110	0.01312
110	0.21875
110	0.0163043
110	0.0586068
110	0.0630488
110	0.0797698
110	0.154762
110	0.102455
110	0.185687
110	0.0788092
110	0.12595
110	0.0639535
110	0.0277692
110	0.0511185
110	0.174462
110	0.0942869
110	0.0292851
110	0.0103289
110	0
110	0.0625
110	0.117667
110	0.0560114
110	0.115656
110	0
110	0.0212766
110	0.0326087
110	0.0287865
110	0.107955
110	0.552349
110	0.12479
110	0.0534123
110	0.218507
110	0.0991301
110	0.138889
110	0.0528097
110	0.0258476
110	0.0625
110	0.0807675
110	0.105833
110	0.024179
110	0.331395
110	0.0718327
110	0.0735126
110	0.354722
110	0.0928201
110	0.232143
110	0.0971301
110	0.4579
110	0.0190465
115	0.186895
115	0.351352
115	0.0397727
115	0.0722222
115	0.0453216
115	0.0436373
115	0.0629129
115	0.0852273
115	0.16722
115	0.0931271
115	0.489391
115	0.0787857
115	0.0531531
115	0.111322
115	0.0357143
115	0.0374464
115	0
115	0.0838598
115	0.0113311
115	0.041925
115	0.050523
115	0.0951492
115	0.00543478
115	0.0142613
115	0.139176
115	0.0596927
115	0.0185965
115	0.0317467
115	0.106345
115	0.027897
115	0.0223531
115	0.0884079
115	0
115	0.0434783
115	0.333333
115	0.0687195
115	0.127907
115	0.0364583
115	0.0283151
115	0
115	0.0212766
115	0.0581395
115	0.0703748
115	0.522317
115	0.0544258
115	0.0282482
115	0.0521161
115	0.315217
115	0
115	0.0170455
115	0.0713866
115	0.0339901
115	0.103118
115	0.0328916
115	0.0398005
115	0.00568182
115	0.0237773
115	0.380435
115	0.010625
115	0.0957447
115	0.03125
115	0.164715
115	0.0265045
115	0.0380435
115	0.132979
115	0.149106
115	0.0730821
115	0.101897
115	0.258904
115	0.119813
115	0.0777778
115	0.0571127
115	0.0630116
115	0.326087
115	0.0543478
115	0.0855322
115	0.0427824
115	0.0344447
115	0
115	0.00581395
115	0.194434
115	0.0909091
115	0.0490316
115	0.0393045
115	0.203476
115	0.0454545
115	0.0244954
115	0.25
115	0.344444
115	0.0222222
115	0.0599652
115	0.0286734
115	0.00531915
115	0.238889
115	0.321429
115	0.0113636
115	0.111586
115	0.0593443
115	0.0163043
115	0.0508355
120	0.0621923
120	0.0488565
120	0.00623327
120	0.126732
120	0.14594
120	0.0585106
120	0.0576917
120	0.0654762
120	0.0468709
120	0.0717519
120	0.0651662
120	0.0170455
120	0.0319149
120	0.115409
120	0.0229332
120	0.0512129
120	0.258853
120	0.0815217
120	0.0348837
120	0.111908
120	0.0222939
120	0.0875179
120	0.0440143
120	0.0158055
120	0.0602389
120	0.0681746
120	0.0393014
120	0.0313726
120	0.0551446
120	0.0454545
120	0.0286787
120	0.126502
120	0.161381
120	0.0531915
120	0.00581395
120	0.443885
120	0.0844373
120	0.0543478
120	0.0436766
120	0.0607417
120	0.017343
120	0
120	0.0690968
120	0.0802648
120	0
120	0.221632
120	0.0516983
120	0.0224089
120	0.064997
120	0.457397
120	0.0374559
120	0.100305
120	0.113013
120	0.0217391
120	0.0447712
120	0.25363
120	0.0857607
120	0.0873016
120	0.0415005
120	0.112572
120	0.0488784
120	0.0581625
120	0.0729167
120	0.0643305
120	0.0345644
120	0.11306
120	0.0265957
120	0.267442
120	0.101064
120	0.168478
120	0.0419897
120	0.100333
120	0.117887
120	0.0672804
120	0.0387731
120	0.0523256
120	0.0288861
120	0.196809
120	0.0222514
120	0.0709009
120	0.154495
120	0.0297619
120	0.532838
120	0.0537333
120	0.0163043
120	0.0603814
120	0.0134945
120	0.0548801
120	0.00594113
120	0.0974629
120	0.0277778
120	0.0213849
120	0.0543478
120	0.089372
120	0.00547645
120	0
120	0.0555556
120	0
120	0.00555556
120	0.0589093
125	0.116632
125	0.0385945
125	0.0340909
125	0.0174419
125	0.0479585
125	0.381864
125	0.009657
125	0.0755814
125	0.0545414
125	0.0753461
125	0.112157
125	0.046875
125	0.0755628
125	0.0590679
125	0.0920804
125	0.0425532
125	0.0699937
125	0.0687582
125	0.360235
125	0.0258969
125	0.0751988
125	0.224151
125	0.131498
125	0.0265957
125	0.191706
125	0.0478723
125	0.066957
125	0.0422078
125	0.068326
125	0.056261
125	0.0382983
125	0.0222222
125	0.0625636
125	0.0159574
125	0.0329228
125	0
125	0.00971428
125	0.045556
125	0.0364728
125	0.0999646
125	0.0203921
125	0.0478723
125	0.0603534
125	0.0954186
125	0.0490176
125	0.122283
125	0.0749341
125	0.0582637
125	0.026326
125	0.0555556
125	0.0249446
125	0
125	0.0458181
125	0.0275894
125	0.0357143
125	0.0113636
125	0.0111111
125	0.0113636
125	0.0608605
125	0.0235895
125	0.0328179
125	0.0247311
125	0.0071622
125	0.048913
125	0.0220478
125	0.0282213
125	0.0293172
125	0.0284091
125	0.0709309
125	0.0516862
125	0.0317172
125	0.234375
125	0.0491039
125	0.0815933
125	0.0482983
125	0.0523256
125	0.058436
125	0.0417421
125	0.0340534
125	0.0692308
125	0.0928966
125	0.023051
125	0.0254181
125	0.0320717
125	0.0522727
125	0.055087
125	0.0257647
125	0.145873
125	0.0496124
125	0.0752964
125	0.0166667
125	0.0632592
125	0.0804992
125	0.116069
125	0.0779769
125	0.176155
125	0.153277
125	0.102189
125	0.0372345
125	0.0497351
130	0.0545279
130	0.0405165
130	0.0903568
130	0.0884753
130	0.0671846
130	0.216426
130	0.0886364
130	0.0586456
130	0.0144045
130	0.0241777
130	0.0119048
130	0.265306
130	0.0292306
130	0.0496053
130	0.025
130	0.0773694
130	0.0894642
130	0.0573552
130	0.132646
130	0.159135
130	0.0472222
130	0.0456952
130	0.0232558
130	0.0286776
130	0.0177971
130	0.301944
130	0.0325519
130	0.0335594
130	0.0170455
130	0.0361844
130	0.0289261
130	0.211111
130	0.0290379
130	0.0557777
130	0.0515121
130	0.0260453
130	0.084136
130	0.27551
130	0.0271739
130	0.0458202
130	0.0587379
130	0.0292573
130	0.0716736
130	0.138574
130	0.0357143
130	0.0166667
130	0.0333333
130	0.110867
130	0.021056
130	0.0676718
130	0.0460128
130	0.107955
130	0.197711
130	0.100045
130	0.0381521
130	0.0227273
130	0.0340909
130	0.0116279
130	0.104346
130	0.012349
130	0.130032
130	0.0268252
130	0.16531
130	0.0697677
130	0.0210266
130	0.144444
130	0.00531707
130	0.0601619
130	0.044666
130	0.00531915
130	0.0431555
130	0.0170455
130	0.0227273
130	0.425282
130	0.0408163
130	0.0915711
130	0.015625
130	0.254255
130	0.0746667
130	0
130	0.0889867
130	0.0773458
130	0.0568182
130	0.0340909
130	0.0863862
130	0.0489403
130	0.08
130	0.177057
130	0.00665004
130	0.109977
130	0
130	0.295172
130	0.0588833
130	0.0257352
130	0.0567805
130	0.0681282
130	0.075
130	0.0226444
130	0.0597902
130	0.00568429
135	0.0509649
135	0.106079
135	0
135	0
135	0.0326087
135	0.0234119
135	0.123234
135	0.0396198
135	0.0738782
135	0.0271739
135	0.0229086
135	0.0667253
135	0.0178571
135	0.0513573
135	0.0285975
135	0.0229322
135	0
135	0.0684291
135	0.0695428
135	0.103083
135	0.0366667
135	0.170455
135	0.0364583
135	0.0119048
135	0.0276524
135	0.0341724
135	0.0854147
135	0.119039
135	0.141836
135	0.0229663
135	0.0350689
135	0.0600789
135	0.0259721
135	0.0786987
135	0.0372326
135	0.0590909
135	0.109235
135	0.275
135	0.0828404
135	0.0378482
135	0.0697813
135	0.0569228
135	0.0556182
135	0.0242129
135	0.168478
135	0.0473888
135	0.0397727
135	0.13315
135	0.0787167
135	0.0265957
135	0.0556306
135	0.0708883
135	0.0686837
135	0
135	0.409564
135	0.0555556
135	0.0309884
135	0.060584
135	0.0560004
135	0.0121951
135	0.0178571
135	0.0313008
135	0.00724638
135	0.0397727
135	0.0326087
135	0.0277778
135	0.136364
135	0.0126975
135	0.00543478
135	0.0680389
135	0.1934
135	0.0505376
135	0.0896866
135	0.256111
135	0.0251033
135	0.0240286
135	0.00551615
135	0.0928019
135	0.0490548
135	0.0667808
135	0.0265618
135	0.00714286
135	0.0639535
135	0.0390681
135	0.0483712
135	0.0811321
135	0.0638168
135	0.0163043
135	0.0241244
135	0.0304569
135	0.0178571
135	0.0398775
135	0.0170455
135	0.122727
135	0.00568182
135	0.0960418
135	0.0714939
135	0.01896
135	0.0478764
135	0.0172169
140	0.0106383
140	0.0546436
140	0.0460533
140	0.035
140	0.0633515
140	0.0506834
140	0.0512422
140	0.0491792
140	0.0500739
140	0.122049
140	0.0290698
140	0.107955
140	0.0718168
140	0.110673
140	0.101064
140	0.0947473
140	0.0604279
140	0.0622245
140	0.0788093
140	0.0957447
140	0.0565967
140	0.0178571
140	0.0387644
140	0.141636
140	0
140	0.0230154
140	0.00568182
140	0.0261614
140	0.0320717
140	0.0909171
140	0.133036
140	0.037234
140	0.0414275
140	0.019643
140	0.145098
140	0.072561
140	0.0869565
140	0.005
140	0.0401515
140	0.0810729
140	0.0722007
140	0.0182927
140	0.00555556
140	0.0777778
140	0.0392791
140	0.0690476
140	0.071293
140	0.318653
140	0.0577642
140	0.0459184
140	0.2
140	0.0797872
140	0.0560337
140	0.0707717
140	0.0639535
140	0.129311
140	0.03125
140	0.00708133
140	0.278721
140	0.0256898
140	0.0790816
140	0.0491936
140	0.0519166
140	0.0472149
140	0.0709302
140	0.274146
140	0.0727311
140	0.0271739
140	0.0833333
140	0.0525936
140	0.0577778
140	0.0174419
140	0.0136044
140	0.0695365
140	0.0284091
140	0.0836957
140	0.0341451
140	0.304781
140	0.113783
140	0.0333333
140	0.0132775
140	0.0478266
140	0.0217391
140	0.0383155
140	0.0777778
140	0.00665778
140	0.0676486
140	0.191489
140	0.0225131
140	0.0178571
140	0.0441089
140	0.0576019
140	0.0314139
140	0.147673
140	0.02875
140	0.20389
140	0.076087
140	0.0376397
140	0.0502295
140	0.180233
145	0.116545
145	0.0722222
145	0.0236519
145	0.0255102
145	0.0935534
145	0.0227273
145	0.0820959
145	0.0416667
145	0.00543478
145	0.116667
145	0.029546
145	0
145	0.0650573
145	0.0740741
145	0.0308967
145	0.0064932
145	0
145	0.227778
145	0.0863189
145	0.0419725
145	0.0271739
145	0.00577812
145	0.0412966
145	0.037234
145	0.046875
145	0.0861801
145	0.0297619
145	0.0277778
145	0.054321
145	0.0638566
145	0.0299003
145	0.0314626
145	0.132567
145	0.0692056
145	0.0217391
145	0.0432909
145	0.0613588
145	0.00568182
145	0.0274991
145	0.189994
145	0.021965
145	0.0344961
145	0.0404629
145	0.0116152
145	0.0269829
145	0.0319234
145	0.0319149
145	0.127097
145	0.0398982
145	0.0265957
145	0.232558
145	0.144471
145	0
145	0.0408345
145	0.0390071
145	0.0333333
145	0.0232558
145	0.0559212
145	0.0352276
145	0.032695
145	0.0914445
145	0.0381123
145	0.048913
145	0.09664
145	0.0438004
145	0.14
145	0.0924242
145	0
145	0.0397727
145	0.163043
145	0.0277778
145	0.00863962
145	0.0215917
145	0.0661651
145	0.0731768
145	0.113052
145	0.255814
145	0.0237934
145	0.0297728
145	0.0210698
145	0
145	0.0178571
145	0.0436173
145	0.133144
145	0.0650178
145	0.0227273
145	0.0240527
145	0.0394089
145	0.231289
145	0.040913
145	0.0678037
145	0.0527364
145	0.00928904
145	0.00903736
145	0.0839081
145	0.0106383
145	0.0258245
145	0.0498415
145	0.0333333
145	0.0454545
150	0.0478152
150	0.0287095
150	0.129099
150	0.0492008
150	0.0525721
150	0.0116279
150	0.0952481
150	0.0238095
150	0.0166667
150	0.0645843
150	0.00788138
150	0.0469866
150	0.0937475
150	0.0122994
150	0.0441161
150	0.11464
150	0.0110531
150	0.041062
150	0.0420597
150	0.395091
150	0.0426196
150	0.0454545
150	0.0550026
150	0.0378033
150	0.0714244
150	0.0362907
150	0.046875
150	0.0328153
150	0.0328664
150	0.108755
150	0.0751474
150	0
150	0.0227273
150	0.0370741
150	0.0821096
150	0.0445281
150	0.117821
150	0.0665283
150	0.0113636
150	0.00637207
150	0.0229633
150	0.06
150	0.0555556
150	0.0176768
150	0.0328295
150	0.0746217
150	0.102273
150	0.107384
150	0.128049
150	0.0554353
150	0.0166667
150	0.0323241
150	0.0872844
150	0.1556
150	0.073018
150	0.0436368
150	0.0394215
150	0.0824223
150	0.0888889
150	0.0108696
150	0.00641632
150	0.0968368
150	0.0484911
150	0.268293
150	0.0354086
150	0.0340909
150	0
150	0.0215591
150	0.0514215
150	0.0489136
150	0.00740741
150	0.041488
150	0.0297619
150	0.152174
150	0.0189103
150	0.0428298
150	0.0274873
150	0.0731707
150	0.204419
150	0.0253143
150	0.136296
150	0.0342342
150	0.0435315
150	0.0380435
150	0.0416667
150	0.0542184
150	0.0163043
150	0
150	0.1
150	0.024529
150	0.0934032
150	0.0340909
150	0.0642619
150	0.188889
150	0.22561
150	0.0693393
150	0.118372
150	0.141304
150	0.00543478
150	0.0208325
155	0.0277436
155	0.0333434
155	0.0104167
155	0.0326087
155	0.0401679
155	0.0299324
155	0.00581395
155	0.0119048
155	0.0405526
155	0.0761218
155	0.0449383
155	0.0238907
155	0.0806649
155	0.0243882
155	0.046791
155	0.0170455
155	0
155	0.0208973
155	0.0170455
155	0.00749625
155	0.0227753
155	0.0386473
155	0.0393675
155	0.0272109
155	0.121061
155	0
155	0.0481328
155	0.0722222
155	0.0134512
155	0.0333333
155	0.0108696
155	0.061255
155	0.073652
155	0
155	0.0968791
155	0.0364583
155	0.03675
155	0.0664488
155	0.0111111
155	0.0848704
155	0.109361
155	0.0324167
155	0.0271739
155	0
155	0
155	0.0211069
155	0.0238294
155	0.124415
155	0.0323996
155	0.0631111
155	0.139095
155	0.0518395
155	0.0176441
155	0.0610269
155	0.0522076
155	0.119565
155	0.0308163
155	0.0271739
155	0.0295316
155	0.0899253
155	0.0163043
155	0.0170455
155	0.0371795
155	0.0609756
155	0.0790721
155	0.0644444
155	0.0663265
155	0.0222626
155	0.055602
155	0.0153257
155	0.0284091
155	0.048913
155	0.0357236
155	0.0683673
155	0.119522
155	0.013986
155	0.0247884
155	0.0783754
155	0.0804367
155	0.0232558
155	0.0248918
155	0.0725367
155	0.0657506
155	0.116235
155	0.0736152
155	0.0260684
155	0.141216
155	0.0319149
155	0.00815217
155	0.0113636
155	0.00639505
155	0.132937
155	0.0320026
155	0.0755493
155	0.0449253
155	0.117016
155	0.0599076
155	0.036391
155	0.00621089
155	0.0416554
160	0.0265957
160	0.0234196
160	0.0625
160	0.0166667
160	0.0287842
160	0.00568182
160	0.0240385
160	0.0741216
160	0.00749145
160	0.0465812
160	0.0159574
160	0.0248193
160	0.148404
160	0.0174419
160	0.0352826
160	0.0487945
160	0.0122217
160	0.0322845
160	0.0917892
160	0.0527715
160	0.032095
160	0
160	0.0726276
160	0.0261702
160	0.0738636
160	0.0827372
160	0.266667
160	0.0654266
160	0.0818975
160	0.0360866
160	0.0522734
160	0.0397727
160	0.0357143
160	0.0224638
160	0.0489548
160	0.0237184
160	0.0523438
160	0.116322
160	0.0166667
160	0.00520833
160	0.0392881
160	0.0582298
160	0.0222222
160	0.0375837
160	0.00520833
160	0.0623188
160	0.0465874
160	0.060789
160	0.0334435
160	0.0815217
160	0.0248196
160	0.0210057
160	0.0238814
160	0.0170455
160	0.0683792
160	0.0348837
160	0
160	0.0900062
160	0.0222917
160	0.0539324
160	0.0108696
160	0.0248732
160	0.02482
160	0.0981174
160	0.0416667
160	0.136905
160	0.0829536
160	0.0285625
160	0.0995373
160	0.00747126
160	0.0642602
160	0.0564815
160	0.0852273
160	0.0628261
160	0.00531915
160	0.0502011
160	0.0159574
160	0.122222
160	0.046875
160	0.0178571
160	0.0401338
160	0.0319149
160	0.0891501
160	0.0444444
160	0.19898
160	0.0258942
160	0.0244755
160	0.0691013
160	0.198864
160	0.0114475
160	0.0732437
160	0.0487805
160	0.0489847
160	0.0119346
160	0.0372278
160	0.00551825
160	0.0379106
160	0.0178571
160	0.0691358
160	0.0609193
165	0.0269917
165	0
165	0.0319149
165	0
165	0.0130946
165	0.0691489
165	0.0611067
165	0.0390371
165	0.0577002
165	0.043152
165	0.0276543
165	0.0103467
165	0.0670478
165	0.0163043
165	0.0378605
165	0.222826
165	0.048913
165	0.055
165	0.0321562
165	0.0128007
165	0
165	0.139138
165	0.0841046
165	0.0481512
165	0
165	0.0681683
165	0
165	0.0854457
165	0.223404
165	0.05299
165	0.0759225
165	0.00531915
165	0.0313655
165	0.0836704
165	0.0353839
165	0.052795
165	0.0491861
165	0.0419496
165	0.130176
165	0.201087
165	0.0245197
165	0.0407801
165	0.0841062
165	0.02343
165	0.0397727
165	0.0221505
165	0.00823045
165	0.0875
165	0.00639386
165	0.205556
165	0.0634058
165	0.0689796
165	0.0353542
165	0
165	0.00568182
165	0.0940419
165	0
165	0.0815948
165	0.127778
165	0.0275096
165	0.00520833
165	0.00794902
165	0.0851871
165	0
165	0.0116279
165	0.0213068
165	0.227273
165	0.354846
165	0.0166667
165	0.0310451
165	0.0246554
165	0.0694444
165	0.0492599
165	0.054349
165	0.05322
165	0.0108696
165	0.0633005
165	0.0704225
165	0.0239803
165	0.0937463
165	0.0170455
165	0.0466897
165	0.0776614
165	0.0487159
165	0.0166667
165	0.0460802
165	0.0380435
165	0.0733283
165	0.167615
165	0.0405306
165	0.0912856
165	0.0522244
165	0.0406977
165	0.0654762
165	0.0708037
165	0.0711806
165	0.0464444
165	0.0461156
165	0.0547207
165	0.0298378
170	0.0116279
170	0.0357152
170	0.0806763
170	0.110933
170	0
170	0.029618
170	0.00300494
170	0.0222586
170	0.105639
170	0.0443841
170	0.045751
170	0.00555556
170	0.0333386
170	0.138298
170	0.0178571
170	0.0106383
170	0.0326087
170	0.0637238
170	0.0484239
170	0.0357143
170	0.0258696
170	0.0514184
170	0.0522216
170	0.0108696
170	0.043247
170	0.0111111
170	0.0095811
170	0.0409091
170	0.0301255
170	0.0338186
170	0.103261
170	0.0625604
170	0.00657895
170	0.0615702
170	0.0304878
170	0.0210028
170	0.0303314
170	0.00554135
170	0.0235507
170	0.0724059
170	0.0163043
170	0.0730159
170	0.00531915
170	0.0668201
170	0.00700092
170	0.0430915
170	0.216667
170	0.0617709
170	0.0348837
170	0.0770475
170	0.0328302
170	0
170	0
170	0.0272448
170	0.0296363
170	0
170	0.048913
170	0.0981743
170	0.032002
170	0.0290698
170	0.0410965
170	0.0111111
170	0.108081
170	0.0665569
170	0.0744655
170	0.0242669
170	0.0673209
170	0.0590562
170	0.0508065
170	0.0244023
170	0.00920573
170	0.0319149
170	0.0357143
170	0.0109643
170	0.0119048
170	0.0934478
170	0.0326087
170	0
170	0.0174352
170	0.0546478
170	0.0423813
170	0.0428118
170	0.0108696
170	0.0380138
170	0.0265957
170	0.0271739
170	0.0520833
170	0.049702
170	0.0238668
170	0.0255653
170	0.0777954
170	0
170	0.0378343
170	0
170	0.019466
170	0
170	0.0610621
170	0.0163043
170	0.0467908
170	0.0575987
175	0.076334
175	0
175	0
175	0.0244959
175	0.0163043
175	0.0159574
175	0.0260417
175	0.0294659
175	0.0297619
175	0.234575
175	0.0119048
175	0
175	0.0140126
175	0.0227273
175	0.027775
175	0.0667425
175	0.0141367
175	0.112181
175	0.0477107
175	0.00780588
175	0.03125
175	0.0310194
175	0.0749366
175	0.239228
175	0.0259766
175	0.0338878
175	0
175	0.0768215
175	0.044032
175	0.0962441
175	0.0321146
175	0.0217391
175	0.0170455
175	0.00649537
175	0.0113636
175	0.00568182
175	0.0163043
175	0.0113636
175	0.0544099
175	0.0656566
175	0.0573751
175	0.0398148
175	0.0336605
175	0.0605237
175	0.0733054
175	0.0573967
175	0.104398
175	0.0465313
175	0.0478723
175	0.0422277
175	0.0294422
175	0.0480331
175	0.0343593
175	0.125
175	0
175	0.0204082
175	0.0259766
175	0.0504733
175	0.0130196
175	0
175	0.0212766
175	0
175	0.0113636
175	0.0500014
175	0.00661626
175	0.0297619
175	0.124032
175	0.0240683
175	0.0284091
175	0.0222222
175	0.104404
175	0
175	0.0385899
175	0.0420265
175	0.0174419
175	0.0166667
175	0.0633117
175	0.0226585
175	0.0603228
175	0.101221
175	0.064276
175	0.0113636
175	0.0501387
175	0.0487805
175	0.0140757
175	0.0146019
175	0
175	0.0601443
175	0.00555556
175	0.0111111
175	0.0632657
175	0.0696407
175	0.097343
175	0.00761663
175	0
175	0.026442
175	0.0861936
175	0.0271739
175	0.0130233
175	0.0986162
180	0.0265957
180	0.0651592
180	0.0543478
180	0.0207039
180	0.0121928
180	0.00634858
180	0.0299989
180	0.0505291
180	0.0637352
180	0.054371
180	0.0623845
180	0.0490625
180	0
180	0
180	0.0527599
180	0.0907133
180	0.0218779
180	0
180	0.0116279
180	0.0291035
180	0.0341945
180	0.0465116
180	0.0892086
180	0.0391304
180	0.0230496
180	0.0227273
180	0.0170455
180	0.0222222
180	0.00863177
180	0.0114688
180	0.0598946
180	0.0654693
180	0.01875
180	0
180	0.0327888
180	0.00648865
180	0.0546525
180	0.00555556
180	0.0113636
180	0.0799231
180	0.0346751
180	0.0291775
180	0.0182371
180	0.006144
180	0.0116524
180	0.0884302
180	0.0639535
180	0.00555556
180	0.0294121
180	0.07422
180	0.0174419
180	0.0145335
180	0.0121573
180	0.160976
180	0.0811782
180	0.052082
180	0.0559524
180	0.0277778
180	0.0396135
180	0.0244186
180	0.0340909
180	0.0348837
180	0.0439186
180	0
180	0.0850528
180	0.0603865
180	0.0503847
180	0.0408502
180	0.00555556
180	0
180	0.0166667
180	0
180	0.0397727
180	0.0568203
180	0.0108696
180	0
180	0.0284091
180	0.0298482
180	0.0475656
180	0.00681705
180	0.040623
180	0.0397727
180	0.0309203
180	0.0387143
180	0.0333658
180	0.0558846
180	0.137933
180	0.0557656
180	0.00581395
180	0.0550572
180	0.0312686
180	0.0285774
180	0.0245516
180	0.0284091
180	0.0260417
180	0.0170455
180	0.0302457
180	0.0852531
180	0.0170455
180	0.0850229
185	0.100811
185	0.028569
185	0.0699536
185	0.0463288
185	0.0361702
185	0.0444444
185	0.0340433
185	0.0416667
185	0.0708118
185	0.015625
185	0.0673913
185	0.0511453
185	0.029102
185	0.0360805
185	0.0357134
185	0
185	0.0390244
185	0.0153839
185	0.036526
185	0.0166667
185	0.0340909
185	0.0441156
185	0.0404721
185	0.0838757
185	0.0170455
185	0.0165631
185	0.125
185	0.0222222
185	0.0319149
185	0.0163043
185	0.0397674
185	0.0326375
185	0.0113636
185	0.0174419
185	0.0449735
185	0.0237154
185	0.00621078
185	0.0227273
185	0.0511364
185	0.0463788
185	0.00543478
185	0.0163043
185	0.0459305
185	0.0212766
185	0.0119048
185	0.0174419
185	0.00543478
185	0.0170455
185	0.0327137
185	0
185	0.0444444
185	0.0319149
185	0.0163043
185	0.0249243
185	0.0163281
185	0.0700758
185	0.0407148
185	0.0111111
185	0.0286894
185	0
185	0.0271739
185	0.0419383
185	0.0224569
185	0.114583
185	0.0945098
185	0.015625
185	0.0284091
185	0.019687
185	0.0351562
185	0.0106383
185	0.00693374
185	0
185	0.0430169
185	0.0223843
185	0.0601361
185	0.051087
185	0.0811502
185	0
185	0.081168
185	0
185	0.048913
185	0.0406257
185	0.0515245
185	0.0752359
185	0.0213588
185	0.101574
185	0.0455178
185	0.0440746
185	0.0218758
185	0.0349379
185	0.0159574
185	0.0510278
185	0.0227273
185	0.0116279
185	0
185	0.0446597
185	0.058727
185	0.0525253
185	0.0290622
185	0.0297619
190	0.0319149
190	0.00543478
190	0.0548712
190	0.0224046
190	0.0290282
190	0.0125
190	0.0100716
190	0.00619835
190	0.0159574
190	0
190	0.0102041
190	0
190	0
190	0.0290127
190	0.0111104
190	0.0238095
190	0.0170841
190	0.0620836
190	0.0189993
190	0.0166667
190	0.00531915
190	0.029334
190	0.0199186
190	0.0293424
190	0.0337198
190	0.0386488
190	0.0399287
190	0
190	0.0170455
190	0
190	0.00921868
190	0.0236219
190	0
190	0.0128682
190	0.00568182
190	0.0278519
190	0.0531915
190	0.0292614
190	0
190	0
190	0.0171371
190	0.0267876
190	0.0516204
190	0.0166667
190	0.0652162
190	0.0474962
190	0.0290836
190	0.0513514
190	0
190	0
190	0
190	0.0212766
190	0.099944
190	0.00543478
190	0.00625
190	0.077652
190	0.0168963
190	0.00647549
190	0.0224011
190	0.0208462
190	0.0159574
190	0
190	0.0113636
190	0.0627907
190	0.0106383
190	0
190	0.0111111
190	0.0226073
190	0.0253089
190	0.0261377
190	0.0212121
190	0.00555556
190	0.0557244
190	0.016859
190	0.0222222
190	0.0544747
190	0.0217391
190	0.0174419
190	0.0487167
190	0.0277778
190	0.00728526
190	0.0319149
190	0.0406895
190	0.0883796
190	0.0240995
190	0.0920139
190	0.0250691
190	0.0492424
190	0.029265
190	0.0455471
190	0
190	0.0926065
190	0.0163043
190	0.0520833
190	0
190	0.015625
190	0.0546512
190	0.0375586
190	0.00581395
190	0.0245364
195	0.03
195	0.0282407
195	0.0166667
195	0.00686789
195	0.0111111
195	0.00581395
195	0
195	0.00543478
195	0.0319149
195	0.0121001
195	0.0368021
195	0
195	0.0441402
195	0
195	0.0772654
195	0.0555986
195	0
195	0.0533656
195	0.0222222
195	0.0108696
195	0
195	0.0323582
195	0.030286
195	0.0170455
195	0.0587658
195	0.00773598
195	0.0293643
195	0.00555556
195	0.0786594
195	0.0413729
195	0.0116279
195	0
195	0
195	0.00805895
195	0.0919566
195	0.011988
195	0.0532297
195	0
195	0
195	0.0238645
195	0
195	0.00974269
195	0.0151515
195	0.0132871
195	0.0557426
195	0.0271739
195	0.0293424
195	0.0762274
195	0.0645308
195	0.0422364
195	0.00531915
195	0.037234
195	0.0159574
195	0
195	0.0222222
195	0.029692
195	0.0222222
195	0.0227273
195	0.00844595
195	0.0282339
195	0.00766706
195	0.0111111
195	0.0174419
195	0.0241449
195	0.0264295
195	0.00555556
195	0
195	0.0305398
195	0
195	0
195	0.081882
195	0.0170455
195	0.0229102
195	0.0340909
195	0.0291667
195	0.0166667
195	0.04375
195	0
195	0.0800447
195	0.0163043
195	0
195	0.0380435
195	0.0166667
195	0.0530303
195	0.0285286
195	0.0133333
195	0.0170455
195	0.0489144
195	0
195	0.0350493
195	0
195	0.136401
195	0.0227273
195	0.0333333
195	0.0240525
195	0.0113636
195	0.0104167
195	0.00531915
195	0.0403212
195	0.0283602
200	0.024086
200	0.00793651
200	0.00748096
200	0.00543478
200	0.0130719
200	0.0170455
200	0.0141361
200	0.0111111
200	0
200	0.00753927
200	0.0536382
200	0
200	0.0170455
200	0
200	0
200	0.0277778
200	0.0163043
200	0.0119658
200	0.0180298
200	0.0227373
200	0.0106383
200	0.0106383
200	0.0494792
200	0.0330495
200	0
200	0
200	0.023391
200	0.0357143
200	0.0108696
200	0.00543478
200	0.00543478
200	0
200	0.0306122
200	0.00676255
200	0.0222222
200	0.0620261
200	0.0442073
200	0.0166667
200	0.005997
200	0.0215566
200	0.036823
200	0.0166667
200	0.0113636
200	0.0360364
200	0.0469498
200	0.024462
200	0.0768576
200	0.0174419
200	0.0269134
200	0.0230419
200	0
200	0.00543478
200	0.0108696
200	0.0452036
200	0.0116279
200	0.0406977
200	0
200	0.0513285
200	0.00788153
200	0.0225155
200	0
200	0.0119048
200	0.00814045
200	0.0215311
200	0.00881887
200	0
200	0.0357143
200	0
200	0.0174419
200	0
200	0.0271739
200	0.0166667
200	0
200	0
200	0.00568182
200	0.0384623
200	0.0108696
200	0.0278351
200	0.0726207
200	0.00742268
200	0.0223404
200	0.0111111
200	0.0326087
200	0
200	0.0169935
200	0.0555603
200	0
200	0.023015
200	0.0815217
200	0.0413965
200	0.0192308
200	0.0289116
200	0.0122399
200	0
200	0.0222222
200	0.0174419
200	0.0108696
200	0.0196842
200	0.0555556
200	0.00798526
205	0.0380435
205	0.0119048
205	0
205	0.00666848
205	0.0217391
205	0.00531915
205	0.0144065
205	0
205	0
205	0.0143746
205	0.0155039
205	0.0223442
205	0.01373
205	0
205	0.00784314
205	0
205	0.0548111
205	0.0159574
205	0
205	0.0063306
205	0.0366802
205	0
205	0.0226908
205	0.037234
205	0.0357143
205	0.0101873
205	0.0449138
205	0
205	0.0435594
205	0.0561297
205	0
205	0.0229202
205	0.00568182
205	0
205	0.0638298
205	0.0349257
205	0.0222437
205	0
205	0.0531915
205	0.029692
205	0.015625
205	0.0280807
205	0.0510061
205	0.0060925
205	0
205	0.0111111
205	0
205	0.0170455
205	0.0159574
205	0
205	0.00638911
205	0.0113636
205	0.00616945
205	0.0111111
205	0.0166667
205	0
205	0.0517514
205	0.0159574
205	0
205	0.0119048
205	0.00568475
205	0.0170455
205	0.0541444
205	0
205	0.00685091
205	0.0283456
205	0.013559
205	0.0063488
205	0.0340909
205	0.0113636
205	0.00642292
205	0
205	0.00724263
205	0.0111111
205	0.0163043
205	0.00541624
205	0.0295459
205	0.00555556
205	0
205	0.0279782
205	0.0479806
205	0.0111111
205	0.0106383
205	0.0212728
205	0
205	0
205	0.0159574
205	0
205	0.0120921
205	0.00568182
205	0
205	0.0373439
205	0.0227273
205	0.041502
205	0.00520833
205	0.0119796
205	0.00857935
205	0.0283114
205	0.0159574
205	0.0364374
210	0
210	0.00543478
210	0
210	0
210	0
210	0.00980392
210	0.0111111
210	0
210	0
210	0.0329378
210	0.0242411
210	0
210	0.00581395
210	0
210	0.0180081
210	0.00543478
210	0.0119048
210	0.0313831
210	0.00694328
210	0
210	0
210	0.0115244
210	0.0537528
210	0.0602419
210	0
210	0.00520833
210	0.00543478
210	0.0108696
210	0.0217391
210	0
210	0.00618851
210	0.0368749
210	0
210	0.0304427
210	0
210	0.0063942
210	0
210	0.00904926
210	0.0312669
210	0
210	0.0420076
210	0.0797872
210	0
210	0.0127588
210	0.0129032
210	0
210	0.0108696
210	0
210	0.00607817
210	0.0460317
210	0
210	0
210	0
210	0.0260296
210	0
210	0
210	0
210	0.0247475
210	0.017787
210	0.0466395
210	0.0502386
210	0
210	0.0316442
210	0
210	0.0106383
210	0.030233
210	0.0361111
210	0
210	0.0111111
210	0
210	0.0351521
210	0.0334949
210	0.0271739
210	0
210	0
210	0.0379946
210	0.0337497
210	0.0216095
210	0.0108696
210	0.0304843
210	0
210	0.0111111
210	0
210	0.00692329
210	0
210	0.0217391
210	0.00826395
210	0.00531915
210	0.0111111
210	0.00510204
210	0
210	0.0227268
210	0.0111111
210	0
210	0
210	0
210	0.0171203
210	0.0255754
210	0.015625
210	0.0111111
215	0.0163043
215	0
215	0.00644056
215	0.00624953
215	0.00789156
215	0.026332
215	0.00531915
215	0
215	0
215	0.0265142
215	0
215	0.0108696
215	0.00595238
215	0
215	0.0334455
215	0.0217391
215	0.0128296
215	0
215	0.00568182
215	0
215	0.00555556
215	0
215	0.0210155
215	0
215	0
215	0
215	0.0174419
215	0
215	0.0169092
215	0.00568182
215	0.030458
215	0.0113636
215	0
215	0.0113636
215	0.0305278
215	0
215	0.00656514
215	0.00839866
215	0
215	0.00690244
215	0.00595238
215	0
215	0.0106383
215	0.034438
215	0.0116279
215	0.0334321
215	0.00674593
215	0.0255102
215	0.0227268
215	0.0242075
215	0.0163043
215	0.0217143
215	0.0245455
215	0.052469
215	0
215	0.0240389
215	0
215	0.00520833
215	0
215	0.00676233
215	0.00589909
215	0.0121624
215	0
215	0.0113636
215	0
215	0
215	0
215	0
215	0.0163043
215	0.00799748
215	0
215	0.00510204
215	0
215	0.0109173
215	0
215	0.0170455
215	0.0320687
215	0.0172993
215	0
215	0
215	0.0459929
215	0.0613273
215	0
215	0.0111111
215	0.0238095
215	0.0259512
215	0.00597826
215	0.00543478
215	0
215	0.00555556
215	0.00748877
215	0
215	0
215	0
215	0.0166667
215	0
215	0
215	0.00935246
215	0
215	0.00520833
220	0.00568182
220	0
220	0.00510204
220	0
220	0
220	0
220	0.0108696
220	0.011049
220	0.00555556
220	0
220	0
220	0.0223913
220	0.027281
220	0.0223591
220	0.0106383
220	0
220	0.00555556
220	0
220	0.00686236
220	0.00531915
220	0
220	0
220	0.00855573
220	0.00749396
220	0.0111111
220	0.0440129
220	0
220	0.00595238
220	0.00531915
220	0
220	0
220	0
220	0
220	0.0108696
220	0.0240209
220	0
220	0
220	0.0337592
220	0.0163043
220	0.026398
220	0
220	0.0111111
220	0
220	0.0170455
220	0
220	0
220	0.0119048
220	0
220	0.00555556
220	0
220	0.176136
220	0.0108696
220	0.0113636
220	0.00573653
220	0
220	0.0101587
220	0.0306476
220	0.00565667
220	0.00555556
220	0.00510204
220	0.0174419
220	0
220	0.0166667
220	0.0170455
220	0
220	0
220	0.00568182
220	0.00658449
220	0
220	0
220	0.0113636
220	0
220	0
220	0.00581395
220	0.0287341
220	0.015625
220	0.0237906
220	0.00568182
220	0
220	0
220	0.00543478
220	0
220	0
220	0.0101266
220	0
220	0.0311183
220	0
220	0.00724528
220	0.0300243
220	0
220	0.0275605
220	0
220	0
220	0.00531915
220	0
220	0.00635514
220	0
220	0.011016
220	0.0229167
220	0
225	0.00568182
225	0.00625
225	0.00581395
225	0
225	0
225	0
225	0.0233517
225	0.00543478
225	0.0163043
225	0
225	0
225	0
225	0
225	0
225	0.00531915
225	0
225	0
225	0
225	0
225	0
225	0.00520833
225	0
225	0
225	0
225	0
225	0
225	0
225	0
225	0
225	0.00520833
225	0
225	0
225	0.0248997
225	0.00541215
225	0
225	0
225	0
225	0
225	0
225	0
225	0
225	0
225	0
225	0
225	0
225	0
225	0
225	0
225	0
225	0
225	0
225	0.00640177
225	0.00581395
225	0
225	0.015625
225	0.00756939
225	0
225	0
225	0
225	0
225	0
225	0.00698764
225	0
225	0.00568182
225	0
225	0.00608806
225	0
225	0
225	0
225	0
225	0.00609756
225	0.00595575
225	0
225	0
225	0
225	0.00555556
225	0.00576992
225	0.01875
225	0
225	0
225	0.0286987
225	0.00568182
225	0
225	0
225	0
225	0
225	0
225	0
225	0
225	0.0170455
225	0
225	0
225	0
225	0
225	0
225	0
225	0
225	0
225	0.00595238
225	0
230	0
230	0
230	0
230	0
230	0
230	0
230	0
230	0
230	0
230	0
230	0
230	0
230	0
230	0
230	0
230	0
230	0
230	0
230	0
230	0
230	0
230	0
230	0
230	0
230	0
230	0
230	0
230	0
230	0
230	0
230	0
230	0
230	0
230	0
230	0
230	0
230	0
230	0
230	0
230	0
230	0
230	0
230	0
230	0
230	0
230	0
230	0
230	0
230	0
230	0
230	0
230	0
230	0
230	0
230	0
230	0
230	0
230	0
230	0
230	0
230	0
230	0
230	0
230	0
230	0
230	0
230	0
230	0
230	0
230	0
230	0
230	0
230	0
230	0
230	0
230	0
230	0
230	0
230	0
230	0
230	0
230	0
230	0
230	0
230	0
230	0
230	0
230	0
230	0
230	0
230	0
230	0
230	0
230	0
230	0
230	0
230	0
230	0
230	0
230	0
