var	minCostFlow
5	0.0733214
5	0.156339
5	0.0088601
5	0.17058
5	0.129684
5	0.0713427
5	0.124193
5	0.15282
5	0.171211
5	0.188681
5	0.125743
5	0.147729
5	0.0812039
5	0.105036
5	0.0521369
5	0.0164103
5	0.0799552
5	0.0899199
5	0.0800208
5	0.157966
5	0.124577
5	0.0343939
5	0.0832077
5	0.0696624
5	0.0896616
5	0.118845
5	0.0965631
5	0.0909256
5	0.194169
5	0.104934
5	0.0723919
5	0.100101
5	0.154132
5	0.179404
5	0.145512
5	0.098295
5	0.130038
5	0.0718379
5	0.055036
5	0.181163
5	0.108407
5	0.110126
5	0.116207
5	0.136224
5	0.177011
5	0.0674368
5	0.161429
5	0.143279
5	0.116203
5	0.161455
5	0.0583752
5	0.0726435
5	0.0339097
5	0.146205
5	0.106588
5	0.0486212
5	0.154353
5	0.173315
5	0.164481
5	0.1313
5	0.188044
5	0.133132
5	0.195406
5	0.0889619
5	0.0502636
5	0.0610461
5	0.217308
5	0.105105
5	0.116429
5	0.0692184
5	0.111089
5	0.0676056
5	0.0784715
5	0.183779
5	0.110193
5	0.142565
5	0.049765
5	0.172845
5	0.170844
5	0.15859
5	0.0914291
5	0.159163
5	0.112329
5	0.131854
5	0.133899
5	0.0484964
5	0.204018
5	0.183386
5	0.0767547
5	0.141113
5	0.171218
5	0.0970395
5	0.131644
5	0.0886346
5	0.152724
5	0.0716937
5	0.102223
5	0.166223
5	0.155062
5	0.101463
8	0.0518612
8	0.0837795
8	0.121998
8	0.188426
8	0.173094
8	0.14584
8	0.135445
8	0.1502
8	0.133634
8	0.111758
8	0.11469
8	0.0825642
8	0.110534
8	0.123539
8	0.141502
8	0.0927602
8	0.0311833
8	0.0684999
8	0.0805794
8	0.0809328
8	0.101317
8	0.106587
8	0.146438
8	0.111951
8	0.122271
8	0.0982476
8	0.0658746
8	0.0189887
8	0.103619
8	0.122024
8	0.0921075
8	0.0820277
8	0.117894
8	0.100319
8	0.12769
8	0.0397223
8	0.0837833
8	0.121745
8	0.107337
8	0.049485
8	0.0648581
8	0.0601187
8	0.0632217
8	0.139055
8	0.15067
8	0.0339682
8	0.129953
8	0.0970427
8	0.1045
8	0.0744945
8	0.17315
8	0.182943
8	0.135586
8	0.143801
8	0.124366
8	0.134576
8	0.128322
8	0.0560918
8	0.0543733
8	0.147491
8	0.071522
8	0.0863266
8	0.0514987
8	0.129836
8	0.0732144
8	0.112282
8	0.226195
8	0.0451274
8	0.072284
8	0.132714
8	0.0845148
8	0.212959
8	0.0528978
8	0.0673143
8	0.136222
8	0.174325
8	0.203753
8	0.1475
8	0.154916
8	0.125726
8	0.121632
8	0.118788
8	0.132177
8	0.075396
8	0.0857128
8	0.106029
8	0.106441
8	0.0194798
8	0.118326
8	0.132486
8	0.111014
8	0.120439
8	0.109172
8	0.118528
8	0.0894537
8	0.145943
8	0.0455405
8	0.170172
8	0.137011
8	0.122185
11	0.0255593
11	0.138671
11	0.115291
11	0.0561414
11	0.156107
11	0.0810052
11	0.130114
11	0.123247
11	0.138502
11	0.0877206
11	0.136317
11	0.0562268
11	0.0799736
11	0.113677
11	0.112798
11	0.159898
11	0.0704114
11	0.102372
11	0.120297
11	0.123297
11	0.0222916
11	0.0772668
11	0.166692
11	0.107436
11	0.0871682
11	0.0836455
11	0.172918
11	0.0667019
11	0.099037
11	0.130793
11	0.0484089
11	0.0993722
11	0.102478
11	0.0473895
11	0.0615981
11	0.0804777
11	0.067206
11	0.191325
11	0.0478975
11	0.14038
11	0.057778
11	0.11027
11	0.13224
11	0.133203
11	0.112699
11	0.10963
11	0.116504
11	0.0737182
11	0.147301
11	0.0455563
11	0.190295
11	0.110714
11	0.155206
11	0.0880604
11	0.0823591
11	0.0645672
11	0.0987146
11	0.0933469
11	0.0573705
11	0.105973
11	0.158278
11	0.102118
11	0.113545
11	0.125308
11	0.135718
11	0.0972849
11	0.155226
11	0.0781425
11	0.118558
11	0.0993853
11	0.186414
11	0.177898
11	0.120487
11	0.182996
11	0.111226
11	0.100869
11	0.219565
11	0.16921
11	0.128312
11	0.0825431
11	0.0806253
11	0.11119
11	0.217961
11	0.147457
11	0.190236
11	0.0910067
11	0.0158841
11	0.0449542
11	0.0467834
11	0.0566553
11	0.147826
11	0.0963979
11	0.13735
11	0.102422
11	0.092307
11	0.110504
11	0.109038
11	0.0784824
11	0.255974
11	0.0545977
14	0.170783
14	0.0785113
14	0.102123
14	0.139583
14	0.134026
14	0.154184
14	0.208549
14	0.0923317
14	0.0919873
14	0.223013
14	0.08533
14	0.148224
14	0.153623
14	0.108576
14	0.11333
14	0.0758802
14	0.00653529
14	0.153658
14	0.0589351
14	0.145884
14	0.195579
14	0.0658794
14	0.107176
14	0.09595
14	0.233833
14	0.0734032
14	0.15613
14	0.161091
14	0.146681
14	0.107144
14	0.157139
14	0.226373
14	0.103555
14	0.0888825
14	0.0320639
14	0.0861288
14	0.0951468
14	0.14309
14	0.118643
14	0.0471645
14	0.0576247
14	0.0769739
14	0.0196885
14	0.136498
14	0.158018
14	0.150734
14	0.133547
14	0.0899687
14	0.106859
14	0.124771
14	0.056877
14	0.161696
14	0.0185338
14	0.0624604
14	0.17737
14	0.0935222
14	0.172219
14	0.198987
14	0.0974284
14	0.122445
14	0.0907359
14	0.0951637
14	0.0446339
14	0.167407
14	0.167453
14	0.0419861
14	0.0491042
14	0.125587
14	0.0923603
14	0.147819
14	0.102848
14	0.0669603
14	0.0550955
14	0.100172
14	0.157003
14	0.0996471
14	0.0644042
14	0.0729737
14	0.109758
14	0.0842409
14	0.121594
14	0.143742
14	0.131647
14	0.108952
14	0.0681974
14	0.0540695
14	0.129941
14	0.105976
14	0.142692
14	0.0528001
14	0.147639
14	0.117986
14	0.145892
14	0.229438
14	0.149255
14	0.0810204
14	0.0944807
14	0.123167
14	0.151283
14	0.0519381
17	0.0994367
17	0.181475
17	0.0936723
17	0.0478879
17	0.0921318
17	0.105929
17	0.192034
17	0.119012
17	0.0422996
17	0.0930373
17	0.19162
17	0.182804
17	0.0935507
17	0.111858
17	0.0206272
17	0.101861
17	0.0117264
17	0.21076
17	0.0417943
17	0.102876
17	0.12261
17	0.111769
17	0.16102
17	0.142835
17	0.0822444
17	0.0980012
17	0.0814239
17	0.149214
17	0.117108
17	0.137722
17	0.0529278
17	0.0923756
17	0.0518791
17	0.0547807
17	0.127026
17	0.0873183
17	0.0568275
17	0.200869
17	0.18609
17	0.0902416
17	0.201775
17	0.132296
17	0.130934
17	0.141314
17	0.101148
17	0.199271
17	0.130808
17	0.0822789
17	0.160637
17	0.16219
17	0.119158
17	0.0920302
17	0.0795562
17	0.10555
17	0.0723804
17	0.227663
17	0.135326
17	0.121353
17	0.243198
17	0.10073
17	0.0807162
17	0.116374
17	0.207272
17	0.0748699
17	0.104196
17	0.0406035
17	0.127716
17	0.0618873
17	0.120592
17	0.19368
17	0.132524
17	0.108581
17	0.129334
17	0.0582614
17	0.0644348
17	0.140099
17	0.156959
17	0.0581301
17	0.166626
17	0.0854795
17	0.140259
17	0.0934408
17	0.0316687
17	0.1347
17	0.128543
17	0.0935032
17	0.0018509
17	0.0751368
17	0.122861
17	0.106585
17	0.175875
17	0.117239
17	0.0897013
17	0.111545
17	0.124303
17	0.0627979
17	0.0885628
17	0.0881396
17	0.105742
17	0.0470064
20	0.102974
20	0.116366
20	0.138539
20	0.111953
20	0.0517621
20	0.163188
20	0.112684
20	0.0760094
20	0.0958208
20	0.0978532
20	0.0558278
20	0.133437
20	0.208072
20	0.0664869
20	0.0917321
20	0.13178
20	0.145232
20	0.170287
20	0.147601
20	0.143045
20	0.0532784
20	0.0959507
20	0.0703212
20	0.201752
20	0.0981966
20	0.166404
20	0.0466153
20	0.0628802
20	0.125362
20	0.0715089
20	0.0793527
20	0.0795614
20	0.0301457
20	0.146655
20	0.0757611
20	0.15507
20	0.15143
20	0.157477
20	0.135897
20	0.143718
20	0.116464
20	0.180306
20	0.108921
20	0.109997
20	0.0480894
20	0.0734629
20	0.154832
20	0.0789968
20	0.0458474
20	0.0409527
20	0.161791
20	0.0871456
20	0.097409
20	0.0121968
20	0.108847
20	0.175312
20	0.161757
20	0.11188
20	0.134753
20	0.0786004
20	0.17286
20	0.0963313
20	0.154128
20	0.239121
20	0.121347
20	0.222542
20	0.120346
20	0.0733388
20	0.124935
20	0.117754
20	0.11519
20	0.122673
20	0.12445
20	0.0916296
20	0.0837252
20	0.085615
20	0.149715
20	0.0469934
20	0.0823948
20	0.0944938
20	0.154425
20	0.118706
20	0.128127
20	0.123672
20	0.103264
20	0.128186
20	0.139919
20	0.17201
20	0.178576
20	0.160662
20	0.0879734
20	0.244104
20	0.154453
20	0.192004
20	0.126837
20	0.0876267
20	0.146256
20	0.0831694
20	0.108073
20	0.0507542
23	0.177107
23	0.143513
23	0.112447
23	0.166994
23	0.0419774
23	0.10805
23	0.113721
23	0.0564887
23	0.225877
23	0.160783
23	0.154147
23	0.133091
23	0.141095
23	0.0735311
23	0.0340303
23	0.0460929
23	0.0597282
23	0.0895925
23	0.132509
23	0.0674444
23	0.084761
23	0.100003
23	0.101674
23	0.12915
23	0.140784
23	0.0256448
23	0.0647129
23	0.122474
23	0.0928307
23	0.112737
23	0.14457
23	0.0908948
23	0.0410059
23	0.107813
23	0.187661
23	0.0639331
23	0.081472
23	0.169793
23	0.0953987
23	0.102976
23	0.100664
23	0.0528128
23	0.0661016
23	0.0399637
23	0.0240989
23	0.0713444
23	0.107427
23	0.0475474
23	0.127317
23	0.158623
23	0.130119
23	0.105818
23	0.136043
23	0.18114
23	0.0346991
23	0.123873
23	0.0579406
23	0.109027
23	0.0855485
23	0.117834
23	0.121205
23	0.0942577
23	0.0595726
23	0.0520264
23	0.0362374
23	0.0714175
23	0.054199
23	0.0401663
23	0.143601
23	0.0818758
23	0.15833
23	0.101837
23	0.206769
23	0.149457
23	0.0652624
23	0.100059
23	0.15147
23	0.0488917
23	0.0354779
23	0.0963879
23	0.0468941
23	0.087324
23	0.170198
23	0.097691
23	0.137293
23	0.171767
23	0.113971
23	0.104074
23	0.0718388
23	0.0774393
23	0.108622
23	0.0915379
23	0.0868552
23	0.0951213
23	0.0684482
23	0.103952
23	0.10217
23	0.117988
23	0.075826
23	0.171795
26	0.0979159
26	0.152404
26	0.071379
26	0.123635
26	0.092094
26	0.119152
26	0.0652497
26	0.0768936
26	0.0960759
26	0.15363
26	0.0962739
26	0.118199
26	0.165835
26	0.143546
26	0.0660347
26	0.0831211
26	0.137281
26	0.110097
26	0.218986
26	0.106382
26	0.135089
26	0.0903876
26	0.0634738
26	0.112846
26	0.0465967
26	0.0453778
26	0.0547525
26	0.165247
26	0.102913
26	0.0155605
26	0.0778652
26	0.0837216
26	0.139663
26	0.196538
26	0.026143
26	0.180943
26	0.0551758
26	0.131476
26	0.0836943
26	0.124967
26	0.109798
26	0.109199
26	0.170807
26	0.131803
26	0.114801
26	0.11208
26	0.10911
26	0.040494
26	0.0638951
26	0.0341663
26	0.118654
26	0.0784361
26	0.159756
26	0.13218
26	0.069848
26	0.0459883
26	0.0575064
26	0.0776949
26	0.0992846
26	0.194031
26	0.196132
26	0.106694
26	0.0457554
26	0.096485
26	0.0486152
26	0.187318
26	0.136658
26	0.093848
26	0.0760263
26	0.0945516
26	0.0645766
26	0.160053
26	0.203179
26	0.138271
26	0.146382
26	0.129462
26	0.0492869
26	0.0854156
26	0.149907
26	0.0834631
26	0.161265
26	0.0320512
26	0.119469
26	0.109549
26	0.0531567
26	0.188577
26	0.0544436
26	0.0942503
26	0.0872413
26	0.10442
26	0.093539
26	0.0426613
26	0.0746081
26	0.0752193
26	0.0913377
26	0.0816203
26	0.0810785
26	0.0296347
26	0.0997108
26	0.085746
29	0.13792
29	0.0706117
29	0.0911236
29	0.0803608
29	0.20001
29	0.0987424
29	0.0836718
29	0.088465
29	0.108191
29	0.0939744
29	0.10049
29	0.133838
29	0.0806186
29	0.10069
29	0.102712
29	0.0757433
29	0.100685
29	0.0781998
29	0.0707253
29	0.0291052
29	0.13541
29	0.0850923
29	0.0631008
29	0.0857641
29	0.190456
29	0.0804022
29	0.0794081
29	0.13958
29	0.103086
29	0.194603
29	0.0423978
29	0.0633808
29	0.115668
29	0.0983203
29	0.120933
29	0.0867468
29	0.167703
29	0.130859
29	0.153207
29	0.182408
29	0.147024
29	0.0904647
29	0.103291
29	0.0938748
29	0.122322
29	0.0759958
29	0.107691
29	0.11986
29	0.118654
29	0.147723
29	0.243462
29	0.110581
29	0.100452
29	0.0735656
29	0.0857985
29	0.075766
29	0.111574
29	0.4314
29	0.0794523
29	0.120159
29	0.117143
29	0.150128
29	0.0620387
29	0.0887621
29	0.082131
29	0.0753143
29	0.123486
29	0.0307079
29	0.0749534
29	0.138532
29	0.188033
29	0.173846
29	0.148452
29	0.117663
29	0.0791614
29	0.109493
29	0.0366304
29	0.0737226
29	0.006931
29	0.118427
29	0.0697487
29	0.00961517
29	0.0656771
29	0.110166
29	0.111509
29	0.140672
29	0.0883122
29	0.158195
29	0.102758
29	0.0858721
29	0.0974753
29	0.142207
29	0.152849
29	0.177684
29	0.139487
29	0.0712043
29	0.117916
29	0.0442563
29	0.0984291
29	0.194703
32	0.0913269
32	0.230346
32	0.0760818
32	0.1117
32	0.0891051
32	0.029294
32	0.0984934
32	0.10159
32	0.0998524
32	0.083795
32	0.184275
32	0.0611003
32	0.099723
32	0.088145
32	0.0480534
32	0.0468298
32	0.111248
32	0.0996195
32	0.164016
32	0.211585
32	0.127737
32	0.0763196
32	0.0488103
32	0.0957495
32	0.152358
32	0.110153
32	0.0474967
32	0.104052
32	0.103826
32	0.0537834
32	0.112407
32	0.115901
32	0.227806
32	0.144371
32	0.0783684
32	0.13737
32	0.0776259
32	0.150001
32	0.138229
32	0.149273
32	0.0352631
32	0.077687
32	0.0550395
32	0.0876701
32	0.0591201
32	0.2543
32	0.0810781
32	0.0724654
32	0.111046
32	0.123259
32	0.160357
32	0.0586619
32	0.15282
32	0.0377494
32	0.0812587
32	0.0915124
32	0.110704
32	0.0772517
32	0.124449
32	0.100916
32	0.0823124
32	0.0772227
32	0.0883804
32	0.0762024
32	0.0721092
32	0.0887049
32	0.0856943
32	0.119372
32	0.0323045
32	0.0909278
32	0.0974841
32	0.16041
32	0.160711
32	0.104796
32	0.145281
32	0.0950158
32	0.127811
32	0.125537
32	0.058278
32	0.0389902
32	0.148734
32	0.108946
32	0.104782
32	0.0861512
32	0.151401
32	0.0505052
32	0.0479822
32	0.130704
32	0.153369
32	0.126046
32	0.0953575
32	0.0428912
32	0.0382315
32	0.09176
32	0.163266
32	0.0761139
32	0.0574988
32	0.130183
32	0.126325
32	0.162174
35	0.126374
35	0.145882
35	0.0575301
35	0.173441
35	0.0936493
35	0.0551434
35	0.0832596
35	0.0705792
35	0.0155204
35	0.0171096
35	0.0600086
35	0.096083
35	0.100357
35	0.106317
35	0.0975736
35	0.106061
35	0.0869799
35	0.125953
35	0.198366
35	0.12987
35	0.112422
35	0.206584
35	0.105837
35	0.271132
35	0.170991
35	0.073111
35	0.0954746
35	0.0623648
35	0.0610962
35	0.257698
35	0.0811684
35	0.0792713
35	0.088548
35	0.202484
35	0.110839
35	0.108395
35	0.105913
35	0.0540801
35	0.116595
35	0.10354
35	0.0823123
35	0.0328775
35	0.113609
35	0.166549
35	0.0906244
35	0.15335
35	0.11147
35	0.0139826
35	0.0926881
35	0.0451637
35	0.0530301
35	0.0862495
35	0.0593661
35	0.114789
35	0.0796463
35	0.0727466
35	0.0811456
35	0.12453
35	0.0809791
35	0.126924
35	0.0184866
35	0.126636
35	0.0687078
35	0.0405846
35	0.0865112
35	0.151914
35	0.196683
35	0.0500668
35	0.154414
35	0.0949061
35	0.0795594
35	0.0237342
35	0.142738
35	0.0778276
35	0.159217
35	0.0408039
35	0.102612
35	0.20232
35	0.0966369
35	0.0430229
35	0.078464
35	0.0820727
35	0.0919542
35	0.0981198
35	0.107684
35	0.0471082
35	0.0480368
35	0.109749
35	0.0940059
35	0.0803516
35	0.0661644
35	0.0479818
35	0.0683788
35	0.133047
35	0.17514
35	0.150633
35	0.149191
35	0.18319
35	0.102537
35	0.096428
38	0.0780417
38	0.159404
38	0.140452
38	0.063221
38	0.0961881
38	0.095701
38	0.0653243
38	0.11525
38	0.0550557
38	0.0185584
38	0.0970793
38	0.198647
38	0.092986
38	0.106241
38	0.042076
38	0.0262252
38	0.229578
38	0.114081
38	0.173114
38	0.0494147
38	0.11205
38	0.239821
38	0.0125545
38	0.0720396
38	0.188733
38	0.0625452
38	0.045743
38	0.0847915
38	0.0683418
38	0.0962432
38	0.035147
38	0.0891581
38	0.0842116
38	0.067678
38	0.03151
38	0.0945981
38	0.0989427
38	0.139358
38	0.15606
38	0.135896
38	0.0180395
38	0.147142
38	0.0979051
38	0.138827
38	0.0807241
38	0.0672622
38	0.147282
38	0.0619536
38	0.0541709
38	0.0476097
38	0.149714
38	0.0831916
38	0.145141
38	0.0731975
38	0.102883
38	0.0539279
38	0.0802505
38	0.0878649
38	0.189474
38	0.109118
38	0.0875179
38	0.0958044
38	0.0531291
38	0.0481324
38	0.119686
38	0.0897392
38	0.146411
38	0.0402912
38	0.0491549
38	0.0580059
38	0.154595
38	0.153265
38	0.0678608
38	0.06723
38	0.0657816
38	0.102587
38	0.218339
38	0.0549077
38	0.0803524
38	0.169742
38	0.0932286
38	0.112499
38	0.0890233
38	0.128376
38	0.224008
38	0.0709273
38	0.184278
38	0.0709499
38	0.119446
38	0.119201
38	0.122867
38	0.151627
38	0.130625
38	0.231982
38	0.162947
38	0.0449352
38	0.0889198
38	0.0163157
38	0.15803
38	0.0512299
41	0.0482135
41	0.126653
41	0.0625231
41	0.099948
41	0.0428856
41	0.145248
41	0.0832536
41	0.0726651
41	0.254471
41	0.0448303
41	0.148419
41	0.0363227
41	0.0746404
41	0.132206
41	0.0335258
41	0.0671565
41	0.148243
41	0.0720264
41	0.0807628
41	0.109797
41	0.0612734
41	0.0611869
41	0.190971
41	0.122248
41	0.0494672
41	0.0644872
41	0.0405176
41	0.0227222
41	0.113912
41	0.189348
41	0.0795434
41	0.0595579
41	0.0774956
41	0.181121
41	0.0781412
41	0.105392
41	0.17011
41	0.137522
41	0.0571299
41	0.125915
41	0.088487
41	0.130769
41	0.150748
41	0.0218274
41	0.154999
41	0.0820486
41	0.0513759
41	0.13722
41	0.0342905
41	0.0722276
41	0.0905906
41	0.0650719
41	0.107218
41	0.225857
41	0.0570928
41	0.0537724
41	0.00467913
41	0.124741
41	0.0558903
41	0.108742
41	0.0386612
41	0.252097
41	0.0907248
41	0.0787075
41	0.197775
41	0.175035
41	0.0687235
41	0.136468
41	0.0322971
41	0.179347
41	0.0850949
41	0.0483939
41	0.0541944
41	0.120823
41	0.0972039
41	0.0735662
41	0.119977
41	0.141648
41	0.121556
41	0.0827006
41	0.0764708
41	0.199862
41	0.0781622
41	0.176919
41	0.0913594
41	0.0688429
41	0.0795249
41	0.167965
41	0.107229
41	0.0724013
41	0.105787
41	0.116269
41	0.0317725
41	0.0303553
41	0.142224
41	0.109005
41	0.076444
41	0.169649
41	0.0565531
41	0.140998
44	0.236248
44	0.0393563
44	0.133063
44	0.175308
44	0.00121796
44	0.106886
44	0.086919
44	0.073091
44	0.0633779
44	0.122854
44	0.0499511
44	0.0446139
44	0.163666
44	0.162324
44	0.1853
44	0.0479431
44	0.109652
44	0.138538
44	0.138034
44	0.187131
44	0.0589766
44	0.0270304
44	0.0155502
44	0.114754
44	0.110036
44	0.074812
44	0.0674512
44	0.0796498
44	0.0174709
44	0.0900155
44	0.0337763
44	0.0372464
44	0.0780023
44	0.142831
44	0.150307
44	0.106153
44	0.111285
44	0.165817
44	0.036657
44	0.167044
44	0.0963648
44	0.11191
44	0.180199
44	0.137705
44	0.0688365
44	0.0175632
44	0.1247
44	0.0893161
44	0.158352
44	0.104799
44	0.117872
44	0.143093
44	0.129319
44	0.175097
44	0.0408368
44	0.0957521
44	0.0640659
44	0.0824925
44	0.156872
44	0.0897619
44	0.16272
44	0.145376
44	0.133755
44	0.21771
44	0.107518
44	0.073339
44	0.0653054
44	0.0914578
44	0.037528
44	0.0868043
44	0.15395
44	0.111252
44	0.0959731
44	0.10652
44	0.0761747
44	0.0914747
44	0.0628487
44	0.0574501
44	0.0851169
44	0.083363
44	0.142719
44	0.070586
44	0.121716
44	0.0658202
44	0.2058
44	0.150071
44	0.0832935
44	0.064045
44	0.106987
44	0.0863207
44	0.181444
44	0.148619
44	0.10694
44	0.0497426
44	0.0416988
44	0.0806936
44	0.0335404
44	0.161121
44	0.0862068
44	0.113608
47	0.141724
47	0.205828
47	0.133593
47	0.148658
47	0.0294752
47	0.0872201
47	0.0898256
47	0.138031
47	0.126901
47	0.242293
47	0.140597
47	0.106227
47	0.100724
47	0.0811469
47	0.16214
47	0.0737387
47	0.0543479
47	0.115203
47	0.15533
47	0.116623
47	0.32288
47	0.124157
47	0.164004
47	0.0607763
47	0.121392
47	0.113413
47	0.20495
47	0.0911095
47	0.16846
47	0.042918
47	0.0844097
47	0.0409845
47	0.129624
47	0.103611
47	0.0250862
47	0.0799838
47	0.0758989
47	0.0706373
47	0.206895
47	0.162841
47	0.128323
47	0.0564973
47	0.118268
47	0.0776807
47	0.0289925
47	0.0301268
47	0.212044
47	0.188516
47	0.127878
47	0.118888
47	0.0804648
47	0.189814
47	0.206066
47	0.0991187
47	0.0301803
47	0.127518
47	0.116049
47	0.128004
47	0.0445003
47	0.0993262
47	0.0817191
47	0.0429219
47	0.22937
47	0.174583
47	0.142429
47	0.0808821
47	0.110188
47	0.0944293
47	0.130246
47	0.153185
47	0.130931
47	0.122661
47	0.0629726
47	0.229836
47	0.149982
47	0.0690921
47	0.0460487
47	0.0452776
47	0.122401
47	0.00669598
47	0.118803
47	0.0946672
47	0.183099
47	0.01351
47	0.162964
47	0.0723639
47	0.135962
47	0.117449
47	0.130309
47	0.0805951
47	0.13207
47	0.160689
47	0.082012
47	0.0754115
47	0.0277287
47	0.225722
47	0.122639
47	0.0407286
47	0.276422
47	0.0704194
50	0.149591
50	0.0746068
50	0.126849
50	0.0615987
50	0.0925179
50	0.0525785
50	0.104417
50	0.104054
50	0.106925
50	0.0428298
50	0.0771241
50	0.127315
50	0.100997
50	0.0292669
50	0.0956679
50	0.168841
50	0.0680552
50	0
50	0.0903887
50	0.176495
50	0.11137
50	0.0321868
50	0.0603391
50	0.0812561
50	0.124054
50	0.100903
50	0.126597
50	0.145675
50	0.0359218
50	0.142653
50	0.132131
50	0.13219
50	0.12607
50	0.173967
50	0.146617
50	0.0432037
50	0.0220694
50	0.0974727
50	0.139884
50	0.0901895
50	0.234553
50	0.149862
50	0.00453847
50	0.0980091
50	0.124332
50	0.0909245
50	0.125056
50	0.135628
50	0.0830463
50	0.113921
50	0.0929471
50	0.104794
50	0.114723
50	0.239002
50	0.103033
50	0.0919629
50	0.100938
50	0.108145
50	0.0810305
50	0.101982
50	0.108952
50	0.120717
50	0.0832657
50	0.0426506
50	0.134668
50	0.167895
50	0.0356549
50	0.0431478
50	0.126313
50	0.095775
50	0.196796
50	0.08735
50	0.040254
50	0.0876287
50	0.0383751
50	0.16333
50	0.132759
50	0.101099
50	0.131318
50	0.113954
50	0.0611618
50	0.102529
50	0.0799094
50	0.0367254
50	0.0670926
50	0.0531631
50	0.0905211
50	0.130891
50	0.100266
50	0.159303
50	0.0462656
50	0.0599403
50	0.122286
50	0.0213659
50	0.0513087
50	0.0491939
50	0.14358
50	0.145739
50	0.193086
50	0.120105
53	0.0728934
53	0.116459
53	0.16229
53	0.0112357
53	0.0879211
53	0.147783
53	0.0900226
53	0.177399
53	0.101586
53	0.104121
53	0.0519873
53	0.153463
53	0.0373095
53	0.0931439
53	0.105738
53	0.104477
53	0.146369
53	0.16614
53	0.125489
53	0.0552557
53	0.0986107
53	0.069047
53	0.129748
53	0.0243347
53	0.0890443
53	0.160485
53	0.0589803
53	0.089292
53	0.113161
53	0.0325492
53	0.15901
53	0.125375
53	0.0877539
53	0.049095
53	0.153033
53	0.0902996
53	0.155916
53	0.0389851
53	0.148527
53	0.0723337
53	0.10295
53	0.0894096
53	0.039159
53	0.145438
53	0.123531
53	0.0802459
53	0.0459707
53	0.141732
53	0.130349
53	0.0632725
53	0.0709066
53	0.159159
53	0.15617
53	0.0680346
53	0.14806
53	0.107299
53	0.0207241
53	0.103861
53	0.0264904
53	0.124688
53	0.0691364
53	0.27344
53	0.0774579
53	0.0745571
53	0.151389
53	0.0641023
53	0.0312906
53	0.143503
53	0.0257638
53	0.140571
53	0.0982502
53	0.194191
53	0.096715
53	0.189563
53	0.116113
53	0.106004
53	0.0598085
53	0.193916
53	0.0639001
53	0.0881789
53	0.141142
53	0.131759
53	0.163099
53	0.0594472
53	0.0681062
53	0.11943
53	0.0884581
53	0.101589
53	0.0643799
53	0.0956944
53	0.0468813
53	0.0389816
53	0.0382882
53	0.102752
53	0.0268846
53	0.103615
53	0.138758
53	0.10667
53	0.11274
53	0.0744018
56	0.324185
56	0.0939888
56	0.146131
56	0.0568264
56	0.15477
56	0.140333
56	0.119326
56	0.140604
56	0.111619
56	0.0728476
56	0.0817576
56	0.0792282
56	0.114006
56	0.0524501
56	0.0530408
56	0.0523741
56	0.065966
56	0.158616
56	0.136964
56	0.0843644
56	0.111906
56	0.0652639
56	0.0732726
56	0.0340558
56	0.153101
56	0.147854
56	0.0475953
56	0.0391015
56	0.170182
56	0.101446
56	0.167208
56	0.0885902
56	0.102305
56	0.149391
56	0.105348
56	0.15164
56	0.0253956
56	0.115732
56	0.11023
56	0.0698889
56	0.135875
56	0.109757
56	0.112091
56	0.0982152
56	0.115575
56	0.168364
56	0.106273
56	0.167471
56	0.197464
56	0.0730415
56	0.0473739
56	0.0928426
56	0.0585138
56	0.149819
56	0.170855
56	0.0684862
56	0.17987
56	0.18138
56	0.103004
56	0.0985295
56	0.111427
56	0.10023
56	0.12951
56	0.127762
56	0.0977867
56	0.177011
56	0.0829777
56	0.0800211
56	0.033311
56	0.0726361
56	0.0713664
56	0.0336374
56	0.129064
56	0.159546
56	0.0875791
56	0.115959
56	0.110841
56	0.108005
56	0.0677208
56	0.0521467
56	0.172369
56	0.0404295
56	0.0620753
56	0.0898994
56	0.00507402
56	0.162615
56	0.0464044
56	0.0649249
56	0.0908841
56	0.125068
56	0.0856993
56	0.0884128
56	0.26959
56	0.0912361
56	0.108331
56	0.13873
56	0.166865
56	0.090778
56	0.0709369
56	0.0295191
59	0.0983354
59	0.0903073
59	0.122949
59	0.0789847
59	0.0426541
59	0.0932929
59	0.135195
59	0.0491814
59	0.0501264
59	0.100826
59	0.124642
59	0.223847
59	0.0985688
59	0.103515
59	0.131861
59	0.159573
59	0.0877339
59	0.231982
59	0.0919555
59	0.0657283
59	0.120124
59	0.0985577
59	0.164088
59	0.0537756
59	0.0633985
59	0.0644306
59	0.0834581
59	0.18194
59	0.139186
59	0.112278
59	0.101904
59	0.0651307
59	0.110585
59	0.211424
59	0.172685
59	0.110292
59	0.0838366
59	0.0332927
59	0.29368
59	0.109001
59	0.0869024
59	0.0738799
59	0.0828953
59	0.11853
59	0.133029
59	0.100006
59	0.0645475
59	0.0488278
59	0.0673961
59	0.0836031
59	0.124356
59	0.057685
59	0.173379
59	0.1046
59	0.124382
59	0.091753
59	0.143918
59	0.0337258
59	0.112827
59	0.138658
59	0.0989352
59	0.143804
59	0.0832493
59	0.0916223
59	0.0921967
59	0.120937
59	0.0828107
59	0.112446
59	0.0889571
59	0.0244631
59	0.0834638
59	0.145744
59	0.0990692
59	0.119961
59	0.165976
59	0.145089
59	0.0624945
59	0.0729798
59	0.148814
59	0.144648
59	0.076413
59	0.104644
59	0.067397
59	0.203772
59	0.161605
59	0.0524302
59	0.0590515
59	0.16164
59	0.0623965
59	0
59	0.0863042
59	0.0246557
59	0.066537
59	0.0770976
59	0.0892698
59	0.052927
59	0.136678
59	0.0652551
59	0.0276102
59	0.195738
62	0.104025
62	0.0285592
62	0.0549801
62	0.160774
62	0.161049
62	0.154894
62	0.289938
62	0.0289941
62	0.0865052
62	0.0734458
62	0.0539361
62	0.129862
62	0.0516992
62	0.0876907
62	0.131036
62	0.10715
62	0.0668569
62	0.044907
62	0.0619967
62	0.0758071
62	0.0575974
62	0.157505
62	0.0752607
62	0.227341
62	0.122435
62	0.100729
62	0.0973153
62	0.0503762
62	0.172539
62	0.177039
62	0.0382956
62	0.0733062
62	0.172975
62	0.139473
62	0.121847
62	0.142741
62	0.0538365
62	0.109694
62	0.0826626
62	0.0843965
62	0.0564676
62	0.107932
62	0.0668292
62	0.0713091
62	0.0607963
62	0.0551123
62	0.110111
62	0.236421
62	0.0225752
62	0.0278197
62	0.0469971
62	0.0445805
62	0.122964
62	0.0670046
62	0.0160963
62	0.124614
62	0.150844
62	0.098041
62	0.045963
62	0.150245
62	0.0724792
62	0.0691045
62	0.12118
62	0.11092
62	0.0456527
62	0.134424
62	0.15041
62	0.0633495
62	0.217256
62	0.116822
62	0.0680873
62	0.111381
62	0.149683
62	0.229422
62	0.0388682
62	0.107454
62	0.0850346
62	0.139195
62	0.0874743
62	0.14498
62	0.11206
62	0.126577
62	0.0597803
62	0.117763
62	0.0278548
62	0.172041
62	0.0991063
62	0.097951
62	0.0651013
62	0.0558324
62	0.0652843
62	0.1157
62	0.0314201
62	0.150236
62	0.0527249
62	0.206152
62	0.102301
62	0.203775
62	0.0482894
62	0.0986603
65	0.0671973
65	0.114826
65	0.114403
65	0.0910682
65	0.0567985
65	0.0387158
65	0.0642053
65	0.0985068
65	0.145937
65	0.136329
65	0.0931803
65	0.0989128
65	0.112545
65	0.0785274
65	0.0351892
65	0.0359801
65	0.0642144
65	0.083551
65	0.106878
65	0.148291
65	0.0679253
65	0.137912
65	0.0373478
65	0.129357
65	0.0684121
65	0.133064
65	0.0506364
65	0.075075
65	0.161744
65	0.0660629
65	0.0755666
65	0.0721369
65	0.0303225
65	0.0452712
65	0.0589667
65	0.0664724
65	0.0438123
65	0.0788439
65	0.0768517
65	0.0894567
65	0.0787693
65	0.145799
65	0.11865
65	0.0372235
65	0.0489303
65	0.14075
65	0.100545
65	0.0872565
65	0.045576
65	0.131214
65	0.145767
65	0.0674605
65	0.109048
65	0.357332
65	0.0583134
65	0.099472
65	0.11883
65	0.0958241
65	0.107279
65	0.173052
65	0.0914276
65	0.13182
65	0.103681
65	0.0967016
65	0.0385077
65	0.14314
65	0.115827
65	0.0766785
65	0.136168
65	0.0675675
65	0.103153
65	0.0404546
65	0.0650058
65	0.121253
65	0.166839
65	0.0844267
65	0.0499592
65	0.249658
65	0.104845
65	0.110021
65	0.0699684
65	0.033944
65	0.0340498
65	0.071988
65	0.150358
65	0.0522188
65	0.058753
65	0.109542
65	0.0433887
65	0.125293
65	0.214656
65	0.0458933
65	0.0631921
65	0.188955
65	0.187984
65	0.10706
65	0.0925682
65	0.0274321
65	0.0660702
65	0.0341729
68	0.0602412
68	0.0743742
68	0.0700385
68	0.123743
68	0.093402
68	0.0640732
68	0.0444984
68	0.120289
68	0.125468
68	0.0784803
68	0.0986077
68	0.0716998
68	0.0643255
68	0.0707519
68	0.124801
68	0.102126
68	0.0913137
68	0.191339
68	0.163332
68	0.103694
68	0.131726
68	0.00682084
68	0.157419
68	0.0402597
68	0.202893
68	0.0946182
68	0.170391
68	0.0394603
68	0.143895
68	0.13107
68	0.12113
68	0.103185
68	0.0912786
68	0.145969
68	0.0783228
68	0.0327704
68	0.119948
68	0.0804718
68	0.0779969
68	0.0716052
68	0.0491678
68	0.182238
68	0.120468
68	0.0411954
68	0.101473
68	0.102453
68	0.0777694
68	0.0426646
68	0.14574
68	0.0841735
68	0.0149875
68	0.0408847
68	0.181043
68	0.113308
68	0.0984851
68	0.0784128
68	0.119412
68	0.158557
68	0.0775784
68	0.0641516
68	0.0901402
68	0.0760265
68	0.156673
68	0.118857
68	0.0324303
68	0.118889
68	0.130225
68	0.161979
68	0.142039
68	0.16614
68	0.102976
68	0.0637118
68	0.0882307
68	0.0588319
68	0.139182
68	0.0342764
68	0.0596085
68	0.164939
68	0.0682185
68	0.118235
68	0.0649544
68	0.0846659
68	0.11672
68	0.0557278
68	0.0533686
68	0.0907503
68	0.168068
68	0.0755218
68	0.136678
68	0.0992648
68	0.0956352
68	0.0340174
68	0.137638
68	0.0416821
68	0.101155
68	0.0849107
68	0.188726
68	0.100127
68	0.126549
68	0.114565
71	0.0690718
71	0.0970503
71	0.163209
71	0.107989
71	0.149295
71	0.0656866
71	0.0239235
71	0.0375182
71	0.0669901
71	0.0399232
71	0.199729
71	0.0136567
71	0.174876
71	0.151594
71	0.129578
71	0.0575108
71	0.0921647
71	0.0835849
71	0.122888
71	0.18977
71	0.0228558
71	0.0813738
71	0.0822381
71	0.0841882
71	0.0330096
71	0.0638235
71	0.00812768
71	0.15969
71	0.107776
71	0.171318
71	0.136284
71	0.0214039
71	0.189913
71	0.0805754
71	0.0375294
71	0.136564
71	0.0832336
71	0.0727247
71	0.10508
71	0.0793098
71	0.183485
71	0.135566
71	0.0914623
71	0.120217
71	0.08745
71	0.086512
71	0.106645
71	0.057418
71	0.0691128
71	0.16301
71	0.126007
71	0.125455
71	0.138378
71	0.0831059
71	0.0900115
71	0.125403
71	0.107654
71	0.0453666
71	0.0879511
71	0.0782522
71	0.177393
71	0.164957
71	0.118161
71	0.112396
71	0.146564
71	0.134154
71	0.1376
71	0.105438
71	0.0312945
71	0.0819406
71	0.125959
71	0.0249951
71	0.0696831
71	0.0121309
71	0.0596537
71	0.178301
71	0.242948
71	0.0325385
71	0.0948196
71	0.0816996
71	0.15653
71	0.0724896
71	0.0412416
71	0.0770635
71	0.101054
71	0.0323859
71	0.0759132
71	0.0423857
71	0.0588801
71	0.162834
71	0.0937122
71	0.186242
71	0.0203966
71	0.0705201
71	0.0955437
71	0.0816589
71	0.0369134
71	0.0904683
71	0.0680796
71	0.0919837
74	0.0592729
74	0.0802597
74	0.109098
74	0.130129
74	0.0451486
74	0.148343
74	0.112352
74	0.0807844
74	0.0494269
74	0.0194479
74	0.0297526
74	0.107628
74	0.0330881
74	0.0385517
74	0.133388
74	0.0534708
74	0.0634034
74	0.0197189
74	0.121448
74	0.115532
74	0.11412
74	0.228234
74	0.168522
74	0.0552203
74	0.076658
74	0.127503
74	0.0750395
74	0.111718
74	0.150911
74	0.0980076
74	0.0970761
74	0.0465388
74	0.16962
74	0.0345916
74	0.15965
74	0.0206291
74	0.140323
74	0.119808
74	0.133904
74	0.0898166
74	0.0774613
74	0.158366
74	0.0328954
74	0.0517305
74	0.0731219
74	0.0815162
74	0.124014
74	0.0726119
74	0.0997442
74	0.146832
74	0.161211
74	0.118043
74	0.194313
74	0.103354
74	0.0378545
74	0.0883658
74	0.220006
74	0.0222123
74	0.0653342
74	0.0920317
74	0.102748
74	0.0533663
74	0.0771407
74	0.105213
74	0.0280792
74	0.0458667
74	0.0882879
74	0.0587421
74	0.0679077
74	0.104495
74	0.0796221
74	0.0899487
74	0.191168
74	0.0589278
74	0.141352
74	0.0482694
74	0.0787366
74	0.0747722
74	0.119483
74	0.116863
74	0.097021
74	0.0515019
74	0.00973915
74	0.1054
74	0.0698989
74	0.162456
74	0.120345
74	0.00883602
74	0.117718
74	0.0972607
74	0.0309857
74	0.195347
74	0.0654042
74	0.2667
74	0.0225952
74	0.105435
74	0.0613724
74	0.0740676
74	0.226966
74	0.0545105
77	0.110012
77	0.135129
77	0.124017
77	0.221416
77	0.117235
77	0.0507453
77	0.115203
77	0.0755677
77	0.0975352
77	0.0527154
77	0.072934
77	0.0774212
77	0.110964
77	0.108184
77	0.115963
77	0.0509114
77	0.0543106
77	0.168603
77	0.123009
77	0.0800414
77	0.0619417
77	0.106805
77	0.0926127
77	0.167797
77	0.0408172
77	0.140788
77	0.0973101
77	0.181133
77	0.13507
77	0.0578421
77	0.0388152
77	0.145468
77	0.131309
77	0.0870945
77	0.133918
77	0.2074
77	0.0607056
77	0.166833
77	0.0786686
77	0.135076
77	0.1209
77	0.108691
77	0.0891732
77	0.16156
77	0.107234
77	0.0610188
77	0.1027
77	0.112359
77	0.0956541
77	0.12595
77	0.0995809
77	0.0330985
77	0.0496121
77	0.0652483
77	0.0336241
77	0.141329
77	0.117766
77	0.0303598
77	0.0569033
77	0.188131
77	0.037233
77	0.0592454
77	0.0637123
77	0.134064
77	0.201308
77	0.0821297
77	0.099762
77	0.0498237
77	0.0812809
77	0.014518
77	0.182146
77	0.149491
77	0.0958258
77	0.143044
77	0.0900096
77	0.12921
77	0.0720973
77	0.0766487
77	0.0690184
77	0.148199
77	0.0445767
77	0.131823
77	0.0374188
77	0.0782593
77	0.227332
77	0.0680627
77	0.108989
77	0.0669874
77	0.116484
77	0.0616457
77	0.100611
77	0.0965606
77	0.135755
77	0.0979777
77	0.0652793
77	0.240869
77	0.0147033
77	0.0810787
77	0.11365
77	0.124692
80	0.145433
80	0.0568641
80	0.0607287
80	0.0454141
80	0.168731
80	0.0613502
80	0.0801747
80	0.108247
80	0.196968
80	0.0828308
80	0.1498
80	0.0350752
80	0.0760496
80	0.0176112
80	0.153229
80	0.078695
80	0.125463
80	0.17314
80	0.0840749
80	0.116488
80	0.0973158
80	0.00294018
80	0.0702983
80	0.117576
80	0.0662882
80	0.191908
80	0.15767
80	0.117837
80	0.104546
80	0.124357
80	0.152382
80	0.0630538
80	0.132814
80	0.0767661
80	0.15271
80	0.0841638
80	0.0640543
80	0.214613
80	0.095225
80	0.120598
80	0.136719
80	0.0687297
80	0.070217
80	0.109871
80	0.0938625
80	0.104397
80	0.100894
80	0.0941928
80	0.152646
80	0.167593
80	0.0495369
80	0.05334
80	0.121774
80	0.159391
80	0.047612
80	0.247489
80	0.0503018
80	0.0211704
80	0.180129
80	0.0784336
80	0.121552
80	0.116013
80	0.0963099
80	0.155899
80	0.142008
80	0.0855903
80	0.128828
80	0.0783966
80	0.138429
80	0.0862242
80	0.084782
80	0.0500093
80	0.126554
80	0.1069
80	0.0691756
80	0.0585275
80	0.120875
80	0.183878
80	0.0782036
80	0.133836
80	0.155827
80	0.0937607
80	0.0830815
80	0.0833909
80	0.0943156
80	0.0218069
80	0.0434306
80	0.0728681
80	0.253948
80	0.132039
80	0.0780908
80	0.0779213
80	0.0805974
80	0.123554
80	0.244435
80	0.0554724
80	0.11656
80	0.106852
80	0.0292184
80	0.359689
83	0.086037
83	0.135714
83	0.152183
83	0.0469296
83	0.0671096
83	0.0532268
83	0.066701
83	0.0904472
83	0.15677
83	0.0577691
83	0.029149
83	0.109675
83	0.122864
83	0.202924
83	0.150692
83	0.0552437
83	0.0185476
83	0.0704134
83	0.110387
83	0.0475802
83	0.0813739
83	0.0654119
83	0.0924941
83	0.113435
83	0.0777132
83	0.0513226
83	0.125692
83	0.150387
83	0.183788
83	0.0815768
83	0.15429
83	0.128594
83	0.133354
83	0.0461025
83	0.0892269
83	0.0397602
83	0.068979
83	0.0897601
83	0.0823488
83	0.126923
83	0.105805
83	0.143195
83	0.177057
83	0.047566
83	0.118981
83	0.0670649
83	0.224683
83	0.113253
83	0.0320909
83	0.0762245
83	0.0631303
83	0.0529334
83	0.131626
83	0.136558
83	0.176146
83	0.0883684
83	0.169327
83	0.157883
83	0.0633815
83	0.0701663
83	0.139139
83	0.0726608
83	0.053394
83	0.0265107
83	0.118191
83	0.131084
83	0.0994808
83	0.099723
83	0.0615618
83	0.170027
83	0.1071
83	0.192353
83	0.0671463
83	0.204977
83	0.0991406
83	0.139457
83	0.165552
83	0.0724065
83	0.0774273
83	0.17777
83	0.0822108
83	0.0718571
83	0.177931
83	0.102334
83	0.10422
83	0.0407475
83	0.124344
83	0.150466
83	0.0663178
83	0.0525282
83	0.141067
83	0.231159
83	0.0767937
83	0.0807665
83	0.153674
83	0.025703
83	0.150444
83	0.202794
83	0.115067
83	0.11136
86	0.107946
86	0.06378
86	0.0644785
86	0.040849
86	0.110582
86	0.0431858
86	0.250681
86	0.0280985
86	0.0508179
86	0.074976
86	0.0769806
86	0.110703
86	0.147145
86	0.1171
86	0.040863
86	0.0261043
86	0.0747964
86	0.0681094
86	0.0569704
86	0.134979
86	0.116119
86	0.0507734
86	0.0439812
86	0.0547829
86	0.0687578
86	0.0863565
86	0.0826782
86	0.0371892
86	0.138824
86	0.115179
86	0.14175
86	0.112488
86	0.0821919
86	0.0705109
86	0.0806543
86	0.0478482
86	0.0713498
86	0.184094
86	0.0707883
86	0.16673
86	0.0822465
86	0.242404
86	0.0605204
86	0.0566924
86	0.0233921
86	0.11094
86	0.13643
86	0.0624616
86	0.249108
86	0.126783
86	0.0886775
86	0.0842082
86	0.0641429
86	0.0363802
86	0.0999633
86	0.100263
86	0.137588
86	0.12423
86	0.135068
86	0.122268
86	0.124659
86	0.0481748
86	0.130811
86	0.185801
86	0.0830563
86	0.0686463
86	0.0612053
86	0.080108
86	0.0359082
86	0.063296
86	0.036051
86	0.11475
86	0.103518
86	0.0643279
86	0.146913
86	0.105235
86	0.28295
86	0.0912772
86	0.0881081
86	0.0787424
86	0.0893797
86	0.116727
86	0.0879757
86	0.0901398
86	0.0547428
86	0.13411
86	0.0263085
86	0.134804
86	0.128589
86	0.038784
86	0.046169
86	0.153661
86	0.0916441
86	0.10894
86	0.110349
86	0.0938082
86	0.0791933
86	0.0284325
86	0.0953122
86	0.0522525
89	0.0755845
89	0.0950551
89	0.122311
89	0.0421343
89	0.0597238
89	0.100744
89	0.0693817
89	0.100915
89	0.097039
89	0.107946
89	0.0518651
89	0.054525
89	0.075797
89	0.179286
89	0.086467
89	0.0771561
89	0.0760393
89	0.109775
89	0.0705221
89	0.0492906
89	0.0603007
89	0.140074
89	0.0728617
89	0.0287141
89	0.162437
89	0.114255
89	0.044484
89	0.126917
89	0.120695
89	0.118371
89	0.172535
89	0.127068
89	0.105714
89	0.169181
89	0.124554
89	0.0874078
89	0.123514
89	0.113334
89	0.072832
89	0.069263
89	0.170367
89	0.120393
89	0.182583
89	0.111619
89	0.0726871
89	0.150774
89	0.0470112
89	0.104478
89	0.0849446
89	0.0739903
89	0.0780504
89	0.017091
89	0.116719
89	0.163122
89	0.0873827
89	0.0202321
89	0.241365
89	0.0654586
89	0.113461
89	0.0810151
89	0.0276539
89	0.104342
89	0.118726
89	0.034855
89	0.106249
89	0.145644
89	0.297473
89	0.135415
89	0.148753
89	0.0376006
89	0.104238
89	0.0783182
89	0.0863802
89	0.0452395
89	0.175511
89	0.0954974
89	0.0324574
89	0.117698
89	0.0700262
89	0.021058
89	0.144716
89	0.0680409
89	0.0963582
89	0.0549672
89	0.0398645
89	0.148574
89	0.20505
89	0.132496
89	0.0826079
89	0.148314
89	0.124964
89	0.0693603
89	0.0674337
89	0.110863
89	0.126529
89	0.137756
89	0.0451023
89	0.125098
89	0.0923238
89	0.181895
92	0.0965084
92	0.14121
92	0.176564
92	0.123088
92	0.0542389
92	0.135619
92	0.139071
92	0.040348
92	0.0281472
92	0.00847051
92	0.14776
92	0.0634992
92	0.128545
92	0.0754244
92	0.128413
92	0.0548461
92	0.0417511
92	0.106991
92	0.104989
92	0.0430745
92	0.0578144
92	0.0344581
92	0.15119
92	0.123201
92	0.101853
92	0.132665
92	0.093636
92	0.10034
92	0.0475977
92	0.125442
92	0.207622
92	0.050036
92	0.209146
92	0.154001
92	0.0176858
92	0.141857
92	0.124821
92	0.168631
92	0.092325
92	0.123265
92	0.0616752
92	0.0366916
92	0.14908
92	0.0517716
92	0.0402746
92	0.230259
92	0.0482327
92	0.248782
92	0.0848355
92	0.0613825
92	0.0287855
92	0.0794209
92	0.132484
92	0.087179
92	0.0805895
92	0.0213844
92	0.122504
92	0.290304
92	0.0809647
92	0.21652
92	0.0971584
92	0.121146
92	0.0917343
92	0.0932318
92	0.0652838
92	0.0928629
92	0.0939564
92	0.0966106
92	0.0871068
92	0.0763896
92	0.300951
92	0.0327078
92	0.0477453
92	0.062289
92	0.0697121
92	0.16859
92	0.0860063
92	0.0644319
92	0.0969534
92	0.0925225
92	0.0470201
92	0.149752
92	0.0585973
92	0.127926
92	0.206948
92	0.0965836
92	0.132823
92	0.0737785
92	0.296501
92	0.0706292
92	0.135595
92	0.0900046
92	0.130015
92	0.136357
92	0.100648
92	0.114433
92	0.05108
92	0.0618272
92	0.0822666
92	0.0591461
95	0.134256
95	0.0964218
95	0.10174
95	0.0507268
95	0.0958066
95	0.0915219
95	0.0480223
95	0.0574373
95	0.192817
95	0.090743
95	0.0038885
95	0.077157
95	0.166237
95	0.11369
95	0.105954
95	0.212445
95	0.0800472
95	0.130414
95	0.0811841
95	0.0862926
95	0.06757
95	0.122879
95	0.0750347
95	0.0589772
95	0.15068
95	0.1101
95	0.122085
95	0.0734422
95	0.191095
95	0.0418081
95	0.0779875
95	0.0286014
95	0.0405736
95	0.0138498
95	0.140991
95	0.1051
95	0.00488547
95	0.176404
95	0.0743691
95	0.103835
95	0.159375
95	0.0308375
95	0.0895555
95	0.0620689
95	0.0373478
95	0.122929
95	0.0200668
95	0.152404
95	0.0642859
95	0.0365826
95	0.10054
95	0.0795059
95	0.221534
95	0.0841058
95	0.0595405
95	0.137185
95	0.143551
95	0.0757447
95	0.0658934
95	0.093009
95	0.16821
95	0.0146014
95	0.101435
95	0.149281
95	0.105274
95	0.072367
95	0.0991021
95	0.0448496
95	0.109383
95	0.0578992
95	0.141385
95	0.0893657
95	0.184663
95	0.118543
95	0.0217433
95	0.0714498
95	0.0368312
95	0.080282
95	0.166179
95	0.0889351
95	0.12246
95	0.0546708
95	0.086069
95	0.135295
95	0.141468
95	0.0836944
95	0.129947
95	0.0867732
95	0.0533319
95	0.0662113
95	0.0617839
95	0.11521
95	0.142374
95	0.0936396
95	0.129462
95	0.0735149
95	0.0473785
95	0.0344357
95	0.189927
95	0.204145
98	0.032565
98	0.0324955
98	0.105755
98	0.0776764
98	0.0961473
98	0.0738182
98	0.106779
98	0.12369
98	0.104141
98	0.101304
98	0.204094
98	0.233776
98	0.106906
98	0.0903998
98	0.0756224
98	0.0464265
98	0.134762
98	0.0804085
98	0.148709
98	0.0714067
98	0.0603116
98	0.141406
98	0.0701029
98	0.0549033
98	0.150575
98	0.0451079
98	0.141268
98	0.041396
98	0.0709717
98	0.1788
98	0.204727
98	0.0684259
98	0.121623
98	0.0317037
98	0.137317
98	0.140672
98	0.119692
98	0.118823
98	0.0753607
98	0.117694
98	0.0679441
98	0.101166
98	0.115472
98	0.127949
98	0.0465839
98	0.22603
98	0.0984005
98	0.104166
98	0.0504096
98	0.104321
98	0.115548
98	0.127744
98	0.024025
98	0.112234
98	0.103021
98	0.20855
98	0.0955256
98	0.0389728
98	0.0794621
98	0.0769311
98	0.0884827
98	0.0821669
98	0.0475612
98	0.0755419
98	0.042359
98	0.0614018
98	0.00146134
98	0.0822772
98	0.217346
98	0.0242484
98	0.0558416
98	0.142904
98	0.110597
98	0.0828547
98	0.0630593
98	0.0540078
98	0.091567
98	0.0792592
98	0.0881493
98	0.129526
98	0.207991
98	0.0538389
98	0.0614366
98	0.0645783
98	0.0562131
98	0.00346807
98	0.0737725
98	0.0589162
98	0.0886714
98	0.0541806
98	0.131477
98	0.133158
98	0.0750211
98	0.0408091
98	0.106953
98	0.128569
98	0.0366394
98	0.0448346
98	0.133731
98	0.194753
101	0.0889825
101	0.0792046
101	0.127833
101	0.112164
101	0.109886
101	0.0754422
101	0.114989
101	0.0427409
101	0.0665538
101	0.044153
101	0.0903713
101	0.12984
101	0.036841
101	0.0826354
101	0.11104
101	0.168018
101	0.144637
101	0.0617442
101	0.1385
101	0.0979472
101	0.19968
101	0.068036
101	0.169037
101	0.0742519
101	0.137893
101	0.0548506
101	0.0637088
101	0.200645
101	0.158445
101	0.230784
101	0.10124
101	0.114513
101	0.150364
101	0.0717733
101	0.0954983
101	0.147178
101	0.116187
101	0.155556
101	0.0898709
101	0.0150176
101	0.156511
101	0.0969882
101	0.123986
101	0.135739
101	0.0537104
101	0.0178218
101	0.0841206
101	0.0807217
101	0.0613597
101	0.0473301
101	0.131983
101	0.0419807
101	0.0673784
101	0.0385968
101	0.0837627
101	0.133563
101	0.0793715
101	0.0989777
101	0.0511202
101	0.119567
101	0.0678542
101	0.0900307
101	0.0522218
101	0.164465
101	0.114604
101	0.130399
101	0.0783832
101	0.115961
101	0.18953
101	0.254977
101	0.11635
101	0.0574037
101	0.123971
101	0.0726418
101	0.0561612
101	0.105312
101	0.0414555
101	0.0518482
101	0.0895467
101	0.125467
101	0.0652617
101	0.129445
101	0.0961861
101	0.0517369
101	0.0974035
101	0.0432296
101	0.0868806
101	0.0750843
101	0.126221
101	0.103711
101	0.0532125
101	0.0727944
101	0.0891222
101	0.0686375
101	0.158605
101	0.0946126
101	0.0547478
101	0.136563
101	0.133317
101	0.152858
104	0.0898406
104	0.152376
104	0.0294702
104	0.0744547
104	0.0144271
104	0.0744866
104	0.167221
104	0.111611
104	0.0750981
104	0.123046
104	0.104287
104	0.0727042
104	0.124045
104	0.159128
104	0.0842552
104	0.118174
104	0.0854844
104	0.187472
104	0.0277586
104	0.125258
104	0.10683
104	0.048383
104	0.131909
104	0.131534
104	0.0277057
104	0.176903
104	0.111307
104	0.134802
104	0.0223476
104	0.0793265
104	0.0502698
104	0.0438172
104	0.0526856
104	0.0914512
104	0.034173
104	0.110636
104	0.0146258
104	0.0703323
104	0.116464
104	0.0549071
104	0.202113
104	0.0737678
104	0.0692551
104	0.094487
104	0.122942
104	0.15902
104	0.0742905
104	0.0467154
104	0.0572956
104	0.109129
104	0.150488
104	0.131708
104	0.0414088
104	0.0580055
104	0.110412
104	0.0258084
104	0.0896327
104	0.0852419
104	0.228734
104	0.0350406
104	0.100664
104	0.183701
104	0.146276
104	0.105951
104	0.114881
104	0.0676369
104	0.106441
104	0.0524841
104	0.0509077
104	0.0876002
104	0.0588651
104	0.217783
104	0.0705334
104	0.0862261
104	0.138538
104	0.136807
104	0.174611
104	0.0394917
104	0.0866208
104	0.110108
104	0.0352812
104	0.104809
104	0.0366302
104	0.138895
104	0.11117
104	0.156229
104	0.0844814
104	0.111417
104	0.132152
104	0.0517405
104	0.115649
104	0.0774109
104	0.042935
104	0.0276606
104	0.0326031
104	0.0610411
104	0.128552
104	0.14458
104	0.100433
104	0.0658694
107	0.0761693
107	0.0871787
107	0.0570113
107	0.0956086
107	0.109595
107	0.0470089
107	0.13087
107	0.0311716
107	0.0789471
107	0.112205
107	0.122751
107	0.0553518
107	0.141104
107	0.0889323
107	0.0806356
107	0.0832231
107	0.0525011
107	0.0478802
107	0.0351296
107	0.0855369
107	0.0451231
107	0.231254
107	0.0940044
107	0.065678
107	0.108079
107	0.100709
107	0.0470467
107	0.0906048
107	0.108085
107	0.0880905
107	0.0575524
107	0.246315
107	0.0158716
107	0.0824079
107	0.186904
107	0.133257
107	0.204114
107	0.0536258
107	0.183381
107	0.0472056
107	0.0266952
107	0.108207
107	0.179264
107	0.0956228
107	0.0631532
107	0.0859964
107	0.163967
107	0.214444
107	0.137836
107	0.0847093
107	0.154684
107	0.0547122
107	0.0514235
107	0.171313
107	0.0593607
107	0.121468
107	0.0669107
107	0.212128
107	0.0651531
107	0.114247
107	0.0628634
107	0.0551857
107	0.0882355
107	0.0722316
107	0.0783177
107	0.0426222
107	0.0533813
107	0.141919
107	0.190379
107	0.117119
107	0.147807
107	0.0343948
107	0.119465
107	0.0690895
107	0.0702578
107	0.0961132
107	0.124695
107	0.127208
107	0.0886865
107	0.0548261
107	0.112894
107	0.0473034
107	0.12738
107	0.118344
107	0.0830755
107	0.242417
107	0.0664514
107	0.161152
107	0.0495528
107	0.100247
107	0.153747
107	0.0911538
107	0.0715547
107	0.0366624
107	0.0921364
107	0.125708
107	0.0348183
107	0.0564572
107	0.212529
107	0.0663765
110	0.0514483
110	0.107165
110	0.135081
110	0.125464
110	0.0952138
110	0.0392149
110	0.0991109
110	0.113857
110	0.124677
110	0.0293501
110	0.192473
110	0.0982084
110	0.269027
110	0.137163
110	0.028856
110	0.165953
110	0.0410894
110	0.058887
110	0.145529
110	0.0819185
110	0.0756505
110	0.0426665
110	0.0797219
110	0.171428
110	0.0528911
110	0.138857
110	0.125624
110	0.0475449
110	0.0602933
110	0.0712059
110	0.0488224
110	0.0959301
110	0.0971256
110	0.0720062
110	0.0969934
110	0.0431267
110	0.127429
110	0.110185
110	0.0834381
110	0.114577
110	0.0518345
110	0.01
110	0.0263357
110	0.100583
110	0.20891
110	0.0307026
110	0.110535
110	0.145321
110	0.0468139
110	0.10483
110	0.0754587
110	0.0562638
110	0.101902
110	0.137138
110	0.104626
110	0.0834189
110	0.142378
110	0.0907491
110	0.0169892
110	0.0647935
110	0.10849
110	0.0123811
110	0.156022
110	0.0858869
110	0.0773957
110	0.0898199
110	0.0812691
110	0.0609605
110	0.0936212
110	0.0784694
110	0.0374452
110	0.0637787
110	0.04698
110	0.113772
110	0.0325401
110	0.0672108
110	0.0564078
110	0.182867
110	0.191823
110	0.104159
110	0.0915272
110	0.0924325
110	0.0501402
110	0.063815
110	0.166717
110	0.0884283
110	0.0607131
110	0.0643632
110	0.0821429
110	0.101951
110	0.128816
110	0.158604
110	0.0220972
110	0.0907496
110	0.113567
110	0.131574
110	0.261687
110	0.177114
110	0.079727
110	0.133908
113	0.0652975
113	0.135655
113	0.0824671
113	0.104114
113	0.130733
113	0.135809
113	0.0223713
113	0.0557638
113	0.139119
113	0.0513584
113	0.192185
113	0.0943975
113	0.167144
113	0.13056
113	0.0559372
113	0.0981783
113	0.112675
113	0.170115
113	0.0419357
113	0.0865614
113	0.0835121
113	0.106486
113	0.087972
113	0.143723
113	0.0610937
113	0.0548496
113	0.120242
113	0.0789304
113	0.162373
113	0.121384
113	0.0412891
113	0.102908
113	0.146127
113	0.108368
113	0.107793
113	0.099651
113	0.136258
113	0.0597176
113	0.112523
113	0.144294
113	0.11237
113	0.0763998
113	0.107057
113	0.0555609
113	0.0196571
113	0.181181
113	0.134225
113	0.0930081
113	0.212474
113	0.00324675
113	0.143049
113	0.0732515
113	0.0880449
113	0.0830414
113	0.0381385
113	0.0838891
113	0.0827885
113	0.0323882
113	0.17643
113	0.0402097
113	0.0972734
113	0.102841
113	0.0881134
113	0.0717007
113	0.0300614
113	0.145164
113	0.0822496
113	0.116924
113	0.142989
113	0.129216
113	0.068754
113	0.0435199
113	0.0515865
113	0.0960451
113	0.164703
113	0.0848066
113	0.0990158
113	0.108457
113	0.0931467
113	0.223283
113	0.0392231
113	0.138466
113	0.114931
113	0.116774
113	0.0137015
113	0.183649
113	0.01916
113	0.0773173
113	0.0318079
113	0.0239833
113	0.0457442
113	0.060774
113	0.0728632
113	0.137023
113	0.0582769
113	0.0492499
113	0.110447
113	0.0345514
113	0.173394
113	0.191006
116	0.0859578
116	0.0698601
116	0.139533
116	0.172003
116	0.103593
116	0.099877
116	0.148093
116	0.0677245
116	0.0525594
116	0.0953526
116	0.0575123
116	0.13182
116	0.0545588
116	0.13053
116	0.049952
116	0.0486637
116	0.0663811
116	0.130316
116	0.0322617
116	0.0357143
116	0.193185
116	0.0215123
116	0.0472939
116	0.242218
116	0.119668
116	0.0282845
116	0.065635
116	0.144923
116	0.0624951
116	0.113333
116	0.0218475
116	0.0759801
116	0.162716
116	0.184927
116	0.0933087
116	0.0856016
116	0.0587478
116	0.0844393
116	0.0398303
116	0.118002
116	0.172532
116	0.0737239
116	0.0938577
116	0.0779805
116	0.0927818
116	0.0952998
116	0.16969
116	0.13633
116	0.0884794
116	0.135502
116	0.150305
116	0.11877
116	0.0767043
116	0.0725442
116	0.0861713
116	0.0911515
116	0.0220603
116	0.124342
116	0.147962
116	0.0989341
116	0.192198
116	0.103002
116	0.069424
116	0.140356
116	0.048248
116	0.0934878
116	0.155256
116	0.0496273
116	0.0842472
116	0.112963
116	0.101043
116	0.138916
116	0.183761
116	0.0475987
116	0.0665126
116	0.0576543
116	0.134054
116	0.230068
116	0.148312
116	0.024897
116	0.0983722
116	0.101331
116	0.0258765
116	0.0555398
116	0.051809
116	0.244448
116	0.0717696
116	0.032108
116	0.0832076
116	0.0322104
116	0.17862
116	0.118024
116	0.0410235
116	0.114438
116	0.0175437
116	0.0937339
116	0.0408801
116	0.076097
116	0.0528336
116	0.134832
119	0.0427223
119	0.0871993
119	0.0704511
119	0.101922
119	0.0316507
119	0.0643689
119	0.0571514
119	0.0954107
119	0.217643
119	0.0196763
119	0.0698572
119	0.0597433
119	0.0695321
119	0.102463
119	0.0339202
119	0.0806636
119	0.0677511
119	0.120475
119	0.0603444
119	0.048456
119	0.127909
119	0.0656771
119	0.0965458
119	0.1639
119	0.139779
119	0.1967
119	0.12227
119	0.112623
119	0.0493012
119	0.148613
119	0.0814593
119	0.114597
119	0.18235
119	0.0991453
119	0.0716795
119	0.127686
119	0.0726408
119	0.0992705
119	0.0463343
119	0.0503538
119	0.137077
119	0.22187
119	0.0817465
119	0.0405046
119	0.145937
119	0.0948955
119	0.23326
119	0.0519436
119	0.0750618
119	0.0704881
119	0.104034
119	0.182724
119	0.130055
119	0.107458
119	0.0417846
119	0.0375421
119	0.0304835
119	0.0498013
119	0.165189
119	0.0812542
119	0.176592
119	0.0425909
119	0.0758289
119	0.029631
119	0.0838514
119	0.0360192
119	0.192241
119	0.046986
119	0.0710646
119	0.148089
119	0.0877889
119	0.0598177
119	0.066059
119	0.16244
119	0.08448
119	0.0686445
119	0.153529
119	0.0569266
119	0.191341
119	0.0419258
119	0.0561299
119	0.159417
119	0.0935166
119	0.0833561
119	0.0730126
119	0.143014
119	0.0501089
119	0.0728022
119	0.0681117
119	0.110506
119	0.100014
119	0.0361493
119	0.0729022
119	0.21141
119	0.127871
119	0.0839861
119	0.0703256
119	0.13381
119	0.147194
119	0.0712299
122	0.115615
122	0.0737378
122	0.0915771
122	0.171495
122	0.126907
122	0.0709081
122	0.0221215
122	0.0654688
122	0.0911639
122	0.0436745
122	0.14567
122	0.0649523
122	0.125732
122	0.146885
122	0.0622074
122	0.0822446
122	0.0253845
122	0.084235
122	0.0993031
122	0.0801563
122	0.0714762
122	0.0302092
122	0.0948706
122	0.0356174
122	0.137194
122	0.0841371
122	0.160798
122	0.17752
122	0.0829297
122	0.0522016
122	0.0437367
122	0.0824092
122	0.165132
122	0.0466001
122	0.0621772
122	0.153242
122	0.0109687
122	0.136775
122	0.0487263
122	0.0373131
122	0.0961016
122	0.0647775
122	0.0531199
122	0.0404426
122	0.104088
122	0.172662
122	0.0604248
122	0.106825
122	0.189798
122	0.219611
122	0.0757118
122	0.0614752
122	0.0297218
122	0.0673229
122	0.0929754
122	0.0605937
122	0.102143
122	0.202968
122	0.0440903
122	0.0906368
122	0.158494
122	0.0812553
122	0.106472
122	0.0180709
122	0.102701
122	0.0934033
122	0.0693762
122	0.166049
122	0.10925
122	0.137885
122	0.089273
122	0.129485
122	0.0625924
122	0.166351
122	0.0623589
122	0.138963
122	0.166134
122	0.119106
122	0.0589988
122	0.109988
122	0.0551651
122	0.0193914
122	0.117544
122	0.0700792
122	0.0725678
122	0.0788294
122	0.00175033
122	0.0534697
122	0.0508274
122	0.0790444
122	0.0871487
122	0.104249
122	0.0292045
122	0.0553181
122	0.0499308
122	0.152776
122	0.0559489
122	0.255206
122	0.192156
122	0.133751
125	0.102482
125	0.0615598
125	0.138525
125	0.109923
125	0.0342193
125	0.137523
125	0.107223
125	0.148763
125	0.13427
125	0.0830284
125	0.185083
125	0.0661411
125	0.0660979
125	0.0803787
125	0.0240665
125	0.136627
125	0.0746138
125	0.0872049
125	0.108947
125	0.188116
125	0.0993184
125	0.104557
125	0.132844
125	0.0329065
125	0.0957207
125	0.145403
125	0.121323
125	0.193965
125	0.0489738
125	0.0767927
125	0.111355
125	0.139064
125	0.173287
125	0.00479032
125	0.131614
125	0.0914524
125	0.0369465
125	0.0661183
125	0.0206674
125	0.0583348
125	0.0784571
125	0.05801
125	0.0672493
125	0.191702
125	0.13755
125	0.0587858
125	0.0350313
125	0.0528468
125	0.0309447
125	0.0400617
125	0.0743352
125	0.0623264
125	0.0689056
125	0.128532
125	0.10589
125	0.0428706
125	0.0888158
125	0.119136
125	0.140945
125	0.0243119
125	0.0449996
125	0.0438175
125	0.0606784
125	0.0846548
125	0.0843378
125	0.0753055
125	0.117326
125	0.0646266
125	0.246753
125	0.089179
125	0.127477
125	0.118997
125	0.125756
125	0.0916356
125	0.0548685
125	0.256054
125	0.0624841
125	0.165918
125	0.0182644
125	0.139908
125	0.0310672
125	0.10955
125	0.187068
125	0.0270247
125	0.0777716
125	0.0251216
125	0.122099
125	0.177656
125	0.0323548
125	0.0288705
125	0.0409716
125	0.0203034
125	0.0638895
125	0.116436
125	0.160974
125	0.0911173
125	0.268199
125	0.0888551
125	0.152193
125	0.0805134
128	0.127815
128	0.0318606
128	0.226474
128	0.0820613
128	0.213446
128	0.140018
128	0.185756
128	0.0270367
128	0.23638
128	0.263635
128	0.0545797
128	0.0846806
128	0.0524926
128	0.106684
128	0.157154
128	0.136579
128	0.0488203
128	0.0537343
128	0.125718
128	0.0713012
128	0.0837407
128	0.146941
128	0.135848
128	0.158298
128	0.0687741
128	0.0407905
128	0.134308
128	0.143778
128	0.0252
128	0.0803567
128	0.0486648
128	0.06955
128	0.0274967
128	0.0658711
128	0.130576
128	0.104425
128	0.0554694
128	0.110228
128	0.0589468
128	0.0788687
128	0.104229
128	0.0662767
128	0.0347549
128	0.108452
128	0.135121
128	0.182764
128	0.0660171
128	0.0901863
128	0.0896695
128	0.119004
128	0.136584
128	0.0579773
128	0.0668314
128	0.0530241
128	0.160072
128	0.126673
128	0.143422
128	0.103174
128	0.0599984
128	0.0899007
128	0.0608696
128	0.0817897
128	0.0925776
128	0.0861542
128	0.0726936
128	0.00769374
128	0.0922043
128	0.257781
128	0.00978423
128	0.0967435
128	0.0522123
128	0.147701
128	0.0172674
128	0.0776101
128	0.0398319
128	0.0951273
128	0.0739996
128	0.128688
128	0.0679002
128	0.0586823
128	0.196538
128	0.068868
128	0.0950674
128	0.116156
128	0.0229593
128	0.187042
128	0.104185
128	0.134625
128	0.141415
128	0.0597181
128	0.0924323
128	0.250532
128	0.130099
128	0.141921
128	0.171401
128	0.036607
128	0.0700378
128	0.0733616
128	0.0572623
128	0.100416
131	0.182302
131	0.1143
131	0.195624
131	0.0203207
131	0.159009
131	0.0799667
131	0.111048
131	0.11703
131	0.036952
131	0.074343
131	0.0748686
131	0.0648059
131	0.0947879
131	0.125006
131	0.0824023
131	0.107973
131	0.133781
131	0.0619424
131	0.0386065
131	0.11983
131	0.0468089
131	0.0566034
131	0.160879
131	0.0923458
131	0.0814125
131	0.0297605
131	0.06525
131	0.027236
131	0.0999438
131	0.112149
131	0.0741579
131	0.12842
131	0.032684
131	0.0838621
131	0.136904
131	0.205117
131	0.0755875
131	0.0712923
131	0.116107
131	0.0423936
131	0.0286381
131	0.12949
131	0.0677799
131	0.0688074
131	0.154833
131	0.0481
131	0.0858591
131	0.089858
131	0.0352113
131	0.0618475
131	0.0839646
131	0.0296178
131	0.117371
131	0.0833548
131	0.121273
131	0.0927869
131	0.074218
131	0.0427427
131	0.101669
131	0.14774
131	0.119358
131	0.0710163
131	0.0202703
131	0.0802057
131	0.0213091
131	0.166279
131	0.147363
131	0.0466367
131	0.123478
131	0.0419124
131	0.0609967
131	0.137095
131	0.00125164
131	0.111822
131	0.0577171
131	0.0652
131	0.187175
131	0.0346825
131	0.182385
131	0.144081
131	0.0271903
131	0.101956
131	0.0913261
131	0.135107
131	0.0802801
131	0.125704
131	0.0994293
131	0.0128935
131	0.0944457
131	0.174123
131	0.138524
131	0.0971925
131	0.0635981
131	0.0238575
131	0.0564073
131	0.0764315
131	0.131144
131	0.0922974
131	0.109595
131	0.0551075
134	0.109318
134	0.18519
134	0.0468269
134	0.0282084
134	0.0969314
134	0.109357
134	0.064559
134	0.106834
134	0.135693
134	0.128256
134	0.171135
134	0.166841
134	0.0816174
134	0.129388
134	0.0160763
134	0.0519374
134	0.115999
134	0.143889
134	0.106042
134	0.107205
134	0.188244
134	0.111397
134	0.123439
134	0.139109
134	0.0439189
134	0.0113714
134	0.104463
134	0.0802304
134	0.015053
134	0.0879612
134	0.0810089
134	0.0634089
134	0.119285
134	0.113762
134	0.072181
134	0.117212
134	0.0980469
134	0.0778509
134	0.0981494
134	0.0723376
134	0.0409544
134	0.152915
134	0.0492718
134	0.0955081
134	0.0272982
134	0.0595041
134	0.156671
134	0.0763777
134	0.0280687
134	0.121589
134	0.130636
134	0.0853731
134	0.0491458
134	0.160478
134	0.0695837
134	0.0448797
134	0.0768337
134	0.132563
134	0.0483304
134	0.0611346
134	0.133802
134	0.064968
134	0.126131
134	0.0203726
134	0.133359
134	0.237168
134	0.0421597
134	0.213009
134	0.16846
134	0.0561939
134	0.0732022
134	0.155631
134	0.0726134
134	0.0683669
134	0.120633
134	0.0579621
134	0.121121
134	0.103299
134	0.0911703
134	0.103291
134	0.0888366
134	0.0880581
134	0.0551194
134	0.106821
134	0.0862857
134	0.167626
134	0.121082
134	0.113939
134	0.0874405
134	0.0853543
134	0.0837547
134	0.0414771
134	0.122503
134	0.124438
134	0.0837679
134	0.0540067
134	0.165732
134	0.17019
134	0.142668
134	0.0442496
137	0.0396141
137	0.0867321
137	0.142209
137	0.0455306
137	0.0824239
137	0.068793
137	0.0909524
137	0.108507
137	0.124893
137	0.0907666
137	0.0802686
137	0.0595014
137	0.147034
137	0.0376035
137	0.068933
137	0.122691
137	0.0876972
137	0.132901
137	0.109184
137	0.113275
137	0.0880329
137	0.0561501
137	0.105782
137	0.0194805
137	0.0885628
137	0.160745
137	0.066857
137	0.136325
137	0.175716
137	0.0301977
137	0.120146
137	0.109714
137	0.0814915
137	0.13331
137	0.0746118
137	0.117237
137	0.226734
137	0.0563494
137	0.0857791
137	0.108708
137	0.122509
137	0.109505
137	0.0333804
137	0.0374072
137	0.188095
137	0.0415509
137	0.152789
137	0.154877
137	0.0863756
137	0.345414
137	0.170381
137	0.0837247
137	0.135537
137	0.103921
137	0.0757806
137	0.102155
137	0.100727
137	0.106958
137	0.104492
137	0.0729152
137	0.109524
137	0.116947
137	0.0275672
137	0.095372
137	0.063422
137	0.158229
137	0.0579368
137	0.112359
137	0.0585287
137	0.0990795
137	0.10659
137	0.0362893
137	0.086711
137	0.176876
137	0.181544
137	0.138903
137	0.0588241
137	0.123131
137	0.132942
137	0.122258
137	0.120991
137	0.0895166
137	0.172337
137	0.0871675
137	0.135831
137	0.0771517
137	0.0524681
137	0.0632562
137	0.0174864
137	0.0566941
137	0.267024
137	0.0500502
137	0.0759267
137	0.159513
137	0.149308
137	0.0756226
137	0.122217
137	0.12376
137	0.10877
137	0.102732
140	0.0789052
140	0.0700682
140	0.108195
140	0.131012
140	0.0435477
140	0.0485602
140	0.0660906
140	0.0678687
140	0.113943
140	0.074089
140	0.13602
140	0.0718581
140	0.061239
140	0.161966
140	0.113657
140	0.104206
140	0.0644256
140	0.0781083
140	0.145889
140	0.119173
140	0.187555
140	0.0395716
140	0.0152604
140	0.119131
140	0.168229
140	0.0795264
140	0.0368878
140	0.0664584
140	0.126495
140	0.110776
140	0.10062
140	0.119984
140	0.0910462
140	0.139962
140	0.134155
140	0.102358
140	0.0529898
140	0.0243478
140	0.116021
140	0.18891
140	0.0298953
140	0.162964
140	0.0704588
140	0.198903
140	0.0418774
140	0.177785
140	0.186185
140	0.125535
140	0.0576993
140	0.0639353
140	0.0864395
140	0.254966
140	0.0532806
140	0.0585154
140	0.0937115
140	0.0400628
140	0.0864816
140	0.0789112
140	0.0482016
140	0.164901
140	0.122769
140	0.021194
140	0.163493
140	0.0757202
140	0.089388
140	0.114588
140	0.0846296
140	0.0457204
140	0.138618
140	0.10313
140	0.147704
140	0.0348826
140	0.0507372
140	0.109058
140	0.0613948
140	0.0698105
140	0.0636552
140	0.0953004
140	0.111563
140	0.116695
140	0.0462548
140	0.157091
140	0.0880557
140	0.125422
140	0.081323
140	0.111512
140	0.112052
140	0.105492
140	0.0694297
140	0.108881
140	0.07414
140	0.136881
140	0.218294
140	0.0787418
140	0.0426592
140	0.100705
140	0.1201
140	0.131154
140	0.0289739
140	0.236034
143	0.087227
143	0.0911373
143	0.027288
143	0.0414775
143	0.0884342
143	0.0829324
143	0.0565758
143	0.0241092
143	0.121849
143	0.112883
143	0.181324
143	0.0848013
143	0.0532129
143	0.0846453
143	0.121165
143	0.081357
143	0.11571
143	0.137458
143	0.127667
143	0.095548
143	0.167375
143	0.11922
143	0.087538
143	0.0689657
143	0.172846
143	0.182896
143	0.0922765
143	0.0922307
143	0.117027
143	0.150555
143	0.104998
143	0.145624
143	0.0758204
143	0.123385
143	0.155446
143	0.154884
143	0.0613886
143	0.146135
143	0.153854
143	0.212038
143	0.0501057
143	0.083403
143	0.144221
143	0.0544065
143	0.0279244
143	0.0988599
143	0.157348
143	0.0204994
143	0.0624321
143	0.171124
143	0.0638128
143	0.122556
143	0.0567298
143	0.0971658
143	0.03
143	0.0295174
143	0.112178
143	0.0811594
143	0.166983
143	0.0707761
143	0.206801
143	0.13593
143	0.135624
143	0.30067
143	0.20214
143	0.148643
143	0.048991
143	0.0261752
143	0.0384748
143	0.126348
143	0.140577
143	0.121193
143	0.0885296
143	0.174247
143	0.130215
143	0.0755817
143	0.0511656
143	0.112504
143	0.302354
143	0.22402
143	0.103604
143	0.0694471
143	0.106394
143	0.0849261
143	0.0933807
143	0.0903275
143	0.0847607
143	0.043938
143	0.0765898
143	0.135059
143	0.179352
143	0.0982098
143	0.0702438
143	0.0467959
143	0.0935283
143	0.0588165
143	0.0900016
143	0.104223
143	0.157408
143	0.10536
146	0.0778105
146	0.0435894
146	0.0609947
146	0.0591099
146	0.0381166
146	0.10197
146	0.0560307
146	0.0769468
146	0.189698
146	0.206943
146	0.0333622
146	0.0296337
146	0.0952346
146	0.0703633
146	0.123684
146	0.0818774
146	0.0695498
146	0.116597
146	0.0140113
146	0.0621831
146	0.114391
146	0.0750036
146	0.102909
146	0.114428
146	0.321715
146	0.0602722
146	0.0421577
146	0.0698011
146	0.0856639
146	0.134352
146	0.171531
146	0.139286
146	0.149203
146	0.172791
146	0.0603607
146	0.0462975
146	0.0840303
146	0.0541247
146	0.188107
146	0.0934174
146	0.0854205
146	0.0698319
146	0.0200928
146	0.0251194
146	0.108136
146	0.181431
146	0.0824575
146	0.300749
146	0.0782354
146	0.143605
146	0.0498565
146	0.0716958
146	0.083389
146	0.0362135
146	0.129153
146	0.0944009
146	0.126552
146	0.119249
146	0.0865385
146	0.0907538
146	0.129316
146	0.0796411
146	0.0474164
146	0.0615505
146	0.108582
146	0.0301839
146	0.189011
146	0.101049
146	0.0690408
146	0.124663
146	0.0926697
146	0.0319351
146	0.0847661
146	0.181494
146	0.126755
146	0.0657098
146	0.111482
146	0.0328499
146	0.0891095
146	0.0821289
146	0.0719709
146	0.0630842
146	0.0496697
146	0.139705
146	0.0561816
146	0.032225
146	0.0932522
146	0.0798815
146	0.0769337
146	0.221754
146	0.0831526
146	0.0238725
146	0.0743768
146	0.0353338
146	0.0879166
146	0.0936469
146	0.0598465
146	0.117633
146	0.113479
146	0.0941878
149	0.0424075
149	0.0582759
149	0.165176
149	0.0847945
149	0.117268
149	0.0596709
149	0.0253024
149	0.0950235
149	0.11619
149	0.249965
149	0.145467
149	0.0625094
149	0.105189
149	0.0512891
149	0.172882
149	0.0300089
149	0.0201087
149	0.0341689
149	0.195419
149	0.0720566
149	0.0757164
149	0.0877631
149	0.0473145
149	0.0741636
149	0.0689725
149	0.134058
149	0.0615698
149	0.133816
149	0.0355376
149	0.106247
149	0.103521
149	0.0676247
149	0.136929
149	0.1177
149	0.0643479
149	0.0850792
149	0.0887471
149	0.113954
149	0.165894
149	0.146914
149	0.0325344
149	0.111306
149	0.10589
149	0.0827788
149	0.241582
149	0.0652033
149	0.0561468
149	0.162859
149	0.162802
149	0.0811522
149	0.116373
149	0.0729628
149	0.117964
149	0.102029
149	0.106343
149	0.148848
149	0.0731984
149	0.136145
149	0.145532
149	0.0637692
149	0.00974026
149	0.112909
149	0.148552
149	0.0839031
149	0.0909017
149	0.0954087
149	0.136075
149	0.0999685
149	0.14956
149	0.113446
149	0.064195
149	0.105261
149	0.142174
149	0.132949
149	0.161218
149	0.0440657
149	0.120158
149	0.0898307
149	0.066933
149	0.0895664
149	0.0800888
149	0.0245026
149	0.0142542
149	0.0691016
149	0.153614
149	0.119769
149	0.302215
149	0.0537281
149	0.15468
149	0.0576984
149	0.0769025
149	0.0636053
149	0.0504846
149	0.0383435
149	0.112144
149	0.0205283
149	0.0488021
149	0.0518805
149	0.106134
149	0.0739569
152	0.0266928
152	0.132211
152	0.28199
152	0.0647594
152	0.0969306
152	0.0760748
152	0.0460815
152	0.0760828
152	0.0818705
152	0.157517
152	0.102317
152	0.128649
152	0.0655484
152	0.056261
152	0.16314
152	0.0482599
152	0.0290475
152	0.0445578
152	0.0353187
152	0.0566189
152	0.0850907
152	0.0647389
152	0.0339971
152	0.196387
152	0.0410959
152	0.0976217
152	0.0883287
152	0.0869983
152	0.0792541
152	0.0763113
152	0.0349579
152	0.0404769
152	0.0463009
152	0.118335
152	0.077346
152	0.0102469
152	0.224963
152	0.0384023
152	0.084
152	0.132647
152	0.0639409
152	0.0402879
152	0.0417338
152	0.0366923
152	0.272168
152	0.151467
152	0.0245161
152	0.212412
152	0.0886395
152	0.120354
152	0.0235316
152	0.0372164
152	0.105786
152	0.0729103
152	0.0862915
152	0.234286
152	0.0816187
152	0.0740185
152	0.129871
152	0.0131848
152	0.0729167
152	0.0861617
152	0.0756593
152	0.101891
152	0.0687443
152	0.0244237
152	0.0801225
152	0.0906328
152	0.0730768
152	0.0522345
152	0.108928
152	0.0827837
152	0.0830014
152	0.15059
152	0.119028
152	0.0347061
152	0.0696209
152	0.154753
152	0.0512715
152	0.139852
152	0.102351
152	0.351943
152	0.0591615
152	0.0874037
152	0.0948576
152	0.036175
152	0.0193035
152	0.133905
152	0.0290124
152	0.0270081
152	0.16694
152	0.0521475
152	0.11018
152	0.0465461
152	0.148902
152	0.0587364
152	0.0841526
152	0.123239
152	0.0141624
152	0.239553
155	0.121398
155	0.0919527
155	0.0484932
155	0.0976051
155	0.0775838
155	0.261072
155	0.136937
155	0.210526
155	0.0677632
155	0.00333333
155	0.0751816
155	0.0999989
155	0.168618
155	0.107458
155	0.125146
155	0.0773928
155	0.0645814
155	0.0323084
155	0.0807257
155	0.126404
155	0.0803881
155	0.0536573
155	0.203373
155	0.108465
155	0.093172
155	0.112527
155	0.110893
155	0.156261
155	0.100545
155	0.088275
155	0.102035
155	0.0788482
155	0.059506
155	0.0739383
155	0.0850182
155	0.0732711
155	0.0798322
155	0.156867
155	0.107346
155	0.0679241
155	0.0363966
155	0.144379
155	0.103753
155	0.0164775
155	0.00826849
155	0.0727409
155	0.043325
155	0.115763
155	0.0104833
155	0.0603795
155	0.0544047
155	0.168717
155	0.0435706
155	0.0171777
155	0.0903571
155	0.167464
155	0.0614214
155	0.0242275
155	0.0357766
155	0.0339949
155	0.164328
155	0.0335363
155	0.054585
155	0.0622946
155	0.105887
155	0.0739163
155	0.111395
155	0.0997441
155	0.116951
155	0.032479
155	0.214771
155	0.136489
155	0.0787217
155	0.0828474
155	0.132765
155	0.0404463
155	0.0748453
155	0.0928694
155	0.163754
155	0.062484
155	0.0524666
155	0.0686436
155	0.0429839
155	0.0474391
155	0.052123
155	0.086094
155	0.114394
155	0.0805304
155	0.101908
155	0.0954858
155	0.137724
155	0.0519143
155	0.0472429
155	0.0981049
155	0.0512141
155	0.235724
155	0.0864348
155	0.0695805
155	0.130971
155	0.102498
158	0.0513404
158	0.133416
158	0.0622515
158	0.0750257
158	0.252534
158	0.0693386
158	0.0972183
158	0.0407937
158	0.109096
158	0.0792119
158	0.102778
158	0.0980522
158	0.0702771
158	0.0442362
158	0.0368148
158	0.152546
158	0.101118
158	0.215756
158	0.0616927
158	0.0852297
158	0.123454
158	0.0537152
158	0.077233
158	0.226466
158	0.0238667
158	0.0972443
158	0.0993572
158	0.130907
158	0.0437481
158	0.122933
158	0.093211
158	0.0440059
158	0.109375
158	0.0918327
158	0.0759487
158	0.068518
158	0.140921
158	0.107982
158	0.25178
158	0.11665
158	0.0666758
158	0.139178
158	0.0517533
158	0.0571344
158	0.117697
158	0.170145
158	0.0587942
158	0.0718559
158	0.0776413
158	0.0145428
158	0.101271
158	0.107821
158	0.0678535
158	0.104814
158	0.0415135
158	0.120867
158	0.140536
158	0.0845176
158	0.0565068
158	0.178755
158	0.108029
158	0.136304
158	0.0897217
158	0.066697
158	0.0418767
158	0.0544779
158	0.103363
158	0.100694
158	0.100495
158	0.100066
158	0.122293
158	0.0568159
158	0.0972828
158	0.12333
158	0.0384225
158	0.0882938
158	0.0802047
158	0.0500635
158	0.0786807
158	0.0638709
158	0.0843008
158	0.107625
158	0.0409651
158	0.13336
158	0.226351
158	0.0657046
158	0.0804863
158	0.121981
158	0.0356326
158	0.0910545
158	0.0141276
158	0.13961
158	0.10786
158	0.104432
158	0.0850828
158	0.0355893
158	0.0711919
158	0.0989359
158	0.0927417
158	0.0456072
161	0.107443
161	0.090504
161	0.0723684
161	0.100722
161	0
161	0.0832792
161	0.135706
161	0.164944
161	0.0691516
161	0.0579316
161	0.111693
161	0.00522279
161	0.0524348
161	0.125366
161	0.0324955
161	0.143235
161	0.0470013
161	0.0761647
161	0.0466767
161	0.0360296
161	0.0479781
161	0.0802512
161	0.0725749
161	0.322986
161	0.00759521
161	0.0805294
161	0.121111
161	0.184775
161	0.133659
161	0.131774
161	0.0502645
161	0.120695
161	0.065839
161	0.1491
161	0.0823214
161	0.0378662
161	0.208425
161	0.0739659
161	0.0354669
161	0.119367
161	0.0742127
161	0.0247038
161	0.171684
161	0.0254407
161	0.0817274
161	0.0693037
161	0.0349422
161	0.0774469
161	0.0868273
161	0.0209685
161	0.0695362
161	0.127569
161	0.0814124
161	0.0577808
161	0.033047
161	0.0518608
161	0.192046
161	0.0951594
161	0.123833
161	0.0603338
161	0.0909417
161	0.0615149
161	0.0210039
161	0.0187316
161	0.0881334
161	0.123091
161	0.0899647
161	0.0107143
161	0.183631
161	0.0612046
161	0.0856185
161	0.0503173
161	0.0937346
161	0.0434437
161	0.134253
161	0.0954765
161	0.0461863
161	0.0399832
161	0.0980404
161	0.136518
161	0.117309
161	0.1241
161	0.0942281
161	0.0316743
161	0.0697009
161	0.138825
161	0.151786
161	0.147177
161	0.0937394
161	0.0133333
161	0.0506987
161	0.0775598
161	0.0854148
161	0.0643679
161	0.0818012
161	0.0682086
161	0.0474339
161	0.0872076
161	0.119251
161	0.0181602
164	0.0546894
164	0.0475254
164	0.10284
164	0.0708782
164	0.0710694
164	0.12375
164	0.16987
164	0.229553
164	0.0605142
164	0.172931
164	0.00735584
164	0.158061
164	0.104414
164	0.0550292
164	0.11431
164	0.0672081
164	0.0236776
164	0.126324
164	0.0985909
164	0.204261
164	0.0745315
164	0.0618312
164	0.0492777
164	0.067116
164	0.139077
164	0.0885065
164	0.0439327
164	0.116052
164	0.11251
164	0.141723
164	0.0666837
164	0.0698774
164	0.0612747
164	0.122443
164	0.122099
164	0.145253
164	0.00986842
164	0.0720565
164	0.143649
164	0.140781
164	0.0551272
164	0.0710339
164	0.0907304
164	0.140336
164	0.0557344
164	0.141716
164	0.0530372
164	0.218981
164	0.0491835
164	0.107734
164	0.0477905
164	0.0296033
164	0.12623
164	0.0644492
164	0.0901298
164	0.0412816
164	0.0735819
164	0.0457788
164	0.0891703
164	0.0106229
164	0.0471705
164	0.0443053
164	0.0873856
164	0.160983
164	0.0942812
164	0.238518
164	0.0663291
164	0.0650775
164	0.0606287
164	0.120236
164	0.222193
164	0.0975404
164	0.164977
164	0.061328
164	0.0305117
164	0.0209713
164	0.125247
164	0.169034
164	0.144295
164	0.0249777
164	0.0527582
164	0.066884
164	0.0942159
164	0.139047
164	0.0684932
164	0.0592589
164	0.067155
164	0.0741623
164	0.0674695
164	0.0680419
164	0.0917702
164	0.0675553
164	0.114226
164	0.0813727
164	0.13946
164	0.165944
164	0.022984
164	0.0816179
164	0.0904401
164	0.00320513
167	0.0594745
167	0.0882892
167	0.0467917
167	0.115129
167	0.0642674
167	0.120564
167	0.0339755
167	0.126865
167	0.0266155
167	0.103143
167	0.148406
167	0.0506051
167	0.0643205
167	0.0578506
167	0.111233
167	0.158888
167	0.0300599
167	0.0713524
167	0.0636546
167	0.110692
167	0.114383
167	0.103809
167	0.103443
167	0.135873
167	0.153944
167	0.0419106
167	0.0345218
167	0.0375545
167	0.164256
167	0.177939
167	0.0886841
167	0.0162018
167	0.0705095
167	0.192848
167	0.120887
167	0.0525045
167	0.138294
167	0.056184
167	0.105115
167	0.09458
167	0.0272322
167	0.0342352
167	0.0556524
167	0.0158714
167	0.0622936
167	0.0600158
167	0.0697779
167	0.146034
167	0.0511191
167	0.0544618
167	0.0645411
167	0.104911
167	0.100643
167	0.0585895
167	0.0826909
167	0.0968833
167	0.0840676
167	0.061386
167	0.0297509
167	0.0565502
167	0.0642902
167	0.051304
167	0.0694086
167	0.070421
167	0.0188295
167	0.264426
167	0.029034
167	0.114646
167	0.119676
167	0.0798101
167	0.0455123
167	0.0197368
167	0.058894
167	0.0335864
167	0.118117
167	0.0174559
167	0.173972
167	0.125746
167	0.111204
167	0.0678546
167	0.0384632
167	0.0973485
167	0.107404
167	0.122737
167	0.0594479
167	0.182066
167	0.119794
167	0.240713
167	0.0390752
167	0.100374
167	0.117923
167	0.133533
167	0.148969
167	0.139651
167	0.140215
167	0.0372252
167	0.0658443
167	0.104652
167	0.116851
167	0.116003
170	0.0170962
170	0.111556
170	0.106431
170	0.124841
170	0.100669
170	0.0768397
170	0.0665259
170	0.11065
170	0.221276
170	0.134343
170	0.190999
170	0.125806
170	0.0576487
170	0.240522
170	0.0310674
170	0.0436023
170	0.07315
170	0.0434194
170	0.0637988
170	0.0844156
170	0.0737972
170	0.0829445
170	0.0849091
170	0.00994256
170	0.143275
170	0.0769885
170	0.11749
170	0.0310281
170	0.0423896
170	0.111361
170	0.033804
170	0.0467821
170	0.143702
170	0.0713269
170	0.034689
170	0.09055
170	0.0932183
170	0.107513
170	0.119565
170	0.0984159
170	0.0986012
170	0.0381944
170	0.0831916
170	0.115972
170	0.0481201
170	0.116159
170	0.108154
170	0.0181147
170	0.0366087
170	0.100094
170	0.191253
170	0.101308
170	0.0213826
170	0.172454
170	0.0818015
170	0.070775
170	0.115432
170	0.0671021
170	0.0619705
170	0.074392
170	0.0448819
170	0.120361
170	0.160308
170	0.11121
170	0.144901
170	0.0408916
170	0.0765783
170	0.0442502
170	0.0996843
170	0.135398
170	0.193662
170	0.0871915
170	0.156493
170	0.156466
170	0.0928648
170	0.27008
170	0.160067
170	0.121367
170	0.144651
170	0.151712
170	0.0811941
170	0.051835
170	0.0280054
170	0.103255
170	0.096155
170	0.0704809
170	0.0865856
170	0.0136226
170	0.0834713
170	0.0464343
170	0.0665968
170	0.148171
170	0.044286
170	0.0751413
170	0.00790721
170	0.0897158
170	0.0932911
170	0.196878
170	0.0600969
170	0.111708
173	0.0600593
173	0.0974402
173	0.175278
173	0.0470566
173	0.0756663
173	0.115384
173	0.0634609
173	0.295139
173	0.242204
173	0.0758459
173	0.0197061
173	0.204842
173	0.0609054
173	0.059164
173	0.0846796
173	0.0173611
173	0.0641892
173	0.268614
173	0.0649749
173	0.0463351
173	0.0553824
173	0.0710676
173	0.0354795
173	0.0907783
173	0.0539275
173	0.0929548
173	0.131788
173	0.132301
173	0.192185
173	0.0522088
173	0.115746
173	0.0543472
173	0.0590031
173	0.0397836
173	0.0675987
173	0.0467016
173	0.078445
173	0.215895
173	0.0567876
173	0.0138889
173	0.0306843
173	0.14124
173	0.0694958
173	0.0911601
173	0.0634796
173	0.0426204
173	0.0960181
173	0.0905295
173	0.0260928
173	0.146504
173	0.0526737
173	0.0867677
173	0.0542946
173	0.0775012
173	0.140391
173	0.0971852
173	0.108751
173	0.0289134
173	0.0647418
173	0.0598539
173	0.0346753
173	0.11248
173	0.0871752
173	0.0654069
173	0.110193
173	0.116516
173	0.0798597
173	0.0183277
173	0.100639
173	0.179649
173	0.231171
173	0.116239
173	0.119748
173	0.0780954
173	0.256812
173	0.0456952
173	0.083117
173	0.0692931
173	0.102849
173	0.0770456
173	0.0486173
173	0.0504056
173	0.0482834
173	0.0842592
173	0.0945946
173	0.0314402
173	0.0801474
173	0.149553
173	0.171793
173	0.107222
173	0.0638892
173	0.0316332
173	0.00538565
173	0.17394
173	0.0788255
173	0.129372
173	0.0649355
173	0.0956518
173	0.0764265
173	0.138061
176	0.10131
176	0.113017
176	0.107042
176	0.112082
176	0.0975277
176	0.0594174
176	0.0803411
176	0.0634562
176	0.0316698
176	0.0340843
176	0.0849271
176	0.0337291
176	0.0871511
176	0.0816385
176	0.107072
176	0.0180286
176	0.0709578
176	0.0859388
176	0.0733154
176	0.0220502
176	0.0504165
176	0.127089
176	0.198279
176	0.0634778
176	0.123213
176	0.0682189
176	0.0479841
176	0.0443781
176	0.0114411
176	0.0951018
176	0.037802
176	0.0670315
176	0.079279
176	0.0367336
176	0.0455541
176	0.0807255
176	0.0711743
176	0.0769402
176	0.0388672
176	0.0236227
176	0.0666504
176	0.0669645
176	0.098829
176	0.0460032
176	0.0583305
176	0.0873939
176	0.093176
176	0.0593166
176	0.0982834
176	0.0973877
176	0.152778
176	0.0661051
176	0.14804
176	0.0919234
176	0.0930705
176	0.102845
176	0.283954
176	0.0709336
176	0.0690997
176	0.0541064
176	0.106827
176	0.118651
176	0.107536
176	0.130659
176	0.100621
176	0.123778
176	0.0819516
176	0.0980713
176	0.145189
176	0.0604101
176	0.0754151
176	0.0310911
176	0.0675676
176	0.067362
176	0.114792
176	0.075696
176	0.0220428
176	0.0308507
176	0.0638415
176	0.134099
176	0.150247
176	0.0824351
176	0.07984
176	0.11424
176	0.0481441
176	0.101983
176	0.0699081
176	0.0540541
176	0.0817224
176	0.0934436
176	0.0928482
176	0.170461
176	0.0558012
176	0.154331
176	0.0626611
176	0.059515
176	0.232238
176	0.0418264
176	0.0467424
176	0.0431717
179	0.0205716
179	0.0164372
179	0.118198
179	0.0780182
179	0.0639342
179	0.115199
179	0.126053
179	0.0749587
179	0.069545
179	0.27153
179	0.100229
179	0.0853846
179	0.0677552
179	0.0961131
179	0.044579
179	0.110867
179	0.0803323
179	0.101983
179	0.0625978
179	0.0871767
179	0.0590906
179	0.0689049
179	0.111953
179	0.0303921
179	0.111691
179	0.0432266
179	0.177632
179	0.239624
179	0.00986842
179	0.0466414
179	0.0666857
179	0.086962
179	0.124182
179	0.0950696
179	0.0948531
179	0.0898562
179	0.116478
179	0.0557603
179	0.0830054
179	0.118289
179	0.0606307
179	0.0513268
179	0.110331
179	0.0657498
179	0.1906
179	0.0810353
179	0.0823805
179	0.0572253
179	0.14127
179	0.11234
179	0.0419379
179	0.0365983
179	0.0522639
179	0.299809
179	0.0183649
179	0.160859
179	0.0741392
179	0.128624
179	0.117858
179	0.0387332
179	0.094871
179	0.0909629
179	0.055127
179	0.0714397
179	0.0387896
179	0.0626825
179	0.102595
179	0.234641
179	0.0959794
179	0.101713
179	0.147993
179	0.090873
179	0.090921
179	0.066845
179	0.103482
179	0.0140532
179	0.0453077
179	0.124373
179	0.0876707
179	0.100569
179	0.127314
179	0.103278
179	0.0951197
179	0.0621666
179	0.0513901
179	0.0942198
179	0.0612547
179	0.103302
179	0.0708071
179	0.0598712
179	0.0634172
179	0.0450448
179	0.109209
179	0.0722293
179	0.0108279
179	0.0734389
179	0.123773
179	0.0485631
179	0.0602544
179	0.0633016
182	0.0499858
182	0.11484
182	0.117876
182	0.0860528
182	0.0803109
182	0.0523586
182	0.0868977
182	0.0372291
182	0.0994126
182	0.0808298
182	0.0752112
182	0.125984
182	0.066507
182	0.0571893
182	0.0593137
182	0.0248705
182	0.0477749
182	0.129121
182	0.0653197
182	0.125792
182	0.0411544
182	0.0494838
182	0.0985621
182	0.0922682
182	0.0880374
182	0.0636924
182	0.0169683
182	0.0482845
182	0.098325
182	0.0275391
182	0.0858292
182	0.245075
182	0.0211477
182	0.125216
182	0.0244165
182	0.233766
182	0.0236422
182	0.0493163
182	0.202435
182	0.0769158
182	0.150501
182	0.045537
182	0.108241
182	0.104515
182	0.3973
182	0.070486
182	0.0835285
182	0.0405405
182	0.0605825
182	0.0435251
182	0.132495
182	0.0971821
182	0.128907
182	0.0740881
182	0.0856551
182	0.0440732
182	0.0608108
182	0.0393567
182	0.116056
182	0.0621566
182	0.0411778
182	0.0852172
182	0.0593865
182	0.141729
182	0.0902772
182	0.167276
182	0.126671
182	0.0669836
182	0.120482
182	0.0460868
182	0.0982495
182	0.0659739
182	0.0298805
182	0.100761
182	0.0548073
182	0.0463719
182	0.0530631
182	0.155706
182	0.124857
182	0.0414096
182	0.0640981
182	0.172836
182	0.0896412
182	0.0675915
182	0.101918
182	0.0369997
182	0.133902
182	0.165064
182	0.0645717
182	0.0395587
182	0.052889
182	0.0709377
182	0.13365
182	0.082729
182	0.0156797
182	0.111841
182	0.105612
182	0.0147059
182	0.128067
182	0.0630075
185	0.0989322
185	0.105108
185	0.0432293
185	0.121624
185	0.329244
185	0.140099
185	0.0228095
185	0.122377
185	0.0607143
185	0.162134
185	0.0982594
185	0.0934943
185	0.0540068
185	0.0619469
185	0.102381
185	0.0900857
185	0.0550692
185	0.112755
185	0.151095
185	0.0295575
185	0.0347354
185	0.0818882
185	0.0829117
185	0.09296
185	0.109463
185	0.0620758
185	0.11436
185	0.0542717
185	0.114262
185	0.0542616
185	0.0482352
185	0.051726
185	0.0383166
185	0.072537
185	0.0927252
185	0.0528169
185	0.114904
185	0.0908634
185	0.0760424
185	0.127289
185	0.0382517
185	0.155552
185	0.0266622
185	0.0135093
185	0.0483087
185	0.0926136
185	0.0338222
185	0.0787636
185	0.0628059
185	0.0406915
185	0.135691
185	0.0735904
185	0.166563
185	0.0524353
185	0.0868512
185	0.0478132
185	0.118492
185	0.0504796
185	0.0588397
185	0.0504799
185	0.0615656
185	0.0836265
185	0.0824387
185	0.299786
185	0.0779222
185	0.0574925
185	0.0853701
185	0.0590042
185	0.121071
185	0.108696
185	0.0584277
185	0.0710591
185	0.100368
185	0.019008
185	0.134154
185	0.0545637
185	0.0577336
185	0.0515128
185	0.0708111
185	0.193888
185	0.0946357
185	0.0945707
185	0.0659217
185	0.0575185
185	0.00917621
185	0.073327
185	0.147782
185	0.106705
185	0.021021
185	0.117133
185	0.0977712
185	0.0998578
185	0.0586253
185	0.141269
185	0.10595
185	0.0670315
185	0.0550189
185	0.0700521
185	0.0507213
185	0.0778906
188	0.276312
188	0.0277593
188	0.0733595
188	0.281301
188	0.0191454
188	0.173348
188	0.0335132
188	0.0633236
188	0.140871
188	0.0481215
188	0.0439545
188	0.180381
188	0.108408
188	0.0600631
188	0.0585537
188	0.0764548
188	0.0264481
188	0.0543434
188	0.154113
188	0.0273973
188	0.15683
188	0.203165
188	0.0789206
188	0.134049
188	0.157927
188	0.030347
188	0.0755665
188	0.0483588
188	0.0427618
188	0.0289855
188	0.0272549
188	0.0972222
188	0.0320081
188	0.0782752
188	0.0113703
188	0.0546505
188	0.061057
188	0.105143
188	0.179664
188	0.0422604
188	0.0860948
188	0.137163
188	0.0494787
188	0.0815653
188	0.0888158
188	0.0604831
188	0.0964777
188	0.0710238
188	0.0709029
188	0.114087
188	0.0691644
188	0.0857352
188	0.0614446
188	0.0939726
188	0.115651
188	0.126848
188	0.0684932
188	0.0456832
188	0.199673
188	0.0939052
188	0.161481
188	0.118567
188	0.05264
188	0.0867736
188	0.0562322
188	0.0896694
188	0.0791363
188	0.0828674
188	0.0176291
188	0.274524
188	0.0590278
188	0.0878392
188	0.0523613
188	0.0842769
188	0.120811
188	0.0751648
188	0.135508
188	0.0101351
188	0.0579551
188	0.0777379
188	0.0592115
188	0.138033
188	0.136121
188	0.0716632
188	0.010611
188	0.0599704
188	0.0453482
188	0.0222737
188	0.111367
188	0.0900578
188	0.121332
188	0.144101
188	0.0158008
188	0.218426
188	0.0729699
188	0.0777816
188	0.314189
188	0.0208333
188	0.109239
188	0.0315224
191	0.0467786
191	0.0866667
191	0.155128
191	0.0634563
191	0.184584
191	0.0721093
191	0.189127
191	0.0413032
191	0.175712
191	0.0482226
191	0.12395
191	0.0377685
191	0.0949713
191	0.0257794
191	0.176356
191	0.0182246
191	0.0358658
191	0.11483
191	0.107334
191	0.0610786
191	0.0992554
191	0.0834351
191	0.0126355
191	0.174259
191	0.0451333
191	0.142165
191	0.0688115
191	0.045376
191	0.0641062
191	0.0215933
191	0.00950677
191	0.171476
191	0.108898
191	0.049211
191	0.107109
191	0
191	0.217622
191	0.0699945
191	0.107643
191	0.0166667
191	0.0788575
191	0.0313571
191	0.090327
191	0.0664765
191	0.0772254
191	0.0662899
191	0.168236
191	0.0605476
191	0.115054
191	0.03926
191	0.0737027
191	0.0705227
191	0.11316
191	0.177864
191	0.0765942
191	0.0443222
191	0.0869237
191	0.0567288
191	0.117672
191	0.0534369
191	0.0838893
191	0.0290717
191	0.0968749
191	0.130686
191	0.134706
191	0.0889977
191	0.116438
191	0.0647391
191	0.0878953
191	0.0750595
191	0.0526182
191	0.0723635
191	0.0276805
191	0.0485914
191	0.0698228
191	0.026071
191	0.0597345
191	0.121939
191	0.0937267
191	0.0401352
191	0.0366248
191	0.0933796
191	0.0815859
191	0.0832888
191	0.0687363
191	0.0487544
191	0.0797777
191	0.174879
191	0.104412
191	0.0935034
191	0.0689834
191	0.00337838
191	0.0546815
191	0.129055
191	0.0749389
191	0.130934
191	0.0697299
191	0.0800391
191	0.0943678
191	0.122088
194	0.0790926
194	0.0653771
194	0.096537
194	0.0284882
194	0.0618303
194	0.0417892
194	0.0316344
194	0.0466667
194	0.0673812
194	0.125512
194	0.101633
194	0.0402184
194	0.150115
194	0.0116359
194	0.043042
194	0.143143
194	0.0910557
194	0.115265
194	0.0520569
194	0.093604
194	0.0331456
194	0.108814
194	0.0158742
194	0.0975872
194	0.049662
194	0.110487
194	0.0216393
194	0.0857054
194	0.0452705
194	0.246667
194	0.0604602
194	0.0872908
194	0.0144928
194	0.345019
194	0.0797593
194	0.0348585
194	0.1289
194	0.0160157
194	0.0498355
194	0.0524889
194	0.0539535
194	0.0105634
194	0.138001
194	0.0719083
194	0.0799536
194	0.108731
194	0.132531
194	0.0871729
194	0.0996004
194	0.069861
194	0.133988
194	0.0785111
194	0.13139
194	0.0761881
194	0.113251
194	0.0479004
194	0.044469
194	0.0922383
194	0.0101351
194	0.0899868
194	0.0760155
194	0.0602346
194	0.0773067
194	0.0984619
194	0.049436
194	0.48331
194	0.0857136
194	0.083814
194	0.0551545
194	0.0599719
194	0.120031
194	0.0477545
194	0.250513
194	0.0784848
194	0.0629042
194	0.270303
194	0.0530947
194	0.0294803
194	0.0506757
194	0.182307
194	0.0469059
194	0.0447962
194	0.0477609
194	0.0492006
194	0.0956418
194	0.351805
194	0.150685
194	0.0314543
194	0.101775
194	0.0179801
194	0.0632995
194	0.0652264
194	0.0741344
194	0.0712874
194	0.0731685
194	0.0686208
194	0.0330664
194	0.0633079
194	0.0420233
194	0.0734825
197	0.106627
197	0.0701852
197	0.0829564
197	0.0781398
197	0.0690623
197	0.143278
197	0.110259
197	0.093418
197	0.111114
197	0.0836677
197	0.0673752
197	0.210247
197	0.172297
197	0.0516711
197	0.120878
197	0.0214097
197	0.0703774
197	0.0950081
197	0.0551299
197	0.0424926
197	0.0483203
197	0.0297721
197	0.029366
197	0.0626948
197	0.171078
197	0.284161
197	0.0551547
197	0.038778
197	0.0476382
197	0.073469
197	0.105838
197	0.191257
197	0.0695724
197	0.0551948
197	0.050622
197	0.0959787
197	0.184028
197	0.0396378
197	0.0801321
197	0.0904756
197	0.115564
197	0.0658367
197	0.0539273
197	0.0975231
197	0.0720095
197	0.0474937
197	0.062087
197	0.0357047
197	0.103831
197	0.087834
197	0.0625346
197	0.0469984
197	0.0496553
197	0.10449
197	0.121558
197	0.0251324
197	0.118035
197	0.0203094
197	0.119064
197	0.0877866
197	0.0994545
197	0.0750193
197	0.0533333
197	0.099181
197	0.082674
197	0.135835
197	0.108896
197	0.0731744
197	0.127202
197	0.319455
197	0.101868
197	0.110445
197	0.0243056
197	0.147187
197	0.108645
197	0.124417
197	0.0693022
197	0.0432315
197	0.101554
197	0.264523
197	0.125534
197	0.0246479
197	0.270701
197	0.0375705
197	0.0269042
197	0.104806
197	0.0993124
197	0.0981998
197	0.0200547
197	0.0699218
197	0.063322
197	0.0983116
197	0.0348013
197	0.0972428
197	0.0139119
197	0.0624167
197	0.11091
197	0.0663156
197	0.0962056
197	0.0601089
200	0.10732
200	0.114389
200	0.0738414
200	0.0531465
200	0.091114
200	0.0652026
200	0.0405802
200	0.0587162
200	0.0216728
200	0.221752
200	0.063829
200	0.0483006
200	0.0206631
200	0.0272135
200	0.189519
200	0.0168046
200	0.108433
200	0.0685162
200	0.272997
200	0.0718377
200	0.0695462
200	0.114594
200	0.0786356
200	0.158143
200	0.0964587
200	0.058655
200	0.204076
200	0.0682046
200	0.105769
200	0.0547945
200	0.105499
200	0.0641368
200	0.0559211
200	0.407437
200	0.105785
200	0.0535296
200	0.0468512
200	0.141509
200	0.222949
200	0.239238
200	0.056178
200	0.163831
200	0.071763
200	0.092274
200	0.0342222
200	0.0433578
200	0.0210759
200	0.277027
200	0.064894
200	0.3939
200	0.0635231
200	0.0650346
200	0.01
200	0.21836
200	0.0656153
200	0.16272
200	0.0678851
200	0.0200618
200	0.0670842
200	0.0150238
200	0.0581648
200	0.104562
200	0.0898827
200	0.0674291
200	0.0476012
200	0.00180158
200	0.0199668
200	0.094031
200	0.0382338
200	0.0523191
200	0.0797458
200	0.0243217
200	0.106514
200	0.0755453
200	0.0393555
200	0.0499681
200	0.0535931
200	0.0510484
200	0.0699613
200	0.0279408
200	0.0701066
200	0.0960265
200	0.0709552
200	0.0574031
200	0.0160256
200	0.0321815
200	0.154989
200	0.0501107
200	0.161383
200	0.0836928
200	0.0911703
200	0.0845384
200	0.123165
200	0.035883
200	0.105634
200	0.0363909
200	0.0333173
200	0.00432484
200	0.103456
200	0.0698775
