var	minCostFlow
5	0.165357
5	0.257179
5	0.167815
5	0.548795
5	0.12696
5	0.174874
5	0.416352
5	0.184814
5	0.581543
5	0.246833
5	0.243694
5	0.54074
5	0.265178
5	0.612826
5	0.0850389
5	0.547686
5	0.204553
5	0.266667
5	0.26116
5	0.394484
5	0.109484
5	0.217936
5	0.155516
5	0.163585
5	0.590976
5	0.416697
5	0.432253
5	0.284511
5	0.201137
5	0.472582
5	0.163884
5	0.29242
5	0.587526
5	0.225139
5	0.324447
5	0.341713
5	0.264981
5	0.197972
5	0.369611
5	0.55142
5	0.346914
5	0.0712139
5	0.607922
5	0.280708
5	0.328334
5	0.0955745
5	0.313374
5	0.160563
5	0.518903
5	0.387515
5	0.394629
5	0.320642
5	0.226547
5	0.242714
5	0.365108
5	0.450523
5	0.216068
5	0.209472
5	0.480114
5	0.178876
5	0.125058
5	0.120382
5	0.263382
5	0.532377
5	0.402031
5	0.270283
5	0.401962
5	0.201086
5	0.308126
5	0.251521
5	0.216208
5	0.493824
5	0.0675646
5	0.389579
5	0.634377
5	0.207746
5	0.302411
5	0.313458
5	0.288059
5	0.115454
5	0.348593
5	0.125125
5	0.207208
5	0.157987
5	0.197052
5	0.0877279
5	0.239769
5	0.0559463
5	0.684357
5	0.375131
5	0.225894
5	0.130434
5	0.457252
5	0.398183
5	0.53866
5	0.208132
5	0.275823
5	0.171951
5	0.215421
5	0.203791
8	0.263388
8	0.193582
8	0.0604458
8	0.543215
8	0.104462
8	0.320752
8	0.226214
8	0.0697461
8	0.17531
8	0.319372
8	0.0572989
8	0.221418
8	0.363577
8	0.269268
8	0.0855964
8	0.262752
8	0.213445
8	0.21691
8	0.146415
8	0.395136
8	0.0502645
8	0.190871
8	0.311436
8	0.142957
8	0.271244
8	0.295559
8	0.261064
8	0.256476
8	0.076306
8	0.182965
8	0.293093
8	0.187886
8	0.175286
8	0.285832
8	0.143057
8	0.180734
8	0.169756
8	0.140276
8	0.0592091
8	0.220106
8	0.226743
8	0.0873405
8	0.0922894
8	0.0497848
8	0.131989
8	0.272586
8	0.124998
8	0.0867854
8	0.0931965
8	0.0751862
8	0.0897756
8	0.16628
8	0.0648157
8	0.0720537
8	0.112914
8	0.336966
8	0.155446
8	0.148756
8	0.143907
8	0.119418
8	0.381327
8	0.358535
8	0.235849
8	0.125566
8	0.145704
8	0.19113
8	0.0821899
8	0.0747289
8	0.105848
8	0.284896
8	0.145184
8	0.0775882
8	0.0572391
8	0.120085
8	0.35801
8	0.219765
8	0.0889385
8	0.191214
8	0.0760336
8	0.232884
8	0.14782
8	0.243919
8	0.253023
8	0.290091
8	0.156745
8	0.2039
8	0.0969917
8	0.0898221
8	0.2712
8	0.157889
8	0.204819
8	0.237693
8	0.264758
8	0.206759
8	0.147231
8	0.222506
8	0.0637396
8	0.063864
8	0.190952
8	0.0966882
11	0.0279767
11	0.116177
11	0.0922095
11	0.180132
11	0.0442137
11	0.0415485
11	0.152372
11	0.119962
11	0.0753591
11	0.220049
11	0.0482418
11	0.0770492
11	0.118912
11	0.147442
11	0.137265
11	0.309556
11	0.277559
11	0.1742
11	0.188067
11	0.0574795
11	0.162406
11	0.0814734
11	0.259877
11	0.206447
11	0.181711
11	0.187063
11	0.0608797
11	0.0929509
11	0.265035
11	0.169318
11	0.16023
11	0.203777
11	0.18141
11	0.162185
11	0.153941
11	0.0820153
11	0.0767172
11	0.124015
11	0.152073
11	0.254158
11	0.095196
11	0.203725
11	0.244006
11	0.0625457
11	0.089817
11	0.114375
11	0.0343633
11	0.133126
11	0.0930836
11	0.0841531
11	0.117924
11	0.136363
11	0.0744971
11	0.23462
11	0.0335631
11	0.0992674
11	0.138904
11	0.212896
11	0.103872
11	0.307411
11	0.0669837
11	0.341339
11	0.105176
11	0.188578
11	0.0835209
11	0.19067
11	0.0526054
11	0.0964449
11	0.0533439
11	0.132674
11	0.158473
11	0.101798
11	0.151193
11	0.0588097
11	0.203265
11	0.181363
11	0.293899
11	0.0282962
11	0.266039
11	0.139043
11	0.076608
11	0.146568
11	0.0925209
11	0.115098
11	0.149175
11	0.108016
11	0.158201
11	0.122323
11	0.143414
11	0.256074
11	0.155523
11	0.0753675
11	0.119179
11	0.0240398
11	0.215928
11	0.107297
11	0.12973
11	0.197574
11	0.0841179
11	0.190508
14	0.169565
14	0.161768
14	0.0794049
14	0.164794
14	0.187513
14	0.129194
14	0.153072
14	0.0496524
14	0.0979355
14	0.105242
14	0.133642
14	0.155954
14	0.0498603
14	0.174226
14	0.150306
14	0.0680168
14	0.120325
14	0.0394058
14	0.0736645
14	0.142462
14	0.110229
14	0.0556497
14	0.0324022
14	0.232133
14	0.186943
14	0.107777
14	0.0414308
14	0.174974
14	0.0872822
14	0.181779
14	0.0379374
14	0.130504
14	0.142915
14	0.109545
14	0.137582
14	0.0799797
14	0.161405
14	0.16102
14	0.207696
14	0.198985
14	0.133226
14	0.149784
14	0.0812643
14	0.0825148
14	0.107964
14	0.216164
14	0.108993
14	0.0243129
14	0.192029
14	0.0556458
14	0.0987373
14	0.0399409
14	0.0547899
14	0.0989927
14	0.120795
14	0.275365
14	0.304405
14	0.119984
14	0.033335
14	0.17362
14	0.0815107
14	0.0935294
14	0.119407
14	0.187809
14	0.143335
14	0.179551
14	0.122564
14	0.248666
14	0.0462234
14	0.0506403
14	0.115254
14	0.211679
14	0.0359585
14	0.17571
14	0.0541176
14	0.082212
14	0.111401
14	0.0523033
14	0.0579208
14	0.0919811
14	0.076241
14	0.0691658
14	0.086946
14	0.122738
14	0.0816279
14	0.0784245
14	0.0877369
14	0.0984714
14	0.041177
14	0.202932
14	0.134175
14	0.079431
14	0.112395
14	0.128792
14	0.0734957
14	0.105069
14	0.180429
14	0.11689
14	0.114705
14	0.165549
17	0.0918177
17	0.10949
17	0.124373
17	0.0665985
17	0.0653302
17	0.0309973
17	0.0940195
17	0.208463
17	0.061912
17	0.189833
17	0.169115
17	0.109651
17	0.131722
17	0.122637
17	0.186855
17	0.0582406
17	0.273961
17	0.113632
17	0.129345
17	0.246427
17	0.0962156
17	0.0416089
17	0.0631509
17	0.109354
17	0.181332
17	0.0593448
17	0.0769466
17	0.0454209
17	0.183434
17	0.043416
17	0.320699
17	0.109882
17	0.0745533
17	0.100857
17	0.114055
17	0.212821
17	0.0880648
17	0.187452
17	0.0642687
17	0.141324
17	0.226672
17	0.0124546
17	0.0504949
17	0.0794835
17	0.108603
17	0.0836517
17	0.0787585
17	0.0755268
17	0.187618
17	0.112913
17	0.151282
17	0.181321
17	0.127942
17	0.139358
17	0.211654
17	0.224867
17	0.114945
17	0.0154441
17	0.107603
17	0.12171
17	0.10601
17	0.0516873
17	0.0626952
17	0.122798
17	0.182083
17	0.104374
17	0.112766
17	0.126776
17	0.0674877
17	0.115845
17	0.181642
17	0.15001
17	0.124141
17	0.156157
17	0.135142
17	0.0817414
17	0.0604634
17	0.130059
17	0.0734887
17	0.124013
17	0.140419
17	0.21965
17	0.12691
17	0.121089
17	0.0674497
17	0.0324311
17	0.0721038
17	0.0832883
17	0.121581
17	0.138907
17	0.195072
17	0.272479
17	0.104223
17	0.204178
17	0.0596285
17	0.177191
17	0.0580748
17	0.168461
17	0.173766
17	0.139161
20	0.132393
20	0.15729
20	0.134409
20	0.128461
20	0.11982
20	0.134395
20	0.128763
20	0.077582
20	0.108937
20	0.0682596
20	0.0750141
20	0.0346399
20	0.0459139
20	0.0316761
20	0.0618566
20	0.0750178
20	0.0793531
20	0.137484
20	0.154439
20	0.131873
20	0.0730521
20	0.11375
20	0.113506
20	0.0745492
20	0.102283
20	0.129898
20	0.0922178
20	0.0630711
20	0.152251
20	0.121538
20	0.167645
20	0.100105
20	0.210558
20	0.104074
20	0.0345461
20	0.0117231
20	0.0394373
20	0.117254
20	0.127532
20	0.0582824
20	0.14781
20	0.0442021
20	0.122114
20	0.168879
20	0.245225
20	0.214914
20	0.103343
20	0.128573
20	0.0823155
20	0.0819872
20	0.116763
20	0.017584
20	0.0634991
20	0.17524
20	0.0361741
20	0.113666
20	0.133588
20	0.127757
20	0.0144725
20	0.112823
20	0.174521
20	0.107245
20	0.124541
20	0.129134
20	0.115356
20	0.1232
20	0.114546
20	0.135956
20	0.114734
20	0.167612
20	0.0740989
20	0.0187881
20	0.034451
20	0.0322981
20	0.161164
20	0.115055
20	0.0701592
20	0.131135
20	0.0787983
20	0.0506706
20	0.121875
20	0.102783
20	0.170107
20	0.105369
20	0.0572583
20	0.105424
20	0.100793
20	0.065083
20	0.0694921
20	0.0956701
20	0.0614503
20	0.148879
20	0.0228877
20	0.0426839
20	0.0580677
20	0.058542
20	0.0782703
20	0.091766
20	0.0147247
20	0.0531703
23	0.134308
23	0.0551135
23	0.11868
23	0.177274
23	0.0922325
23	0.0351879
23	0.0731052
23	0.0898397
23	0.0613751
23	0.139926
23	0.0874456
23	0.129016
23	0.0527622
23	0.0676837
23	0.0224819
23	0.0840138
23	0.122104
23	0.0657918
23	0.12203
23	0.0689615
23	0.0574072
23	0.0693
23	0.172257
23	0.0814497
23	0.103423
23	0.0846176
23	0.0879669
23	0.144284
23	0.190897
23	0.0998142
23	0.132738
23	0.0424916
23	0.0470408
23	0.0499141
23	0.0820373
23	0.206712
23	0.108492
23	0.152769
23	0.117242
23	0.177468
23	0.116106
23	0.111415
23	0.0283631
23	0.0297805
23	0.114408
23	0.14116
23	0.0906629
23	0.070957
23	0.115213
23	0.0868254
23	0.0503408
23	0.183145
23	0.0175074
23	0.0629021
23	0.0680078
23	0.110732
23	0.0375567
23	0.18802
23	0.0683312
23	0.0492467
23	0.144907
23	0.0691597
23	0.170943
23	0.196505
23	0.14877
23	0.0393749
23	0.0924352
23	0.164748
23	0.0502658
23	0.101956
23	0.0583843
23	0.0901192
23	0.148092
23	0.0767492
23	0.154611
23	0.178139
23	0.0975998
23	0.0394909
23	0.0653639
23	0.206225
23	0.134878
23	0.137621
23	0.0401386
23	0.0212793
23	0.0608367
23	0.0467036
23	0.102214
23	0.0574617
23	0.0937894
23	0.123102
23	0.162881
23	0.0490533
23	0.101032
23	0.0890636
23	0.0773322
23	0.168387
23	0.0192232
23	0.195173
23	0.0227032
23	0.0917803
26	0.0603565
26	0.101808
26	0.116565
26	0.11583
26	0.102745
26	0.0408291
26	0.0871127
26	0.087028
26	0.124527
26	0.117284
26	0.0822339
26	0.0325013
26	0.0786672
26	0.07528
26	0.181653
26	0.137697
26	0.12195
26	0.185687
26	0.0784579
26	0.105018
26	0.160212
26	0.116391
26	0.127165
26	0.112813
26	0.107598
26	0.0748895
26	0.129589
26	0.123151
26	0.132814
26	0.0667254
26	0.138955
26	0.0765245
26	0.106654
26	0.111285
26	0.101539
26	0.101095
26	0.0383611
26	0.140801
26	0.056216
26	0.0651257
26	0.173708
26	0.111465
26	0.121308
26	0.142397
26	0.0689447
26	0.136204
26	0.0715369
26	0.0916943
26	0.0821443
26	0.0753751
26	0.029817
26	0.0446031
26	0.0533371
26	0.060536
26	0.063966
26	0.11277
26	0.0378979
26	0.126141
26	0.15364
26	0.0526519
26	0.137582
26	0.0560545
26	0.196251
26	0.139152
26	0.0275525
26	0.0571336
26	0.100018
26	0.146881
26	0.0953544
26	0.108852
26	0.164217
26	0.193283
26	0.136735
26	0.0494342
26	0.11664
26	0.158314
26	0.085652
26	0.0946118
26	0.0501014
26	0.191998
26	0.153404
26	0.13897
26	0.00918466
26	0.105148
26	0.117616
26	0.180721
26	0.120608
26	0.105235
26	0.14174
26	0.0850596
26	0.0724193
26	0.0907152
26	0.117493
26	0.0545686
26	0.160019
26	0.0880011
26	0.0835637
26	0.14628
26	0.0586331
26	0.126426
29	0.0403968
29	0.093208
29	0.11727
29	0.134756
29	0.0967006
29	0.0526807
29	0.050703
29	0.139073
29	0.129167
29	0.0774179
29	0.0838053
29	0.0803829
29	0.0216587
29	0.106567
29	0.0804568
29	0.0752051
29	0.10206
29	0.106569
29	0.0921299
29	0.0479059
29	0.191304
29	0.129861
29	0.10785
29	0.0521175
29	0.0743385
29	0.0416425
29	0.0813353
29	0.144665
29	0.0910329
29	0.0629853
29	0.0850583
29	0.00952726
29	0.0628466
29	0.103157
29	0.180881
29	0.039077
29	0.0693138
29	0.0892534
29	0.0980491
29	0.105455
29	0.10239
29	0.0502416
29	0.0262447
29	0.101101
29	0.0370578
29	0.0647735
29	0.0670674
29	0.110518
29	0.0271156
29	0.112784
29	0.0835158
29	0.094073
29	0.139169
29	0.117884
29	0.133194
29	0.0542374
29	0.135326
29	0.164314
29	0.147997
29	0.0475649
29	0.0275545
29	0.154812
29	0.105759
29	0.175678
29	0.130303
29	0.125639
29	0.0422747
29	0.137782
29	0.125438
29	0.12416
29	0.157616
29	0.166262
29	0.0506821
29	0.154119
29	0.112045
29	0.12205
29	0.129504
29	0.144901
29	0.143832
29	0.11215
29	0.109882
29	0.114289
29	0.127998
29	0.0910037
29	0.0874295
29	0.171523
29	0.175697
29	0.033396
29	0.0388009
29	0.0942879
29	0.0671922
29	0.0441296
29	0.037068
29	0.0711164
29	0.101295
29	0.0593262
29	0.00977863
29	0.0826659
29	0.123528
29	0.0549527
32	0.203489
32	0.0978241
32	0.0973143
32	0.0297859
32	0.0189349
32	0.140356
32	0.0458078
32	0.037816
32	0.205051
32	0.0894845
32	0.086261
32	0.0100933
32	0.0934968
32	0.099833
32	0.121781
32	0.107497
32	0.103547
32	0.111664
32	0.0939733
32	0.122223
32	0.101086
32	0.121093
32	0.159522
32	0.0872165
32	0.162201
32	0.0775321
32	0.100711
32	0.10701
32	0.0902347
32	0.144066
32	0.0254214
32	0.114266
32	0.0841933
32	0.0285264
32	0.0920315
32	0.0933601
32	0.111002
32	0.148648
32	0.106735
32	0.0669905
32	0.0869119
32	0.137094
32	0.0499823
32	0.0469295
32	0.155265
32	0.0176915
32	0.0834818
32	0.0504988
32	0.157443
32	0.0500101
32	0.222433
32	0.117896
32	0.0232402
32	0.0655649
32	0.110204
32	0.0963837
32	0.0693331
32	0.0859501
32	0.0753197
32	0.0979937
32	0.0826263
32	0.0420133
32	0.0936478
32	0.0697425
32	0.0678853
32	0.0774801
32	0.244962
32	0.158638
32	0.0399619
32	0.146321
32	0.141041
32	0.1264
32	0.0475527
32	0.0556816
32	0.0781778
32	0.22753
32	0.0886547
32	0.0258249
32	0.140354
32	0.039716
32	0.133493
32	0.0983109
32	0.158985
32	0.133645
32	0.074132
32	0.0628342
32	0.066748
32	0.169698
32	0.0781811
32	0.0607945
32	0.0743936
32	0.136388
32	0.0892239
32	0.0913164
32	0.0646454
32	0.137612
32	0.0990903
32	0.0619395
32	0.0463115
32	0.0716085
35	0.0763829
35	0.0353376
35	0.077144
35	0.087422
35	0.188066
35	0.149017
35	0.0876464
35	0.0716995
35	0.0594333
35	0.131206
35	0.0394709
35	0.0385359
35	0.0751704
35	0.0785711
35	0.0962414
35	0.053585
35	0.0560256
35	0.106212
35	0.070007
35	0.110978
35	0.126011
35	0.128962
35	0.0394928
35	0.0350692
35	0.086297
35	0.0670011
35	0.0498806
35	0.161985
35	0.067252
35	0.111974
35	0.0966815
35	0.0806774
35	0.0731957
35	0.117035
35	0.133015
35	0.0674635
35	0.147092
35	0.163093
35	0.0605699
35	0.0979296
35	0.0342946
35	0.103179
35	0.0689732
35	0.0827453
35	0.156765
35	0.0417688
35	0.0867045
35	0.118097
35	0.0566076
35	0.11395
35	0.081518
35	0.0284237
35	0.0717011
35	0.0838511
35	0.0223221
35	0.0956307
35	0.0751044
35	0.0710852
35	0.089946
35	0.141362
35	0.0746085
35	0.105951
35	0.0849889
35	0.148432
35	0.0999879
35	0.0259155
35	0.0535115
35	0.115363
35	0.140649
35	0.0807479
35	0.218964
35	0.107104
35	0.0877348
35	0.0660697
35	0.0702742
35	0.15374
35	0.0512527
35	0.0844967
35	0.106107
35	0.101312
35	0.113391
35	0.0518625
35	0.0729383
35	0.109351
35	0.0737538
35	0.140894
35	0.0868998
35	0.146861
35	0.0762202
35	0.0443734
35	0.12577
35	0.0754912
35	0.0690906
35	0.10663
35	0.1132
35	0.120483
35	0.0326116
35	0.10317
35	0.0423409
35	0.111869
38	0.137213
38	0.0969791
38	0.179745
38	0.112075
38	0.0670855
38	0.149057
38	0.0655264
38	0.0852758
38	0.104023
38	0.0687155
38	0.0454701
38	0.087675
38	0.0521598
38	0.137249
38	0.0747098
38	0.110649
38	0.0943001
38	0.0772265
38	0.0705746
38	0.0733998
38	0.14016
38	0.126208
38	0.0215289
38	0.045485
38	0.0236491
38	0.161807
38	0.0381294
38	0.100187
38	0.132086
38	0.136341
38	0.117152
38	0.0396709
38	0.139646
38	0.087864
38	0.0373226
38	0.0537996
38	0.0247444
38	0.176608
38	0.102514
38	0.0830069
38	0.0998366
38	0.08671
38	0.158151
38	0.113193
38	0.104674
38	0.0742611
38	0.0970686
38	0.0616859
38	0.086577
38	0.10962
38	0.141943
38	0.125747
38	0.104809
38	0.101576
38	0.173305
38	0.107765
38	0.041666
38	0.107016
38	0.0174516
38	0.0662939
38	0.0860952
38	0.109756
38	0.142541
38	0.0680056
38	0.105275
38	0.109952
38	0.114563
38	0.0447363
38	0.119511
38	0.0217716
38	0.188319
38	0.0436737
38	0.0803566
38	0.156332
38	0.0816767
38	0.105267
38	0.105263
38	0.0880734
38	0.171406
38	0.017958
38	0.102907
38	0.169745
38	0.142114
38	0.147546
38	0.14328
38	0.116593
38	0.12748
38	0.115179
38	0.170062
38	0.141073
38	0.105722
38	0.0740916
38	0.131547
38	0.081221
38	0.0823818
38	0.101622
38	0.0912347
38	0.116383
38	0.0518742
38	0.165489
41	0.105729
41	0.043989
41	0.0988401
41	0.131851
41	0.0794827
41	0.0987972
41	0.0615006
41	0.0450808
41	0.0532926
41	0.111858
41	0.123872
41	0.00287321
41	0.0357993
41	0.139548
41	0.163692
41	0.137523
41	0.0191487
41	0.0531035
41	0.0115326
41	0.130062
41	0.0995081
41	0.0608547
41	0.132403
41	0.0363646
41	0.109839
41	0.0891645
41	0.110269
41	0.0445287
41	0.0620239
41	0.101342
41	0.049282
41	0.0602587
41	0.106642
41	0.0771018
41	0.113175
41	0.0245758
41	0.142315
41	0.0374733
41	0.0442085
41	0.0627543
41	0.0976806
41	0.13412
41	0.0812245
41	0.122599
41	0.126774
41	0.152977
41	0.0938694
41	0.191053
41	0.160739
41	0.08921
41	0.0419168
41	0.135283
41	0.0933594
41	0.0546553
41	0.0941603
41	0.106287
41	0.0135212
41	0.120898
41	0.0725709
41	0.0612925
41	0.118609
41	0.0899717
41	0.0686281
41	0.129077
41	0.059911
41	0.0771159
41	0.141541
41	0.0979953
41	0.125638
41	0.0607098
41	0.151072
41	0.131651
41	0.0500543
41	0.0619908
41	0.122574
41	0.205601
41	0.0265831
41	0.123864
41	0.0853357
41	0.0611506
41	0.128598
41	0.0796263
41	0.0910447
41	0.124088
41	0.15213
41	0.0900879
41	0.104021
41	0.0076209
41	0.100457
41	0.122572
41	0.0237921
41	0.154334
41	0.0576666
41	0.174376
41	0.164406
41	0.0884253
41	0.189249
41	0.132452
41	0.0951022
41	0.140463
44	0.138936
44	0.0219121
44	0.0586414
44	0.182015
44	0.0899814
44	0.194709
44	0.0321577
44	0.127416
44	0.0779159
44	0.0789609
44	0.115682
44	0.13326
44	0.0861589
44	0.155536
44	0.195849
44	0.0486802
44	0.098827
44	0.0583253
44	0.0743063
44	0.127991
44	0.0210443
44	0.0490017
44	0.0872203
44	0.215277
44	0.0712547
44	0.0553796
44	0.0659823
44	0.114416
44	0.113808
44	0.0771561
44	0.142837
44	0.103143
44	0.0932308
44	0.100425
44	0.108276
44	0.0880496
44	0.0595472
44	0.0234336
44	0.0882285
44	0.0142803
44	0.0638991
44	0.212476
44	0.111452
44	0.0368254
44	0.139716
44	0.0895558
44	0.186249
44	0.110786
44	0.136442
44	0.240874
44	0.0994536
44	0.0465074
44	0.0542144
44	0.148597
44	0.112846
44	0.0569225
44	0.199419
44	0.135819
44	0.105003
44	0.128673
44	0.111497
44	0.10094
44	0.038901
44	0.0466345
44	0.0751305
44	0.14133
44	0.150254
44	0.0616508
44	0.0379472
44	0.0428493
44	0.129265
44	0.0530658
44	0.0670921
44	0.100718
44	0.0439882
44	0.038968
44	0.0447555
44	0.046379
44	0.0862107
44	0.0533988
44	0.111837
44	0.0811138
44	0.187756
44	0.146608
44	0.0816118
44	0.0741477
44	0.123948
44	0.0219353
44	0.128494
44	0.0452004
44	0.106184
44	0.210907
44	0.100435
44	0.111456
44	0.0241906
44	0.154333
44	0.138036
44	0.0757491
44	0.0803391
44	0.072652
47	0.069331
47	0.111635
47	0.0675478
47	0.0354359
47	0.167544
47	0.041532
47	0.0592878
47	0.0939292
47	0.0196193
47	0.0800361
47	0.0227545
47	0.111256
47	0.107586
47	0.047812
47	0.108244
47	0.0776889
47	0.0522196
47	0.113634
47	0.0740245
47	0.0379111
47	0.0591445
47	0.0689434
47	0.0286847
47	0.0638559
47	0.103179
47	0.114695
47	0.0663167
47	0.0382933
47	0.0199529
47	0.130338
47	0.12679
47	0.199854
47	0.0461163
47	0.145162
47	0.0271901
47	0.0951216
47	0.128993
47	0.0958353
47	0.126152
47	0.0105112
47	0.0548752
47	0.136519
47	0.104943
47	0.0680106
47	0.0686509
47	0.125092
47	0.0919793
47	0.0472482
47	0.127954
47	0.0574684
47	0.0965751
47	0.144675
47	0.0837576
47	0.10715
47	0.0915056
47	0.2062
47	0.0855443
47	0.0824816
47	0.157798
47	0.189665
47	0.0233931
47	0.063657
47	0.10126
47	0.0742209
47	0.044892
47	0.102584
47	0.0946576
47	0.0994469
47	0.0821328
47	0.0391645
47	0.117114
47	0.120085
47	0.0989512
47	0.0204012
47	0.0588909
47	0.0905518
47	0.121805
47	0.0499097
47	0.0739822
47	0.0913995
47	0.0719124
47	0.125844
47	0.183804
47	0.139648
47	0.107898
47	0.142114
47	0.111374
47	0.0943503
47	0.148174
47	0.0725999
47	0.0327406
47	0.12483
47	0.110454
47	0.111569
47	0.094938
47	0.0625587
47	0.060293
47	0.114421
47	0.0967633
47	0.0181295
50	0.0402773
50	0.169515
50	0.0327162
50	0.152063
50	0.0985877
50	0.121505
50	0.0462911
50	0.115452
50	0.0254924
50	0.0867203
50	0.114871
50	0.111103
50	0.0700184
50	0.0145874
50	0.0983003
50	0.110328
50	0.0741752
50	0.0418303
50	0.05287
50	0.0257264
50	0.167752
50	0.113102
50	0.0462395
50	0.0951689
50	0.108683
50	0.0911943
50	0.101554
50	0.0253491
50	0.0751801
50	0.103888
50	0.115861
50	0.107103
50	0.0958709
50	0.0670347
50	0.0353041
50	0.0265013
50	0.0585847
50	0.0926855
50	0.0990157
50	0.100986
50	0.15037
50	0.0542288
50	0.129682
50	0.00340501
50	0.0285561
50	0.0541153
50	0.0558755
50	0.116767
50	0.117942
50	0.142183
50	0.091443
50	0.173062
50	0.0606788
50	0.116232
50	0.152485
50	0.0943685
50	0.0748567
50	0.115513
50	0.116624
50	0.13835
50	0.151023
50	0.257396
50	0.0830289
50	0.117578
50	0.0624765
50	0.0972719
50	0.0871533
50	0.078377
50	0.188706
50	0.0497697
50	0.0952873
50	0.107595
50	0.0605173
50	0.0914774
50	0.0387854
50	0.0830556
50	0.122937
50	0.13656
50	0.166132
50	0.116411
50	0.076526
50	0.0257812
50	0.133653
50	0.0326556
50	0.114954
50	0.0846017
50	0.077243
50	0.0932993
50	0.0491459
50	0.144418
50	0.109016
50	0.111524
50	0.168699
50	0.166006
50	0.143561
50	0.0532969
50	0.128877
50	0.0369292
50	0.058788
50	0.0828858
53	0.113562
53	0.0558845
53	0.160721
53	0.0482219
53	0.0350328
53	0.0527275
53	0.137135
53	0.0483584
53	0.11367
53	0.0587109
53	0.0878612
53	0.105356
53	0.151449
53	0.0840676
53	0.051499
53	0.0524165
53	0.0737845
53	0.0762178
53	0.0123492
53	0.051156
53	0.10521
53	0.0487988
53	0.119276
53	0.113663
53	0.151612
53	0.0552048
53	0.0886947
53	0.0444025
53	0.0744499
53	0.0174344
53	0.0330825
53	0.130424
53	0.061714
53	0.0836889
53	0.0604257
53	0.0673981
53	0.0615339
53	0.12048
53	0.0894274
53	0.100055
53	0.109455
53	0.0856533
53	0.0858764
53	0.106824
53	0.0349005
53	0.0161032
53	0.154429
53	0.0921969
53	0.070484
53	0.0784439
53	0.128145
53	0.0948642
53	0.0830634
53	0.12783
53	0.0566997
53	0.098069
53	0.00870232
53	0.00974638
53	0.0263445
53	0.0694467
53	0.0948801
53	0.108568
53	0.131834
53	0.127029
53	0.0413521
53	0.164766
53	0.0637486
53	0.147961
53	0.13097
53	0.114968
53	0.0650458
53	0.0714582
53	0.0402948
53	0.0915263
53	0.0431546
53	0.0713185
53	0.0410841
53	0.121814
53	0.0349085
53	0.0845355
53	0.0532114
53	0.0460072
53	0.0253058
53	0.0868115
53	0.0878277
53	0.0837532
53	0.0709198
53	0.147986
53	0.0703502
53	0.0589467
53	0.0133257
53	0.173451
53	0.13197
53	0.128517
53	0.0612339
53	0.110305
53	0.0489482
53	0.0892302
53	0.120671
53	0.112781
56	0.0420336
56	0.122113
56	0.0831241
56	0.141855
56	0.116165
56	0.0833591
56	0.0873613
56	0.118021
56	0.126919
56	0.0782451
56	0.0773109
56	0.0347661
56	0.108658
56	0.0727501
56	0.120842
56	0.12252
56	0.0767227
56	0.00676113
56	0.0722463
56	0.143329
56	0.161395
56	0.100864
56	0.0605481
56	0.0905996
56	0.0539297
56	0.119615
56	0.172308
56	0.0732276
56	0.092803
56	0.071562
56	0.0496572
56	0.0828622
56	0.13374
56	0.0190348
56	0.113725
56	0.0228232
56	0.129685
56	0.113641
56	0.0554291
56	0.0669275
56	0.0563132
56	0.087398
56	0.166349
56	0.0589608
56	0.038689
56	0.0740893
56	0.0788827
56	0.0638826
56	0.139372
56	0.10278
56	0.109292
56	0.0549408
56	0.101573
56	0.0426794
56	0.0568857
56	0.0814505
56	0.114132
56	0.0748181
56	0.0367012
56	0.0447701
56	0.223379
56	0.0391217
56	0.0711731
56	0.0130738
56	0.135668
56	0.0726079
56	0.181329
56	0.0680683
56	0.0838897
56	0.0125529
56	0.095478
56	0.0678201
56	0.0252091
56	0.0909557
56	0.0600519
56	0.105827
56	0.0617165
56	0.122106
56	0.118859
56	0.0735134
56	0.0575784
56	0.0796678
56	0.0539761
56	0.16299
56	0.106383
56	0.0774152
56	0.0410632
56	0.140043
56	0.0842901
56	0.181951
56	0.257099
56	0.120226
56	0.0783872
56	0.104957
56	0.123807
56	0.104381
56	0.0164213
56	0.0571177
56	0.0479475
56	0.0418983
59	0.111451
59	0.109815
59	0.0469789
59	0.12623
59	0.0919935
59	0.0801464
59	0.0700294
59	0.0519644
59	0.108742
59	0.11357
59	0.0580967
59	0.105118
59	0.133841
59	0.116273
59	0.103073
59	0.0391438
59	0.11024
59	0.0555379
59	0.0968601
59	0.067751
59	0.0572584
59	0.0434972
59	0.102458
59	0.050393
59	0.13471
59	0.0115249
59	0.150307
59	0.0694264
59	0.137675
59	0.123616
59	0.0830989
59	0.137171
59	0.213883
59	0.126257
59	0.168374
59	0.042859
59	0.018915
59	0.0808376
59	0.102538
59	0.122223
59	0.0757108
59	0.0714196
59	0.09024
59	0.0383114
59	0.0647202
59	0.0370323
59	0.0712799
59	0.0756807
59	0.0682447
59	0.0860472
59	0.113065
59	0.021834
59	0.153839
59	0.0560783
59	0.00372264
59	0.0786742
59	0.0181225
59	0.0642416
59	0.042136
59	0.031941
59	0.0892871
59	0.0727396
59	0.0424041
59	0.0113991
59	0.0807734
59	0.0269737
59	0.128378
59	0.0456383
59	0.118092
59	0.0875414
59	0.0426657
59	0.1011
59	0.115571
59	0.105172
59	0.12237
59	0.191568
59	0.0778339
59	0.033128
59	0.0511923
59	0.0369763
59	0.139316
59	0.118657
59	0.0602968
59	0.107425
59	0.0803975
59	0.0861609
59	0.0170402
59	0.032366
59	0.050417
59	0.0500499
59	0.119502
59	0.0841286
59	0.246442
59	0.0365866
59	0.00395083
59	0.0987262
59	0.156766
59	0.0817231
59	0.0550999
59	0.042485
62	0.0793174
62	0.111666
62	0.211163
62	0.078154
62	0.0602253
62	0.17652
62	0.0535772
62	0.0515927
62	0.0963552
62	0.141979
62	0.0198213
62	0.0890723
62	0.0369032
62	0.113379
62	0.0745261
62	0.112287
62	0.0402812
62	0.0738104
62	0.0411381
62	0.123217
62	0.0808699
62	0.0892258
62	0.0829012
62	0.0429298
62	0.0809238
62	0.0538645
62	0.104095
62	0.0405295
62	0.104709
62	0.0197299
62	0.162633
62	0.0927254
62	0.142624
62	0.0633009
62	0.134323
62	0.0188236
62	0.102474
62	0.037918
62	0.0693056
62	0.0475437
62	0.0515474
62	0.0501651
62	0.156141
62	0.103661
62	0.110054
62	0.126395
62	0.0397727
62	0.0983884
62	0.0360313
62	0.106072
62	0.0201798
62	0.0239951
62	0.0234535
62	0.137841
62	0.137387
62	0.0252758
62	0.130482
62	0.114053
62	0.136681
62	0.116269
62	0.0665805
62	0.192961
62	0.0401532
62	0.0251662
62	0.0234014
62	0.0593874
62	0.100365
62	0.067029
62	0.0704851
62	0.0322345
62	0.0826789
62	0.0289314
62	0.0449734
62	0.0527828
62	0.0752627
62	0.118104
62	0.0634425
62	0.0892396
62	0.091052
62	0.0555419
62	0.0310348
62	0.045953
62	0.0597273
62	0.0768642
62	0.117598
62	0.0126061
62	0.0336001
62	0.0218738
62	0.144931
62	0.102697
62	0.0985737
62	0.0440966
62	0.0488637
62	0.0777015
62	0.076701
62	0.175947
62	0.0391799
62	0.117632
62	0.0542194
62	0.146766
65	0.0153941
65	0.0309416
65	0.102842
65	0.0644912
65	0.11834
65	0.0427393
65	0.0375321
65	0.0571953
65	0.0462398
65	0.124649
65	0.0884144
65	0.0947238
65	0.089564
65	0.171684
65	0.0753667
65	0.154564
65	0.0977997
65	0.117973
65	0.175797
65	0.0882091
65	0.0772934
65	0.0981971
65	0.0828682
65	0.031782
65	0.102885
65	0.116278
65	0.103483
65	0.0998354
65	0.119969
65	0.043004
65	0.0240377
65	0.0305587
65	0.0805782
65	0.0974678
65	0.0420334
65	0.154562
65	0.0887906
65	0.0462809
65	0.0688198
65	0.105326
65	0.0181626
65	0.0574917
65	0.0738416
65	0.0948712
65	0.104786
65	0.119224
65	0.0524064
65	0.0583482
65	0.0566738
65	0.117156
65	0.0586891
65	0.0830046
65	0.167212
65	0.0824249
65	0.100071
65	0.103012
65	0.0487225
65	0.0720491
65	0.0770484
65	0.111919
65	0.0588415
65	0.102869
65	0.101581
65	0.0306977
65	0.0987642
65	0.0672718
65	0.0915292
65	0.0617252
65	0.0323178
65	0.0685947
65	0.113096
65	0.150057
65	0.110675
65	0.0429113
65	0.0631593
65	0.147275
65	0.0702113
65	0.0629623
65	0.0422167
65	0.0880539
65	0.0727984
65	0.0116306
65	0.145878
65	0.0464667
65	0.105657
65	0.0390436
65	0.0202251
65	0.0725638
65	0.121726
65	0.0184202
65	0.0641328
65	0.0226601
65	0.111697
65	0.0919061
65	0.148655
65	0.0647702
65	0.0757443
65	0.116638
65	0.0889399
65	0.0788044
68	0.0486468
68	0.0733114
68	0.173832
68	0.0735751
68	0.0634893
68	0.111437
68	0.0199872
68	0.0786585
68	0.0282648
68	0.0912681
68	0.0744212
68	0.0892474
68	0.0460977
68	0.0732968
68	0.110605
68	0.0764486
68	0.0696781
68	0.0530063
68	0.0486421
68	0.0578037
68	0.0578399
68	0.0179253
68	0.0680448
68	0.114844
68	0.0411293
68	0.027251
68	0.153082
68	0.0781823
68	0.0537675
68	0.0665129
68	0.0999493
68	0.131793
68	0.133793
68	0.104143
68	0.0780882
68	0.118829
68	0.0796797
68	0.0635725
68	0.0997245
68	0.0560809
68	0.0258533
68	0.064176
68	0.0426229
68	0.0932024
68	0.0662588
68	0.0525668
68	0.160285
68	0.0531522
68	0.0133039
68	0.0860472
68	0.157077
68	0.0546555
68	0.143197
68	0.126362
68	0.161339
68	0.0328885
68	0.0981263
68	0.05335
68	0.122959
68	0.0934148
68	0.0593393
68	0.079496
68	0.04364
68	0.187601
68	0.177014
68	0.084572
68	0.113917
68	0.0668544
68	0.0478753
68	0.0485537
68	0.10612
68	0.0381021
68	0.172327
68	0.0228026
68	0.0558774
68	0.077898
68	0.0932745
68	0.0363771
68	0.0727066
68	0.118401
68	0.0151955
68	0.112494
68	0.0966849
68	0.0502993
68	0.0769254
68	0.110454
68	0.0672987
68	0.151912
68	0.0651497
68	0.0462827
68	0.101113
68	0.0477082
68	0.0381882
68	0.11389
68	0.0429313
68	0.0534805
68	0.0667418
68	0.0971842
68	0.156579
68	0.0383222
71	0.0724853
71	0.0928355
71	0.0472477
71	0.075305
71	0.122938
71	0.0605084
71	0.119445
71	0.08775
71	0.037203
71	0.100674
71	0.039113
71	0.102382
71	0.0549759
71	0.105172
71	0.0416313
71	0.0278588
71	0.0565452
71	0.0882376
71	0.0782337
71	0.0918862
71	0.132226
71	0.136504
71	0.0657754
71	0.0136203
71	0.0516587
71	0.127304
71	0.0504012
71	0.0155477
71	0.019497
71	0.0948901
71	0.0962769
71	0.0615956
71	0.0566441
71	0.0731117
71	0.0498887
71	0.0362724
71	0.0746789
71	0.00602818
71	0.0522349
71	0.0684341
71	0.048105
71	0.119927
71	0.0916164
71	0.106665
71	0.0626782
71	0.043952
71	0.103987
71	0.0489543
71	0.0183302
71	0.0780975
71	0.100092
71	0.0505906
71	0.121422
71	0.0611135
71	0.0789576
71	0.124893
71	0.112583
71	0.114268
71	0.103568
71	0.0556087
71	0.0884252
71	0.0574333
71	0.0342936
71	0.101586
71	0.150919
71	0.0591386
71	0.0650709
71	0.102518
71	0.0647272
71	0.100967
71	0.033954
71	0.0817302
71	0.109781
71	0.0654133
71	0.0891194
71	0.143222
71	0.0878532
71	0.0302552
71	0.14668
71	0.144587
71	0.0414185
71	0.12325
71	0.0543996
71	0.0657936
71	0.0248729
71	0.010725
71	0.107249
71	0.0794386
71	0.0433108
71	0.125789
71	0.0894272
71	0.0993269
71	0.0098156
71	0.0479968
71	0.0521607
71	0.0736863
71	0.0323289
71	0.0626313
71	0.0958922
71	0.0621774
74	0.01508
74	0.0384478
74	0.0521241
74	0.077925
74	0.0450547
74	0.105046
74	0.0924168
74	0.086851
74	0.0885782
74	0.082088
74	0.0704966
74	0.0718752
74	0.143029
74	0.0661578
74	0.0885275
74	0.0688301
74	0.0782611
74	0.0501198
74	0.0395769
74	0.109382
74	0.0865737
74	0.0631332
74	0.0601503
74	0.0266668
74	0.111193
74	0.0793631
74	0.0950816
74	0.0870226
74	0.063452
74	0.148106
74	0.0469137
74	0.0786911
74	0.0946527
74	0.0923994
74	0.0254005
74	0.0837075
74	0.0587074
74	0.100466
74	0.0817339
74	0.0866655
74	0.0620217
74	0.105904
74	0.0956015
74	0.0443445
74	0.102808
74	0.114252
74	0.0374529
74	0.140051
74	0.0568585
74	0.111857
74	0.155785
74	0.0541369
74	0.0372114
74	0.0303971
74	0.032994
74	0.0352103
74	0.0403121
74	0.100338
74	0.0854592
74	0.0388379
74	0.0441757
74	0.0579182
74	0.0529693
74	0.126394
74	0.0168773
74	0.0517859
74	0.0987314
74	0.0717509
74	0.172444
74	0.107489
74	0.0739603
74	0.0269838
74	0.164581
74	0.0504149
74	0.036657
74	0.092559
74	0.15669
74	0.0403898
74	0.0800012
74	0.0604574
74	0.169702
74	0.1095
74	0.0710606
74	0.0809892
74	0.160425
74	0.109871
74	0.109765
74	0.0327105
74	0.102909
74	0.142537
74	0.149896
74	0.0413594
74	0.0817507
74	0.0509931
74	0.067788
74	0.0297306
74	0.0866749
74	0.0842094
74	0.10846
74	0.145581
77	0.115269
77	0.0363213
77	0.0715701
77	0.104315
77	0.11883
77	0.0629192
77	0.0179388
77	0.10358
77	0.0758523
77	0.0629781
77	0.0768781
77	0.0852784
77	0.0985416
77	0.0286076
77	0.0400163
77	0.0443326
77	0.0758531
77	0.106851
77	0.0696533
77	0.0218254
77	0.0746043
77	0.175122
77	0.027046
77	0.0713306
77	0.0538425
77	0.0882031
77	0.0848072
77	0.0121637
77	0.0787245
77	0.115276
77	0.085104
77	0.0998827
77	0.146937
77	0.07415
77	0.0298668
77	0.151932
77	0.138827
77	0.097815
77	0.0165106
77	0.0609002
77	0.0769745
77	0.113475
77	0.0516723
77	0.077335
77	0.154353
77	0.0455103
77	0.0446375
77	0.0713498
77	0.0259833
77	0.0852217
77	0.0682936
77	0.0487853
77	0.126826
77	0.0306
77	0.0483051
77	0.0874412
77	0.115628
77	0.0716004
77	0.0223407
77	0.137617
77	0.0243638
77	0.0764531
77	0.0435543
77	0.0516972
77	0.0423497
77	0.0830089
77	0.0296733
77	0.0793056
77	0.124761
77	0.104089
77	0.0643781
77	0.0379113
77	0.0417359
77	0.0279842
77	0.0269076
77	0.0300933
77	0.018377
77	0.104883
77	0.0482778
77	0.0475246
77	0.098848
77	0.107688
77	0.051553
77	0.0838398
77	0.128011
77	0.00831594
77	0.0765869
77	0.0957689
77	0.143762
77	0.0887902
77	0.113867
77	0.0832462
77	0.164272
77	0.0694603
77	0.0831776
77	0.0757283
77	0.0787556
77	0.0920062
77	0.113074
77	0.133652
80	0.128709
80	0.0388795
80	0.0340719
80	0.177073
80	0.0685787
80	0.100354
80	0.0657836
80	0.0294603
80	0.108619
80	0.144778
80	0.101809
80	0.0227472
80	0.0805258
80	0.0628993
80	0.0818051
80	0.110171
80	0.15153
80	0.13204
80	0.0134534
80	0.0727979
80	0.0489311
80	0.040498
80	0.10275
80	0.0206236
80	0.168871
80	0.0706478
80	0.0739205
80	0.0666665
80	0.0380412
80	0.0318011
80	0.0152116
80	0.0568274
80	0.0371069
80	0.120301
80	0.0725598
80	0.0499621
80	0.114686
80	0.0727026
80	0.0324942
80	0.0564488
80	0.0688974
80	0.0428306
80	0.0449006
80	0.0263237
80	0.0561336
80	0.0344065
80	0.143846
80	0.0857979
80	0.0559672
80	0.060336
80	0.106552
80	0.0725776
80	0.0494585
80	0.0932033
80	0.0257165
80	0.131344
80	0.123327
80	0.0662627
80	0.0824321
80	0.0462795
80	0.0941599
80	0.0974776
80	0.144519
80	0.0331942
80	0.0706341
80	0.114026
80	0.062156
80	0.083256
80	0.0983458
80	0.129139
80	0.0863724
80	0.0449314
80	0.0261259
80	0.144356
80	0.0675652
80	0.15672
80	0.0419632
80	0
80	0.0562124
80	0.0415546
80	0.124038
80	0.125371
80	0.072931
80	0.0361239
80	0.0278925
80	0.0647147
80	0.054984
80	0.111316
80	0.0432958
80	0.0589195
80	0.109766
80	0.0645824
80	0.0901657
80	0.0315644
80	0.158416
80	0.0826287
80	0.117298
80	0.0665153
80	0.0124887
80	0.0977611
83	0.164434
83	0.0870967
83	0.153995
83	0.0732389
83	0.0171832
83	0.0349289
83	0.097023
83	0.0827335
83	0.103874
83	0.0771571
83	0.110774
83	0.0273384
83	0.0894931
83	0.050091
83	0.12994
83	0.128198
83	0.148731
83	0.103162
83	0.157304
83	0.138005
83	0.12172
83	0.0785496
83	0.0443212
83	0.122272
83	0.101141
83	0.0750584
83	0.0324346
83	0.0763212
83	0.115077
83	0.0323861
83	0.0764175
83	0.0432673
83	0.146844
83	0.157812
83	0.0328827
83	0.0819707
83	0.0744166
83	0.131455
83	0.0395751
83	0.14156
83	0.0715308
83	0.128831
83	0.0602751
83	0.0808428
83	0.0762831
83	0.0469236
83	0.119536
83	0.0258064
83	0.0358738
83	0.0647065
83	0.0644259
83	0.137729
83	0.0624289
83	0.0729221
83	0.0839626
83	0.0909647
83	0.0636325
83	0.108711
83	0.122219
83	0.0735594
83	0.0931882
83	0.0994432
83	0.0617634
83	0.0321534
83	0.112259
83	0.0875708
83	0.0571012
83	0.0670505
83	0.133734
83	0.087306
83	0.11537
83	0.0620157
83	0.0960693
83	0.0864745
83	0.111587
83	0.00946265
83	0.0496043
83	0.0768748
83	0.163369
83	0.050075
83	0.125858
83	0.0206589
83	0.042927
83	0.0911154
83	0.0815502
83	0.0560261
83	0.0478412
83	0.147293
83	0.133867
83	0.017063
83	0.105442
83	0.0310485
83	0.0535858
83	0.0722209
83	0.105239
83	0.0908529
83	0.0666852
83	0.0881102
83	0.0395539
83	0.146722
86	0.116961
86	0.0640183
86	0.0482311
86	0.0580725
86	0.0270738
86	0.0263533
86	0.042992
86	0.0768832
86	0.115868
86	0.0186078
86	0.0571964
86	0.0197245
86	0.0629798
86	0.0932289
86	0.177132
86	0.0653805
86	0.0400523
86	0.100647
86	0.106416
86	0.0625337
86	0.0637838
86	0.059772
86	0.0509619
86	0.0784834
86	0.0320348
86	0.111062
86	0.0939434
86	0.088066
86	0.0623224
86	0.022777
86	0.164117
86	0.126076
86	0.131847
86	0.141009
86	0.160072
86	0.0578048
86	0.0414958
86	0.0794177
86	0.0336913
86	0.088853
86	0.100188
86	0.0864069
86	0.0349319
86	0.0261338
86	0.0383956
86	0.0233574
86	0.0341065
86	0.135054
86	0.0610724
86	0.100989
86	0.0440739
86	0.0702759
86	0.0658494
86	0.145364
86	0.0372887
86	0.0616306
86	0.0324002
86	0.0875802
86	0.109847
86	0.0570044
86	0.158007
86	0.0783326
86	0.18121
86	0.0401301
86	0.0703093
86	0.0625432
86	0.0640719
86	0.152466
86	0.0504317
86	0.135679
86	0.102535
86	0.0606879
86	0.0181803
86	0.169873
86	0.133435
86	0.030859
86	0.0981049
86	0.0574527
86	0.0877842
86	0.073516
86	0.0459498
86	0.0550469
86	0.0364811
86	0.0750906
86	0.160872
86	0.0743311
86	0.0628281
86	0.0828343
86	0.0684041
86	0.0585685
86	0.095344
86	0.0752726
86	0.120653
86	0.0545231
86	0.0314783
86	0.104702
86	0.0540288
86	0.0762112
86	0.0748414
86	0.0896266
89	0.129389
89	0.158181
89	0.0534799
89	0.110904
89	0.0413299
89	0.0828609
89	0.109657
89	0.0753096
89	0.0706254
89	0.0270196
89	0.186538
89	0.0991464
89	0.185676
89	0.12065
89	0.0197198
89	0.0325022
89	0.0480917
89	0.041387
89	0.0598605
89	0.0368356
89	0.0579393
89	0.0579653
89	0.115991
89	0.0245156
89	0.0467987
89	0.0368849
89	0.0893858
89	0.0645529
89	0.0675925
89	0.0788697
89	0.0427109
89	0.0525347
89	0.0522443
89	0.0398874
89	0.0678191
89	0.0415245
89	0.0446264
89	0.0677441
89	0.00443118
89	0.068235
89	0.143073
89	0.144322
89	0.0295189
89	0.0416812
89	0.0319331
89	0.014946
89	0.0739689
89	0.119813
89	0.0376899
89	0.167734
89	0.0491073
89	0.108935
89	0.0821051
89	0.099355
89	0.110381
89	0.0430603
89	0.049398
89	0.0478871
89	0.0937465
89	0.0519049
89	0.0199026
89	0.114174
89	0.025414
89	0.0658235
89	0.154077
89	0.060428
89	0.0256704
89	0.0170335
89	0.056294
89	0.0386287
89	0.0715663
89	0.0479386
89	0.131444
89	0.0507761
89	0.0631529
89	0.0256971
89	0.103533
89	0.027756
89	0.0529619
89	0.0940935
89	0.0935499
89	0.0912462
89	0.0964954
89	0.0926953
89	0.0697019
89	0.155576
89	0.025599
89	0.0359611
89	0.0506394
89	0.0465171
89	0.0347924
89	0.147221
89	0.0639902
89	0.0716949
89	0.0864233
89	0.145639
89	0.027739
89	0.0793479
89	0.059525
89	0.0929927
92	0.0364377
92	0.104708
92	0.0410784
92	0.161044
92	0.146509
92	0.0270288
92	0.045383
92	0.131925
92	0.122346
92	0.0253035
92	0.0452115
92	0.0418333
92	0.089084
92	0.0464848
92	0.0122036
92	0.0253431
92	0.0596098
92	0.0408048
92	0.0372797
92	0.0733028
92	0.0695692
92	0.0683681
92	0.0911232
92	0.0586876
92	0.100565
92	0.0409149
92	0.0310225
92	0.057479
92	0.0553656
92	0.0612412
92	0.0657225
92	0.112557
92	0.164959
92	0.0640368
92	0.115073
92	0.0338396
92	0.0824014
92	0.0905755
92	0.14657
92	0.0571928
92	0.149591
92	0.0654695
92	0.0983639
92	0.0303403
92	0.0832862
92	0.0925751
92	0.0378674
92	0.135514
92	0.100237
92	0.0969393
92	0.0850754
92	0.0633504
92	0.134384
92	0.12151
92	0.0525776
92	0.0499861
92	0.0744823
92	0.0315627
92	0.0638905
92	0.063527
92	0
92	0.104167
92	0.0479468
92	0.0379552
92	0.0996807
92	0.0855414
92	0.0654539
92	0.0730915
92	0.0761775
92	0.0575646
92	0.0310693
92	0.174755
92	0.0452881
92	0.0730604
92	0.0818324
92	0.105596
92	0.109841
92	0.0466322
92	0.0281108
92	0.10031
92	0.0500541
92	0.127876
92	0.100334
92	0.0490662
92	0.0536148
92	0.0395361
92	0.0769148
92	0.0406501
92	0.127611
92	0.0971081
92	0.11162
92	0.0382006
92	0.0889206
92	0.117875
92	0.0798117
92	0.0958366
92	0.0768042
92	0.0170817
92	0.0622929
92	0.0708007
95	0.114105
95	0.0952774
95	0.11381
95	0.0695865
95	0.0648609
95	0.0985349
95	0.132548
95	0.0512955
95	0.0720895
95	0.157676
95	0.114043
95	0.0278126
95	0.0804469
95	0.0935841
95	0.0535777
95	0.0657249
95	0.0707638
95	0.0679257
95	0.0654547
95	0.0743044
95	0.0458736
95	0.00347438
95	0.0578463
95	0.0462075
95	0.0237835
95	0.0582077
95	0.063001
95	0.0661164
95	0.0706072
95	0.149012
95	0.0678092
95	0.0253848
95	0.062737
95	0.0209728
95	0.0965178
95	0.0198487
95	0.0843748
95	0.0584497
95	0.0274942
95	0.100283
95	0.0443544
95	0.0410427
95	0.0712064
95	0.0285395
95	0.132326
95	0.0655562
95	0.067978
95	0.0314701
95	0.0441141
95	0.0568623
95	0.143729
95	0.13787
95	0.0880611
95	0.0434775
95	0.0829025
95	0.0942497
95	0.0612633
95	0.0897536
95	0.0823233
95	0.0754314
95	0.108818
95	0.0553527
95	0.0245559
95	0.0618567
95	0.0792613
95	0.0537475
95	0.075958
95	0.0513234
95	0.0475
95	0.137136
95	0.129457
95	0.0595018
95	0.132367
95	0.121563
95	0.0552311
95	0.119292
95	0.100741
95	0.0477823
95	0.0683444
95	0.122169
95	0.0646357
95	0.0531877
95	0.0421384
95	0.0204509
95	0.120435
95	0.0392566
95	0.0944429
95	0.104885
95	0.13719
95	0.110412
95	0.115655
95	0.112245
95	0.0236882
95	0.091639
95	0.0305506
95	0.127335
95	0.07032
95	0.109242
95	0.0841797
95	0.0499398
98	0.0414505
98	0.0393052
98	0.060155
98	0.161902
98	0.0560044
98	0.0573452
98	0.0225883
98	0.0752358
98	0.0649618
98	0.0550957
98	0.178925
98	0.0757623
98	0.0404747
98	0.0989854
98	0.05839
98	0.0612699
98	0.0640836
98	0.0404492
98	0.0681303
98	0.0495838
98	0.015115
98	0.0479209
98	0.129024
98	0.0466091
98	0.0839182
98	0.101447
98	0.0849444
98	0.0499048
98	0.111557
98	0.0348297
98	0.0988983
98	0.059258
98	0.0435388
98	0.0609085
98	0.114742
98	0.0437313
98	0.0623908
98	0.0761519
98	0.0364069
98	0.017459
98	0.0369449
98	0.0594658
98	0.0755972
98	0.0469253
98	0.112126
98	0.0707575
98	0.0659425
98	0.0372807
98	0.0980467
98	0.077141
98	0.062297
98	0.118357
98	0.0551906
98	0.134559
98	0.0422953
98	0.13324
98	0.0278328
98	0.0184269
98	0.0459842
98	0.0952602
98	0.0324449
98	0.0739715
98	0.067875
98	0.0868605
98	0.140617
98	0.118616
98	0.0682634
98	0.13802
98	0.086059
98	0.0608599
98	0.0334518
98	0.11738
98	0.0599259
98	0.125411
98	0.0666061
98	0.0196136
98	0.0164771
98	0.063884
98	0.0276758
98	0.0499158
98	0.0164549
98	0.083785
98	0.0116565
98	0.0683435
98	0.0459596
98	0.0124166
98	0.0971961
98	0.00874505
98	0.077127
98	0.0677995
98	0.0807918
98	0.0628191
98	0.155134
98	0.0574307
98	0.0630144
98	0.0582405
98	0.0799703
98	0.0341233
98	0.171344
98	0.0993953
101	0.0229574
101	0.120593
101	0.130665
101	0.0716342
101	0.0557699
101	0.0954468
101	0.0526095
101	0.0795518
101	0.114521
101	0.064987
101	0.103794
101	0.132849
101	0.131364
101	0.0734458
101	0.0197231
101	0.0635162
101	0.0742619
101	0.0548315
101	0.0922024
101	0.0871033
101	0.107998
101	0.0897088
101	0.0824573
101	0.0707026
101	0.118662
101	0.0336794
101	0.120106
101	0.175824
101	0.0589374
101	0.0608508
101	0.0981098
101	0.0612756
101	0.0387289
101	0.059525
101	0.0790209
101	0.0249527
101	0.140772
101	0.0499777
101	0.0392895
101	0.119035
101	0.01075
101	0.0387665
101	0.177802
101	0.0887021
101	0.0723315
101	0.125294
101	0.0877628
101	0.0591707
101	0.0857632
101	0.10262
101	0.0108068
101	0.0222411
101	0.0230286
101	0.0647378
101	0.0319525
101	0.0420607
101	0.0538756
101	0.0251196
101	0.0838314
101	0.126383
101	0.0355869
101	0.115162
101	0.050571
101	0.0599774
101	0.0358647
101	0.0248305
101	0.0589412
101	0.044816
101	0.0735609
101	0.0392795
101	0.0964854
101	0.0626736
101	0.125644
101	0.0621351
101	0.160081
101	0.0561264
101	0.043394
101	0.0259816
101	0.0826698
101	0.0452865
101	0.142843
101	0.0957922
101	0.0816161
101	0.0509557
101	0.0528219
101	0.0997073
101	0.115393
101	0.14586
101	0.107794
101	0.0504267
101	0.0505256
101	0.102339
101	0.0385166
101	0.127272
101	0.178246
101	0.0125022
101	0.057851
101	0.0702516
101	0.127214
101	0.0822802
104	0.0175379
104	0.0724277
104	0.0925381
104	0.112351
104	0.0699801
104	0.0942022
104	0.0176942
104	0.0251829
104	0.0729818
104	0.0496425
104	0.0611876
104	0.0403643
104	0.116721
104	0.024206
104	0.0206439
104	0.0219595
104	0.093582
104	0.0678324
104	0.0671586
104	0.0881069
104	0.0600222
104	0.0842645
104	0.0785909
104	0.0817996
104	0.0297374
104	0.0399497
104	0.0598755
104	0.126568
104	0.0353328
104	0.147466
104	0.0246277
104	0.0600932
104	0.0381413
104	0.0162389
104	0.018617
104	0.0647981
104	0.121306
104	0.106754
104	0.0227944
104	0.122842
104	0.0792616
104	0.069984
104	0.0494027
104	0.0628412
104	0.0324789
104	0.0589803
104	0.115851
104	0.0155908
104	0.0718545
104	0.134391
104	0.0888712
104	0.0978488
104	0.102247
104	0.0542615
104	0.0792152
104	0.0607403
104	0.077998
104	0.0853705
104	0.0459379
104	0.103239
104	0.135619
104	0.0965525
104	0.0503101
104	0.0387014
104	0.0418837
104	0.0628932
104	0.0235669
104	0.0994952
104	0.0329279
104	0.0879119
104	0.115702
104	0.128673
104	0.0345098
104	0.0580523
104	0.0996717
104	0.0546962
104	0.0380608
104	0.0453714
104	0.105312
104	0.16937
104	0.16189
104	0.0976436
104	0.059348
104	0.0885277
104	0.155321
104	0.0610024
104	0.0584733
104	0.114722
104	0.0977425
104	0.094535
104	0.0854088
104	0.071548
104	0.0421997
104	0.0141063
104	0.152813
104	0.0282175
104	0.069701
104	0.038966
104	0.105604
104	0.110449
107	0.0533211
107	0.0232084
107	0.0571067
107	0.054439
107	0.04752
107	0.020253
107	0.0816037
107	0.0931488
107	0.116299
107	0.0591548
107	0.132027
107	0.037611
107	0.125563
107	0.0756971
107	0.0451652
107	0.0142426
107	0.00723847
107	0.0855201
107	0.0579431
107	0.0301226
107	0.0560529
107	0.0592801
107	0.0284234
107	0.111739
107	0.0590459
107	0.0594768
107	0.102589
107	0.0349617
107	0.0957752
107	0.063963
107	0.119556
107	0.0555846
107	0.0984374
107	0.105732
107	0.0550753
107	0.0788275
107	0.0338336
107	0.120462
107	0.0778997
107	0.0240786
107	0.122906
107	0.172948
107	0.0815656
107	0.0171988
107	0.0144211
107	0.141575
107	0.0560551
107	0.054618
107	0.0590438
107	0.0561377
107	0.0296641
107	0.0493683
107	0.0717325
107	0.123465
107	0.0784247
107	0.0383461
107	0.0678612
107	0.0998581
107	0.0553452
107	0.146956
107	0.0601558
107	0.132244
107	0.0708388
107	0.00567577
107	0.0568192
107	0.111233
107	0.0470631
107	0.066281
107	0.05744
107	0.110783
107	0.0507872
107	0.0953273
107	0.13553
107	0.0420957
107	0.0210903
107	0.0504674
107	0.0781818
107	0.0919787
107	0.0850847
107	0.0838053
107	0.0939986
107	0.0368238
107	0.0323872
107	0.0565388
107	0.0565857
107	0.146876
107	0.034695
107	0.0449886
107	0.0737393
107	0.0759463
107	0.0280375
107	0.0559905
107	0.147719
107	0.117038
107	0.152005
107	0.0709753
107	0.0888926
107	0.0171922
107	0.0268464
107	0.0630803
110	0.0487187
110	0.0345874
110	0.033661
110	0.134349
110	0.122417
110	0.0660024
110	0.0613693
110	0.0780641
110	0.0380523
110	0.0246721
110	0.0719219
110	0.0635652
110	0.112054
110	0.0389573
110	0.0394504
110	0.127439
110	0.121752
110	0.0552572
110	0.0415591
110	0.0568676
110	0.0384983
110	0.117831
110	0.0535666
110	0.0912545
110	0.142634
110	0.153885
110	0.0221006
110	0.0543409
110	0.0929676
110	0.0577143
110	0.0766963
110	0.0338609
110	0.0771549
110	0.0516375
110	0.0550337
110	0.0899281
110	0.034961
110	0.0238266
110	0.0313362
110	0.0542012
110	0.10189
110	0.0640051
110	0.0499553
110	0.0295545
110	0.0344603
110	0.118202
110	0.049255
110	0.11892
110	0.107506
110	0.0429655
110	0.160257
110	0.0713711
110	0.0348393
110	0.0929585
110	0.0665366
110	0.0498766
110	0.073888
110	0.0755484
110	0.0389269
110	0.0499633
110	0.0195361
110	0.0965246
110	0.0376597
110	0.0660217
110	0.113237
110	0.0355518
110	0.0248455
110	0.030919
110	0.0492591
110	0.0994834
110	0.0504209
110	0.024671
110	0.0726913
110	0.0609605
110	0.0351758
110	0.0532534
110	0.0690818
110	0.0180418
110	0.0588527
110	0.0163921
110	0.023406
110	0.123383
110	0.101287
110	0.0408522
110	0.0834562
110	0.068861
110	0.00943726
110	0.0556935
110	0.0499372
110	0.137569
110	0.0485063
110	0.182702
110	0.0192899
110	0.0144313
110	0.0642298
110	0.0362145
110	0.0508659
110	0.0251811
110	0.0653197
110	0.15188
113	0.141191
113	0.0812535
113	0.0756893
113	0.116304
113	0.0245729
113	0.0275481
113	0.0422642
113	0.0759104
113	0.121069
113	0.0110129
113	0.0254792
113	0.132512
113	0.0214022
113	0.123098
113	0.0391935
113	0.0935477
113	0.0214542
113	0.0064238
113	0.0590209
113	0.0341303
113	0.0496174
113	0.029734
113	0.0724733
113	0.00682932
113	0.0704457
113	0.0458324
113	0.0947262
113	0.0179986
113	0.0171386
113	0.0339897
113	0.0388553
113	0.0198649
113	0.120906
113	0.0596339
113	0.050463
113	0.0577945
113	0.142139
113	0.0492027
113	0.0523308
113	0.0278246
113	0.0964497
113	0.078986
113	0.0531237
113	0.0655106
113	0.124241
113	0.0462189
113	0.105111
113	0.0456497
113	0.0823036
113	0.107861
113	0.0224141
113	0.0571111
113	0.0132584
113	0.0396717
113	0.152188
113	0.0671241
113	0.0732241
113	0.128483
113	0.0903587
113	0.0188305
113	0.0576137
113	0.0509923
113	0.0638934
113	0.077366
113	0.0943433
113	0.0952019
113	0.0825265
113	0.0477794
113	0.116777
113	0.0342548
113	0.114055
113	0.0469072
113	0.0191137
113	0.044424
113	0.0301621
113	0.0846792
113	0.0870934
113	0.0857893
113	0.0541562
113	0.087586
113	0.141504
113	0.0325587
113	0.0810805
113	0.0484434
113	0.0909495
113	0.127491
113	0.0376249
113	0.0332199
113	0.0587461
113	0.0662401
113	0.0200121
113	0.01295
113	0.0524914
113	0.0356026
113	0.0319881
113	0.16508
113	0.132444
113	0.109286
113	0.135749
113	0.0490579
116	0.104232
116	0.00624412
116	0.0538134
116	0.253932
116	0.0948506
116	0.139347
116	0.0755568
116	0.0979239
116	0.0406881
116	0.068836
116	0.0620128
116	0.0365168
116	0.0347606
116	0.0770681
116	0.0351257
116	0.0912176
116	0.0331659
116	0.119434
116	0.0304678
116	0.14294
116	0.0560522
116	0.0537304
116	0.0466431
116	0.0569446
116	0.0371559
116	0.0397116
116	0.0686961
116	0.061122
116	0.0363469
116	0.148332
116	0.0683709
116	0.105725
116	0.129991
116	0.0704297
116	0.0537655
116	0.123364
116	0.181836
116	0.0620069
116	0.0642018
116	0.0654092
116	0.0262873
116	0.0525173
116	0.0341508
116	0.0420543
116	0.0710045
116	0.0864861
116	0.0651545
116	0.0258947
116	0.066946
116	0.0840433
116	0.0406297
116	0.0607602
116	0.047786
116	0.116386
116	0.0557345
116	0.0907128
116	0.0311553
116	0.0938406
116	0.0397438
116	0.0322801
116	0.0527113
116	0.0405844
116	0.0619397
116	0.0863045
116	0.139681
116	0.0594711
116	0.0376324
116	0.112396
116	0.0624238
116	0.060694
116	0.0159763
116	0.0349303
116	0.040507
116	0.0744083
116	0.0743824
116	0.121168
116	0.0733158
116	0.0466915
116	0.0519938
116	0.0367665
116	0.056459
116	0.0423242
116	0.08804
116	0.012076
116	0.0630514
116	0.0290762
116	0.0412401
116	0.100391
116	0.188703
116	0.0739368
116	0.0741278
116	0.0436442
116	0.0562304
116	0.0553151
116	0.0160571
116	0.0262225
116	0.0389443
116	0.136522
116	0.037371
116	0.0458122
119	0.0932178
119	0.0959968
119	0.0361147
119	0.0222217
119	0.112342
119	0.0412229
119	0.0220835
119	0.102022
119	0.0903229
119	0.121775
119	0.124838
119	0.0180221
119	0.0687627
119	0.101439
119	0.0859112
119	0.0302024
119	0.0486373
119	0.035802
119	0.0566738
119	0.0708688
119	0.0200044
119	0.0385378
119	0.00676311
119	0.0704134
119	0.14824
119	0.0120774
119	0.0969322
119	0.0633871
119	0.0258809
119	0.0448289
119	0.0453683
119	0.0439473
119	0.0706433
119	0.0331187
119	0.0649004
119	0.046275
119	0.150709
119	0.06654
119	0.0908426
119	0.0186249
119	0.0157805
119	0.0889853
119	0.0542341
119	0.0277741
119	0.059532
119	0.106504
119	0.0490609
119	0.19108
119	0.106478
119	0.13703
119	0.0774654
119	0.0230338
119	0.0535732
119	0.0273462
119	0.0318028
119	0.0326411
119	0.11819
119	0.161432
119	0.0367871
119	0.224558
119	0.0546654
119	0.038412
119	0.0795038
119	0.0600508
119	0.0810675
119	0.0870169
119	0.0804098
119	0.0365479
119	0.0457411
119	0.085597
119	0.0605646
119	0.0229921
119	0.114486
119	0.0508432
119	0.0590509
119	0.103483
119	0.0791452
119	0.0652304
119	0.123564
119	0.0590723
119	0.11872
119	0.0467975
119	0.115748
119	0.0594266
119	0.0212829
119	0.0559989
119	0.0518632
119	0.049137
119	0.0598876
119	0.0487466
119	0.0379972
119	0.0350785
119	0.163327
119	0.12061
119	0.0523376
119	0.0960708
119	0.0792629
119	0.0363558
119	0.0584966
119	0.0653693
