var	threshold	abdncError	methylCallError	TP	FN	FP
0.002	0.1	1	0	0	4	25.8
0.002	0.2	0.94657	0.069	0.5	3.5	25.3
0.002	0.3	0.725512	0.231833	2.4	1.6	23.5
0.002	0.4	0.469015	0.269583	3.7	0.3	22.4
0.002	0.5	0.427974	0.278417	3.9	0.1	22.2
0.002	0.6	0.413777	0.285	4	0	22.1
0.002	0.7	0.413777	0.285	4	0	22.1
0.002	0.8	0.413777	0.285	4	0	22.1
0.002	0.9	0.413777	0.285	4	0	22.1
0.002	1	0.413777	0.285	4	0	22.1
0.004	0.1	1	0	0	4	25.6
0.004	0.2	0.95359	0.067	0.4	3.6	25.2
0.004	0.3	0.699345	0.242	2.4	1.6	23.4
0.004	0.4	0.445262	0.274333	3.8	0.2	22
0.004	0.5	0.422883	0.28025	4	0	21.9
0.004	0.6	0.422883	0.28025	4	0	21.9
0.004	0.7	0.422883	0.28025	4	0	21.9
0.004	0.8	0.422883	0.28025	4	0	21.9
0.004	0.9	0.422883	0.28025	4	0	21.9
0.004	1	0.422883	0.28025	4	0	21.9
0.008	0.1	1	0	0	4	26
0.008	0.2	0.890684	0.1135	0.9	3.1	25.1
0.008	0.3	0.707715	0.210333	2.3	1.7	23.8
0.008	0.4	0.5416	0.253917	3.4	0.6	22.7
0.008	0.5	0.426035	0.27925	4	0	22.1
0.008	0.6	0.426035	0.27925	4	0	22.1
0.008	0.7	0.426035	0.27925	4	0	22.1
0.008	0.8	0.426035	0.27925	4	0	22.1
0.008	0.9	0.426035	0.27925	4	0	22.1
0.008	1	0.426035	0.27925	4	0	22.1
0.016	0.1	1	0	0	4	25.5
0.016	0.2	0.909567	0.077	0.7	3.3	24.8
0.016	0.3	0.700628	0.218167	2.4	1.6	23.2
0.016	0.4	0.484623	0.25975	3.7	0.3	22
0.016	0.5	0.440004	0.267667	3.9	0.1	21.8
0.016	0.6	0.415431	0.276	4	0	21.7
0.016	0.7	0.415431	0.276	4	0	21.7
0.016	0.8	0.415431	0.276	4	0	21.7
0.016	0.9	0.415431	0.276	4	0	21.7
0.016	1	0.415431	0.276	4	0	21.7
0.032	0.1	1	0	0	4	25.5
0.032	0.2	0.895166	0.101	0.8	3.2	24.7
0.032	0.3	0.588689	0.225833	2.9	1.1	22.6
0.032	0.4	0.45288	0.255	3.7	0.3	21.8
0.032	0.5	0.3892	0.264	4	0	21.5
0.032	0.6	0.3892	0.264	4	0	21.5
0.032	0.7	0.3892	0.264	4	0	21.5
0.032	0.8	0.3892	0.264	4	0	21.5
0.032	0.9	0.3892	0.264	4	0	21.5
0.032	1	0.3892	0.264	4	0	21.5
0.064	0.1	1	0	0	4	26.1
0.064	0.2	0.939063	0.089	0.5	3.5	25.6
0.064	0.3	0.702379	0.227	2.3	1.7	24
0.064	0.4	0.519527	0.260417	3.4	0.6	23
0.064	0.5	0.389872	0.28625	4	0	22.4
0.064	0.6	0.389872	0.28625	4	0	22.4
0.064	0.7	0.389872	0.28625	4	0	22.4
0.064	0.8	0.389872	0.28625	4	0	22.4
0.064	0.9	0.389872	0.28625	4	0	22.4
0.064	1	0.389872	0.28625	4	0	22.4
0.128	0.1	1	0	0	4	25.2
0.128	0.2	0.909059	0.0805	0.7	3.3	24.5
0.128	0.3	0.636906	0.223333	2.7	1.3	22.5
0.128	0.4	0.427568	0.257917	3.8	0.2	21.4
0.128	0.5	0.375127	0.26675	4	0	21.2
0.128	0.6	0.375127	0.26675	4	0	21.2
0.128	0.7	0.375127	0.26675	4	0	21.2
0.128	0.8	0.375127	0.26675	4	0	21.2
0.128	0.9	0.375127	0.26675	4	0	21.2
0.128	1	0.375127	0.26675	4	0	21.2
0.256	0.1	1	0	0	4	25.9
0.256	0.2	0.913752	0.113	0.7	3.3	25.2
0.256	0.3	0.638905	0.201833	2.6	1.4	23.3
0.256	0.4	0.436636	0.2585	3.8	0.2	22.1
0.256	0.5	0.421233	0.262833	3.9	0.1	22
0.256	0.6	0.407682	0.27025	4	0	21.9
0.256	0.7	0.407682	0.27025	4	0	21.9
0.256	0.8	0.407682	0.27025	4	0	21.9
0.256	0.9	0.407682	0.27025	4	0	21.9
0.256	1	0.407682	0.27025	4	0	21.9
0.512	0.1	0.986608	0.008	0.1	3.9	25.3
0.512	0.2	0.924822	0.0805	0.7	3.3	24.8
0.512	0.3	0.679272	0.225833	2.5	1.5	23
0.512	0.4	0.452103	0.25975	3.8	0.2	21.8
0.512	0.5	0.440737	0.263833	3.9	0.1	21.7
0.512	0.6	0.440737	0.263833	3.9	0.1	21.7
0.512	0.7	0.440737	0.263833	3.9	0.1	21.7
0.512	0.8	0.425575	0.27575	4	0	21.6
0.512	0.9	0.425575	0.27575	4	0	21.6
0.512	1	0.425575	0.27575	4	0	21.6
1.024	0.1	1	0	0	4	26.1
1.024	0.2	0.923894	0.091	0.6	3.4	25.5
1.024	0.3	0.68327	0.229167	2.4	1.6	23.7
1.024	0.4	0.436645	0.26675	3.6	0.4	22.5
1.024	0.5	0.364898	0.28475	4	0	22.1
1.024	0.6	0.364898	0.28475	4	0	22.1
1.024	0.7	0.364898	0.28475	4	0	22.1
1.024	0.8	0.364898	0.28475	4	0	22.1
1.024	0.9	0.364898	0.28475	4	0	22.1
1.024	1	0.364898	0.28475	4	0	22.1
2.048	0.1	1	0	0	4	25.6
2.048	0.2	0.955968	0.072	0.4	3.6	25.2
2.048	0.3	0.768632	0.229167	1.9	2.1	23.7
2.048	0.4	0.483106	0.283667	3.7	0.3	21.9
2.048	0.5	0.428954	0.29575	4	0	21.6
2.048	0.6	0.428954	0.29575	4	0	21.6
2.048	0.7	0.428954	0.29575	4	0	21.6
2.048	0.8	0.428954	0.29575	4	0	21.6
2.048	0.9	0.428954	0.29575	4	0	21.6
2.048	1	0.428954	0.29575	4	0	21.6
4.096	0.1	1	0	0	4	27.3
4.096	0.2	0.951928	0.072	0.4	3.6	26.9
4.096	0.3	0.77696	0.194667	1.9	2.1	25.4
4.096	0.4	0.454826	0.278083	3.9	0.1	23.5
4.096	0.5	0.440398	0.2825	4	0	23.4
4.096	0.6	0.440398	0.2825	4	0	23.4
4.096	0.7	0.440398	0.2825	4	0	23.4
4.096	0.8	0.440398	0.2825	4	0	23.4
4.096	0.9	0.440398	0.2825	4	0	23.4
4.096	1	0.440398	0.2825	4	0	23.4
8.192	0.1	1	0	0	4	25
8.192	0.2	0.940287	0.063	0.5	3.5	24.5
8.192	0.3	0.658412	0.231	2.5	1.5	22.5
8.192	0.4	0.506265	0.260833	3.5	0.5	21.5
8.192	0.5	0.454866	0.277583	3.8	0.2	21.2
8.192	0.6	0.442641	0.283833	3.9	0.1	21.1
8.192	0.7	0.442641	0.283833	3.9	0.1	21.1
8.192	0.8	0.442641	0.283833	3.9	0.1	21.1
8.192	0.9	0.422376	0.2985	4	0	21
8.192	1	0.422376	0.2985	4	0	21
16.384	0.1	1	0	0	4	25
16.384	0.2	1	0	0	4	25
16.384	0.3	0.685113	0.248833	2.4	1.6	22.7
16.384	0.4	0.424052	0.284083	3.8	0.2	21.4
16.384	0.5	0.406215	0.28725	3.9	0.1	21.3
16.384	0.6	0.406215	0.28725	3.9	0.1	21.3
16.384	0.7	0.406215	0.28725	3.9	0.1	21.3
16.384	0.8	0.406215	0.28725	3.9	0.1	21.3
16.384	0.9	0.390149	0.302	4	0	21.2
16.384	1	0.390149	0.302	4	0	21.2
32.768	0.1	1	0	0	4	25.6
32.768	0.2	0.964465	0.052	0.3	3.7	25.3
32.768	0.3	0.730527	0.232167	2.1	1.9	23.6
32.768	0.4	0.463669	0.273833	3.8	0.2	22
32.768	0.5	0.422308	0.28225	4	0	21.9
32.768	0.6	0.422308	0.28225	4	0	21.9
32.768	0.7	0.422308	0.28225	4	0	21.9
32.768	0.8	0.422308	0.28225	4	0	21.9
32.768	0.9	0.422308	0.28225	4	0	21.9
32.768	1	0.422308	0.28225	4	0	21.9
65.536	0.1	1	0	0	4	26.5
65.536	0.2	0.942051	0.086	0.5	3.5	26
65.536	0.3	0.773232	0.193	1.9	2.1	24.6
65.536	0.4	0.549008	0.266667	3.4	0.6	23.2
65.536	0.5	0.454309	0.29025	4	0	22.6
65.536	0.6	0.454309	0.29025	4	0	22.6
65.536	0.7	0.454309	0.29025	4	0	22.6
65.536	0.8	0.454309	0.29025	4	0	22.6
65.536	0.9	0.454309	0.29025	4	0	22.6
65.536	1	0.454309	0.29025	4	0	22.6
131.072	0.1	1	0	0	4	26.5
131.072	0.2	0.918004	0.1025	0.7	3.3	25.8
131.072	0.3	0.712612	0.228833	2.4	1.6	24.2
131.072	0.4	0.53571	0.257333	3.3	0.7	23.4
131.072	0.5	0.401993	0.28425	4	0	22.8
131.072	0.6	0.401993	0.28425	4	0	22.8
131.072	0.7	0.401993	0.28425	4	0	22.8
131.072	0.8	0.401993	0.28425	4	0	22.8
131.072	0.9	0.401993	0.28425	4	0	22.8
131.072	1	0.401993	0.28425	4	0	22.8
262.144	0.1	1	0	0	4	26.1
262.144	0.2	0.940434	0.07	0.5	3.5	25.6
262.144	0.3	0.75275	0.221333	2	2	24.2
262.144	0.4	0.525754	0.263333	3.5	0.5	22.8
262.144	0.5	0.456599	0.283333	3.9	0.1	22.4
262.144	0.6	0.436874	0.289	4	0	22.3
262.144	0.7	0.436874	0.289	4	0	22.3
262.144	0.8	0.436874	0.289	4	0	22.3
262.144	0.9	0.436874	0.289	4	0	22.3
262.144	1	0.436874	0.289	4	0	22.3
524.288	0.1	1	0	0	4	26.3
524.288	0.2	0.91663	0.101	0.7	3.3	25.6
524.288	0.3	0.752963	0.22	2.4	1.6	24
524.288	0.4	0.543859	0.264833	3.7	0.3	23
524.288	0.5	0.500141	0.2765	4	0	22.8
524.288	0.6	0.500141	0.2765	4	0	22.8
524.288	0.7	0.500141	0.2765	4	0	22.8
524.288	0.8	0.500141	0.2765	4	0	22.8
524.288	0.9	0.500141	0.2765	4	0	22.8
524.288	1	0.500141	0.2765	4	0	22.8
