var	minCostFlow
5	0.0582851
5	0.262467
5	0.169525
5	0.185187
5	0.117426
5	0.156987
5	0.144788
5	0.159562
5	0.144163
5	0.117158
5	0.124755
5	0.137209
5	0.0684194
5	0.120598
5	0.0576244
5	0.197445
5	0.0470878
5	0.0930202
5	0.0383218
5	0.192422
5	0.046821
5	0.0864983
5	0.0847953
5	0.174063
5	0.202375
5	0.1191
5	0.121069
5	0.211412
5	0.14027
5	0.163948
5	0.0995434
5	0.125111
5	0.163088
5	0.144966
5	0.0725409
5	0.118079
5	0.0948892
5	0.232425
5	0.0783866
5	0.15848
5	0.0929604
5	0.11019
5	0.0716566
5	0.0976149
5	0.156049
5	0.129046
5	0.138789
5	0.128171
5	0.158277
5	0.0665923
5	0.166525
5	0.0372715
5	0.178217
5	0.123541
5	0.162885
5	0.0999896
5	0.130906
5	0.257665
5	0.17764
5	0.0895482
5	0.0785129
5	0.107129
5	0.157253
5	0.113507
5	0.117092
5	0.148546
5	0.119491
5	0.221498
5	0.216258
5	0.144802
5	0.145957
5	0.167321
5	0.131415
5	0.215418
5	0.116841
5	0.0367802
5	0.162522
5	0.0877222
5	0.111325
5	0.132566
5	0.0686719
5	0.191447
5	0.119359
5	0.134215
5	0.141862
5	0.0956272
5	0.138506
5	0.262159
5	0.234035
5	0.207783
5	0.0712352
5	0.128226
5	0.146826
5	0.137754
5	0.0267239
5	0.102912
5	0.144392
5	0.131646
5	0.223939
5	0.138159
8	0.119071
8	0.175105
8	0.184582
8	0.171968
8	0.113987
8	0.0613004
8	0.158488
8	0.117912
8	0.0423689
8	0.171252
8	0.10923
8	0.115263
8	0.111677
8	0.166506
8	0.115005
8	0.0204438
8	0.155854
8	0.114738
8	0.0813249
8	0.154386
8	0.0843952
8	0.143366
8	0.138674
8	0.165443
8	0.0911897
8	0.139763
8	0.1281
8	0.0578834
8	0.110044
8	0.0944722
8	0.15501
8	0.147091
8	0.108803
8	0.0883423
8	0.0869339
8	0.0983847
8	0.0997147
8	0.109147
8	0.0372896
8	0.137023
8	0.130722
8	0.143287
8	0.15852
8	0.0588853
8	0.0780655
8	0.105999
8	0.088695
8	0.161166
8	0.0916923
8	0.113198
8	0.151402
8	0.141652
8	0.176431
8	0.159684
8	0.112817
8	0.180305
8	0.071079
8	0.109112
8	0.137935
8	0.0945199
8	0.0752639
8	0.0910365
8	0.167742
8	0.0676134
8	0.0588665
8	0.125188
8	0.149082
8	0.139062
8	0.200088
8	0.0417655
8	0.0914939
8	0.101363
8	0.0592067
8	0.170056
8	0.118851
8	0.117742
8	0.138521
8	0.0746233
8	0.171459
8	0.119406
8	0.0461586
8	0.201144
8	0.136482
8	0.0912186
8	0.131401
8	0.0873272
8	0.10525
8	0.104483
8	0.0958105
8	0.0879036
8	0.162993
8	0.115546
8	0.135049
8	0.110788
8	0.127905
8	0.136769
8	0.117871
8	0.0941823
8	0.151972
8	0.0981358
11	0.161507
11	0.169115
11	0.117958
11	0.200167
11	0.0806203
11	0.148923
11	0.137431
11	0.0586111
11	0.0401977
11	0.084035
11	0.182985
11	0.0304982
11	0.108199
11	0.270259
11	0.0927187
11	0.151514
11	0.162674
11	0.0698112
11	0.145609
11	0.104374
11	0.161768
11	0.144903
11	0.0869108
11	0.0845246
11	0.157991
11	0.108731
11	0.147532
11	0.0767097
11	0.183724
11	0.112735
11	0.10591
11	0.128509
11	0.0986193
11	0.150539
11	0.127294
11	0.139527
11	0.175213
11	0.171608
11	0.158042
11	0.148071
11	0.137367
11	0.172256
11	0.0461216
11	0.10559
11	0.259146
11	0.0595751
11	0.0780046
11	0.147373
11	0.133216
11	0.158066
11	0.0333024
11	0.136384
11	0.0604663
11	0.0907612
11	0.180102
11	0.129148
11	0.146893
11	0.127312
11	0.150021
11	0.0804178
11	0.224941
11	0.167226
11	0.138037
11	0.117074
11	0.25751
11	0.185234
11	0.180267
11	0.257265
11	0.117988
11	0.238948
11	0.199676
11	0.105089
11	0.0601098
11	0.159372
11	0.12161
11	0.0937495
11	0.101383
11	0.155137
11	0.250151
11	0.107893
11	0.122264
11	0.181739
11	0.112889
11	0.0283383
11	0.0838365
11	0.0669023
11	0.141257
11	0.172444
11	0.131855
11	0.0749366
11	0.123648
11	0.309445
11	0.0651306
11	0.0995195
11	0.142583
11	0.181611
11	0.0303258
11	0.101409
11	0.11903
11	0.166437
14	0.111569
14	0.12343
14	0.107961
14	0.101568
14	0.0948215
14	0.135351
14	0.0945929
14	0.109539
14	0.0524247
14	0.168056
14	0.119679
14	0.0935088
14	0.102744
14	0.175478
14	0.125085
14	0.0334127
14	0.0714881
14	0.0964218
14	0.147263
14	0.243694
14	0.0718224
14	0.151492
14	0.0542206
14	0.102777
14	0.0504634
14	0.125892
14	0.0993128
14	0.165653
14	0.172655
14	0.130918
14	0.151726
14	0.08177
14	0.0531001
14	0.067913
14	0.129536
14	0.0440998
14	0.108382
14	0.115868
14	0.240782
14	0.0677149
14	0.145555
14	0.0765405
14	0.0856215
14	0.138916
14	0.114779
14	0.187486
14	0.0447361
14	0.0704409
14	0.0809487
14	0.109404
14	0.0783699
14	0.111247
14	0.207024
14	0.0306012
14	0.103485
14	0.0774076
14	0.113688
14	0.0686226
14	0.182509
14	0.0475525
14	0.138645
14	0.097559
14	0.237997
14	0.185383
14	0.0633958
14	0.0645741
14	0.188005
14	0.0744642
14	0.102561
14	0.132645
14	0.137246
14	0.110264
14	0.151504
14	0.121435
14	0.134905
14	0.132965
14	0.146638
14	0.102831
14	0.0728652
14	0.123664
14	0.145969
14	0.0505171
14	0.119509
14	0.148416
14	0.187713
14	0.0802349
14	0.127588
14	0.114186
14	0.153431
14	0.110364
14	0.169021
14	0.14126
14	0.0683592
14	0.162072
14	0.12651
14	0.0938376
14	0.115851
14	0.0994043
14	0.0834326
14	0.11777
17	0.0833695
17	0.107885
17	0.0934623
17	0.0839891
17	0.0908081
17	0.117629
17	0.0992971
17	0.103694
17	0.0512251
17	0.174225
17	0.185599
17	0.0601088
17	0.14161
17	0.119301
17	0.142223
17	0.110484
17	0.103635
17	0.222548
17	0.101912
17	0.138911
17	0.0737392
17	0.0496505
17	0.11091
17	0.0907941
17	0.0884859
17	0.133404
17	0.0558798
17	0.109045
17	0.0772871
17	0.14854
17	0.117138
17	0.193983
17	0.283104
17	0.475454
17	0.192622
17	0.0704187
17	0.0429608
17	0.0613058
17	0.116892
17	0.0235395
17	0.202251
17	0.279212
17	0.109028
17	0.0737484
17	0.120838
17	0.188884
17	0.167044
17	0.0648236
17	0.107713
17	0.104389
17	0.0901033
17	0.122802
17	0.0561877
17	0.082595
17	0.0856322
17	0.0618382
17	0.128483
17	0.0545831
17	0.112866
17	0.112751
17	0.165402
17	0.0655656
17	0.160928
17	0.133128
17	0.197246
17	0.115967
17	0.0980104
17	0.0895852
17	0.130928
17	0.138437
17	0.118849
17	0.0834804
17	0.10675
17	0.0907293
17	0.146129
17	0.244863
17	0.0883331
17	0.155136
17	0.100667
17	0.0807849
17	0.0907128
17	0.136815
17	0.0768446
17	0.102525
17	0.188524
17	0.103939
17	0.145259
17	0.140214
17	0.0402774
17	0.123797
17	0.220654
17	0.0341474
17	0.0545536
17	0.171834
17	0.115969
17	0.0679036
17	0.128905
17	0.103425
17	0.138707
17	0.0956258
20	0.0357458
20	0.0945185
20	0.0494174
20	0.0474696
20	0.161724
20	0.150287
20	0.187214
20	0.225157
20	0.0868615
20	0.13514
20	0.132648
20	0.0594136
20	0.131116
20	0.138571
20	0.20872
20	0.108973
20	0.0439263
20	0.0426038
20	0.0975973
20	0.173295
20	0.158905
20	0.137427
20	0.0935862
20	0.0418099
20	0.199328
20	0.118801
20	0.0893743
20	0.183052
20	0.152062
20	0.11138
20	0.0615712
20	0.112172
20	0.134255
20	0.141576
20	0.0429655
20	0.0646967
20	0.119729
20	0.0968473
20	0.0625557
20	0.0886751
20	0.0847817
20	0.145847
20	0.0447814
20	0.0688722
20	0.0943797
20	0.136693
20	0.105379
20	0.0635834
20	0.111577
20	0.0876544
20	0.0762404
20	0.103668
20	0.086291
20	0.0841649
20	0.146313
20	0.0648373
20	0.127239
20	0.0721834
20	0.0943181
20	0.114905
20	0.138233
20	0.0895689
20	0.0545252
20	0.0813887
20	0.187145
20	0.0671078
20	0.345749
20	0.153996
20	0.109063
20	0.0566589
20	0.0165062
20	0.12184
20	0.0848174
20	0.17904
20	0.249268
20	0.155656
20	0.012891
20	0.138039
20	0.0696687
20	0.173515
20	0.0174099
20	0.202862
20	0.110024
20	0.142521
20	0.125984
20	0.0532451
20	0.118336
20	0.0855312
20	0.0618376
20	0.212782
20	0.200604
20	0.0782733
20	0.081677
20	0.120717
20	0.10547
20	0.150621
20	0.102467
20	0.121563
20	0.0900672
20	0.0733671
23	0.121939
23	0.0888334
23	0.0881392
23	0.0892313
23	0.0747899
23	0.0747598
23	0.121532
23	0.062789
23	0.146437
23	0.152299
23	0.0736432
23	0.167098
23	0.121671
23	0.0748283
23	0.070176
23	0.0818255
23	0.161167
23	0.135041
23	0.104877
23	0.140909
23	0.12552
23	0.0978031
23	0.0647116
23	0.0751387
23	0.110524
23	0.241909
23	0.142863
23	0.0338484
23	0.0948677
23	0.0837567
23	0.16473
23	0.235783
23	0.109873
23	0.0393526
23	0.106846
23	0.180502
23	0.0890134
23	0.218513
23	0.230805
23	0.0669791
23	0.0724459
23	0.0459629
23	0.132412
23	0.198064
23	0.11247
23	0.0362882
23	0.049684
23	0.107463
23	0.104641
23	0.138105
23	0.111052
23	0.0641064
23	0.117814
23	0.103933
23	0.126067
23	0.0721192
23	0.0560118
23	0.0712964
23	0.116489
23	0.130925
23	0.1147
23	0.169546
23	0.114372
23	0.0842539
23	0.0388208
23	0.144487
23	0.115344
23	0.0501247
23	0.0461821
23	0.0626787
23	0.112225
23	0.0896797
23	0.110649
23	0.118224
23	0.217922
23	0.0748399
23	0.0736033
23	0.0936766
23	0.0549214
23	0.11424
23	0.124277
23	0.160109
23	0.0884811
23	0.0763513
23	0.0683386
23	0.135642
23	0.130289
23	0.17883
23	0.111768
23	0.124516
23	0.272949
23	0.183956
23	0.0630714
23	0.0400546
23	0.0514738
23	0.0430429
23	0.202044
23	0.251036
23	0.130553
23	0.124264
26	0.107899
26	0.0489228
26	0.0583083
26	0.116237
26	0.0646633
26	0.102274
26	0.141839
26	0.096279
26	0.139904
26	0.0407281
26	0.121062
26	0.1225
26	0.143278
26	0.114444
26	0.186196
26	0.125135
26	0.0899024
26	0.10656
26	0.10265
26	0.101304
26	0.0388348
26	0.153899
26	0.129156
26	0.0992033
26	0.138925
26	0.0510821
26	0.126218
26	0.136979
26	0.151216
26	0.0367354
26	0.129934
26	0.0710794
26	0.159177
26	0.121449
26	0.106688
26	0.124707
26	0.153679
26	0.0246968
26	0.0866607
26	0.449567
26	0.0385994
26	0.144304
26	0.0760864
26	0.0438556
26	0.122731
26	0.107558
26	0.0369715
26	0.0764069
26	0.0905404
26	0.0752262
26	0.105581
26	0.148755
26	0.0906019
26	0.110728
26	0.075438
26	0.161475
26	0.0960902
26	0.0177149
26	0.0857815
26	0.102442
26	0.0160312
26	0.0647009
26	0.165017
26	0.0994206
26	0.14854
26	0.0327196
26	0.115913
26	0.26369
26	0.0338966
26	0.271443
26	0.125537
26	0.0803816
26	0.118851
26	0.0859455
26	0.0318425
26	0.0727587
26	0.113066
26	0.140703
26	0.0679303
26	0.0549571
26	0.131364
26	0.169587
26	0.0889048
26	0.141094
26	0.0792976
26	0.0786129
26	0.052485
26	0.0799857
26	0.132016
26	0.167427
26	0.163027
26	0.129175
26	0.166
26	0.103975
26	0.151977
26	0.140268
26	0.179592
26	0.0965189
26	0.0280411
26	0.343439
29	0.0664727
29	0.972973
29	0.110792
29	0.0974652
29	0.0644286
29	0.0651508
29	0.203775
29	0.159569
29	0.107657
29	0.194492
29	0.117116
29	0.0394051
29	0.111822
29	0.0916523
29	0.148281
29	0.111002
29	0.117985
29	0.0695217
29	0.0952473
29	0.180771
29	0.0637807
29	0.107065
29	0.127512
29	0.0781571
29	0.120112
29	0.187009
29	0.0616502
29	0.118823
29	0.137519
29	0.112329
29	0.056636
29	0.0425966
29	0.125474
29	0.0649216
29	0.135704
29	0.152438
29	0.110513
29	0.153445
29	0.0931294
29	0.092411
29	0.127978
29	0.019985
29	0.170352
29	0.129459
29	0.0918742
29	0.145374
29	0.0969643
29	0.224033
29	0.143803
29	0.0864415
29	0.12255
29	0.162761
29	0.0983101
29	0.0603506
29	0.0824966
29	0.190594
29	0.0954452
29	0.0837991
29	0.121126
29	0.0261244
29	0.0903106
29	0.0926206
29	0.126358
29	0.155792
29	0.197396
29	0.111217
29	0.140974
29	0.103367
29	0.174552
29	0.0627682
29	0.110304
29	0.0472854
29	0.228853
29	0.215158
29	0.178172
29	0.0867371
29	0.0593067
29	0.125899
29	0.0414249
29	0.128998
29	0.0515222
29	0.176653
29	0.126514
29	0.0117111
29	0.129222
29	0.0914725
29	0.0784154
29	0.0740273
29	0.111618
29	0.0808833
29	0.104918
29	0.155931
29	0.0261717
29	0.144178
29	0.0935716
29	0.0914131
29	0.0928132
29	0.103053
29	0.0488401
29	0.173869
32	0.0845608
32	0.0632955
32	0.0663721
32	0.176896
32	0.179073
32	0.0927527
32	0.0957537
32	0.20725
32	0.110059
32	0.0981585
32	0.0924011
32	0.0766233
32	0.140041
32	0.210543
32	0.165793
32	0.138716
32	0.0493466
32	0.102925
32	0.290482
32	0.0987695
32	0.106462
32	0.147162
32	0.100474
32	0.133526
32	0.10249
32	0.170574
32	0.130902
32	0.132704
32	0.139512
32	0.0915694
32	0.218289
32	0.0766046
32	0.0451077
32	0.218285
32	0.239291
32	0.2974
32	0.109832
32	0.0677172
32	0.220134
32	0.104544
32	0.0796613
32	0.0855165
32	0.108287
32	0.14068
32	0.072068
32	0.121123
32	0.0604932
32	0.0497625
32	0.134872
32	0.129539
32	0.0881088
32	0.12586
32	0.17283
32	0.0456787
32	0.0457852
32	0.0528923
32	0.120719
32	0.0975166
32	0.137897
32	0.108718
32	0.0652533
32	0.164138
32	0.0395769
32	0.064071
32	0.140675
32	0.0561192
32	0.108001
32	0.119315
32	0.150302
32	0.13767
32	0.128151
32	0.132625
32	0.140553
32	0.0902681
32	0.0188478
32	0.171312
32	0.0642453
32	0.166357
32	0.208256
32	0.0371285
32	0.0890036
32	0.119703
32	0.123298
32	0.104186
32	0.0869691
32	0.089705
32	0.13936
32	0.126732
32	0.114831
32	0.0154667
32	0.0958999
32	0.0824183
32	0.0814989
32	0.148571
32	0.0208638
32	0.184166
32	0.0971235
32	0.151992
32	0.0306765
32	0.130419
35	0.0626331
35	0.0931173
35	0.13723
35	0.158597
35	0.11503
35	0.0237672
35	0.0976768
35	0.101591
35	0.329465
35	0.09156
35	0.112279
35	0.113833
35	0.0410888
35	0.0937507
35	0.0763724
35	0.122175
35	0.156684
35	0.0935978
35	0.12543
35	0.128541
35	0.031757
35	0.138286
35	0.0617631
35	0.0984157
35	0.111009
35	0.155788
35	0.0928136
35	0.061626
35	0.151029
35	0.0691458
35	0.074456
35	0.276399
35	0.290646
35	0.0197147
35	0.142472
35	0.0662831
35	0.116056
35	0.178458
35	0.119743
35	0.119937
35	0.154997
35	0.0629999
35	0.114284
35	0.0707905
35	0.157953
35	0.227587
35	0.0557889
35	0.0685307
35	0.167136
35	0.101612
35	0.0731972
35	0.21137
35	0.160693
35	0.163714
35	0.164953
35	0.0349804
35	0.12274
35	0.0883527
35	0.140152
35	0.179952
35	0.0824768
35	0.0673393
35	0.164687
35	0.0499698
35	0.0403535
35	0.126464
35	0.0640333
35	0.0680187
35	0.047567
35	0.102063
35	0.13528
35	0.0752291
35	0.0392498
35	0.158926
35	0.248399
35	0.0170219
35	0.10756
35	0.161344
35	0.136249
35	0.0589461
35	0.115698
35	0.14197
35	0.0795797
35	0.0920449
35	0.046738
35	0.103096
35	0.1208
35	0.16205
35	0.0452294
35	0.0552848
35	0.0082241
35	0.0990141
35	0.185206
35	0.086589
35	0.0694956
35	0.0671585
35	0.0824138
35	0.065613
35	0.0367105
35	0.0563269
38	0.0387427
38	0.0414665
38	0.0693966
38	0.119193
38	0.087569
38	0.17506
38	0.15453
38	0.0398369
38	0.104561
38	0.0746572
38	0.13533
38	0.0927959
38	0.0416451
38	0.147585
38	0.0564512
38	0.177676
38	0.0474124
38	0.108342
38	0.122322
38	0.24669
38	0.0924006
38	0.178635
38	0.118108
38	0.111881
38	0.0918995
38	0.174475
38	0.116145
38	0.197349
38	0.21748
38	0.100689
38	0.0754021
38	0.0937452
38	0.100145
38	0.0445892
38	0.0999282
38	0.106633
38	0.0509809
38	0.0979121
38	0.182642
38	0.0132226
38	0.145738
38	0.252585
38	0.0996508
38	0.111237
38	0.0558864
38	0.154971
38	0.0874866
38	0.106113
38	0.162409
38	0.12986
38	0.0972998
38	0.229381
38	0.0590756
38	0.107604
38	0.0849013
38	0.128326
38	0.0303207
38	0.0551543
38	0.166314
38	0.122126
38	0.202977
38	0.0388117
38	0.0826191
38	0.152644
38	0.135181
38	0.0718092
38	0.130381
38	0.175685
38	0.157246
38	0.0894006
38	0.151158
38	0.152136
38	0.143962
38	0.117405
38	0.0685541
38	0.0789366
38	0.11379
38	0.107823
38	0.0602871
38	0.129468
38	0.114245
38	0.127815
38	0.0703502
38	0.0400416
38	0.102012
38	0.0782789
38	0.102643
38	0.119179
38	0.0388806
38	0.0525039
38	0.0551842
38	0.0267598
38	0.313156
38	0.126729
38	0.22222
38	0.133795
38	0.127291
38	0.135095
38	0.0961003
38	0.142323
41	0.066713
41	0.183316
41	0.0100432
41	0.0932665
41	0.0761898
41	0.127803
41	0.153356
41	0.0682679
41	0.0771582
41	0.147979
41	0.0260356
41	0.107993
41	0.0833866
41	0.168991
41	0.218459
41	0.0688917
41	0.0711704
41	0.238017
41	0.142407
41	0.0642902
41	0.12516
41	0.106654
41	0.107685
41	0.0912369
41	0.158334
41	0.0667829
41	0.116852
41	0.177321
41	0.12661
41	0.0724633
41	0.0719327
41	0.134676
41	0.0535833
41	0.151217
41	0.0581379
41	0.0853479
41	0.0820246
41	0.0853705
41	0.129318
41	0.0857166
41	0.0644047
41	0.167324
41	0.187804
41	0.0534367
41	0.158557
41	0.0818846
41	0.0583069
41	0.0529195
41	0.229704
41	0.20124
41	0.086514
41	0.130356
41	0.0682265
41	0.105719
41	0.0779016
41	0.0604956
41	0.10087
41	0.138196
41	0.0342478
41	0.23139
41	0.0663294
41	0.139074
41	0.0501196
41	0.0348168
41	0.222569
41	0.0640079
41	0.139729
41	0.0507229
41	0.154724
41	0.0442027
41	0.0909692
41	0.123056
41	0.143022
41	0.0552947
41	0.0752011
41	0.0723783
41	0.132156
41	0.200549
41	0.128386
41	0.160087
41	0.148006
41	0.143447
41	0.118346
41	0.1407
41	0.12946
41	0.089444
41	0.160316
41	0.210871
41	0.0651139
41	0.0846002
41	0.0918851
41	0.0765729
41	0.111064
41	0.112434
41	0.143617
41	0.0994349
41	0.279785
41	0.10515
41	0.165363
41	0.10413
44	0.0733251
44	0.079626
44	0.238179
44	0.0612929
44	0.126438
44	0.0432247
44	0.0681739
44	0.0968703
44	0.134306
44	0.121664
44	0.0983817
44	0.473143
44	0.0960754
44	0.10023
44	0.102667
44	0.0623788
44	0.0523806
44	0.0441945
44	0.04576
44	0.0999484
44	0.0264498
44	0.112593
44	0.146723
44	0.132865
44	0.0682834
44	0.0847693
44	0.965753
44	0.0912658
44	0.0695545
44	0.0565857
44	0.0856004
44	0.121509
44	0.11906
44	0.0779221
44	0.0847609
44	0.0918104
44	0.0885204
44	0.0624868
44	0.169765
44	0.0162984
44	0.052727
44	0.140728
44	0.123294
44	0.0734218
44	0.0365101
44	0.103448
44	0.160759
44	0.0989808
44	0.140745
44	0.107011
44	0.089058
44	0.113146
44	0.0412749
44	0.0979996
44	0.159195
44	0.0821206
44	0.0825843
44	0.0897036
44	0.038682
44	0.106053
44	0.0661858
44	0.0736102
44	0.157326
44	0.0517169
44	0.141034
44	0.145871
44	0.115
44	0.142796
44	0.0702109
44	0.162236
44	0.122158
44	0.0191567
44	0.113821
44	0.0523722
44	0.122365
44	0.117442
44	0.0730689
44	0.111345
44	0.118835
44	0.102337
44	0.0669238
44	0.0681504
44	0.0792168
44	0.0443288
44	0.0880603
44	0.0805009
44	0.150169
44	0.0776287
44	0.0679431
44	0.0648759
44	0.0722307
44	0.118334
44	0.0901969
44	0.131008
44	0.0688488
44	0.0496062
44	0.0695724
44	0.09343
44	0.111991
44	0.107699
47	0.120862
47	0.0779382
47	0.137838
47	0.118666
47	0.142677
47	0.0876806
47	0.090399
47	0.0844012
47	0.168084
47	0.101201
47	0.138303
47	0.0600159
47	0.0963247
47	0.103806
47	0.0560465
47	0.111976
47	0.165499
47	0.0108543
47	0.242367
47	0.186905
47	0.0599652
47	0.0870799
47	0.107642
47	0.0371474
47	0.156064
47	0.0805421
47	0.142674
47	0.127376
47	0.0416667
47	0.0793419
47	0.176046
47	0.0925864
47	0.142715
47	0.117403
47	0.0501117
47	0.166322
47	0.152134
47	0.0780851
47	0.0901682
47	0.107674
47	0.234774
47	0.0715419
47	0.0889319
47	0.389116
47	0.0947208
47	0.167942
47	0.0596062
47	0.157384
47	0.0996351
47	0.220053
47	0.166248
47	0.112708
47	0.128325
47	0.0840352
47	0.0517872
47	0.0440793
47	0.0293952
47	0.061698
47	0.0697498
47	0.0628103
47	0.149942
47	0.0421594
47	0.0870882
47	0.109007
47	0.0430648
47	0.00851735
47	0.139511
47	0.165857
47	0.0499191
47	0.147656
47	0.134724
47	0.0421223
47	0.110697
47	0.0917562
47	0.0485075
47	0.0644499
47	0.114519
47	0.0928167
47	0.0424374
47	0.0561184
47	0.0899998
47	0.116321
47	0.0580054
47	0.0867855
47	0.0911661
47	0.0452223
47	0.0588693
47	0.163106
47	0.10249
47	0.0372962
47	0.109664
47	0.0387132
47	0.104766
47	0.0476148
47	0.0763981
47	0.170265
47	0.030663
47	0.124045
47	0.0569805
47	0.128737
50	0.0901445
50	0.135438
50	0.0746993
50	0.138247
50	0.186694
50	0.107563
50	0.128738
50	0.110246
50	0.171474
50	0.163862
50	0.144324
50	0.0867677
50	0.124732
50	0.0458719
50	0.186288
50	0.0910083
50	0.123554
50	0.0912848
50	0.0943103
50	0.0724633
50	0.082702
50	0.15861
50	0.157349
50	0.110618
50	0.167209
50	0.139311
50	0.120946
50	0.262267
50	0.0530243
50	0.0509236
50	0.108692
50	0.0718397
50	0.131464
50	0.0993306
50	0.133907
50	0.0745866
50	0.065401
50	0.109819
50	0.0501378
50	0.148704
50	0.106262
50	0.093125
50	0.0107452
50	0.12712
50	0.0563346
50	0.10435
50	0.154585
50	0.126877
50	0.181692
50	0.135753
50	0.15366
50	0.111093
50	0.0932167
50	0.0817692
50	0.250699
50	0.0398473
50	0.0288676
50	0.104178
50	0.0197819
50	0.0562806
50	0.0983491
50	0.152327
50	0.104635
50	0.148115
50	0.116673
50	0.0933516
50	0.168444
50	0.0389749
50	0.0370408
50	0.104253
50	0.0893348
50	0.178235
50	0.0740412
50	0.143754
50	0.152158
50	0.111477
50	0.124769
50	0.0236118
50	0.0368994
50	0.0851552
50	0.164156
50	0.0923328
50	0.104998
50	0.0498145
50	0.0777112
50	0.10205
50	0.0630739
50	0.124594
50	0.0858164
50	0.0659019
50	0.135634
50	0.209194
50	0.0708526
50	0.177234
50	0.225427
50	0.114405
50	0.114593
50	0.133936
50	0.114655
50	0.0763195
53	0.1162
53	0.0988398
53	0.0881758
53	0.156694
53	0.138721
53	0.110986
53	0.152942
53	0.130731
53	0.0818272
53	0.112565
53	0.0965583
53	0.134428
53	0.0857197
53	0.203824
53	0.13255
53	0.107259
53	0.171371
53	0.0373295
53	0.388286
53	0.106717
53	0.119966
53	0.0810338
53	0.0894196
53	0.0966631
53	0.0761977
53	0.178518
53	0.0480612
53	0.145672
53	0.111322
53	0.0907748
53	0.141426
53	0.146654
53	0.145155
53	0.138827
53	0.0756051
53	0.0263127
53	0.042939
53	0.171668
53	0.123497
53	0.201182
53	0.0881403
53	0.0998005
53	0.105648
53	0.146097
53	0.0527911
53	0.102783
53	0.0950435
53	0.177704
53	0.153448
53	0.164329
53	0.137206
53	0.0532391
53	0.0930237
53	0.0547069
53	0.106453
53	0.0711967
53	0.079326
53	0.0464132
53	0.0455621
53	0.965753
53	0.052497
53	0.137284
53	0.236609
53	0.106249
53	0.0868943
53	0.0706039
53	0.0560777
53	0.0719723
53	0.162454
53	0.134408
53	0.0753237
53	0.167551
53	0.104579
53	0.119674
53	0.0897306
53	0.0695176
53	0.00876507
53	0.189675
53	0.0176895
53	0.0836424
53	0.152854
53	0.203922
53	0.087314
53	0.0773147
53	0.0596949
53	0.194466
53	0.154538
53	0.109094
53	0.0757314
53	0.151278
53	0.066142
53	0.0461002
53	0.123926
53	0.139033
53	0.114817
53	0.182124
53	0.166
53	0.0535964
53	0.0752388
53	0.142895
56	0.122258
56	0.143151
56	0.110606
56	0.109204
56	0.0443704
56	0.103381
56	0.14113
56	0.191513
56	0.073253
56	0.0755981
56	0.0419639
56	0.18227
56	0.144851
56	0.104553
56	0.0926831
56	0.162279
56	0.115163
56	0.129196
56	0.0756539
56	0.0837303
56	0.119145
56	0.0235015
56	0.237479
56	0.0389902
56	0.115113
56	0.0837932
56	0.114557
56	0.0461071
56	0.164475
56	0.076699
56	0.102358
56	0.122407
56	0.150707
56	0.0643233
56	0.0291753
56	0.0347504
56	0.0940591
56	0.108383
56	0.268889
56	0.030092
56	0.0828762
56	0.0354641
56	0.041522
56	0.105862
56	0.0521583
56	0.110846
56	0.111537
56	0.0105704
56	0.145657
56	0.0890204
56	0.107383
56	0.101618
56	0.0611368
56	0.0245011
56	0.140253
56	0.124282
56	0.0984971
56	0.154424
56	0.106143
56	0.119456
56	0.0426784
56	0.0765223
56	0.14333
56	0.00581053
56	0.0655958
56	0.117527
56	0.0664211
56	0.165338
56	0.0913612
56	0.113152
56	0.0443617
56	0.125991
56	0.0691809
56	0.0599133
56	0.121624
56	0.0877945
56	0.0787124
56	0.0565113
56	0.0997022
56	0.0394532
56	0.0755028
56	0.0946464
56	0.0941654
56	0.0973531
56	0.0725875
56	0.0626366
56	0.151135
56	0.0169326
56	0.0503478
56	0.128147
56	0.0729387
56	0.017879
56	0.0760672
56	0.129683
56	0.0417945
56	0.153609
56	0.0751898
56	0.0915851
56	0.103385
56	0.0319899
59	0.0914447
59	0.129873
59	0.0826017
59	0.173534
59	0.124413
59	0.152036
59	0.0360653
59	0.119833
59	0.0833584
59	0.151346
59	0.0795913
59	0.122233
59	0.0651414
59	0.133249
59	0.0846885
59	0.103119
59	0.0912724
59	0.0720814
59	0.0513484
59	0.0934227
59	0.0701567
59	0.156821
59	0.120981
59	0.0986584
59	0.105988
59	0.0772329
59	0.0872006
59	0.127991
59	0.111143
59	0.0649956
59	0.140954
59	0.0875039
59	0.118937
59	0.0516982
59	0.0727085
59	0.121739
59	0.0462226
59	0.0964854
59	0.0781104
59	0.0622576
59	0.0221776
59	0.062299
59	0.225192
59	0.0651597
59	0.104071
59	0.142317
59	0.0479993
59	0.0719556
59	0.0354578
59	0.185506
59	0.101553
59	0.301958
59	0.14439
59	0.202664
59	0.140529
59	0.0649294
59	0.181886
59	0.201319
59	0.0673042
59	0.119231
59	0.119334
59	0.0711489
59	0.0758317
59	0.239478
59	0.118485
59	0.0773968
59	0.175279
59	0.171852
59	0.0838421
59	0.0425388
59	0.0804884
59	0.0871382
59	0.122083
59	0.13659
59	0.104159
59	0.114545
59	0.20636
59	0.108441
59	0.117798
59	0.0788721
59	0.0867721
59	0.0874008
59	0.0867498
59	0.0877234
59	0.118943
59	0.0871636
59	0.0879491
59	0.0762745
59	0.0495292
59	0.139486
59	0.0718439
59	0.0132833
59	0.146169
59	0.0853709
59	0.106057
59	0.100676
59	0.0952853
59	0.0952204
59	0.0525585
59	0.121167
62	0.0842333
62	0.0540824
62	0.221148
62	0.194759
62	0.217268
62	0.162471
62	0.106221
62	0.0991124
62	0.0744042
62	0.108173
62	0.0699451
62	0.0870481
62	0.135285
62	0.120782
62	0.159298
62	0.16265
62	0.167193
62	0.106469
62	0.073948
62	0.0989414
62	0.101353
62	0.126931
62	0.0945286
62	0.101899
62	0.19019
62	0.0712418
62	0.0790114
62	0.220307
62	0.0913627
62	0.073384
62	0.170904
62	0.0494868
62	0.0331053
62	0.0978451
62	0.200066
62	0.230614
62	0.0373293
62	0.0878269
62	0.0370731
62	0.135873
62	0.084558
62	0.103377
62	0.125979
62	0.21874
62	0.104737
62	0.135099
62	0.040385
62	0.0221718
62	0.0575558
62	0.0953586
62	0.0573366
62	0.122819
62	0.110604
62	0.0659335
62	0.0402092
62	0.06291
62	0.0678352
62	0.0910478
62	0.0713413
62	0.0680554
62	0.185198
62	0.129684
62	0.135153
62	0.0471927
62	0.108439
62	0.0746493
62	0.12152
62	0.136113
62	0.237569
62	0.030137
62	0.200112
62	0.0307279
62	0.0890322
62	0.174035
62	0.108246
62	0.104624
62	0.059491
62	0.191294
62	0.125025
62	0.0841989
62	0.0644812
62	0.0726633
62	0.0543688
62	0.148297
62	0.0779683
62	0.115716
62	0.0209467
62	0.0948261
62	0.0782469
62	0.0671828
62	0.146481
62	0.122376
62	0.150293
62	0.0689814
62	0.166906
62	0.029586
62	0.128602
62	0.0707697
62	0.245953
62	0.0642675
65	0.0548437
65	0.179206
65	0.138883
65	0.127848
65	0.142042
65	0.125112
65	0.113301
65	0.0384885
65	0.0512555
65	0.131348
65	0.122047
65	0.0729397
65	0.0677936
65	0.063173
65	0.0574009
65	0.0835517
65	0.0253274
65	0.0646691
65	0.0720838
65	0.0396198
65	0.143782
65	0.0737232
65	0.128427
65	0.140239
65	0.0275625
65	0.0681081
65	0.0251094
65	0.0999521
65	0.0739926
65	0.119442
65	0.0734072
65	0.10395
65	0.0650667
65	0.0377141
65	0.097988
65	0.0777689
65	0.0182311
65	0.156102
65	0.0502129
65	0.121189
65	0.0573977
65	0.115458
65	0.0517848
65	0.0111494
65	0.121203
65	0.176107
65	0.0669915
65	0.0561427
65	0.0508832
65	0.114461
65	0.111279
65	0.0739668
65	0.0835111
65	0.147413
65	0.0974733
65	0.0590422
65	0.241217
65	0.0516502
65	0.0734539
65	0.103017
65	0.148307
65	0.0679306
65	0.0744617
65	0.0698815
65	0.0633884
65	0.139967
65	0.067571
65	0.217876
65	0.170125
65	0.0227561
65	0.127519
65	0.126148
65	0.0983878
65	0.135707
65	0.117285
65	0.0789539
65	0.070123
65	0.0748735
65	0.0459889
65	0.0183798
65	0.0527884
65	0.098445
65	0.0866552
65	0.0876601
65	0.115024
65	0.179654
65	0.148834
65	0.0784743
65	0.0580668
65	0.0591877
65	0.0709084
65	0.0569451
65	0.0985737
65	0.0810663
65	0.0483693
65	0.154229
65	0.0853773
65	0.137058
65	0.149617
65	0.0490704
68	0.0980906
68	0.123049
68	0.155626
68	0.164495
68	0.0932842
68	0.069731
68	0.134849
68	0.0646058
68	0.130283
68	0.0146479
68	0.0448553
68	0.13952
68	0.0624239
68	0.0622875
68	0.0259803
68	0.0616415
68	0.134164
68	0.115784
68	0.141731
68	0.101399
68	0.1069
68	0.104007
68	0.0268531
68	0.157427
68	0.157559
68	0.0323502
68	0.0424567
68	0.211501
68	0.0634515
68	0.130872
68	0.125106
68	0.0368701
68	0.144797
68	0.350319
68	0.206393
68	0.130273
68	0.0871043
68	0.0778446
68	0.121626
68	0.0492029
68	0.0988414
68	0.168514
68	0.0503195
68	0.0767905
68	0.130636
68	0.901976
68	0.0381623
68	0.014367
68	0.0681407
68	0.081655
68	0.0818458
68	0.0180102
68	0.0922338
68	0.021908
68	0.105806
68	0.0452254
68	0.0626216
68	0.138753
68	0.0636868
68	0.0768553
68	0.0397269
68	0.0619694
68	0.0621535
68	0.070073
68	0.0883198
68	0.0864167
68	0.108895
68	0.0598524
68	0.140759
68	0.0606278
68	0.120688
68	0.0692799
68	0.0939048
68	0.0471132
68	0.131211
68	0.0855551
68	0.138509
68	0.0298605
68	0.096082
68	0.117361
68	0.0279815
68	0.0672681
68	0.0702193
68	0.0631495
68	0.0785948
68	0.0610845
68	0.0658416
68	0.0897416
68	0.0952443
68	0.0646527
68	0.245072
68	0.0314887
68	0.0505568
68	0.102109
68	0.0268275
68	0.142851
68	0.0755242
68	0.0916276
68	0.0340452
68	0.0675031
71	0.0230154
71	0.0434089
71	0.112678
71	0.0296865
71	0.109939
71	0.122369
71	0.18922
71	0.0796125
71	0.126439
71	0.108315
71	0.106987
71	0.0321053
71	0.115148
71	0.0573936
71	0.191529
71	0.136321
71	0.110295
71	0.0684642
71	0.0940004
71	0.0708609
71	0.0826117
71	0.306684
71	0.055872
71	0.0760889
71	0.0723831
71	0.173459
71	0.192234
71	0.230824
71	0.134737
71	0.0580978
71	0.0966214
71	0.0660406
71	0.0824471
71	0.212039
71	0.149398
71	0.0438485
71	0.186854
71	0.0981995
71	0.0156944
71	0.113423
71	0.138715
71	0.07884
71	0.112119
71	0.073728
71	0.0355414
71	0.0660865
71	0.131618
71	0.184179
71	0.0807646
71	0.108096
71	0.0661491
71	0.104088
71	0.071586
71	0.0335194
71	0.0428443
71	0.102422
71	0.123547
71	0.0513724
71	0.103457
71	0.179522
71	0.122825
71	0.179022
71	0.0527219
71	0.099776
71	0.0987305
71	0.0552146
71	0.0708315
71	0.128235
71	0.0577206
71	0.032918
71	0.0993313
71	0.111848
71	0.0705286
71	0.230653
71	0.034706
71	0.199413
71	0.161219
71	0.231605
71	0.165767
71	0.0394054
71	0.0546095
71	0.159309
71	0.165908
71	0.101799
71	0.0730031
71	0.142749
71	0.0475298
71	0.0993989
71	0.0914051
71	0.0779115
71	0.200776
71	0.0921524
71	0.0714874
71	0.0663855
71	0.158481
71	0.16791
71	0.122727
71	0.117274
71	0.132163
71	0.188069
74	0.0777644
74	0.0812816
74	0.0754502
74	0.0609879
74	0.0736374
74	0.0994729
74	0.0576626
74	0.172048
74	0.156232
74	0.0843843
74	0.0713588
74	0.0722672
74	0.189168
74	0.0684641
74	0.057139
74	0.124425
74	0.109326
74	0.0831843
74	0.119581
74	0.0355932
74	0.100242
74	0.0649324
74	0.081811
74	0.0680132
74	0.113333
74	0.0512016
74	0.167406
74	0.114342
74	0.0630447
74	0.0906954
74	0.153427
74	0.0822959
74	0.0711003
74	0.11914
74	0.142473
74	0.18137
74	0.124455
74	0.0445425
74	0.087083
74	0.154606
74	0.0392402
74	0.133745
74	0.107663
74	0.0240782
74	0.142184
74	0.109887
74	0.110534
74	0.0662949
74	0.136706
74	0.0881686
74	0.157381
74	0.0572972
74	0.0774797
74	0.0698669
74	0.0697635
74	0.0846544
74	0.0499389
74	0.0654387
74	0.125086
74	0.0397861
74	0.0458822
74	0.0342706
74	0.0503777
74	0.115513
74	0.1161
74	0.244274
74	0.118841
74	0.112417
74	0.132446
74	0.0699936
74	0.0449858
74	0.0594728
74	0.149282
74	0.125968
74	0.123581
74	0.0283341
74	0.108839
74	0.0998183
74	0.109315
74	0.100834
74	0.0658681
74	0.0825155
74	0.0716414
74	0.0663638
74	0.0525674
74	0.0680533
74	0.0543177
74	0.102374
74	0.203961
74	0.139528
74	0.111089
74	0.0853089
74	0.050806
74	0.107303
74	0.228031
74	0.0731599
74	0.0293861
74	0.040133
74	0.116323
74	0.125354
77	0.142476
77	0.122539
77	0.132954
77	0.0952591
77	0.105567
77	0.0926031
77	0.0497077
77	0.156885
77	0.0593155
77	0.074869
77	0.0543349
77	0.121212
77	0.100455
77	0.124233
77	0.203189
77	0.0829714
77	0.0845836
77	0.0491335
77	0.0467579
77	0.0271082
77	0.0539022
77	0.127674
77	0.115109
77	0.19708
77	0.087485
77	0.0811529
77	0.0408231
77	0.0932604
77	0.120509
77	0.1207
77	0.110392
77	0.0919868
77	0.0475771
77	0.0462351
77	0.158122
77	0.114578
77	0.0993517
77	0.0483444
77	0.0283854
77	0.0145639
77	0.0681464
77	0.172342
77	0.0928185
77	0.125254
77	0.127451
77	0.153428
77	0.101703
77	0.0636991
77	0.125804
77	0.0845842
77	0.10173
77	0.143554
77	0.0607864
77	0.0789911
77	0.0275947
77	0.117675
77	0.0790015
77	0.081367
77	0.149324
77	0.106925
77	0.0977976
77	0.154824
77	0.118658
77	0.0942493
77	0.0581869
77	0.0856173
77	0.0290098
77	0.0762533
77	0.100456
77	0.0945463
77	0.140916
77	0.0508234
77	0.133224
77	0.159106
77	0.0450554
77	0.0898401
77	0.0553424
77	0.0046894
77	0.0278989
77	0.044278
77	0.124245
77	0.0597854
77	0.142767
77	0.0754451
77	0.0640636
77	0.0538284
77	0.0327032
77	0.0201713
77	0.0506418
77	0.0931732
77	0.0998677
77	0.106764
77	0.0766353
77	0.0636177
77	0.108232
77	0.0616267
77	0.113328
77	0.0758473
77	0.173289
77	0.275881
80	0.183203
80	0.140444
80	0.0579666
80	0.0519447
80	0.0673144
80	0.0499104
80	0.130458
80	0.189221
80	0.0972045
80	0.140125
80	0.0841063
80	0.174225
80	0.0936748
80	0.130365
80	0.0496687
80	0.0887663
80	0.0655257
80	0.231157
80	0.0431737
80	0.0972842
80	0.0907788
80	0.113562
80	0.0867196
80	0.233724
80	0.137087
80	0.224473
80	0.103172
80	0.031492
80	0.0967922
80	0.110287
80	0.251665
80	0.120517
80	0.118691
80	0.0738271
80	0.0581902
80	0.116621
80	0.0179372
80	0.0473134
80	0.134576
80	0.0557248
80	0.0532639
80	0.130907
80	0.0651004
80	0.185989
80	0.267726
80	0.0657338
80	0.091523
80	0.0817364
80	0.0405877
80	0.185431
80	0.139826
80	0.168082
80	0.134364
80	0.0603693
80	0.148215
80	0.134144
80	0.0829714
80	0.099206
80	0.0502405
80	0.125712
80	0.0222543
80	0.0301623
80	0.139859
80	0.06204
80	0.106334
80	0.0919953
80	0.036062
80	0.118627
80	0.131571
80	0.100696
80	0.06133
80	0.221753
80	0.0530253
80	0.0596705
80	0.0342253
80	0.158695
80	0.119839
80	0.302329
80	0.0732851
80	0.119335
80	0.123448
80	0.0949311
80	0.0989583
80	0.0203344
80	0.0954007
80	0.177499
80	0.0763259
80	0.0759295
80	0.0744301
80	0.0808759
80	0.119568
80	0.0808089
80	0.0879013
80	0.0837029
80	0.131126
80	0.0700795
80	0.17861
80	0.0303002
80	0.159285
80	0.128921
83	0.216011
83	0.145044
83	0.0548392
83	0.141877
83	0.0702479
83	0.0528169
83	0.0338483
83	0.108972
83	0.0958234
83	0.1715
83	0.126688
83	0.0873651
83	0.164128
83	0.249666
83	0.0656975
83	0.207835
83	0.160008
83	0.0759852
83	0.114718
83	0.0621056
83	0.0755768
83	0.117521
83	0.120366
83	0.075481
83	0.0223756
83	0.105809
83	0.101893
83	0.138939
83	0.0827031
83	0.10296
83	0.162892
83	0.101058
83	0.187897
83	0.0657006
83	0.180353
83	0.0503661
83	0.122341
83	0.0747099
83	0.0419688
83	0.0763146
83	0.157858
83	0.0633384
83	0.226
83	0.057962
83	0.0282333
83	0.0712529
83	0.0918088
83	0.20254
83	0.0684989
83	0.025623
83	0.0675197
83	0.114134
83	0.102448
83	0.0618957
83	0.138631
83	0.115932
83	0.156346
83	0.946574
83	0.108403
83	0.0776488
83	0.0771815
83	0.064941
83	0.144758
83	0.0646379
83	0.0516492
83	0.114921
83	0.0775663
83	0.0941287
83	0.0567865
83	0.135111
83	0.0183165
83	0.112238
83	0.0439767
83	0.210813
83	0.0527542
83	0.146802
83	0.020302
83	0.0687017
83	0.0632482
83	0.131524
83	0.181411
83	0.0590505
83	0.0479453
83	0.055347
83	0.070986
83	0.127971
83	0.0729944
83	0.158405
83	0.0394442
83	0.0876353
83	0.0918465
83	0.241409
83	0.172507
83	0.183738
83	0.0620002
83	0.103555
83	0.117297
83	0.0589563
83	0.0960553
83	0.131557
86	0.217937
86	0.140169
86	0.0403601
86	0.0742312
86	0.051468
86	0.106854
86	0.125664
86	0.0693334
86	0.105375
86	0.117063
86	0.0448022
86	0.0593163
86	0.103536
86	0.0562579
86	0.0607019
86	0.103746
86	0.0582659
86	0.0223936
86	0.0568955
86	0.0329602
86	0.123419
86	0.115327
86	0.157208
86	0.0792855
86	0.041407
86	0.206746
86	0.160421
86	0.131005
86	0.0380739
86	0.0880877
86	0.14601
86	0.229973
86	0.0926733
86	0.0727911
86	0.0329789
86	0.156196
86	0.112574
86	0.0589586
86	0.0917714
86	0.152333
86	0.0584217
86	0.0818037
86	0.096787
86	0.0312788
86	0.0870357
86	0.0833465
86	0.0712619
86	0.0880253
86	0.212577
86	0.0729868
86	0.0409896
86	0.0865931
86	0.168332
86	0.141093
86	0.0579524
86	0.0608667
86	0.133987
86	0.151421
86	0.224532
86	0.0352701
86	0.143947
86	0.219128
86	0.113542
86	0.0565218
86	0.0500224
86	0.0544278
86	0.0774972
86	0.0722896
86	0.0887427
86	0.0770032
86	0.045124
86	0.0961652
86	0.0676415
86	0.156305
86	0.182316
86	0.101084
86	0.153027
86	0.0268209
86	0.033237
86	0.175441
86	0.0609265
86	0.0762457
86	0.127118
86	0.0357697
86	0.105664
86	0.128886
86	0.102268
86	0.116196
86	0.0703464
86	0.211555
86	0.0314556
86	0.0273276
86	0.0625268
86	0.0586704
86	0.186352
86	0.0923777
86	0.029661
86	0.109798
86	0.0427159
86	0.0776501
89	0.156078
89	0.0262116
89	0.0556239
89	0.108551
89	0.144178
89	0.211946
89	0.00835878
89	0.0728924
89	0.0490792
89	0.0758298
89	0.101565
89	0.137275
89	0.110993
89	0.180068
89	0.0482565
89	0.0469826
89	0.109559
89	0.209286
89	0.0249554
89	0.0818582
89	0.0677913
89	0.152336
89	0.0934379
89	0.119548
89	0.0922249
89	0.140764
89	0.0832087
89	0.110039
89	0.185591
89	0.0686354
89	0.127886
89	0.105916
89	0.0841343
89	0.118176
89	0.0361603
89	0.146554
89	0.0772911
89	0.0989322
89	0.0858067
89	0.0288743
89	0.0604555
89	0.0806384
89	0.0916319
89	0.0470366
89	0.0925134
89	0.0806079
89	0.0764542
89	0.214244
89	0.0374666
89	0.0382719
89	0.0368406
89	0.118816
89	0.147422
89	0.156168
89	0.072567
89	0.0287427
89	0.0341368
89	0.0879263
89	0.0938578
89	0.153881
89	0.0709401
89	0.075949
89	0.150691
89	0.0941703
89	0.0672379
89	0.0982974
89	0.0576745
89	0.121508
89	0.134013
89	0.104701
89	0.124307
89	0.0571896
89	0.058734
89	0.181334
89	0.0406501
89	0.056436
89	0.12233
89	0.0284268
89	0.116312
89	0.155378
89	0.0548469
89	0.0979411
89	0.135903
89	0.0988178
89	0.113267
89	0.0369502
89	0.123948
89	0.0652175
89	0.0792462
89	0.0824193
89	0.08599
89	0.044928
89	0.0667902
89	0.127188
89	0.149676
89	0.100707
89	0.0672457
89	0.0705537
89	0.116137
89	0.0262747
92	0.0557009
92	0.0621011
92	0.12748
92	0.0393851
92	0.0550588
92	0.139313
92	0.141702
92	0.175648
92	0.105385
92	0.0464747
92	0.038828
92	0.218348
92	0.0426458
92	0.144106
92	0.115523
92	0.0871206
92	0.97
92	0.0891309
92	0.0429213
92	0.0886978
92	0.0689054
92	0.0802527
92	0.0377147
92	0.0723719
92	0.0531017
92	0.095429
92	0.168346
92	0.17998
92	0.0926068
92	0.150904
92	0.0380125
92	0.104306
92	0.16373
92	0.115818
92	0.0558836
92	0.0611897
92	0.09462
92	0.0566176
92	0.165595
92	0.134106
92	0.107212
92	0.0984252
92	0.0847952
92	0.102932
92	0.0865365
92	0.0590208
92	0.0995374
92	0.171396
92	0.118475
92	0.211325
92	0.0351064
92	0.0354254
92	0.247318
92	0.0839387
92	0.0729275
92	0.170867
92	0.133401
92	0.166504
92	0.0310012
92	0.0353188
92	0.0770333
92	0.110635
92	0.0352402
92	0.0707822
92	0.144229
92	0.102889
92	0.0468158
92	0.0945691
92	0.0941554
92	0.143262
92	0.073089
92	0.00269555
92	0.149909
92	0.0179303
92	0.165084
92	0.105941
92	0.0350875
92	0.13159
92	0.0774979
92	0.0856652
92	0.0552755
92	0.0183559
92	0.135065
92	0.0880711
92	0.0815578
92	0.0935578
92	0.043422
92	0.0624524
92	0.119413
92	0.0869118
92	0.0481032
92	0.0648132
92	0.191456
92	0.0273998
92	0.0513134
92	0.0985074
92	0.102575
92	0.0140581
92	0.0778305
92	0.0781151
95	0.120496
95	0.0188944
95	0.0995905
95	0.0528236
95	0.104777
95	0.0978965
95	0.107375
95	0.108669
95	0.0528085
95	0.0560905
95	0.103725
95	0.111648
95	0.101689
95	0.090201
95	0.0854137
95	0.151137
95	0.0821867
95	0.106633
95	0.161414
95	0.0496468
95	0.119749
95	0.0697364
95	0.040265
95	0.2021
95	0.107496
95	0.142386
95	0.162408
95	0.108087
95	0.132247
95	0.040351
95	0.129524
95	0.152914
95	0.0353478
95	0.249114
95	0.0899398
95	0.0862268
95	0.111306
95	0.0777365
95	0.0737154
95	0.0646475
95	0.0649516
95	0.0625801
95	0.110853
95	0.0149666
95	0.103033
95	0.0388553
95	0.076711
95	0.0593215
95	0.122768
95	0.0337684
95	0.0919752
95	0.0509
95	0.119571
95	0.0596203
95	0.09903
95	0.0551182
95	0.0276689
95	0.169168
95	0.0304065
95	0.0329464
95	0.0989301
95	0.129517
95	0.211192
95	0.0329981
95	0.154643
95	0.12855
95	0.177618
95	0.110075
95	0.0912138
95	0.117055
95	0.12199
95	0.137744
95	0.0681238
95	0.0985814
95	0.173953
95	0.0304619
95	0.146792
95	0.0536005
95	0.0923413
95	0.136544
95	0.125246
95	0.0639877
95	0.0346395
95	0.0804673
95	0.136031
95	0.0733721
95	0.192447
95	0.103096
95	0.137329
95	0.122806
95	0.088315
95	0.0690776
95	0.0862258
95	0.118751
95	0.0936758
95	0.135395
95	0.13805
95	0.0534145
95	0.109015
95	0.0632445
98	0.0758463
98	0.0291788
98	0.0964305
98	0.0681841
98	0.146519
98	0.110349
98	0.144513
98	0.0412536
98	0.129083
98	0.0524013
98	0.12441
98	0.0773025
98	0.0280424
98	0.127027
98	0.0820995
98	0.0684483
98	0.114283
98	0.0568903
98	0.0939818
98	0.0745802
98	0.0530642
98	0.0692546
98	0.0958078
98	0.15217
98	0.216758
98	0.0618839
98	0.0196606
98	0.028666
98	0.0685177
98	0.12978
98	0.119561
98	0.119404
98	0.114817
98	0.0935617
98	0.0549866
98	0.106605
98	0.115413
98	0.0969626
98	0.0863699
98	0.0831688
98	0.0494422
98	0.074155
98	0.0915708
98	0.100327
98	0.139117
98	0.154246
98	0.140432
98	0.0920234
98	0.0786601
98	0.0784319
98	0.117532
98	0.106603
98	0.0742062
98	0.120429
98	0.051925
98	0.220695
98	0.118244
98	0.00832064
98	0.094807
98	0.0764703
98	0.111955
98	0.0557114
98	0.072399
98	0.0865693
98	0.0766923
98	0.0656715
98	0.0904897
98	0.0736944
98	0.131177
98	0.0122472
98	0.10025
98	0.0551776
98	0.132689
98	0.0662239
98	0.0751115
98	0.0319726
98	0.060173
98	0.0617438
98	0.139512
98	0.080681
98	0.071724
98	0.165404
98	0.130968
98	0.013283
98	0.040398
98	0.0448778
98	0.11819
98	0.147076
98	0.14662
98	0.139829
98	0.128904
98	0.10582
98	0.0756608
98	0.109759
98	0.0817111
98	0.230567
98	0.0375008
98	0.0999911
98	0.0290071
98	0.139047
101	0.138748
101	0.042377
101	0.0980102
101	0.0211764
101	0.0590783
101	0.0413116
101	0.131513
101	0.186704
101	0.0692973
101	0.0788928
101	0.0360366
101	0.0687979
101	0.0527042
101	0.0737027
101	0.0746324
101	0.166904
101	0.113855
101	0.054487
101	0.0413547
101	0.0518954
101	0.0917893
101	0.122574
101	0.132409
101	0.125208
101	0.121908
101	0.166231
101	0.144368
101	0.100482
101	0.146795
101	0.184853
101	0.132404
101	0.107961
101	0.12114
101	0.171181
101	0.22295
101	0.156156
101	0.0634412
101	0.0799369
101	0.0502949
101	0.120475
101	0.0410116
101	0.0597387
101	0.0871241
101	0.12168
101	0.0917086
101	0.0763203
101	0.0931995
101	0.101854
101	0.157301
101	0.145253
101	0.0360384
101	0.0983713
101	0.130152
101	0.0615943
101	0.157765
101	0.0852624
101	0.0418869
101	0.095621
101	0.0787346
101	0.0462603
101	0.117508
101	0.0746146
101	0.000678876
101	0.124842
101	0.16748
101	0.0908674
101	0.142127
101	0.171141
101	0.0324898
101	0.181409
101	0.0926602
101	0.128279
101	0.0949838
101	0.0320899
101	0.10787
101	0.110827
101	0.058242
101	0.0540861
101	0.0734338
101	0.120895
101	0.135453
101	0.0955004
101	0.202416
101	0.102153
101	0.0597893
101	0.090828
101	0.0782991
101	0.171221
101	0.154679
101	0.00504332
101	0.111495
101	0.0714076
101	0.140817
101	0.0323545
101	0.182434
101	0.0652226
101	0.152186
101	0.0600015
101	0.129496
101	0.216246
104	0.0281058
104	0.146046
104	0.0325522
104	0.206259
104	0.136814
104	0.0499505
104	0.120143
104	0.0725995
104	0.146296
104	0.0591522
104	0.139983
104	0.298915
104	0.119647
104	0.117789
104	0.0617131
104	0.0417531
104	0.0441487
104	0.162327
104	0.153613
104	0.135102
104	0.0245265
104	0.105346
104	0.0789383
104	0.217363
104	0.0817422
104	0.0564761
104	0.0762333
104	0.0892464
104	0.0743268
104	0.0786656
104	0.0971969
104	0.165754
104	0.165089
104	0.125027
104	0.174422
104	0.0595969
104	0.0804478
104	0.091645
104	0.0734735
104	0.0931235
104	0.216863
104	0.16395
104	0.0960636
104	0.0592
104	0.19584
104	0.0363318
104	0.100622
104	0.112259
104	0.108155
104	0.101383
104	0.027094
104	0.0978613
104	0.166526
104	0.0511565
104	0.118254
104	0.073608
104	0.108963
104	0.0567434
104	0.039892
104	0.144603
104	0.0666282
104	0.229316
104	0.0267225
104	0.170969
104	0.0313977
104	0.0696761
104	0.204937
104	0.187218
104	0.161976
104	0.0675962
104	0.107029
104	0.120983
104	0.229489
104	0.105314
104	0.17016
104	0.0926956
104	0.104681
104	0.0765994
104	0.0372193
104	0.0857788
104	0.0347751
104	0.0430988
104	0.044647
104	0.148027
104	0.179714
104	0.0875855
104	0.0263395
104	0.0679891
104	0.10878
104	0.0488881
104	0.0874466
104	0.232855
104	0.0384343
104	0.216297
104	0.0618744
104	0.019515
104	0.0798253
104	0.103192
104	0.114797
104	0.158976
107	0.0225834
107	0.0597509
107	0.123406
107	0.118114
107	0.0464784
107	0.0412408
107	0.259869
107	0.137545
107	0.0206764
107	0.0538007
107	0.177275
107	0.072294
107	0.126485
107	0.049524
107	0.101093
107	0.10606
107	0.0240846
107	0.114732
107	0.144968
107	0.168422
107	0.136379
107	0.0500626
107	0.125412
107	0.104322
107	0.0995746
107	0.119419
107	0.0561365
107	0.13291
107	0.0522532
107	0.0673698
107	0.0745786
107	0.10492
107	0.0388903
107	0.075532
107	0.121472
107	0.060379
107	0.0572038
107	0.0369861
107	0.111294
107	0.239668
107	0.105728
107	0.0673881
107	0.149165
107	0.0586241
107	0.0793243
107	0.0667817
107	0.0425635
107	0.0752638
107	0.127181
107	0.102355
107	0.0876719
107	0.0190003
107	0.0940512
107	0.0982314
107	0.0721571
107	0.08779
107	0.104584
107	0.134354
107	0.103658
107	0.083837
107	0.1114
107	0.0802236
107	0.0541187
107	0.0746255
107	0.0822368
107	0.181958
107	0.102403
107	0.0655583
107	0.111448
107	0.0476404
107	0.0600795
107	0.0342106
107	0.184123
107	0.154045
107	0.136076
107	0.123365
107	0.0927486
107	0.0919607
107	0.125415
107	0.122162
107	0.0151
107	0.103037
107	0.0320883
107	0.147845
107	0.120583
107	0.14729
107	0.0404674
107	0.126628
107	0.118506
107	0.0272897
107	0.0397862
107	0.0776656
107	0.0438156
107	0.0992614
107	0.0476615
107	0.114676
107	0.0535491
107	0.110211
107	0.0504782
107	0.0805403
110	0.111692
110	0.0673816
110	0.103693
110	0.116744
110	0.105059
110	0.102686
110	0.233783
110	0.0622047
110	0.158688
110	0.186772
110	0.0945257
110	0.0800001
110	0.117725
110	0.0733507
110	0.211719
110	0.156884
110	0.107652
110	0.101574
110	0.205361
110	0.131778
110	0.0441508
110	0.14911
110	0.0790066
110	0.0991804
110	0.0519352
110	0.0803415
110	0.119685
110	0.101643
110	0.0787849
110	0.0616267
110	0.0587867
110	0.251187
110	0.0697434
110	0.0878285
110	0.00372408
110	0.0897388
110	0.0723487
110	0.0422953
110	0.107961
110	0.0759756
110	0.0414485
110	0.0652729
110	0.0229479
110	0.064609
110	0.0998967
110	0.144725
110	0.0776643
110	0.274751
110	0.0562446
110	0.0967311
110	0.0512446
110	0.0457612
110	0.129743
110	0.0731503
110	0.11474
110	0.103778
110	0.103739
110	0.128453
110	0.0759519
110	0.0405895
110	0.0325591
110	0.0887902
110	0.0977796
110	0.114008
110	0.0442015
110	0.0979382
110	0.0430896
110	0.0408606
110	0.0941064
110	0.233159
110	0.171105
110	0.130037
110	0.162992
110	0.1158
110	0.105814
110	0.103476
110	0.0921973
110	0.0593228
110	0.161641
110	0.211438
110	0.176118
110	0.158203
110	0.0438541
110	0.083288
110	0.0844131
110	0.0791367
110	0.0309471
110	0.050128
110	0.136593
110	0.0932935
110	0.0382915
110	0.0736136
110	0.0579987
110	0.109166
110	0.0661029
110	0.0249826
110	0.0173577
110	0.0909498
110	0.0904322
110	0.0907694
113	0.141764
113	0.0867664
113	0.0559223
113	0.0362896
113	0.0800696
113	0.0904645
113	0.103198
113	0.138407
113	0.127415
113	0.167176
113	0.0792059
113	0.0604862
113	0.0647249
113	0.14425
113	0.127761
113	0.113439
113	0.0881734
113	0.0683751
113	0.0861316
113	0.0786825
113	0.0506202
113	0.0223013
113	0.0583885
113	0.0656157
113	0.15559
113	0.158544
113	0.0647735
113	0.0989518
113	0.138159
113	0.115398
113	0.0980397
113	0.0827436
113	0.080478
113	0.028052
113	0.11557
113	0.0216571
113	0.0473308
113	0.0525431
113	0.0193312
113	0.132074
113	0.136909
113	0.226331
113	0.0966095
113	0.126056
113	0.179339
113	0.0522176
113	0.227863
113	0.0478894
113	0.1608
113	0.0541921
113	0.0879027
113	0.0912366
113	0.0617984
113	0.142083
113	0.0339196
113	0.0648008
113	0.106006
113	0.0998316
113	0.185861
113	0.0637939
113	0.145936
113	0.0985482
113	0.120431
113	0.0525742
113	0.06403
113	0.0804285
113	0.0780901
113	0.231536
113	0.0949681
113	0.076414
113	0.0653455
113	0.0671806
113	0.0292528
113	0.0730593
113	0.0503186
113	0.0541596
113	0.0765048
113	0.169207
113	0.0631018
113	0.183235
113	0.0735462
113	0.0585426
113	0.0986659
113	0.0688072
113	0.118648
113	0.104564
113	0.0777693
113	0.0695574
113	0.0940427
113	0.0637598
113	0.0744451
113	0.0837515
113	0.127552
113	0.0387719
113	0.111633
113	0.135934
113	0.070171
113	0.137344
113	0.140956
113	0.147653
116	0.0236872
116	0.0879224
116	0.0628069
116	0.158725
116	0.10809
116	0.142197
116	0.0806297
116	0.14536
116	0.0669577
116	0.0845844
116	0.142365
116	0.119004
116	0.153087
116	0.115437
116	0.0521614
116	0.137966
116	0.0989183
116	0.0932203
116	0.0899866
116	0.0913737
116	0.113019
116	0.04199
116	0.149424
116	0.0497247
116	0.157952
116	0.095208
116	0.121421
116	0.155564
116	0.0597017
116	0.174616
116	0.11541
116	0.248592
116	0.196613
116	0.0137738
116	0.0406811
116	0.0878624
116	0.102298
116	0.043765
116	0.0661228
116	0.109436
116	0.110049
116	0.0294507
116	0.130228
116	0.198932
116	0.16791
116	0.201474
116	0.0828462
116	0.0942106
116	0.265212
116	0.0642219
116	0.0806483
116	0.140976
116	0.0212907
116	0.0901528
116	0.078152
116	0.114436
116	0.221859
116	0.0938353
116	0.0948065
116	0.033241
116	0.0414812
116	0.174009
116	0.0377025
116	0.0455878
116	0.0662766
116	0.0150838
116	0.0580149
116	0.106574
116	0.129114
116	0.242099
116	0.00519338
116	0.199388
116	0.0801462
116	0.0601158
116	0.0351952
116	0.0210175
116	0.0346996
116	0.09942
116	0.0607818
116	0.193574
116	0.215835
116	0.0465481
116	0.108508
116	0.0561586
116	0.105901
116	0.0680768
116	0.0937295
116	0.0452489
116	0.0969294
116	0.0787826
116	0.0687277
116	0.138907
116	0.124298
116	0.109038
116	0.055381
116	0.118084
116	0.0821238
116	0.1007
116	0.117292
116	0.109218
119	0.105905
119	0.1733
119	0.0336953
119	0.0710345
119	0.152261
119	0.062215
119	0.230876
119	0.0233452
119	0.0185726
119	0.0794167
119	0.122403
119	0.0982711
119	0.0342087
119	0.112847
119	0.159418
119	0.011087
119	0.0552651
119	0.0641167
119	0.0977059
119	0.127537
119	0.113484
119	0.0376394
119	0.117111
119	0.0705816
119	0.153495
119	0.0545706
119	0.174561
119	0.118969
119	0.0517283
119	0.0963778
119	0.112092
119	0.0626754
119	0.146888
119	0.172508
119	0.0859477
119	0.0496007
119	0.0896515
119	0.10053
119	0.060433
119	0.0893959
119	0.211382
119	0.0530526
119	0.10292
119	0.160999
119	0.157767
119	0.109012
119	0.0819125
119	0.039126
119	0.0527177
119	0.107454
119	0.16424
119	0.0629911
119	0.0464995
119	0.0665427
119	0.129047
119	0.0187028
119	0.0908149
119	0.0616412
119	0.0473207
119	0.0302503
119	0.0392292
119	0.109397
119	0.131629
119	0.138171
119	0.0829462
119	0.108272
119	0.190681
119	0.150653
119	0.11186
119	0.0571453
119	0.0566448
119	0.067113
119	0.0424371
119	0.00179957
119	0.0763577
119	0.0872295
119	0.0252043
119	0.154872
119	0.0545506
119	0.060624
119	0.0701972
119	0.0641414
119	0.132442
119	0.116424
119	0.069202
119	0.143009
119	0.11375
119	0.0263146
119	0.0814325
119	0.0759069
119	0.07812
119	0.049303
119	0.192531
119	0.155663
119	0.159164
119	0.119697
119	0.335987
119	0.0749541
119	0.257223
119	0.0635395
122	0.0609803
122	0.0635222
122	0.0143187
122	0.207417
122	0.0255748
122	0.0839479
122	0.119412
122	0.163727
122	0.0539447
122	0.107636
122	0.114398
122	0.763219
122	0.117653
122	0.114476
122	0.140726
122	0.172577
122	0.183316
122	0.0291919
122	0.161347
122	0.0846823
122	0.0135179
122	0.0437567
122	0.0412181
122	0.142892
122	0.0715653
122	0.0625773
122	0.0629438
122	0.064586
122	0.0275715
122	0.107553
122	0.0737425
122	0.057196
122	0.0202179
122	0.0888345
122	0.174892
122	0.125756
122	0.0281353
122	0.141957
122	0.0574083
122	0.0767618
122	0.0741711
122	0.120314
122	0.0442981
122	0.0474939
122	0.148659
122	0.048372
122	0.227468
122	0.0996133
122	0.0431247
122	0.00885891
122	0.0613462
122	0.0588676
122	0.0930663
122	0.0331016
122	0.0948419
122	0.0581497
122	0.182741
122	0.101345
122	0.0539172
122	0.0676744
122	0.0861721
122	0.0852391
122	0.0364008
122	0.146079
122	0.162146
122	0.0452203
122	0.0100151
122	0.109036
122	0.0772122
122	0.0430572
122	0.164583
122	0.0912558
122	0.0670505
122	0.112456
122	0.0648438
122	0.0401279
122	0.105102
122	0.146139
122	0.0789335
122	0.0798925
122	0.0913257
122	0.119646
122	0.0182547
122	0.158401
122	0.0403422
122	0.0848224
122	0.17065
122	0.072831
122	0.0881828
122	0.103625
122	0.12668
122	0.820903
122	0.132124
122	0.0570482
122	0.0772225
122	0.163046
122	0.121953
122	0.147135
122	0.0356612
122	0.0728812
125	0.0983591
125	0.136041
125	0.121747
125	0.0459386
125	0.0366195
125	0.0481268
125	0.0641394
125	0.0738821
125	0.0580524
125	0.0262894
125	0.107109
125	0.0969877
125	0.0339413
125	0.0771218
125	0.088206
125	0.100569
125	0.0648087
125	0.0529872
125	0.0954524
125	0.0939999
125	0.14759
125	0.102427
125	0.0822694
125	0.0412298
125	0.0458851
125	0.0654792
125	0.0293815
125	0.0709723
125	0.146302
125	0.157418
125	0.0860354
125	0.0242236
125	0.0587931
125	0.13442
125	0.0140564
125	0.0860175
125	0.0968587
125	0.0734361
125	0.146727
125	0.120093
125	0.0580812
125	0.124061
125	0.0555716
125	0.0783039
125	0.0375778
125	0.171927
125	0.177316
125	0.0684427
125	0.0724214
125	0.0658628
125	0.0604241
125	0.144255
125	0.0692982
125	0.145558
125	0.104723
125	0.166498
125	0.0656586
125	0.148085
125	0.110142
125	0.105872
125	0.063717
125	0.0384733
125	0.0553683
125	0.0871065
125	0.030873
125	0.0366726
125	0.160248
125	0.149842
125	0.074209
125	0.0554345
125	0.0416064
125	0.0989402
125	0.0927459
125	0.0378466
125	0.0595555
125	0.183703
125	0.122164
125	0.179498
125	0.0975298
125	0.0139458
125	0.0835431
125	0.0905084
125	0.0382614
125	0.0741534
125	0.101857
125	0.176593
125	0.0960609
125	0.138463
125	0.093346
125	0.0562149
125	0.0925817
125	0.0697656
125	0.0946132
125	0.0387349
125	0.0231196
125	0.0733884
125	0.154768
125	0.0819431
125	0.0983029
125	0.0256289
128	0.0879373
128	0.0720889
128	0.0412034
128	0.101325
128	0.232929
128	0.145509
128	0.0486578
128	0.083363
128	0.0979075
128	0.188504
128	0.00961538
128	0.0883371
128	0.11353
128	0.0841035
128	0.0731388
128	0.0657301
128	0.0819542
128	0.0819528
128	0.090864
128	0.0692568
128	0.0568844
128	0.179325
128	0.0475505
128	0.0220244
128	0.144124
128	0.035548
128	0.180887
128	0.326634
128	0.0262535
128	0.102236
128	0.111785
128	0.121192
128	0.0907521
128	0.0667443
128	0.0898196
128	0.131307
128	0.073066
128	0.100922
128	0.12277
128	0.024321
128	0.164121
128	0.0344678
128	0.0589438
128	0.0930716
128	0.110399
128	0.185786
128	0.126886
128	0.109622
128	0.0687832
128	0.0558365
128	0.0997894
128	0.216667
128	0.056118
128	0.0660293
128	0.0952613
128	0.124571
128	0.034827
128	0.147031
128	0.0364241
128	0.0288842
128	0.155192
128	0.0341157
128	0.0784404
128	0.0752944
128	0.306297
128	0.0714674
128	0.079772
128	0.0262131
128	0.0423232
128	0.142287
128	0.119485
128	0.0712123
128	0.058206
128	0.168197
128	0.0994674
128	0.142725
128	0.0723685
128	0.0737175
128	0.0759563
128	0.0492136
128	0.092546
128	0.0857759
128	0.141022
128	0.0798954
128	0.0234375
128	0.109958
128	0.0218186
128	0.181157
128	0.0489735
128	0.0563477
128	0.0796359
128	0.123657
128	0.135509
128	0.0735062
128	0.114094
128	0.0952962
128	0.0375539
128	0.0710574
128	0.131371
128	0.102466
131	0.0790336
131	0.0713492
131	0.00523302
131	0.0461696
131	0.138676
131	0.0675604
131	0.100364
131	0.136977
131	0.043516
131	0.0612029
131	0.221194
131	0.0694354
131	0.0831116
131	0.095633
131	0.0460212
131	0.142192
131	0.0866713
131	0.138419
131	0.0210149
131	0.0829467
131	0.106893
131	0.0688238
131	0.0787569
131	0.0842278
131	0.0641202
131	0.128313
131	0.112903
131	0.0491186
131	0.013708
131	0.127785
131	0.0546468
131	0.0950394
131	0.0820441
131	0.0791111
131	0.123176
131	0.131895
131	0.114853
131	0.0956028
131	0.0439977
131	0.0693536
131	0.113851
131	0.0408158
131	0.0475551
131	0.151158
131	0.0962687
131	0.072687
131	0.0753891
131	0.112234
131	0.104783
131	0.148039
131	0.0732098
131	0.0871753
131	0.0969811
131	0.0828567
131	0.137393
131	0.0918959
131	0.0590623
131	0.110031
131	0.0468391
131	0.0717734
131	0.0956479
131	0.263902
131	0.0863699
131	0.0228466
131	0.116019
131	0.240207
131	0.137047
131	0.154787
131	0.0754975
131	0.0604687
131	0.0294382
131	0.0868576
131	0.0588858
131	0.0566312
131	0.100647
131	0.0842123
131	0.0700206
131	0.0726823
131	0.0487468
131	0.121837
131	0.12409
131	0.04864
131	0.10212
131	0.201642
131	0.0222064
131	0.215045
131	0.0502166
131	0.0860019
131	0.067439
131	0.132934
131	0.160776
131	0.103388
131	0.0666028
131	0.126124
131	0.215949
131	0.181888
131	0.0429306
131	0.111294
131	0.0684689
131	0.114204
134	0.0504613
134	0.059526
134	0.101681
134	0.0791561
134	0.108058
134	0.111257
134	0.0580717
134	0.136779
134	0.159519
134	0.114569
134	0.0629393
134	0.0672638
134	0.101102
134	0.084078
134	0.148168
134	0.16957
134	0.119672
134	0.0747875
134	0.0930619
134	0.202255
134	0.166055
134	0.129124
134	0.0562811
134	0.121925
134	0.0871223
134	0.117692
134	0.125179
134	0.0631058
134	0.0865862
134	0.035407
134	0.123338
134	0.0873631
134	0.194373
134	0.115836
134	0.104123
134	0.229146
134	0.0983637
134	0.00342466
134	0.114438
134	0.0682838
134	0.0761163
134	0.169845
134	0.0345777
134	0.134205
134	0.0622305
134	0.118371
134	0.094865
134	0.0551825
134	0.0987639
134	0.0629273
134	0.0136223
134	0.0118501
134	0.0799845
134	0.108958
134	0.0599332
134	0.177195
134	0.131867
134	0.0787214
134	0.0477254
134	0.160958
134	0.0138465
134	0.139299
134	0.107845
134	0.120455
134	0.0239757
134	0.0522065
134	0.0572532
134	0.0978025
134	0.139793
134	0.0630862
134	0.149568
134	0.0937591
134	0.0750732
134	0.10946
134	0.110472
134	0.0916739
134	0.113349
134	0.023841
134	0.0706382
134	0.0970504
134	0.074178
134	0.133348
134	0.0688635
134	0.209162
134	0.0731896
134	0.17655
134	0.0734128
134	0.0988367
134	0.0957682
134	0.0962514
134	0.0571858
134	0.0928564
134	0.098624
134	0.0915648
134	0.156596
134	0.0721164
134	0.133552
134	0.0292114
134	0.0371329
134	0.0946404
137	0.138402
137	0.121555
137	0.113057
137	0.0593427
137	0.0139238
137	0.0955643
137	0.195829
137	0.0574397
137	0.0479126
137	0.067683
137	0.135349
137	0.131171
137	0.0666023
137	0.0880779
137	0.084237
137	0.108429
137	0.0726845
137	0.102512
137	0.128593
137	0.0621916
137	0.0946968
137	0.0750301
137	0.113131
137	0.117553
137	0.193278
137	0.0413492
137	0.054106
137	0.0341263
137	0.152341
137	0.0844838
137	0.0661168
137	0.10229
137	0.0472356
137	0.192675
137	0.0548498
137	0.144035
137	0.0166059
137	0.112058
137	0.0879271
137	0.0745129
137	0.0792341
137	0.0440376
137	0.024847
137	0.0599881
137	0.0625648
137	0.0559568
137	0.0720799
137	0.137048
137	0.197114
137	0.138855
137	0.0733571
137	0.0606175
137	0.0918287
137	0.052679
137	0.111141
137	0.0384337
137	0.123362
137	0.148321
137	0.0642057
137	0.115106
137	0.0906959
137	0.0861828
137	0.0572093
137	0.0597055
137	0.101038
137	0.0411843
137	0.0842527
137	0.136518
137	0.213089
137	0.127089
137	0.0685482
137	0.217014
137	0.0655121
137	0.0765669
137	0.0309954
137	0.0368586
137	0.17837
137	0.0739778
137	0.0122999
137	0.12296
137	0.0910838
137	0.105352
137	0.0642326
137	0.120826
137	0.100755
137	0.0657935
137	0.0401169
137	0.0541763
137	0.162715
137	0.0829708
137	0.0749658
137	0.103293
137	0.115284
137	0.145307
137	0.12355
137	0.0927429
137	0.259457
137	0.0998318
137	0.125631
137	0.074086
140	0.131749
140	0.0792361
140	0.0549378
140	0.114849
140	0.118514
140	0.0753867
140	0.0775193
140	0.04336
140	0.0149496
140	0.081542
140	0.0585495
140	0.134115
140	0.121274
140	0.237464
140	0.0222363
140	0.14728
140	0.0789933
140	0.0978862
140	0.124339
140	0.0846293
140	0.0607514
140	0.0843838
140	0.0682593
140	0.0353087
140	0.0714755
140	0.0572536
140	0.0662143
140	0.0791787
140	0.0132962
140	0.163409
140	0.105203
140	0.173742
140	0.110393
140	0.0744141
140	0.128641
140	0.125
140	0.0444115
140	0.0744287
140	0.0940381
140	0.0924466
140	0.896499
140	0.12159
140	0.16475
140	0.0792201
140	0.136099
140	0.0763923
140	0.078323
140	0.14539
140	0.14911
140	0.0817237
140	0.103781
140	0.119678
140	0.101013
140	0.129409
140	0.0477946
140	0.0776947
140	0.0666051
140	0.147255
140	0.271377
140	0.128784
140	0.0936887
140	0.0752894
140	0.12055
140	0.0173135
140	0.101657
140	0.0102405
140	0.071549
140	0.134264
140	0.10494
140	0.0714114
140	0.10669
140	0.105588
140	0.0823623
140	0.114734
140	0.0219042
140	0.0902258
140	0.0851327
140	0.0991924
140	0.116397
140	0.079032
140	0.0458548
140	0.0914654
140	0.0762562
140	0.0701881
140	0.0390249
140	0.0977859
140	0.142895
140	0.0956562
140	0.104173
140	0.0602621
140	0.11295
140	0.0321537
140	0.0717992
140	0.0705305
140	0.0330031
140	0.089304
140	0.0747931
140	0.0511983
140	0.108669
140	0.121041
143	0.107075
143	0.0966031
143	0.102546
143	0.0708845
143	0.156195
143	0.0597696
143	0.0594215
143	0.0430622
143	0.0519979
143	0.093272
143	0.0766799
143	0.0892366
143	0.0639727
143	0.0188798
143	0.0698552
143	0.0719292
143	0.0449172
143	0.0717043
143	0.20917
143	0.176735
143	0.11598
143	0.0862451
143	0.0934873
143	0.120106
143	0.0999148
143	0.129165
143	0.0678605
143	0.0333333
143	0.00638561
143	0.11751
143	0.116912
143	0.106518
143	0.16843
143	0.150545
143	0.126043
143	0.0496677
143	0.157384
143	0.0524664
143	0.119029
143	0.0579828
143	0.19447
143	0.0633117
143	0.104429
143	0.164672
143	0.143958
143	0.229766
143	0.120118
143	0.107678
143	0.029669
143	0.0800218
143	0.0854983
143	0.150277
143	0.0798395
143	0.193175
143	0.089214
143	0.106163
143	0.139749
143	0.179044
143	0.108759
143	0.106332
143	0.044967
143	0.0372712
143	0.121426
143	0.0812162
143	0.121121
143	0.140173
143	0.0709094
143	0.0974659
143	0.10279
143	0.144261
143	0.0721585
143	0.192096
143	0.140066
143	0.158916
143	0.0798426
143	0.0820468
143	0.0802541
143	0.0794446
143	0.0673953
143	0.0866051
143	0.0645143
143	0.115362
143	0.132578
143	0.0536502
143	0.074342
143	0.138215
143	0.0652387
143	0.0749077
143	0.107537
143	0.0821278
143	0.111061
143	0.0876979
143	0.0893832
143	0.0707515
143	0.0427167
143	0.0605892
143	0.123417
143	0.0947174
143	0.109331
143	0.0906716
146	0.120128
146	0.0465085
146	0.120163
146	0.0391534
146	0.0902356
146	0.130275
146	0.0977517
146	0.119135
146	0.145223
146	0.0636368
146	0.103518
146	0.0528058
146	0.174582
146	0.0707531
146	0.0648137
146	0.0440526
146	0.173092
146	0.0812759
146	0.183089
146	0.0826954
146	0.0222094
146	0.192254
146	0.0754805
146	0.0507068
146	0.069812
146	0.0943359
146	0.0743258
146	0.0835941
146	0.0660661
146	0.0977104
146	0.177271
146	0.146601
146	0.0731193
146	0.093175
146	0.0432368
146	0.0527096
146	0.152647
146	0.00324675
146	0.05773
146	0.0486911
146	0.11615
146	0.136973
146	0.0671293
146	0.049094
146	0.202917
146	0.0767499
146	0.114618
146	0.13607
146	0.0776537
146	0.109376
146	0.227768
146	0.0900212
146	0.0470864
146	0.0697701
146	0.0733814
146	0.0853329
146	0.0475998
146	0.0261906
146	0.0448545
146	0.0479857
146	0.0564783
146	0.12287
146	0.0933764
146	0.190974
146	0.0244927
146	0.158437
146	0.0856727
146	0.0711754
146	0.108573
146	0.0501472
146	0.0297511
146	0.116928
146	0.0139037
146	0.220264
146	0.0487155
146	0.0822107
146	0.0413874
146	0.277464
146	0.0511906
146	0.075274
146	0.093702
146	0.183126
146	0.137835
146	0.0617799
146	0.069037
146	0.123197
146	0.0820288
146	0.108349
146	0.0811297
146	0.0176056
146	0.0734743
146	0.083487
146	0.0435681
146	0.117792
146	0.0702604
146	0.155484
146	0.042846
146	0.126141
146	0.064531
146	0.177167
149	0.13081
149	0.0876435
149	0.260975
149	0.0562945
149	0.0701639
149	0.141348
149	0.122169
149	0.00350192
149	0.047037
149	0.154511
149	0.070422
149	0.140194
149	0.0586626
149	0.0944019
149	0.0379553
149	0.0672042
149	0.141605
149	0.0453373
149	0.0859246
149	0.0239159
149	0.0689767
149	0.125262
149	0.14988
149	0.151955
149	0.0867702
149	0.0564128
149	0.099679
149	0.028169
149	0.0795432
149	0.0521779
149	0.0451849
149	0.0955413
149	0.16588
149	0.0288152
149	0.100115
149	0.0752638
149	0.054915
149	0.0863097
149	0.0263081
149	0.0315309
149	0.0656612
149	0.0798712
149	0.0624032
149	0.0422819
149	0.0457205
149	0.124545
149	0.0195459
149	0.117119
149	0.195404
149	0.0964648
149	0.0631852
149	0.0880785
149	0.0960091
149	0.0821956
149	0.0701563
149	0.0655907
149	0.0862145
149	0.123841
149	0.0754821
149	0.0964912
149	0.0877179
149	0.0307286
149	0.0535872
149	0.11416
149	0.064591
149	0.182778
149	0.0820386
149	0.112965
149	0.0961519
149	0.114274
149	0.0110556
149	0.107212
149	0.101767
149	0.127559
149	0.0611191
149	0.0477815
149	0.0299309
149	0.0967631
149	0.181868
149	0.0621844
149	0.0446307
149	0.072244
149	0.0888412
149	0.155159
149	0.0240867
149	0.0704381
149	0.0462204
149	0.0746586
149	0.17195
149	0.0676772
149	0.143076
149	0.159071
149	0.147763
149	0.134726
149	0.0773204
149	0.0441731
149	0.0597964
149	0.0506415
149	0.0673635
149	0.060236
152	0.193153
152	0.14378
152	0.0533745
152	0.0419878
152	0.0865876
152	0.157369
152	0.0213848
152	0.0961687
152	0.0607609
152	0.0309745
152	0.0354072
152	0.0862242
152	0.109128
152	0.140377
152	0.146944
152	0.0903489
152	0.184222
152	0.0445243
152	0.226856
152	0.211578
152	0.0743241
152	0.02683
152	0.0237009
152	0.0767163
152	0.116626
152	0.0822269
152	0.106192
152	0.11854
152	0.104049
152	0.0995062
152	0.0549336
152	0.0703644
152	0.075204
152	0.10277
152	0.133873
152	0.0862156
152	0.128515
152	0.0504217
152	0.166924
152	0.0913733
152	0.0471269
152	0.00125893
152	0.117734
152	0.117113
152	0.0334736
152	0.0773703
152	0.0458437
152	0.0567373
152	0.0871179
152	0.227692
152	0.0451042
152	0.0951652
152	0.033274
152	0.0450401
152	0.107924
152	0.11281
152	0.0590553
152	0.132323
152	0.0546879
152	0.0909753
152	0.0718609
152	0.100617
152	0.0868824
152	0.0546867
152	0.0658512
152	0.061253
152	0.152079
152	0.106787
152	0.166631
152	0.0550168
152	0.0927608
152	0.0785096
152	0.0717234
152	0.065683
152	0.0519994
152	0.0737268
152	0.0540652
152	0.0948527
152	0.0508152
152	0.0822805
152	0.0352331
152	0.054171
152	0.090036
152	0.0716236
152	0.13162
152	0.0534108
152	0.0766455
152	0.0582077
152	0.0656315
152	0.0754509
152	0.0427077
152	0.0856834
152	0.119658
152	0.0960995
152	0.147641
152	0.115834
152	0.0762685
152	0.0312969
152	0.0535381
152	0.0586125
155	0.068725
155	0.0498651
155	0.0752871
155	0.110414
155	0.0226947
155	0.044602
155	0.0720646
155	0.0966763
155	0.0747024
155	0.0817488
155	0.205449
155	0.0385879
155	0.055782
155	0.0916329
155	0.0458675
155	0.147354
155	0.0471168
155	0.207948
155	0.127436
155	0.170323
155	0.113779
155	0.0299949
155	0.0865074
155	0.158822
155	0.112014
155	0.0670635
155	0.110315
155	0.0675884
155	0.11573
155	0.0675313
155	0.0734331
155	0.0524333
155	0.14805
155	0.153287
155	0.0629814
155	0.125881
155	0.147186
155	0.0807815
155	0.108826
155	0.0991203
155	0.0896112
155	0.0827999
155	0.0570789
155	0.111347
155	0.0381153
155	0.10897
155	0.135869
155	0.0774993
155	0.0487098
155	0.0425336
155	0.0598943
155	0.0375456
155	0.0543407
155	0.133921
155	0.0671617
155	0.0986115
155	0.112616
155	0.092061
155	0.102066
155	0.0544613
155	0.0137193
155	0.0328947
155	0.0799389
155	0.0835136
155	0.094652
155	0.0845189
155	0.0290512
155	0.061803
155	0.170966
155	0.0480067
155	0.0430335
155	0.102466
155	0.0281686
155	0.0475286
155	0.0950333
155	0.0496414
155	0.108143
155	0.0754919
155	0.0659257
155	0.110317
155	0.113466
155	0.0463818
155	0.205452
155	0.120166
155	0.0809025
155	0.0543844
155	0.0861073
155	0.0513782
155	0.173187
155	0.170066
155	0.0600793
155	0.116633
155	0.0726648
155	0.193901
155	0.0847889
155	0.119352
155	0.0916206
155	0.0333301
155	0.0234867
155	0.199659
158	0.074776
158	0.0299925
158	0.0991562
158	0.0564387
158	0.0568764
158	0.0923172
158	0.116389
158	0.101058
158	0.103766
158	0.101188
158	0.0330012
158	0.0630181
158	0.107999
158	0.245865
158	0.0631178
158	0.0546898
158	0.0357426
158	0.243658
158	0.0927252
158	0.125032
158	0.0238632
158	0.0605692
158	0.0795658
158	0.0722452
158	0.126369
158	0.0761095
158	0.0427453
158	0.0730392
158	0.127999
158	0.065832
158	0.1061
158	0.102249
158	0.0936119
158	0.292365
158	0.0819823
158	0.0610437
158	0.0664811
158	0.0326445
158	0.0813918
158	0.0186211
158	0.0807979
158	0.0638309
158	0.119011
158	0.103779
158	0.0645331
158	0.170695
158	0.123231
158	0.117533
158	0.0472488
158	0.0905773
158	0.175724
158	0.0563741
158	0.138476
158	0.0585112
158	0.0321778
158	0.0821304
158	0.0667372
158	0.071883
158	0.123824
158	0.0677776
158	0.0781403
158	0.0660942
158	0.16236
158	0.107019
158	0.0238719
158	0.0510485
158	0.0954807
158	0.0646832
158	0.0893127
158	0.103956
158	0.104567
158	0.211672
158	0.099899
158	0.0422998
158	0.0687985
158	0.054967
158	0.158973
158	0.154636
158	0.0585005
158	0.0607795
158	0.107685
158	0.0753679
158	0.325965
158	0.0341329
158	0.0715384
158	0.0721958
158	0.161138
158	0.177725
158	0.0708472
158	0.11982
158	0.0694799
158	0.0569218
158	0.0487555
158	0
158	0.150689
158	0.104758
158	0.0832272
158	0.0175674
158	0.0801368
158	0.0343253
161	0.0830422
161	0.0515928
161	0.096997
161	0.150489
161	0.0161151
161	0.16507
161	0.0769724
161	0.077785
161	0.0776475
161	0.0121342
161	0.0666014
161	0.0386473
161	0.133646
161	0.0207893
161	0.0908323
161	0.0407911
161	0.0508244
161	0.0720437
161	0.0400908
161	0.160364
161	0.0664452
161	0.125125
161	0.166076
161	0.12965
161	0.0790425
161	0.109603
161	0.0575086
161	0.0650635
161	0.0486901
161	0.133451
161	0.0664967
161	0.0576057
161	0.0387935
161	0.131993
161	0.152778
161	0.0928315
161	0.261124
161	0.0417161
161	0.143167
161	0.0504579
161	0.034509
161	0.0442168
161	0.144561
161	0.157513
161	0.10216
161	0.0541985
161	0.0626356
161	0.0780796
161	0.120954
161	0.076776
161	0.136031
161	0.0312883
161	0.101189
161	0.112698
161	0.101205
161	0.0903833
161	0.115966
161	0.122557
161	0.0584956
161	0.0823362
161	0.0407901
161	0.0925006
161	0.0483136
161	0.0620282
161	0.128247
161	0.0906021
161	0.099796
161	0.10681
161	0.0993018
161	0.0655225
161	0.109341
161	0.0942093
161	0.138289
161	0.0486431
161	0.0990534
161	0.0622469
161	0.239288
161	0.072451
161	0.0698661
161	0.0723684
161	0.137512
161	0.107935
161	0.0989984
161	0.140523
161	0.0850982
161	0.0561381
161	0.168012
161	0.0267447
161	0.072225
161	0.0390765
161	0.0685248
161	0.0609344
161	0.0702907
161	0.0967505
161	0.215182
161	0.146407
161	0.127184
161	0.111367
161	0.142111
161	0.0343819
164	0.0646021
164	0.0804344
164	0.0806823
164	0.0513246
164	0.111192
164	0.0636068
164	0.0863324
164	0.0943714
164	0.0454227
164	0.0795693
164	0.0816736
164	0.0765865
164	0.0368226
164	0.0112801
164	0.0702898
164	0.154812
164	0.0884687
164	0.103294
164	0.134108
164	0.0360869
164	0.0644506
164	0.0365583
164	0.0377375
164	0.0582721
164	0.0322241
164	0.0816414
164	0.0851892
164	0.184679
164	0.0445168
164	0.0683651
164	0.104794
164	0.0297677
164	0.0887358
164	0.0383446
164	0.0686128
164	0.119998
164	0.104552
164	0.131568
164	0.169824
164	0.0644776
164	0.198026
164	0.112664
164	0.165399
164	0.143583
164	0.087412
164	0.0857424
164	0.0291805
164	0.126002
164	0.054544
164	0.0507547
164	0.128643
164	0.0854406
164	0.0675472
164	0.032928
164	0.107995
164	0.112446
164	0.0126514
164	0.049875
164	0.0323065
164	0.0911069
164	0.0916401
164	0.0826332
164	0.0338311
164	0.125032
164	0.0436748
164	0.0556999
164	0.0455439
164	0.0667946
164	0.0786137
164	0.0713577
164	0.0241927
164	0.1446
164	0.0844114
164	0.0539319
164	0.100774
164	0.0839687
164	0.132436
164	0.046225
164	0.0124735
164	0.124372
164	0.094365
164	0.0269644
164	0.355534
164	0.0302555
164	0.0365652
164	0.056253
164	0.0796581
164	0.0684543
164	0.089675
164	0.127299
164	0.0260643
164	0.0964594
164	0.0344907
164	0.126937
164	0.152774
164	0.119041
164	0.0542233
164	0.0700928
164	0.0654663
164	0.07602
167	0.0572217
167	0.0580133
167	0.0553845
167	0.0446352
167	0.11353
167	0.0357791
167	0.160985
167	0.059527
167	0.0455138
167	0.283734
167	0.10778
167	0.203134
167	0.0897458
167	0.0936096
167	0.132262
167	0.0860434
167	0.0673437
167	0.023029
167	0.150605
167	0.190817
167	0.0398675
167	0.0759668
167	0.0749271
167	0.0966347
167	0.139331
167	0.0690193
167	0.059024
167	0.11036
167	0.0557525
167	0.130281
167	0.174773
167	0.0235733
167	0.0862893
167	0.101071
167	0.0410417
167	0.103364
167	0.142344
167	0.0997942
167	0.0666845
167	0.0775401
167	0.239357
167	0.0595829
167	0.0622155
167	0.0659363
167	0.082622
167	0.108368
167	0.0598812
167	0.097409
167	0.093294
167	0.0659358
167	0.0281376
167	0.0552407
167	0.163314
167	0.122906
167	0.0553078
167	0.0856334
167	0.0329704
167	0.248302
167	0.0243849
167	0.116793
167	0.204943
167	0.0576176
167	0.0459714
167	0.0830287
167	0.0769247
167	0.039873
167	0.0512442
167	0.0521877
167	0.0823802
167	0.0986883
167	0.0252471
167	0.0737903
167	0.154471
167	0.208477
167	0.10581
167	0.070658
167	0.0975702
167	0.158155
167	0.123997
167	0.0499955
167	0.0232604
167	0.0278339
167	0.0999712
167	0.0860399
167	0.013139
167	0.0385631
167	0.0433878
167	0.110306
167	0.0477176
167	0.0829337
167	0.196721
167	0.122422
167	0.0589373
167	0.104707
167	0.142731
167	0.0796485
167	0.0960319
167	0.0331375
167	0.0624608
167	0.0643595
170	0.0997538
170	0.0947153
170	0.110614
170	0.0260533
170	0.0183355
170	0.0381878
170	0.0828135
170	0.0353242
170	0.0592684
170	0.119738
170	0.118611
170	0.082358
170	0.0438763
170	0.0730309
170	0.0705243
170	0.0671322
170	0.0798301
170	0.0554708
170	0.0994445
170	0.00697864
170	0.0510529
170	0.0999349
170	0.0893993
170	0.063382
170	0.0529148
170	0.0331085
170	0.0115394
170	0.0632438
170	0.110901
170	0.102186
170	0.168498
170	0.0766951
170	0.037399
170	0.0618277
170	0.0744534
170	0.0769847
170	0.180525
170	0.065251
170	0.0765741
170	0.0602207
170	0.0606768
170	0.156168
170	0.0652152
170	0.0530424
170	0.0247061
170	0.0556676
170	0.0942007
170	0.0492181
170	0.044346
170	0.0358981
170	0.0372333
170	0.0638881
170	0.0802345
170	0.0663916
170	0.0580568
170	0.0562353
170	0.0701888
170	0.0504111
170	0.0608608
170	0.0836683
170	0.0781046
170	0.12286
170	0.0658512
170	0.260143
170	0.0459436
170	0.0282868
170	0.0809292
170	0.107289
170	0.0567965
170	0.0656851
170	0.0552295
170	0.0269439
170	0.0531524
170	0.105808
170	0.0959961
170	0.0548659
170	0.103157
170	0.0680937
170	0.068282
170	0.0647932
170	0.114848
170	0.122493
170	0.0793455
170	0.126548
170	0.188914
170	0.230563
170	0.0608717
170	0.0909013
170	0.0935609
170	0.103927
170	0.0354204
170	0.108996
170	0.0570142
170	0.0921986
170	0.100652
170	0.108122
170	0.053528
170	0.0615417
170	0.0594905
170	0.0210915
173	0.0575823
173	0.0911845
173	0.0911568
173	0.0827648
173	0.0514443
173	0.206521
173	0.199152
173	0.0775654
173	0.325387
173	0.0276134
173	0.0463432
173	0.0131984
173	0.0358041
173	0.0341712
173	0.0128461
173	0.219112
173	0.25963
173	0.0676844
173	0.229032
173	0.0941945
173	0.0852571
173	0.0534723
173	0.180811
173	0.0198487
173	0.0513868
173	0.114822
173	0.0992283
173	0.0556078
173	0.0855994
173	0.0175205
173	0.0410694
173	0.107826
173	0.101076
173	0.0892669
173	0.0621755
173	0.095979
173	0.11688
173	0.106386
173	0.148603
173	0.0407673
173	0.103408
173	0.0734895
173	0.0987119
173	0.0337373
173	0.0934353
173	0.0688391
173	0.04891
173	0.0933944
173	0.0850819
173	0.042141
173	0.0470232
173	0.0486447
173	0.118635
173	0.0860447
173	0.0192325
173	0.063778
173	0.0187944
173	0.180657
173	0.0903557
173	0.0373813
173	0.0445129
173	0.113018
173	0.0217401
173	0.0707762
173	0.0999824
173	0.136986
173	0.0617647
173	0.0939989
173	0.0539469
173	0.247469
173	0.0624757
173	0.0964155
173	0.04819
173	0.138984
173	0.0852861
173	0.0648455
173	0.0787273
173	0.0446658
173	0.172859
173	0.055278
173	0.0346751
173	0.0819368
173	0.0848087
173	0.0545857
173	0.0392092
173	0.0220839
173	0.119848
173	0.0974915
173	0.0451055
173	0.0349384
173	0.157907
173	0.256979
173	0.033014
173	0.157019
173	0.103834
173	0.0527093
173	0.0798066
173	0.104762
173	0.143043
173	0.0397644
176	0.0877233
176	0.0844358
176	0.0378387
176	0.190873
176	0.0698354
176	0.167838
176	0.0441568
176	0.0553712
176	0.111259
176	0.11577
176	0.0197615
176	0.117122
176	0.0285523
176	0.0267169
176	0.00357143
176	0.0700088
176	0.102496
176	0.0935411
176	0.0217088
176	0.0994122
176	0.153839
176	0.057956
176	0.0698877
176	0.0740752
176	0.0459057
176	0.0855384
176	0.0128438
176	0.0433451
176	0.0863112
176	0.0442872
176	0.203698
176	0.0711107
176	0.096955
176	0.0714715
176	0.129041
176	0.0259254
176	0.0379602
176	0.111523
176	0.0709635
176	0.184644
176	0.0617545
176	0.0733516
176	0.134273
176	0.0744918
176	0.0785541
176	0.0157322
176	0.0163071
176	0.0973033
176	0.107039
176	0.102345
176	0.323284
176	0.0458511
176	0.0773997
176	0.0737299
176	0.128177
176	0.0494515
176	0.0973855
176	0.021046
176	0.0963358
176	0.0857906
176	0.048361
176	0.0646133
176	0.0106903
176	0.210725
176	0.038935
176	0.0159354
176	0.0295495
176	0.0871911
176	0.0309387
176	0.0994876
176	0.142715
176	0.0748007
176	0.0890453
176	0.18229
176	0.0362831
176	0.13852
176	0.0854417
176	0.0681686
176	0.0505689
176	0.090816
176	0.0480943
176	0.0611702
176	0.11494
176	0.0468421
176	0.10221
176	0.0729756
176	0.0636085
176	0.0409651
176	0.179565
176	0.0856956
176	0.055997
176	0.0652826
176	0.129154
176	0.288988
176	0.0887455
176	0.045045
176	0.0731258
176	0.0531552
176	0.0406237
176	0.0573325
179	0.11624
179	0.0302623
179	0.0957681
179	0.0214997
179	0.0931621
179	0.0447454
179	0.022785
179	0.0805158
179	0.0459962
179	0.170605
179	0.0879159
179	0.397361
179	0.141611
179	0.122858
179	0.036754
179	0.048902
179	0.149369
179	0.0129348
179	0.0752795
179	0.0145892
179	0.0183238
179	0.0451491
179	0.139047
179	0.0397474
179	0.128093
179	0.0276732
179	0.0161537
179	0.0718055
179	0.0266664
179	0.0741701
179	0.04263
179	0.0995776
179	0.0895579
179	0.0514161
179	0.0868495
179	0.0186442
179	0.158526
179	0.0176497
179	0.0659128
179	0.0718298
179	0.092829
179	0.0319397
179	0.122623
179	0.0773248
179	0.0675003
179	0.0809223
179	0.147337
179	0.0953478
179	0.171963
179	0.139711
179	0.00864194
179	0.158825
179	0.1195
179	0.0981835
179	0.0486269
179	0.0626753
179	0.0940465
179	0.0368626
179	0.110088
179	0.0547069
179	0.0553134
179	0.0499815
179	0.0956912
179	0.0734205
179	0.0498451
179	0.067116
179	0.0930752
179	0.127315
179	0.0327912
179	0.0556697
179	0.0314627
179	0.117544
179	0.084623
179	0.0731194
179	0.110207
179	0.300084
179	0.013561
179	0.10335
179	0.0318931
179	0.100839
179	0.0460126
179	0.143229
179	0.0812033
179	0.0861731
179	0.0805628
179	0.110503
179	0.130038
179	0.045816
179	0.0382394
179	0.130131
179	0.0519977
179	0.0897084
179	0.0639805
179	0.0416507
179	0.112649
179	0.128735
179	0.0186001
179	0.0832391
179	0.044213
179	0.0680269
182	0.0501355
182	0.0549816
182	0.124561
182	0.0456547
182	0.0384928
182	0.0149725
182	0.0677333
182	0.0906084
182	0.397431
182	0.0430687
182	0.042758
182	0.117333
182	0.0068921
182	0.13856
182	0.230477
182	0.0287802
182	0.0683958
182	0.0713574
182	0.0475152
182	0.0987358
182	0.0595681
182	0.0363312
182	0.141575
182	0.0578238
182	0.0972156
182	0.0544724
182	0.0588735
182	0.0245596
182	0.109337
182	0.0373125
182	0.129284
182	0.078646
182	0.0473297
182	0.0996363
182	0.0558458
182	0.0590232
182	0.0399902
182	0.0864566
182	0.085901
182	0.0488894
182	0.0302055
182	0.078018
182	0.140101
182	0.139919
182	0.0683573
182	0.0763107
182	0.0875754
182	0.106459
182	0.200476
182	0.0427335
182	0.0911345
182	0.214011
182	0.0850456
182	0.187629
182	0.158607
182	0.0738095
182	0.0520527
182	0.0640929
182	0.0654747
182	0.0839378
182	0.0808874
182	0.0953667
182	0.0869963
182	0.0885949
182	0.0821131
182	0.150955
182	0.0503451
182	0.248476
182	0.0538338
182	0.0834554
182	0.0537696
182	0.0233333
182	0.0257594
182	0.109593
182	0.0644689
182	0.0391479
182	0.165265
182	0.051976
182	0.0365704
182	0.0289941
182	0.0508626
182	0.134282
182	0.0753099
182	0.0941966
182	0.063788
182	0.321936
182	0.135929
182	0.0296053
182	0.0124963
182	0.143677
182	0.0794977
182	0.040152
182	0.0534193
182	0.0628883
182	0.0633063
182	0.051565
182	0.084881
182	0.136249
182	0.196799
182	0.0766667
185	0.140202
185	0.0511059
185	0.159835
185	0.0595543
185	0.0243856
185	0.0733333
185	0.0569859
185	0.139755
185	0.0849987
185	0.119481
185	0.0703983
185	0.0360708
185	0.110397
185	0.0322907
185	0.0947197
185	0.106028
185	0.101139
185	0.0887994
185	0.13985
185	0.0408755
185	0.0991241
185	0.0599036
185	0.0536815
185	0.13585
185	0.0300319
185	0.100838
185	0.132009
185	0.0534856
185	0.133099
185	0.0647505
185	0.0341138
185	0.0412321
185	0.0625086
185	0.0367463
185	0.180679
185	0.115625
185	0.0854767
185	0.0820801
185	0.106869
185	0
185	0.0275551
185	0.0865577
185	0.0307519
185	0.0551168
185	0.021296
185	0.021329
185	0.109488
185	0.103635
185	0.0877172
185	0.0335805
185	0.104801
185	0.0498353
185	0.0765471
185	0.112911
185	0.0780396
185	0.0379786
185	0.107877
185	0.149789
185	0.121647
185	0.075004
185	0.0484737
185	0.0793384
185	0.0615639
185	0.0573955
185	0.124709
185	0.0958633
185	0.035668
185	0.0787857
185	0.0740765
185	0.0143456
185	0.0948391
185	0.0640065
185	0.145995
185	0.0347626
185	0.117406
185	0.038624
185	0.0430369
185	0.157105
185	0.0625803
185	0.0302085
185	0.035099
185	0.131406
185	0.053852
185	0.0334889
185	0.0373202
185	0.0949483
185	0.0396733
185	0.0676804
185	0.0803169
185	0.00156034
185	0.0431558
185	0.0370405
185	0.117944
185	0.0457044
185	0.0833107
185	0.0811503
185	0.0840521
185	0.146839
185	0.0313617
185	0.150268
188	0.078768
188	0.123494
188	0.0557942
188	0.098206
188	0.100699
188	0.118841
188	0.135379
188	0.0387111
188	0.0505203
188	0.0548332
188	0.0488188
188	0.0558533
188	0.0670905
188	0.0467982
188	0.0074603
188	0.115493
188	0.0891572
188	0.0534869
188	0.0527055
188	0.015436
188	0.0574399
188	0.116417
188	0.0608639
188	0.15823
188	0.11168
188	0.0743939
188	0.0875571
188	0.0951368
188	0.0485634
188	0.0358519
188	0.164637
188	0.103249
188	0.058237
188	0.0744201
188	0.0937371
188	0.0803997
188	0.06531
188	0.0386857
188	0.117709
188	0.0586928
188	0.0748833
188	0.362462
188	0.061913
188	0.0702721
188	0.137837
188	0.0540606
188	0.0915443
188	0.0835639
188	0.070333
188	0.0489501
188	0.0224774
188	0.0655097
188	0.110838
188	0.0198142
188	0.0205193
188	0.0714398
188	0.0962177
188	0.0554941
188	0.0542315
188	0.157891
188	0.040287
188	0.0400992
188	0.0990209
188	0.0977969
188	0.0521412
188	0.0474656
188	0.174158
188	0.0929831
188	0.0946985
188	0.0569548
188	0.0648667
188	0.0744545
188	0.185245
188	0.0858106
188	0.0966033
188	0.0551617
188	0.0457746
188	0.0792045
188	0.0317691
188	0.0698278
188	0.0360007
188	0.157271
188	0.0622215
188	0.106206
188	0.0884241
188	0.0950497
188	0.179627
188	0.0426032
188	0.0675468
188	0.0193807
188	0.103468
188	0.047636
188	0.0733766
188	0.0999839
188	0.0105167
188	0.036227
188	0.0570663
188	0.03467
188	0.0529859
188	0.173036
191	0.061283
191	0.00695125
191	0.199313
191	0.0865217
191	0.061654
191	0.114522
191	0.0294753
191	0.0722986
191	0.0274338
191	0.0562514
191	0.0692651
191	0.0327149
191	0.0712591
191	0.049329
191	0.0704213
191	0.0512436
191	0.0534449
191	0.0361849
191	0.0777669
191	0.129628
191	0.0840015
191	0.223473
191	0.0515901
191	0.0865734
191	0.0568492
191	0.104207
191	0.0909786
191	0.105812
191	0.0966366
191	0.0332432
191	0.054911
191	0.107598
191	0.0701429
191	0.04909
191	0.165127
191	0.0544158
191	0.0783983
191	0.0806943
191	0.183837
191	0.107261
191	0.0951468
191	0.0468614
191	0.0441719
191	0.00761763
191	0.152232
191	0.0871892
191	0.0688567
191	0.125789
191	0.104619
191	0.0527558
191	0.100407
191	0.0817662
191	0.0938862
191	0.0933773
191	0.0127809
191	0.086077
191	0.0514647
191	0.0485762
191	0.0656303
191	0.138136
191	0.0598493
191	0.113908
191	0.0769438
191	0.100879
191	0.0540283
191	0.03999
191	0.0376712
191	0.027296
191	0.0221898
191	0.0434753
191	0.2767
191	0.116413
191	0.13018
191	0.0287282
191	0.0645297
191	0.112454
191	0.0671949
191	0.097714
191	0.101054
191	0.0786215
191	0.0829184
191	0.0178739
191	0.0600848
191	0.125845
191	0.0942506
191	0.0652809
191	0.0171853
191	0.120783
191	0.123226
191	0.145529
191	0.0415986
191	0.0971957
191	0.0921672
191	0.0919068
191	0.0446683
191	0.0551305
191	0.0668187
191	0.0706389
191	0.0496184
191	0.0759389
194	0.0925447
194	0.0289878
194	0.0629521
194	0.0757601
194	0.0772655
194	0.185857
194	0.0821008
194	0.0647085
194	0.0526371
194	0.0945177
194	0.0391963
194	0.019582
194	0.1169
194	0.0846337
194	0.0474256
194	0.058156
194	0.0684192
194	0.00820174
194	0.0941209
194	0.0820782
194	0.0288097
194	0.0831909
194	0.0615529
194	0.0278812
194	0.0881407
194	0.0798753
194	0.0513708
194	0.0731513
194	0.112056
194	0.10732
194	0.0880063
194	0.0597031
194	0.0204863
194	0.0970606
194	0.119126
194	0.077405
194	0.0790964
194	0.0436401
194	0.125623
194	0.077964
194	0.114934
194	0.0959396
194	0.109402
194	0.0790671
194	0.0566969
194	0.0169278
194	0.107844
194	0.0540689
194	0.0866571
194	0.0943579
194	0.028682
194	0.0356753
194	0.0695935
194	0.0809132
194	0.0722701
194	0.0365174
194	0.0979162
194	0.0705263
194	0.070238
194	0.0930139
194	0.0382183
194	0.0514338
194	0.0787923
194	0.0843679
194	0.0936919
194	0.101062
194	0.0516261
194	0.0514379
194	0.0478798
194	0.105519
194	0.0429181
194	0.0727075
194	0.0637453
194	0.10124
194	0.360967
194	0.0681804
194	0.0492565
194	0.0732768
194	0.0912163
194	0.0865021
194	0.0528544
194	0.0638938
194	0.0337549
194	0.118787
194	0.116073
194	0.00365113
194	0.111709
194	0.0310473
194	0.0810876
194	0.0506628
194	0.184304
194	0.0296914
194	0.041415
194	0.036511
194	0.0861487
194	0.0399674
194	0.054877
194	0.0926323
194	0.0923008
194	0.0882936
197	0.108144
197	0.0468333
197	0.0248109
197	0.0474174
197	0.470121
197	0.0493162
197	0.0566822
197	0.0625651
197	0.0288437
197	0.0605295
197	0.0360683
197	0.0768233
197	0.129979
197	0.0664293
197	0.03125
197	0.0666143
197	0.0509774
197	0.0483774
197	0.0565717
197	0.0764465
197	0.0917152
197	0.0908729
197	0.0871705
197	0.127949
197	0.0961318
197	0.0439984
197	0.073746
197	0.130514
197	0.123786
197	0.142693
197	0.0595379
197	0.11018
197	0.0352672
197	0.0218057
197	0.0705356
197	0.0465977
197	0.0283391
197	0.0187366
197	0.146662
197	0.048125
197	0.0585344
197	0.0726913
197	0.0426582
197	0.0765233
197	0.0195552
197	0.0616848
197	0.138444
197	0.0989374
197	0.00935267
197	0.0946519
197	0.0485704
197	0.0301786
197	0.0384615
197	0.00450091
197	0.0597425
197	0.0777704
197	0.108797
197	0.0399105
197	0.0716577
197	0.0713097
197	0.21474
197	0.0522517
197	0.0742918
197	0.0596585
197	0.0277545
197	0.110564
197	0.0280632
197	0.0795598
197	0.0818369
197	0.103339
197	0.071785
197	0.113875
197	0.0314691
197	0.0648599
197	0.0279041
197	0.0785948
197	0.115222
197	0.0686529
197	0.031102
197	0.0619869
197	0.0434159
197	0.0622754
197	0.0951897
197	0.0981464
197	0.0753933
197	0.0713148
197	0.0306749
197	0.096246
197	0.104944
197	0.0834478
197	0.113278
197	0.0423325
197	0.130091
197	0.0673769
197	0.104484
197	0.0428107
197	0.0456691
197	0.029418
197	0.105715
197	0.0756755
200	0.161249
200	0.0448339
200	0.152667
200	0.101292
200	0.0472618
200	0.0397881
200	0.0590777
200	0.0436741
200	0.0667667
200	0.056169
200	0.015625
200	0.127338
200	0.0507611
200	0.0908517
200	0.0474756
200	0.0501424
200	0.0958892
200	0.0235904
200	0.112594
200	0.0542994
200	0.0556198
200	0.0902872
200	0.0348788
200	0.0712318
200	0.0538635
200	0.051278
200	0.0461464
200	0.163113
200	0.0133333
200	0.075389
200	0.0726128
200	0.249053
200	0.114005
200	0.0506335
200	0.0552602
200	0.0330961
200	0.0316188
200	0.0549448
200	0.0652662
200	0.0510595
200	0.0622391
200	0.0850587
200	0.0532541
200	0.0348381
200	0.0302063
200	0.0998255
200	0.0758677
200	0.15586
200	0.131066
200	0.0474402
200	0.12339
200	0.065583
200	0.0998743
200	0.116053
200	0.332219
200	0.123037
200	0.162152
200	0.198024
200	0.131579
200	0.0338031
200	0.149634
200	0.18614
200	0.0470047
200	0.0620418
200	0.113684
200	0.0374987
200	0.0275038
200	0.0418615
200	0.144474
200	0.0539443
200	0.0797171
200	0.109616
200	0.12835
200	0.0544241
200	0.0823083
200	0.0873466
200	0.0273251
200	0.0414569
200	0.0492487
200	0.0873862
200	0.0330203
200	0.0326311
200	0.108287
200	0.0322757
200	0.121236
200	0.0786918
200	0.137434
200	0.0598592
200	0.310029
200	0.113351
200	0.0922179
200	0.0577342
200	0.0204312
200	0.0870508
200	0.051188
200	0.0786284
200	0.0600972
200	0.0472973
200	0.164859
200	0.0513849
